803 0 0.977539 0.86377 0.0234375 0.0322876 
802 0 0.62793 0.803223 0.0343628 0.0395813 
801 0 0.978027 0.0238647 0.0289001 0.0389404 
800 0 0.195068 0.851074 0.0410156 0.0505066 
791 0 0.409424 0.217163 0.0363159 0.0454407 
784 0 0.307129 0.194824 0.0261688 0.03125 
775 0 0.772461 0.225098 0.0261688 0.0372314 
765 0 0.777344 0.900879 0.0316467 0.0421753 
724 0 0.742188 0.133301 0.0292969 0.0362549 
721 0 0.629883 0.0145721 0.0281219 0.0283661 
716 0 0.717285 0.788574 0.0249939 0.03125 
701 0 0.993164 0.682129 0.014061 0.0354309 
694 0 0.228149 0.475098 0.0244141 0.0294342 
674 0 0.936035 0.205933 0.0375061 0.0522156 
635 0 0.637695 0.421387 0.0375061 0.0476685 
615 0 0.578125 0.148926 0.0285187 0.0354309 
604 0 0.600586 0.209351 0.0296936 0.0397034 
534 0 0.508789 0.0322876 0.0265656 0.0354309 
464 0 0.712402 0.143799 0.03125 0.0418091 
459 0 0.541504 0.986328 0.0328064 0.0270844 
444 0 0.86084 0.4104 0.0304718 0.0372314 
288 0 0.354736 0.0697632 0.0281219 0.0354309 
247 0 0.26123 0.43335 0.0275421 0.0375061 
176 0 0.476562 0.0531311 0.0281219 0.0395813 
55 0 0.0132675 0.990723 0.0265808 0.0197906 
54 0 0.989258 0.413574 0.0218811 0.0479126 
51 0 0.0427856 0.986328 0.0333862 0.0276031 
50 0 0.506348 0.611328 0.0343628 0.0473938 
49 0 0.457031 0.461426 0.0332031 0.0440063 
46 0 0.487549 0.861328 0.03125 0.0395813 
43 0 0.571289 0.102112 0.0292969 0.0333252 
42 0 0.269043 0.202759 0.0308533 0.0390625 
41 0 0.224243 0.393799 0.0289001 0.0419312 
34 0 0.583008 0.121887 0.0335999 0.0395813 
32 0 0.214111 0.178101 0.03125 0.0351562 
30 0 0.907715 0.990723 0.03125 0.0187531 
27 0 0.236694 0.569824 0.0296936 0.0437622 
26 0 0.129639 0.195923 0.0343628 0.0466003 
23 0 0.625 0.239624 0.0316467 0.0380249 
22 0 0.265625 0.256348 0.0343628 0.0458374 
21 0 0.0843506 0.802734 0.0290527 0.0375061 
19 0 0.0875854 0.963379 0.0327759 0.0416565 
18 0 0.82666 0.431152 0.03125 0.0375061 
14 0 0.841309 0.768555 0.0328064 0.0416565 
8 0 0.824219 0.98877 0.0265656 0.0229187 
7 0 0.708496 0.631348 0.0328064 0.0416565 
6 0 0.833008 0.869629 0.0289001 0.0395813 
5 0 0.851562 0.233765 0.0414124 0.0481873 
2 0 0.238281 0.857422 0.0292969 0.0426941 
1 0 0.630371 0.615723 0.0296936 0.0411377 
803 0 0.977539 0.86377 0.0234375 0.0322876 
802 0 0.62793 0.803223 0.0343628 0.0395813 
801 0 0.978027 0.0238647 0.0289001 0.0389404 
800 0 0.195068 0.851074 0.0410156 0.0505066 
791 0 0.409424 0.217163 0.0363159 0.0454407 
784 0 0.307129 0.194824 0.0261688 0.03125 
775 0 0.772461 0.225098 0.0261688 0.0372314 
765 0 0.777344 0.900879 0.0316467 0.0421753 
724 0 0.742188 0.133301 0.0292969 0.0362549 
721 0 0.629883 0.0145721 0.0281219 0.0283661 
716 0 0.717285 0.788574 0.0249939 0.03125 
701 0 0.993164 0.682129 0.014061 0.0354309 
694 0 0.228149 0.475098 0.0244141 0.0294342 
674 0 0.936035 0.205933 0.0375061 0.0522156 
635 0 0.637695 0.421387 0.0375061 0.0476685 
615 0 0.578125 0.148926 0.0285187 0.0354309 
604 0 0.600586 0.209351 0.0296936 0.0397034 
534 0 0.508789 0.0322876 0.0265656 0.0354309 
464 0 0.712402 0.143799 0.03125 0.0418091 
459 0 0.541504 0.986328 0.0328064 0.0270844 
444 0 0.86084 0.4104 0.0304718 0.0372314 
288 0 0.354736 0.0697632 0.0281219 0.0354309 
247 0 0.26123 0.43335 0.0275421 0.0375061 
176 0 0.476562 0.0531311 0.0281219 0.0395813 
55 0 0.0132675 0.990723 0.0265808 0.0197906 
54 0 0.989258 0.413574 0.0218811 0.0479126 
51 0 0.0427856 0.986328 0.0333862 0.0276031 
50 0 0.506348 0.611328 0.0343628 0.0473938 
49 0 0.457031 0.461426 0.0332031 0.0440063 
46 0 0.487549 0.861328 0.03125 0.0395813 
43 0 0.571289 0.102112 0.0292969 0.0333252 
42 0 0.269043 0.202759 0.0308533 0.0390625 
41 0 0.224243 0.393799 0.0289001 0.0419312 
34 0 0.583008 0.121887 0.0335999 0.0395813 
32 0 0.214111 0.178101 0.03125 0.0351562 
30 0 0.907715 0.990723 0.03125 0.0187531 
27 0 0.236694 0.569824 0.0296936 0.0437622 
26 0 0.129639 0.195923 0.0343628 0.0466003 
23 0 0.625 0.239624 0.0316467 0.0380249 
22 0 0.265625 0.256348 0.0343628 0.0458374 
21 0 0.0843506 0.802734 0.0290527 0.0375061 
19 0 0.0875854 0.963379 0.0327759 0.0416565 
18 0 0.82666 0.431152 0.03125 0.0375061 
14 0 0.841309 0.768555 0.0328064 0.0416565 
8 0 0.824219 0.98877 0.0265656 0.0229187 
7 0 0.708496 0.631348 0.0328064 0.0416565 
6 0 0.833008 0.869629 0.0289001 0.0395813 
5 0 0.851562 0.233765 0.0414124 0.0481873 
2 0 0.238281 0.857422 0.0292969 0.0426941 
1 0 0.630371 0.615723 0.0296936 0.0411377 
