258 0 0.522461 0.0101547 0.0265656 0.0201111 
254 0 0.358643 0.069397 0.0290985 0.0360107 
251 0 0.41333 0.0484314 0.0339966 0.0406189 
246 0 0.978027 0.862305 0.0281219 0.0369873 
245 0 0.264893 0.437256 0.0306702 0.0385437 
244 0 0.785156 0.864746 0.03125 0.0401001 
236 0 0.734863 0.765625 0.0289001 0.0364685 
226 0 0.388916 0.469971 0.0332031 0.0421753 
221 0 0.0370178 0.378174 0.0328064 0.0466003 
178 0 0.499268 0.0144882 0.0292969 0.0294952 
142 0 0.637695 0.420898 0.0351562 0.0458374 
122 0 0.662598 0.172974 0.0351562 0.0414124 
119 0 0.628906 0.804199 0.0359497 0.0416565 
55 0 0.0127335 0.989746 0.0243378 0.0203094 
54 0 0.994629 0.408936 0.0109406 0.0492249 
51 0 0.039856 0.985352 0.0327148 0.0291595 
50 0 0.577148 0.513672 0.0328064 0.0395813 
49 0 0.489746 0.404053 0.0296936 0.0385437 
46 0 0.483643 0.862305 0.0359497 0.0426941 
45 0 0.552246 0.93457 0.0277405 0.0302124 
44 0 0.578125 0.150024 0.0281219 0.0330811 
43 0 0.567871 0.10376 0.0296936 0.0380859 
42 0 0.220337 0.178955 0.0275421 0.0368347 
41 0 0.291016 0.322998 0.0281219 0.0416565 
40 0 0.541504 0.985352 0.0335999 0.0291595 
39 0 0.765137 0.356201 0.03125 0.0408936 
35 0 0.00533676 0.265869 0.011261 0.044281 
34 0 0.584473 0.119812 0.0316467 0.0395813 
32 0 0.268311 0.123047 0.0318298 0.0380859 
31 0 0.141846 0.270264 0.0302734 0.0372314 
30 0 0.98291 0.822754 0.0304718 0.0385437 
29 0 0.0197906 0.74707 0.030838 0.0447998 
27 0 0.235962 0.578125 0.03125 0.0437622 
26 0 0.13208 0.196899 0.0340881 0.0450439 
22 0 0.282715 0.21875 0.0343628 0.0423279 
21 0 0.0836182 0.806152 0.0296936 0.0375061 
20 0 0.502441 0.73877 0.0433655 0.0531311 
19 0 0.088562 0.96582 0.0308533 0.0380249 
18 0 0.829102 0.435303 0.0328064 0.0380249 
17 0 0.192139 0.843262 0.03125 0.0395813 
16 0 0.209717 0.493408 0.0314331 0.0406189 
14 0 0.851562 0.75 0.0343628 0.0458374 
13 0 0.865723 0.4104 0.03125 0.0416565 
12 0 0.936035 0.209717 0.0414124 0.0578003 
8 0 0.833496 0.974121 0.0281219 0.0364685 
7 0 0.709473 0.633789 0.0324097 0.0395813 
6 0 0.842773 0.850098 0.0265656 0.0333252 
5 0 0.853027 0.229126 0.0460815 0.0541687 
4 0 0.603027 0.213257 0.0316467 0.0384216 
3 0 0.772461 0.0770874 0.0328064 0.0414124 
2 0 0.242188 0.854004 0.0316467 0.0416565 
1 0 0.632812 0.577148 0.03125 0.0380249 
