136 0 0.0453186 0.362061 0.0339966 0.0416565 
127 0 0.765625 0.00847626 0.0324097 0.0183258 
122 0 0.666992 0.134766 0.0335999 0.0385437 
121 0 0.744141 0.748535 0.0289001 0.0354309 
119 0 0.630371 0.804199 0.0347595 0.0416565 
87 0 0.48291 0.545898 0.03125 0.0411377 
76 0 0.65918 0.79248 0.0316467 0.0401001 
56 0 0.5625 0.1604 0.0281219 0.0333252 
55 0 0.0127563 0.990723 0.0260925 0.0187531 
54 0 0.994629 0.408936 0.0109406 0.0492249 
53 0 0.00390244 0.0977783 0.00774384 0.0422668 
51 0 0.0413818 0.983398 0.0292511 0.0291595 
50 0 0.585938 0.489502 0.0332031 0.0408936 
49 0 0.5 0.389648 0.03125 0.0375061 
47 0 0.159546 0.269531 0.0332947 0.039978 
46 0 0.487061 0.865723 0.0289001 0.0380249 
45 0 0.582031 0.881348 0.0296936 0.033844 
44 0 0.578125 0.151001 0.0281219 0.0315247 
43 0 0.567383 0.101318 0.0308533 0.0388794 
42 0 0.208618 0.146606 0.0276337 0.0389404 
41 0 0.3125 0.309082 0.0281219 0.0390625 
40 0 0.541504 0.985352 0.0328064 0.0286407 
39 0 0.785156 0.712402 0.03125 0.0395813 
38 0 0.0133667 0.51416 0.0290222 0.0403748 
37 0 0.955566 0.821289 0.0281219 0.0385437 
35 0 0.015625 0.237671 0.031311 0.0419312 
34 0 0.584473 0.12085 0.03125 0.0411377 
32 0 0.301758 0.104187 0.0300751 0.0380859 
31 0 0.29248 0.602051 0.03302 0.0432434 
30 0 0.986816 0.780273 0.0265656 0.0380249 
29 0 0.0289001 0.729004 0.0324402 0.0416565 
27 0 0.238281 0.578125 0.0300751 0.0437622 
26 0 0.132812 0.195801 0.0341797 0.0458374 
25 0 0.631348 0.432617 0.0316467 0.0437622 
24 0 0.271973 0.414062 0.0304718 0.0377502 
23 0 0.632324 0.157593 0.0304718 0.0360718 
22 0 0.283203 0.217041 0.0349731 0.0411377 
21 0 0.0828247 0.804199 0.0285645 0.0359497 
20 0 0.511719 0.724121 0.0394592 0.044281 
19 0 0.0889893 0.963379 0.0305176 0.0395813 
18 0 0.829102 0.43335 0.0328064 0.0416565 
17 0 0.192139 0.844727 0.03125 0.0385437 
16 0 0.36084 0.261963 0.0310516 0.0411377 
14 0 0.853027 0.749023 0.03125 0.0401001 
13 0 0.868652 0.407471 0.0320435 0.0421753 
12 0 0.936035 0.209351 0.0406189 0.0546875 
8 0 0.836914 0.96582 0.0296936 0.0395813 
7 0 0.707031 0.638672 0.0296936 0.0395813 
6 0 0.84668 0.838379 0.0273438 0.0348816 
5 0 0.852539 0.228149 0.0453186 0.0559998 
4 0 0.601562 0.212524 0.03125 0.0416565 
3 0 0.771484 0.069397 0.0289001 0.0348511 
2 0 0.242798 0.85498 0.0300751 0.0395813 
1 0 0.646973 0.5625 0.0281219 0.0375061 
