711 2 0.00696945 0.730957 0.014183 0.0333252 
706 0 0.978027 0.86377 0.0273438 0.0354309 
704 0 0.563965 0.160645 0.0261688 0.0347595 
701 0 0.992188 0.681152 0.0132828 0.0390625 
694 0 0.240601 0.456299 0.0244141 0.0289001 
675 0 0.986816 0.0114746 0.0265656 0.0229797 
674 0 0.936035 0.207031 0.0375061 0.0516968 
671 0 0.975098 0.394043 0.0320435 0.0406189 
661 0 0.143188 0.931152 0.0297852 0.0401001 
635 0 0.636719 0.419434 0.0363159 0.0453186 
615 0 0.578125 0.150024 0.0281219 0.0372314 
604 0 0.602539 0.209351 0.0296936 0.039978 
562 0 0.897461 0.641113 0.03125 0.0395813 
534 0 0.505371 0.0251312 0.0257874 0.0364685 
464 0 0.723633 0.110718 0.0320435 0.0371094 
459 0 0.541992 0.986328 0.03125 0.0270844 
444 0 0.858398 0.4104 0.0296936 0.0375061 
288 0 0.356201 0.0645752 0.0281219 0.0362854 
247 0 0.260498 0.435303 0.0306702 0.0372314 
238 0 0.716309 0.783203 0.0285187 0.0333252 
176 0 0.479004 0.0489502 0.026947 0.0352783 
55 0 0.0132828 0.990723 0.0265656 0.0187531 
54 0 0.990723 0.414551 0.0171814 0.0523376 
51 0 0.041687 0.986816 0.0316467 0.0249939 
50 0 0.518066 0.604004 0.0328064 0.044281 
49 0 0.460938 0.442627 0.0359497 0.0479126 
46 0 0.487549 0.86377 0.03125 0.0395813 
43 0 0.569336 0.102112 0.0300751 0.037384 
42 0 0.303955 0.221436 0.0326233 0.0403748 
41 0 0.233643 0.380127 0.0296936 0.039856 
34 0 0.582031 0.119812 0.0316467 0.0391235 
32 0 0.234741 0.175049 0.0294952 0.0334778 
30 0 0.925781 0.970703 0.0328064 0.0369873 
29 0 0.00469208 0.811523 0.00926208 0.0385437 
27 0 0.235107 0.572754 0.0296936 0.0416565 
26 0 0.130493 0.19751 0.0328064 0.0429688 
23 0 0.627441 0.239624 0.0320435 0.0376282 
22 0 0.268311 0.24353 0.0318298 0.0389404 
21 0 0.0841064 0.804199 0.0298767 0.0375061 
20 0 0.487793 0.759277 0.0375061 0.0437622 
19 0 0.0887451 0.962402 0.0302277 0.0375061 
18 0 0.825684 0.43335 0.0328064 0.0416565 
17 0 0.190674 0.84668 0.0343628 0.0437622 
14 0 0.838867 0.754395 0.0343628 0.0484314 
8 0 0.823242 0.98877 0.0281219 0.0229187 
7 0 0.709473 0.630371 0.03125 0.0395813 
6 0 0.833008 0.87207 0.0281219 0.0385437 
5 0 0.850586 0.234253 0.0421753 0.0489502 
3 0 0.755371 0.110413 0.0304718 0.038208 
2 0 0.237549 0.857422 0.0308533 0.0437622 
1 0 0.631348 0.61377 0.0289001 0.0395813 
711 2 0.00696945 0.730957 0.014183 0.0333252 
706 0 0.978027 0.86377 0.0273438 0.0354309 
704 0 0.563965 0.160645 0.0261688 0.0347595 
701 0 0.992188 0.681152 0.0132828 0.0390625 
694 0 0.240601 0.456299 0.0244141 0.0289001 
675 0 0.986816 0.0114746 0.0265656 0.0229797 
674 0 0.936035 0.207031 0.0375061 0.0516968 
671 0 0.975098 0.394043 0.0320435 0.0406189 
661 0 0.143188 0.931152 0.0297852 0.0401001 
635 0 0.636719 0.419434 0.0363159 0.0453186 
615 0 0.578125 0.150024 0.0281219 0.0372314 
604 0 0.602539 0.209351 0.0296936 0.039978 
562 0 0.897461 0.641113 0.03125 0.0395813 
534 0 0.505371 0.0251312 0.0257874 0.0364685 
464 0 0.723633 0.110718 0.0320435 0.0371094 
459 0 0.541992 0.986328 0.03125 0.0270844 
444 0 0.858398 0.4104 0.0296936 0.0375061 
288 0 0.356201 0.0645752 0.0281219 0.0362854 
247 0 0.260498 0.435303 0.0306702 0.0372314 
238 0 0.716309 0.783203 0.0285187 0.0333252 
176 0 0.479004 0.0489502 0.026947 0.0352783 
55 0 0.0132828 0.990723 0.0265656 0.0187531 
54 0 0.990723 0.414551 0.0171814 0.0523376 
51 0 0.041687 0.986816 0.0316467 0.0249939 
50 0 0.518066 0.604004 0.0328064 0.044281 
49 0 0.460938 0.442627 0.0359497 0.0479126 
46 0 0.487549 0.86377 0.03125 0.0395813 
43 0 0.569336 0.102112 0.0300751 0.037384 
42 0 0.303955 0.221436 0.0326233 0.0403748 
41 0 0.233643 0.380127 0.0296936 0.039856 
34 0 0.582031 0.119812 0.0316467 0.0391235 
32 0 0.234741 0.175049 0.0294952 0.0334778 
30 0 0.925781 0.970703 0.0328064 0.0369873 
29 0 0.00469208 0.811523 0.00926208 0.0385437 
27 0 0.235107 0.572754 0.0296936 0.0416565 
26 0 0.130493 0.19751 0.0328064 0.0429688 
23 0 0.627441 0.239624 0.0320435 0.0376282 
22 0 0.268311 0.24353 0.0318298 0.0389404 
21 0 0.0841064 0.804199 0.0298767 0.0375061 
20 0 0.487793 0.759277 0.0375061 0.0437622 
19 0 0.0887451 0.962402 0.0302277 0.0375061 
18 0 0.825684 0.43335 0.0328064 0.0416565 
17 0 0.190674 0.84668 0.0343628 0.0437622 
14 0 0.838867 0.754395 0.0343628 0.0484314 
8 0 0.823242 0.98877 0.0281219 0.0229187 
7 0 0.709473 0.630371 0.03125 0.0395813 
6 0 0.833008 0.87207 0.0281219 0.0385437 
5 0 0.850586 0.234253 0.0421753 0.0489502 
3 0 0.755371 0.110413 0.0304718 0.038208 
2 0 0.237549 0.857422 0.0308533 0.0437622 
1 0 0.631348 0.61377 0.0289001 0.0395813 
