607 0 0.979004 0.864746 0.0234375 0.0333252 
606 0 0.492188 0.0297852 0.0332031 0.0387878 
604 0 0.600586 0.210449 0.0316467 0.0379028 
596 0 0.575195 0.110413 0.0343628 0.0414124 
579 2 0.0127716 0.726074 0.0258331 0.0354309 
562 0 0.967285 0.371338 0.0304718 0.039856 
547 0 0.638184 0.421875 0.0359497 0.0437622 
535 0 0.990723 0.682129 0.015625 0.0421753 
534 0 0.502441 0.0170288 0.0328064 0.0346375 
464 0 0.748535 0.0664673 0.0339966 0.0427856 
459 0 0.541504 0.985352 0.0328064 0.0291595 
444 0 0.763184 0.398926 0.0308533 0.0419312 
439 1 0.74707 0.00861359 0.03125 0.0210876 
423 0 0.577148 0.151978 0.0320435 0.0372314 
288 0 0.359375 0.0510864 0.0281219 0.0352173 
247 0 0.260986 0.438477 0.0308533 0.0354309 
238 0 0.719727 0.780273 0.0296936 0.0328064 
176 0 0.487061 0.0385437 0.0304718 0.0392761 
55 0 0.0130768 0.989746 0.0259552 0.0203094 
54 0 0.991211 0.410645 0.0171814 0.0520935 
51 0 0.039856 0.986328 0.0327148 0.0270844 
50 0 0.539062 0.581055 0.0320435 0.0426941 
49 0 0.466309 0.431152 0.0379028 0.0528564 
46 0 0.485107 0.86377 0.0316467 0.0432434 
43 0 0.568848 0.103516 0.0281219 0.0340576 
42 0 0.308105 0.230225 0.0333862 0.0389404 
41 0 0.248413 0.371826 0.0292969 0.0395813 
34 0 0.583008 0.120911 0.0335999 0.0418091 
32 0 0.24292 0.15625 0.0296936 0.0333252 
30 0 0.947754 0.924805 0.0328064 0.0375061 
29 0 0.00780487 0.791504 0.0155869 0.0411377 
27 0 0.232788 0.577148 0.0281219 0.0416565 
26 0 0.130127 0.199951 0.0369263 0.0506592 
23 0 0.640625 0.230225 0.0335999 0.0394592 
22 0 0.274658 0.231201 0.0326233 0.0377502 
21 0 0.0843506 0.804199 0.0282288 0.0380249 
20 0 0.489746 0.751953 0.042572 0.0458374 
19 0 0.0890503 0.962891 0.03125 0.0426941 
18 0 0.82959 0.434326 0.0320435 0.0395813 
17 0 0.191406 0.84668 0.0359497 0.0437622 
14 0 0.84375 0.754395 0.0343628 0.0484314 
13 0 0.864746 0.413574 0.0328064 0.0437622 
12 0 0.936035 0.209351 0.039856 0.0600281 
8 0 0.825195 0.986328 0.0281219 0.0270844 
7 0 0.709473 0.632324 0.03125 0.0395813 
6 0 0.835938 0.866699 0.0273438 0.0421753 
5 0 0.851562 0.234375 0.0406189 0.0501404 
3 0 0.760742 0.0999756 0.0308533 0.0375061 
2 0 0.237671 0.858398 0.0304718 0.0416565 
1 0 0.631836 0.609375 0.0316467 0.0432434 
607 0 0.979004 0.864746 0.0234375 0.0333252 
606 0 0.492188 0.0297852 0.0332031 0.0387878 
604 0 0.600586 0.210449 0.0316467 0.0379028 
596 0 0.575195 0.110413 0.0343628 0.0414124 
579 2 0.0127716 0.726074 0.0258331 0.0354309 
562 0 0.967285 0.371338 0.0304718 0.039856 
547 0 0.638184 0.421875 0.0359497 0.0437622 
535 0 0.990723 0.682129 0.015625 0.0421753 
534 0 0.502441 0.0170288 0.0328064 0.0346375 
464 0 0.748535 0.0664673 0.0339966 0.0427856 
459 0 0.541504 0.985352 0.0328064 0.0291595 
444 0 0.763184 0.398926 0.0308533 0.0419312 
439 1 0.74707 0.00861359 0.03125 0.0210876 
423 0 0.577148 0.151978 0.0320435 0.0372314 
288 0 0.359375 0.0510864 0.0281219 0.0352173 
247 0 0.260986 0.438477 0.0308533 0.0354309 
238 0 0.719727 0.780273 0.0296936 0.0328064 
176 0 0.487061 0.0385437 0.0304718 0.0392761 
55 0 0.0130768 0.989746 0.0259552 0.0203094 
54 0 0.991211 0.410645 0.0171814 0.0520935 
51 0 0.039856 0.986328 0.0327148 0.0270844 
50 0 0.539062 0.581055 0.0320435 0.0426941 
49 0 0.466309 0.431152 0.0379028 0.0528564 
46 0 0.485107 0.86377 0.0316467 0.0432434 
43 0 0.568848 0.103516 0.0281219 0.0340576 
42 0 0.308105 0.230225 0.0333862 0.0389404 
41 0 0.248413 0.371826 0.0292969 0.0395813 
34 0 0.583008 0.120911 0.0335999 0.0418091 
32 0 0.24292 0.15625 0.0296936 0.0333252 
30 0 0.947754 0.924805 0.0328064 0.0375061 
29 0 0.00780487 0.791504 0.0155869 0.0411377 
27 0 0.232788 0.577148 0.0281219 0.0416565 
26 0 0.130127 0.199951 0.0369263 0.0506592 
23 0 0.640625 0.230225 0.0335999 0.0394592 
22 0 0.274658 0.231201 0.0326233 0.0377502 
21 0 0.0843506 0.804199 0.0282288 0.0380249 
20 0 0.489746 0.751953 0.042572 0.0458374 
19 0 0.0890503 0.962891 0.03125 0.0426941 
18 0 0.82959 0.434326 0.0320435 0.0395813 
17 0 0.191406 0.84668 0.0359497 0.0437622 
14 0 0.84375 0.754395 0.0343628 0.0484314 
13 0 0.864746 0.413574 0.0328064 0.0437622 
12 0 0.936035 0.209351 0.039856 0.0600281 
8 0 0.825195 0.986328 0.0281219 0.0270844 
7 0 0.709473 0.632324 0.03125 0.0395813 
6 0 0.835938 0.866699 0.0273438 0.0421753 
5 0 0.851562 0.234375 0.0406189 0.0501404 
3 0 0.760742 0.0999756 0.0308533 0.0375061 
2 0 0.237671 0.858398 0.0304718 0.0416565 
1 0 0.631836 0.609375 0.0316467 0.0432434 
