544 0 0.199951 0.935547 0.0282288 0.0380249 
540 0 0.564941 0.161499 0.0296936 0.0354309 
536 0 0.309326 0.193481 0.0316467 0.0389404 
533 0 0.989258 0.324463 0.0242157 0.0455627 
531 0 0.181274 0.94043 0.027832 0.0354309 
525 0 0.629883 0.804199 0.0343628 0.0416565 
516 0 0.638184 0.422852 0.038269 0.0453186 
506 0 0.501465 0.0166473 0.0320435 0.0338135 
503 0 0.991211 0.683105 0.014061 0.0432434 
435 0 0.75293 0.052063 0.0347595 0.0418701 
416 0 0.720215 0.448975 0.0406189 0.0515747 
412 1 0.76709 0.0666504 0.0316467 0.0344849 
398 0 0.578125 0.151001 0.03125 0.0372925 
281 0 0.361816 0.0479126 0.0328064 0.0418091 
245 0 0.26123 0.441162 0.0318298 0.0361938 
236 0 0.721191 0.779297 0.0296936 0.033844 
178 0 0.489746 0.0360718 0.0308533 0.0401611 
122 0 0.645508 0.223145 0.0367126 0.0423279 
55 0 0.0119858 0.990723 0.0245667 0.0192719 
54 0 0.990723 0.410156 0.0187531 0.0557251 
51 0 0.0399475 0.986328 0.0306854 0.0239563 
50 0 0.543945 0.576172 0.0343628 0.0437622 
49 0 0.469482 0.426025 0.0390625 0.0528564 
46 0 0.48584 0.86377 0.03125 0.0437622 
45 0 0.540527 0.984375 0.0343628 0.03125 
43 0 0.567871 0.104065 0.0296936 0.0369263 
42 0 0.30835 0.236938 0.0379028 0.0426941 
41 0 0.253418 0.37085 0.0275421 0.0364685 
34 0 0.583008 0.121887 0.0343628 0.0437622 
32 0 0.243774 0.155151 0.0314331 0.0351562 
30 0 0.95166 0.915527 0.0343628 0.0354309 
29 0 0.0085907 0.787598 0.0171509 0.0380249 
27 0 0.233643 0.578125 0.0296936 0.0437622 
26 0 0.130493 0.198975 0.0394592 0.0528564 
22 0 0.276611 0.230469 0.0341797 0.0384216 
21 0 0.0844116 0.806152 0.028717 0.0375061 
20 0 0.494629 0.750488 0.0402222 0.0479126 
19 0 0.0897217 0.963379 0.0306702 0.0411377 
18 0 0.82959 0.435303 0.0343628 0.0416565 
17 0 0.192139 0.845703 0.0343628 0.0411377 
14 0 0.844727 0.754395 0.0328064 0.046875 
13 0 0.864258 0.413574 0.0335999 0.0437622 
12 0 0.936035 0.209595 0.039856 0.058197 
8 0 0.82666 0.985352 0.0257874 0.0291595 
7 0 0.708496 0.632324 0.0328064 0.0395813 
6 0 0.837402 0.864746 0.0281219 0.0421753 
5 0 0.852539 0.234375 0.0421753 0.0518188 
4 0 0.602539 0.212158 0.0328064 0.0387878 
3 0 0.762695 0.101562 0.0324097 0.0372925 
2 0 0.238281 0.857422 0.0302734 0.0395813 
1 0 0.630371 0.608398 0.0289001 0.0375061 
