85 0 0.693848 0.585938 0.0324097 0.0406189 
77 0 0.782227 0.00862885 0.0257874 0.0209961 
76 0 0.629883 0.804199 0.0343628 0.0411377 
59 0 0.531738 0.782227 0.03125 0.0385437 
56 0 0.563965 0.161499 0.0281219 0.0351562 
55 0 0.0132904 0.990723 0.0264893 0.0187531 
54 0 0.994629 0.409424 0.0109406 0.0520935 
53 0 0.00545883 0.0917969 0.01091 0.0458984 
51 0 0.0411682 0.984375 0.0341492 0.03125 
50 0 0.586914 0.486572 0.0324097 0.0401001 
49 0 0.500977 0.385498 0.0300751 0.0369873 
48 0 0.744629 0.741699 0.0261688 0.0317688 
47 0 0.0753784 0.250732 0.0326538 0.0441284 
46 0 0.486816 0.865723 0.0324097 0.0385437 
45 0 0.584473 0.875 0.03125 0.0375061 
44 0 0.577148 0.151001 0.0292969 0.0346375 
43 0 0.567383 0.100281 0.0304718 0.038208 
42 0 0.192627 0.127686 0.0284119 0.039917 
41 0 0.315674 0.305664 0.0257874 0.0403748 
40 0 0.541016 0.985352 0.0320435 0.0291595 
39 0 0.743652 0.806152 0.0292969 0.0401001 
38 0 0.115723 0.539551 0.0314941 0.0385437 
37 0 0.92334 0.685547 0.0289001 0.0343628 
35 0 0.0187988 0.223389 0.0338745 0.0449219 
34 0 0.584961 0.121887 0.0296936 0.0395203 
32 0 0.307861 0.0979614 0.0277405 0.0375061 
31 0 0.349609 0.728027 0.0333862 0.044281 
30 0 0.986816 0.771973 0.0265656 0.0385437 
29 0 0.0288849 0.726562 0.0324707 0.0437622 
27 0 0.238892 0.578125 0.0292969 0.0406189 
26 0 0.133057 0.193726 0.0339966 0.0458374 
25 0 0.593262 0.287598 0.03125 0.0408936 
24 0 0.273438 0.413574 0.0308533 0.0390625 
23 0 0.693848 0.172607 0.0328064 0.0406189 
22 0 0.282715 0.217529 0.0339966 0.039856 
21 0 0.0836182 0.805176 0.0296936 0.0354309 
20 0 0.510742 0.720703 0.0386658 0.0463562 
19 0 0.0888672 0.963379 0.0308533 0.0395813 
18 0 0.82666 0.432373 0.0335999 0.0434875 
17 0 0.192017 0.84375 0.0304718 0.0375061 
16 0 0.414062 0.159668 0.026947 0.0350342 
15 0 0.0455017 0.36084 0.0350952 0.0429688 
14 0 0.854004 0.748047 0.0328064 0.0458374 
13 0 0.868652 0.408447 0.0304718 0.0416565 
12 0 0.936035 0.208374 0.038269 0.0499878 
10 0 0.672852 0.131348 0.0359497 0.0404968 
9 0 0.636719 0.42041 0.0339966 0.0466003 
8 0 0.836914 0.962402 0.0296936 0.0375061 
7 0 0.70752 0.640625 0.0281219 0.0380249 
6 0 0.84668 0.837402 0.0289001 0.0375061 
5 0 0.852539 0.227417 0.0453186 0.0536499 
4 0 0.602539 0.210693 0.0328064 0.0464783 
3 0 0.770996 0.0645752 0.0289001 0.0374756 
2 0 0.242432 0.853027 0.0308533 0.0395813 
1 0 0.645996 0.5625 0.0296936 0.0380249 
85 0 0.693848 0.585938 0.0324097 0.0406189 
77 0 0.782227 0.00862885 0.0257874 0.0209961 
76 0 0.629883 0.804199 0.0343628 0.0411377 
59 0 0.531738 0.782227 0.03125 0.0385437 
56 0 0.563965 0.161499 0.0281219 0.0351562 
55 0 0.0132904 0.990723 0.0264893 0.0187531 
54 0 0.994629 0.409424 0.0109406 0.0520935 
53 0 0.00545883 0.0917969 0.01091 0.0458984 
51 0 0.0411682 0.984375 0.0341492 0.03125 
50 0 0.586914 0.486572 0.0324097 0.0401001 
49 0 0.500977 0.385498 0.0300751 0.0369873 
48 0 0.744629 0.741699 0.0261688 0.0317688 
47 0 0.0753784 0.250732 0.0326538 0.0441284 
46 0 0.486816 0.865723 0.0324097 0.0385437 
45 0 0.584473 0.875 0.03125 0.0375061 
44 0 0.577148 0.151001 0.0292969 0.0346375 
43 0 0.567383 0.100281 0.0304718 0.038208 
42 0 0.192627 0.127686 0.0284119 0.039917 
41 0 0.315674 0.305664 0.0257874 0.0403748 
40 0 0.541016 0.985352 0.0320435 0.0291595 
39 0 0.743652 0.806152 0.0292969 0.0401001 
38 0 0.115723 0.539551 0.0314941 0.0385437 
37 0 0.92334 0.685547 0.0289001 0.0343628 
35 0 0.0187988 0.223389 0.0338745 0.0449219 
34 0 0.584961 0.121887 0.0296936 0.0395203 
32 0 0.307861 0.0979614 0.0277405 0.0375061 
31 0 0.349609 0.728027 0.0333862 0.044281 
30 0 0.986816 0.771973 0.0265656 0.0385437 
29 0 0.0288849 0.726562 0.0324707 0.0437622 
27 0 0.238892 0.578125 0.0292969 0.0406189 
26 0 0.133057 0.193726 0.0339966 0.0458374 
25 0 0.593262 0.287598 0.03125 0.0408936 
24 0 0.273438 0.413574 0.0308533 0.0390625 
23 0 0.693848 0.172607 0.0328064 0.0406189 
22 0 0.282715 0.217529 0.0339966 0.039856 
21 0 0.0836182 0.805176 0.0296936 0.0354309 
20 0 0.510742 0.720703 0.0386658 0.0463562 
19 0 0.0888672 0.963379 0.0308533 0.0395813 
18 0 0.82666 0.432373 0.0335999 0.0434875 
17 0 0.192017 0.84375 0.0304718 0.0375061 
16 0 0.414062 0.159668 0.026947 0.0350342 
15 0 0.0455017 0.36084 0.0350952 0.0429688 
14 0 0.854004 0.748047 0.0328064 0.0458374 
13 0 0.868652 0.408447 0.0304718 0.0416565 
12 0 0.936035 0.208374 0.038269 0.0499878 
10 0 0.672852 0.131348 0.0359497 0.0404968 
9 0 0.636719 0.42041 0.0339966 0.0466003 
8 0 0.836914 0.962402 0.0296936 0.0375061 
7 0 0.70752 0.640625 0.0281219 0.0380249 
6 0 0.84668 0.837402 0.0289001 0.0375061 
5 0 0.852539 0.227417 0.0453186 0.0536499 
4 0 0.602539 0.210693 0.0328064 0.0464783 
3 0 0.770996 0.0645752 0.0289001 0.0374756 
2 0 0.242432 0.853027 0.0308533 0.0395813 
1 0 0.645996 0.5625 0.0296936 0.0380249 
85 0 0.693848 0.585938 0.0324097 0.0406189 
77 0 0.782227 0.00862885 0.0257874 0.0209961 
76 0 0.629883 0.804199 0.0343628 0.0411377 
59 0 0.531738 0.782227 0.03125 0.0385437 
56 0 0.563965 0.161499 0.0281219 0.0351562 
55 0 0.0132904 0.990723 0.0264893 0.0187531 
54 0 0.994629 0.409424 0.0109406 0.0520935 
53 0 0.00545883 0.0917969 0.01091 0.0458984 
51 0 0.0411682 0.984375 0.0341492 0.03125 
50 0 0.586914 0.486572 0.0324097 0.0401001 
49 0 0.500977 0.385498 0.0300751 0.0369873 
48 0 0.744629 0.741699 0.0261688 0.0317688 
47 0 0.0753784 0.250732 0.0326538 0.0441284 
46 0 0.486816 0.865723 0.0324097 0.0385437 
45 0 0.584473 0.875 0.03125 0.0375061 
44 0 0.577148 0.151001 0.0292969 0.0346375 
43 0 0.567383 0.100281 0.0304718 0.038208 
42 0 0.192627 0.127686 0.0284119 0.039917 
41 0 0.315674 0.305664 0.0257874 0.0403748 
40 0 0.541016 0.985352 0.0320435 0.0291595 
39 0 0.743652 0.806152 0.0292969 0.0401001 
38 0 0.115723 0.539551 0.0314941 0.0385437 
37 0 0.92334 0.685547 0.0289001 0.0343628 
35 0 0.0187988 0.223389 0.0338745 0.0449219 
34 0 0.584961 0.121887 0.0296936 0.0395203 
32 0 0.307861 0.0979614 0.0277405 0.0375061 
31 0 0.349609 0.728027 0.0333862 0.044281 
30 0 0.986816 0.771973 0.0265656 0.0385437 
29 0 0.0288849 0.726562 0.0324707 0.0437622 
27 0 0.238892 0.578125 0.0292969 0.0406189 
26 0 0.133057 0.193726 0.0339966 0.0458374 
25 0 0.593262 0.287598 0.03125 0.0408936 
24 0 0.273438 0.413574 0.0308533 0.0390625 
23 0 0.693848 0.172607 0.0328064 0.0406189 
22 0 0.282715 0.217529 0.0339966 0.039856 
21 0 0.0836182 0.805176 0.0296936 0.0354309 
20 0 0.510742 0.720703 0.0386658 0.0463562 
19 0 0.0888672 0.963379 0.0308533 0.0395813 
18 0 0.82666 0.432373 0.0335999 0.0434875 
17 0 0.192017 0.84375 0.0304718 0.0375061 
16 0 0.414062 0.159668 0.026947 0.0350342 
15 0 0.0455017 0.36084 0.0350952 0.0429688 
14 0 0.854004 0.748047 0.0328064 0.0458374 
13 0 0.868652 0.408447 0.0304718 0.0416565 
12 0 0.936035 0.208374 0.038269 0.0499878 
10 0 0.672852 0.131348 0.0359497 0.0404968 
9 0 0.636719 0.42041 0.0339966 0.0466003 
8 0 0.836914 0.962402 0.0296936 0.0375061 
7 0 0.70752 0.640625 0.0281219 0.0380249 
6 0 0.84668 0.837402 0.0289001 0.0375061 
5 0 0.852539 0.227417 0.0453186 0.0536499 
4 0 0.602539 0.210693 0.0328064 0.0464783 
3 0 0.770996 0.0645752 0.0289001 0.0374756 
2 0 0.242432 0.853027 0.0308533 0.0395813 
1 0 0.645996 0.5625 0.0296936 0.0380249 
85 0 0.693848 0.585938 0.0324097 0.0406189 
77 0 0.782227 0.00862885 0.0257874 0.0209961 
76 0 0.629883 0.804199 0.0343628 0.0411377 
59 0 0.531738 0.782227 0.03125 0.0385437 
56 0 0.563965 0.161499 0.0281219 0.0351562 
55 0 0.0132904 0.990723 0.0264893 0.0187531 
54 0 0.994629 0.409424 0.0109406 0.0520935 
53 0 0.00545883 0.0917969 0.01091 0.0458984 
51 0 0.0411682 0.984375 0.0341492 0.03125 
50 0 0.586914 0.486572 0.0324097 0.0401001 
49 0 0.500977 0.385498 0.0300751 0.0369873 
48 0 0.744629 0.741699 0.0261688 0.0317688 
47 0 0.0753784 0.250732 0.0326538 0.0441284 
46 0 0.486816 0.865723 0.0324097 0.0385437 
45 0 0.584473 0.875 0.03125 0.0375061 
44 0 0.577148 0.151001 0.0292969 0.0346375 
43 0 0.567383 0.100281 0.0304718 0.038208 
42 0 0.192627 0.127686 0.0284119 0.039917 
41 0 0.315674 0.305664 0.0257874 0.0403748 
40 0 0.541016 0.985352 0.0320435 0.0291595 
39 0 0.743652 0.806152 0.0292969 0.0401001 
38 0 0.115723 0.539551 0.0314941 0.0385437 
37 0 0.92334 0.685547 0.0289001 0.0343628 
35 0 0.0187988 0.223389 0.0338745 0.0449219 
34 0 0.584961 0.121887 0.0296936 0.0395203 
32 0 0.307861 0.0979614 0.0277405 0.0375061 
31 0 0.349609 0.728027 0.0333862 0.044281 
30 0 0.986816 0.771973 0.0265656 0.0385437 
29 0 0.0288849 0.726562 0.0324707 0.0437622 
27 0 0.238892 0.578125 0.0292969 0.0406189 
26 0 0.133057 0.193726 0.0339966 0.0458374 
25 0 0.593262 0.287598 0.03125 0.0408936 
24 0 0.273438 0.413574 0.0308533 0.0390625 
23 0 0.693848 0.172607 0.0328064 0.0406189 
22 0 0.282715 0.217529 0.0339966 0.039856 
21 0 0.0836182 0.805176 0.0296936 0.0354309 
20 0 0.510742 0.720703 0.0386658 0.0463562 
19 0 0.0888672 0.963379 0.0308533 0.0395813 
18 0 0.82666 0.432373 0.0335999 0.0434875 
17 0 0.192017 0.84375 0.0304718 0.0375061 
16 0 0.414062 0.159668 0.026947 0.0350342 
15 0 0.0455017 0.36084 0.0350952 0.0429688 
14 0 0.854004 0.748047 0.0328064 0.0458374 
13 0 0.868652 0.408447 0.0304718 0.0416565 
12 0 0.936035 0.208374 0.038269 0.0499878 
10 0 0.672852 0.131348 0.0359497 0.0404968 
9 0 0.636719 0.42041 0.0339966 0.0466003 
8 0 0.836914 0.962402 0.0296936 0.0375061 
7 0 0.70752 0.640625 0.0281219 0.0380249 
6 0 0.84668 0.837402 0.0289001 0.0375061 
5 0 0.852539 0.227417 0.0453186 0.0536499 
4 0 0.602539 0.210693 0.0328064 0.0464783 
3 0 0.770996 0.0645752 0.0289001 0.0374756 
2 0 0.242432 0.853027 0.0308533 0.0395813 
1 0 0.645996 0.5625 0.0296936 0.0380249 
85 0 0.693848 0.585938 0.0324097 0.0406189 
77 0 0.782227 0.00862885 0.0257874 0.0209961 
76 0 0.629883 0.804199 0.0343628 0.0411377 
59 0 0.531738 0.782227 0.03125 0.0385437 
56 0 0.563965 0.161499 0.0281219 0.0351562 
55 0 0.0132904 0.990723 0.0264893 0.0187531 
54 0 0.994629 0.409424 0.0109406 0.0520935 
53 0 0.00545883 0.0917969 0.01091 0.0458984 
51 0 0.0411682 0.984375 0.0341492 0.03125 
50 0 0.586914 0.486572 0.0324097 0.0401001 
49 0 0.500977 0.385498 0.0300751 0.0369873 
48 0 0.744629 0.741699 0.0261688 0.0317688 
47 0 0.0753784 0.250732 0.0326538 0.0441284 
46 0 0.486816 0.865723 0.0324097 0.0385437 
45 0 0.584473 0.875 0.03125 0.0375061 
44 0 0.577148 0.151001 0.0292969 0.0346375 
43 0 0.567383 0.100281 0.0304718 0.038208 
42 0 0.192627 0.127686 0.0284119 0.039917 
41 0 0.315674 0.305664 0.0257874 0.0403748 
40 0 0.541016 0.985352 0.0320435 0.0291595 
39 0 0.743652 0.806152 0.0292969 0.0401001 
38 0 0.115723 0.539551 0.0314941 0.0385437 
37 0 0.92334 0.685547 0.0289001 0.0343628 
35 0 0.0187988 0.223389 0.0338745 0.0449219 
34 0 0.584961 0.121887 0.0296936 0.0395203 
32 0 0.307861 0.0979614 0.0277405 0.0375061 
31 0 0.349609 0.728027 0.0333862 0.044281 
30 0 0.986816 0.771973 0.0265656 0.0385437 
29 0 0.0288849 0.726562 0.0324707 0.0437622 
27 0 0.238892 0.578125 0.0292969 0.0406189 
26 0 0.133057 0.193726 0.0339966 0.0458374 
25 0 0.593262 0.287598 0.03125 0.0408936 
24 0 0.273438 0.413574 0.0308533 0.0390625 
23 0 0.693848 0.172607 0.0328064 0.0406189 
22 0 0.282715 0.217529 0.0339966 0.039856 
21 0 0.0836182 0.805176 0.0296936 0.0354309 
20 0 0.510742 0.720703 0.0386658 0.0463562 
19 0 0.0888672 0.963379 0.0308533 0.0395813 
18 0 0.82666 0.432373 0.0335999 0.0434875 
17 0 0.192017 0.84375 0.0304718 0.0375061 
16 0 0.414062 0.159668 0.026947 0.0350342 
15 0 0.0455017 0.36084 0.0350952 0.0429688 
14 0 0.854004 0.748047 0.0328064 0.0458374 
13 0 0.868652 0.408447 0.0304718 0.0416565 
12 0 0.936035 0.208374 0.038269 0.0499878 
10 0 0.672852 0.131348 0.0359497 0.0404968 
9 0 0.636719 0.42041 0.0339966 0.0466003 
8 0 0.836914 0.962402 0.0296936 0.0375061 
7 0 0.70752 0.640625 0.0281219 0.0380249 
6 0 0.84668 0.837402 0.0289001 0.0375061 
5 0 0.852539 0.227417 0.0453186 0.0536499 
4 0 0.602539 0.210693 0.0328064 0.0464783 
3 0 0.770996 0.0645752 0.0289001 0.0374756 
2 0 0.242432 0.853027 0.0308533 0.0395813 
1 0 0.645996 0.5625 0.0296936 0.0380249 
85 0 0.693848 0.585938 0.0324097 0.0406189 
77 0 0.782227 0.00862885 0.0257874 0.0209961 
76 0 0.629883 0.804199 0.0343628 0.0411377 
59 0 0.531738 0.782227 0.03125 0.0385437 
56 0 0.563965 0.161499 0.0281219 0.0351562 
55 0 0.0132904 0.990723 0.0264893 0.0187531 
54 0 0.994629 0.409424 0.0109406 0.0520935 
53 0 0.00545883 0.0917969 0.01091 0.0458984 
51 0 0.0411682 0.984375 0.0341492 0.03125 
50 0 0.586914 0.486572 0.0324097 0.0401001 
49 0 0.500977 0.385498 0.0300751 0.0369873 
48 0 0.744629 0.741699 0.0261688 0.0317688 
47 0 0.0753784 0.250732 0.0326538 0.0441284 
46 0 0.486816 0.865723 0.0324097 0.0385437 
45 0 0.584473 0.875 0.03125 0.0375061 
44 0 0.577148 0.151001 0.0292969 0.0346375 
43 0 0.567383 0.100281 0.0304718 0.038208 
42 0 0.192627 0.127686 0.0284119 0.039917 
41 0 0.315674 0.305664 0.0257874 0.0403748 
40 0 0.541016 0.985352 0.0320435 0.0291595 
39 0 0.743652 0.806152 0.0292969 0.0401001 
38 0 0.115723 0.539551 0.0314941 0.0385437 
37 0 0.92334 0.685547 0.0289001 0.0343628 
35 0 0.0187988 0.223389 0.0338745 0.0449219 
34 0 0.584961 0.121887 0.0296936 0.0395203 
32 0 0.307861 0.0979614 0.0277405 0.0375061 
31 0 0.349609 0.728027 0.0333862 0.044281 
30 0 0.986816 0.771973 0.0265656 0.0385437 
29 0 0.0288849 0.726562 0.0324707 0.0437622 
27 0 0.238892 0.578125 0.0292969 0.0406189 
26 0 0.133057 0.193726 0.0339966 0.0458374 
25 0 0.593262 0.287598 0.03125 0.0408936 
24 0 0.273438 0.413574 0.0308533 0.0390625 
23 0 0.693848 0.172607 0.0328064 0.0406189 
22 0 0.282715 0.217529 0.0339966 0.039856 
21 0 0.0836182 0.805176 0.0296936 0.0354309 
20 0 0.510742 0.720703 0.0386658 0.0463562 
19 0 0.0888672 0.963379 0.0308533 0.0395813 
18 0 0.82666 0.432373 0.0335999 0.0434875 
17 0 0.192017 0.84375 0.0304718 0.0375061 
16 0 0.414062 0.159668 0.026947 0.0350342 
15 0 0.0455017 0.36084 0.0350952 0.0429688 
14 0 0.854004 0.748047 0.0328064 0.0458374 
13 0 0.868652 0.408447 0.0304718 0.0416565 
12 0 0.936035 0.208374 0.038269 0.0499878 
10 0 0.672852 0.131348 0.0359497 0.0404968 
9 0 0.636719 0.42041 0.0339966 0.0466003 
8 0 0.836914 0.962402 0.0296936 0.0375061 
7 0 0.70752 0.640625 0.0281219 0.0380249 
6 0 0.84668 0.837402 0.0289001 0.0375061 
5 0 0.852539 0.227417 0.0453186 0.0536499 
4 0 0.602539 0.210693 0.0328064 0.0464783 
3 0 0.770996 0.0645752 0.0289001 0.0374756 
2 0 0.242432 0.853027 0.0308533 0.0395813 
1 0 0.645996 0.5625 0.0296936 0.0380249 
