647 0 0.991211 0.68457 0.014061 0.0401001 
644 0 0.629883 0.803223 0.0343628 0.0395813 
640 0 0.991211 0.0093689 0.0171814 0.0186615 
639 0 0.936035 0.207031 0.0375061 0.0499878 
636 0 0.902344 0.408936 0.03125 0.0393372 
626 0 0.141357 0.954102 0.0273438 0.0375061 
602 0 0.636719 0.418701 0.0359497 0.0460815 
584 0 0.579102 0.150024 0.0296936 0.0375061 
569 0 0.602539 0.210449 0.0308533 0.0416565 
533 0 0.936035 0.561035 0.0304718 0.0375061 
506 0 0.506348 0.0239716 0.026947 0.0353699 
435 0 0.731445 0.0980225 0.0339966 0.0413513 
416 0 0.864258 0.414307 0.0320435 0.0421753 
281 0 0.35791 0.0615234 0.0281219 0.0355835 
245 0 0.260986 0.4375 0.03125 0.0375061 
236 0 0.71875 0.782227 0.03125 0.0354309 
178 0 0.481201 0.0481262 0.0281219 0.0368042 
122 0 0.631348 0.238525 0.0324097 0.0397034 
55 0 0.0137787 0.990723 0.0257111 0.0187531 
54 0 0.990723 0.413574 0.0187531 0.0526123 
51 0 0.0419312 0.987305 0.0321655 0.0249939 
50 0 0.525879 0.599121 0.0324097 0.0432434 
49 0 0.462158 0.44165 0.0367126 0.0507812 
46 0 0.486816 0.86377 0.0296936 0.0395813 
45 0 0.541992 0.985352 0.0324097 0.0281219 
43 0 0.570312 0.10376 0.0300751 0.0371094 
42 0 0.313232 0.222412 0.03302 0.039856 
41 0 0.239014 0.378174 0.0279236 0.0395813 
34 0 0.583496 0.12085 0.0335999 0.042511 
32 0 0.237549 0.17688 0.03125 0.0329285 
30 0 0.936035 0.956055 0.0335999 0.0375061 
29 0 0.00626755 0.810547 0.0122528 0.0385437 
27 0 0.235107 0.575195 0.0296936 0.0416565 
26 0 0.129639 0.19812 0.0343628 0.0444031 
22 0 0.270996 0.238525 0.0322266 0.0402222 
21 0 0.085144 0.804199 0.0296936 0.0375061 
20 0 0.490723 0.756348 0.0406189 0.0458374 
19 0 0.0883789 0.962402 0.0300751 0.0375061 
18 0 0.82666 0.43335 0.0351562 0.0419312 
17 0 0.191406 0.845703 0.0328064 0.0416565 
14 0 0.84082 0.754395 0.0343628 0.0499878 
8 0 0.823242 0.98877 0.0281219 0.0229187 
7 0 0.709473 0.631348 0.03125 0.0401001 
6 0 0.833496 0.873047 0.0265656 0.0385437 
5 0 0.852539 0.234619 0.0421753 0.0484314 
3 0 0.756836 0.103882 0.0304718 0.0378113 
2 0 0.236694 0.858398 0.0304718 0.0416565 
1 0 0.631348 0.611328 0.0304718 0.0395813 
