251 0 0.306152 0.344727 0.0248108 0.03125 
248 0 0.979004 0.861328 0.0296936 0.0354309 
247 0 0.266602 0.435303 0.0320435 0.04245 
246 0 0.749512 0.808105 0.0296936 0.0364685 
238 0 0.734375 0.763672 0.0273438 0.0343628 
227 0 0.245361 0.464111 0.0320435 0.0390625 
221 0 0.0387573 0.375488 0.0354004 0.0463562 
176 0 0.495361 0.0145721 0.0328064 0.0291138 
140 0 0.637695 0.419678 0.0343628 0.0481873 
117 0 0.628906 0.804199 0.0359497 0.0416565 
55 0 0.0125122 0.989746 0.0249786 0.0208282 
54 0 0.994629 0.407715 0.0109406 0.0476685 
51 0 0.039856 0.984375 0.0328064 0.0286407 
50 0 0.57959 0.508301 0.03125 0.0375061 
49 0 0.492188 0.402344 0.03125 0.0426941 
46 0 0.48584 0.864746 0.0332031 0.0416565 
45 0 0.557617 0.923828 0.0308533 0.0354309 
44 0 0.577148 0.150024 0.0304718 0.0375061 
43 0 0.566406 0.104187 0.03125 0.0393372 
42 0 0.219971 0.175049 0.0290985 0.0384216 
41 0 0.295898 0.320801 0.0296936 0.0411377 
40 0 0.541504 0.984375 0.0359497 0.03125 
39 0 0.776367 0.42749 0.03125 0.039856 
35 0 0.00937653 0.280029 0.018631 0.0469971 
34 0 0.583496 0.12085 0.0328064 0.0416565 
32 0 0.272949 0.12085 0.0308533 0.0377502 
31 0 0.182251 0.330811 0.0319214 0.0393372 
30 0 0.985352 0.814453 0.0296936 0.0401001 
29 0 0.0210876 0.743652 0.0296936 0.0432434 
27 0 0.234375 0.576172 0.03125 0.0437622 
26 0 0.132812 0.194824 0.0341797 0.0437622 
23 0 0.663086 0.168701 0.0339966 0.0391846 
22 0 0.282715 0.218628 0.0343628 0.0421753 
21 0 0.0836182 0.806152 0.0296936 0.0375061 
20 0 0.504883 0.735352 0.0429688 0.0536499 
19 0 0.0890503 0.964355 0.0310059 0.0380249 
18 0 0.829102 0.434326 0.0328064 0.0401001 
17 0 0.192139 0.84375 0.0315552 0.0406189 
16 0 0.347656 0.425049 0.0345764 0.044281 
14 0 0.852539 0.75 0.0359497 0.0458374 
13 0 0.867188 0.408936 0.03125 0.0429688 
12 0 0.936035 0.209106 0.039856 0.0570374 
8 0 0.834961 0.97168 0.0296936 0.0395813 
7 0 0.709473 0.632324 0.03125 0.0395813 
6 0 0.84375 0.84668 0.0281219 0.0354309 
5 0 0.852539 0.229126 0.0453186 0.0541687 
4 0 0.603027 0.213013 0.0320435 0.040741 
3 0 0.773438 0.0739746 0.03125 0.0397339 
2 0 0.240845 0.854004 0.0316467 0.0416565 
1 0 0.633789 0.57373 0.0296936 0.0406189 
251 0 0.306152 0.344727 0.0248108 0.03125 
248 0 0.979004 0.861328 0.0296936 0.0354309 
247 0 0.266602 0.435303 0.0320435 0.04245 
246 0 0.749512 0.808105 0.0296936 0.0364685 
238 0 0.734375 0.763672 0.0273438 0.0343628 
227 0 0.245361 0.464111 0.0320435 0.0390625 
221 0 0.0387573 0.375488 0.0354004 0.0463562 
176 0 0.495361 0.0145721 0.0328064 0.0291138 
140 0 0.637695 0.419678 0.0343628 0.0481873 
117 0 0.628906 0.804199 0.0359497 0.0416565 
55 0 0.0125122 0.989746 0.0249786 0.0208282 
54 0 0.994629 0.407715 0.0109406 0.0476685 
51 0 0.039856 0.984375 0.0328064 0.0286407 
50 0 0.57959 0.508301 0.03125 0.0375061 
49 0 0.492188 0.402344 0.03125 0.0426941 
46 0 0.48584 0.864746 0.0332031 0.0416565 
45 0 0.557617 0.923828 0.0308533 0.0354309 
44 0 0.577148 0.150024 0.0304718 0.0375061 
43 0 0.566406 0.104187 0.03125 0.0393372 
42 0 0.219971 0.175049 0.0290985 0.0384216 
41 0 0.295898 0.320801 0.0296936 0.0411377 
40 0 0.541504 0.984375 0.0359497 0.03125 
39 0 0.776367 0.42749 0.03125 0.039856 
35 0 0.00937653 0.280029 0.018631 0.0469971 
34 0 0.583496 0.12085 0.0328064 0.0416565 
32 0 0.272949 0.12085 0.0308533 0.0377502 
31 0 0.182251 0.330811 0.0319214 0.0393372 
30 0 0.985352 0.814453 0.0296936 0.0401001 
29 0 0.0210876 0.743652 0.0296936 0.0432434 
27 0 0.234375 0.576172 0.03125 0.0437622 
26 0 0.132812 0.194824 0.0341797 0.0437622 
23 0 0.663086 0.168701 0.0339966 0.0391846 
22 0 0.282715 0.218628 0.0343628 0.0421753 
21 0 0.0836182 0.806152 0.0296936 0.0375061 
20 0 0.504883 0.735352 0.0429688 0.0536499 
19 0 0.0890503 0.964355 0.0310059 0.0380249 
18 0 0.829102 0.434326 0.0328064 0.0401001 
17 0 0.192139 0.84375 0.0315552 0.0406189 
16 0 0.347656 0.425049 0.0345764 0.044281 
14 0 0.852539 0.75 0.0359497 0.0458374 
13 0 0.867188 0.408936 0.03125 0.0429688 
12 0 0.936035 0.209106 0.039856 0.0570374 
8 0 0.834961 0.97168 0.0296936 0.0395813 
7 0 0.709473 0.632324 0.03125 0.0395813 
6 0 0.84375 0.84668 0.0281219 0.0354309 
5 0 0.852539 0.229126 0.0453186 0.0541687 
4 0 0.603027 0.213013 0.0320435 0.040741 
3 0 0.773438 0.0739746 0.03125 0.0397339 
2 0 0.240845 0.854004 0.0316467 0.0416565 
1 0 0.633789 0.57373 0.0296936 0.0406189 
