699 2 0.00937653 0.73877 0.0187531 0.0380249 
696 0 0.564941 0.162231 0.0273438 0.033844 
694 0 0.244507 0.449951 0.0238342 0.0296936 
693 0 0.629883 0.803223 0.0339966 0.0395813 
685 0 0.993164 0.68457 0.014061 0.0395813 
675 0 0.989258 0.0104446 0.0218811 0.020401 
674 0 0.936523 0.208374 0.0390625 0.0503845 
671 0 0.932617 0.373779 0.0335999 0.0401001 
661 0 0.140869 0.946289 0.0277405 0.0395813 
635 0 0.636719 0.418701 0.0359497 0.0466003 
615 0 0.577148 0.149658 0.0296936 0.0379639 
604 0 0.602539 0.209595 0.0296936 0.0404968 
562 0 0.915039 0.590332 0.0296936 0.0375061 
534 0 0.505371 0.0249023 0.0265656 0.0369263 
464 0 0.729004 0.104187 0.0328064 0.0386047 
459 0 0.541992 0.986328 0.03125 0.0270844 
444 0 0.856934 0.410889 0.0328064 0.0416565 
288 0 0.357422 0.0625 0.028717 0.0374756 
247 0 0.261719 0.436523 0.0290985 0.035675 
238 0 0.717285 0.783203 0.0289001 0.0328064 
176 0 0.481201 0.0479126 0.0281219 0.0375061 
55 0 0.0132828 0.990723 0.0265656 0.0187531 
54 0 0.990723 0.413574 0.0187531 0.0520935 
51 0 0.0406799 0.987305 0.0340881 0.0249939 
50 0 0.521973 0.604004 0.0343628 0.0453186 
49 0 0.460938 0.441162 0.0359497 0.0481873 
46 0 0.487549 0.86377 0.03125 0.0395813 
43 0 0.568359 0.103455 0.0296936 0.038269 
42 0 0.307861 0.222168 0.0314331 0.0397034 
41 0 0.236694 0.378174 0.0300751 0.0403748 
34 0 0.583496 0.120422 0.0328064 0.0406189 
32 0 0.237061 0.177124 0.0306702 0.0335999 
30 0 0.931152 0.963379 0.03125 0.0390625 
29 0 0.00545883 0.811523 0.0109329 0.0380249 
27 0 0.235107 0.572754 0.0290985 0.0421753 
26 0 0.130249 0.198364 0.0333862 0.0445251 
23 0 0.628906 0.238647 0.0328064 0.039856 
22 0 0.269043 0.240601 0.0322266 0.0393372 
21 0 0.0843506 0.804199 0.0282288 0.0375061 
20 0 0.490723 0.757324 0.039856 0.0437622 
19 0 0.0882568 0.962402 0.0296936 0.0375061 
18 0 0.82666 0.43335 0.0343628 0.0416565 
17 0 0.191406 0.845703 0.0328064 0.0416565 
14 0 0.839844 0.754395 0.0359497 0.0499878 
8 0 0.823242 0.98877 0.0281219 0.0229187 
7 0 0.709961 0.630371 0.0304718 0.0395813 
6 0 0.833496 0.873047 0.0265656 0.0380249 
5 0 0.851562 0.234863 0.0406189 0.0479126 
3 0 0.756348 0.106018 0.03125 0.0401001 
2 0 0.236694 0.858398 0.0298767 0.0416565 
1 0 0.631836 0.61377 0.0296936 0.0395813 
699 2 0.00937653 0.73877 0.0187531 0.0380249 
696 0 0.564941 0.162231 0.0273438 0.033844 
694 0 0.244507 0.449951 0.0238342 0.0296936 
693 0 0.629883 0.803223 0.0339966 0.0395813 
685 0 0.993164 0.68457 0.014061 0.0395813 
675 0 0.989258 0.0104446 0.0218811 0.020401 
674 0 0.936523 0.208374 0.0390625 0.0503845 
671 0 0.932617 0.373779 0.0335999 0.0401001 
661 0 0.140869 0.946289 0.0277405 0.0395813 
635 0 0.636719 0.418701 0.0359497 0.0466003 
615 0 0.577148 0.149658 0.0296936 0.0379639 
604 0 0.602539 0.209595 0.0296936 0.0404968 
562 0 0.915039 0.590332 0.0296936 0.0375061 
534 0 0.505371 0.0249023 0.0265656 0.0369263 
464 0 0.729004 0.104187 0.0328064 0.0386047 
459 0 0.541992 0.986328 0.03125 0.0270844 
444 0 0.856934 0.410889 0.0328064 0.0416565 
288 0 0.357422 0.0625 0.028717 0.0374756 
247 0 0.261719 0.436523 0.0290985 0.035675 
238 0 0.717285 0.783203 0.0289001 0.0328064 
176 0 0.481201 0.0479126 0.0281219 0.0375061 
55 0 0.0132828 0.990723 0.0265656 0.0187531 
54 0 0.990723 0.413574 0.0187531 0.0520935 
51 0 0.0406799 0.987305 0.0340881 0.0249939 
50 0 0.521973 0.604004 0.0343628 0.0453186 
49 0 0.460938 0.441162 0.0359497 0.0481873 
46 0 0.487549 0.86377 0.03125 0.0395813 
43 0 0.568359 0.103455 0.0296936 0.038269 
42 0 0.307861 0.222168 0.0314331 0.0397034 
41 0 0.236694 0.378174 0.0300751 0.0403748 
34 0 0.583496 0.120422 0.0328064 0.0406189 
32 0 0.237061 0.177124 0.0306702 0.0335999 
30 0 0.931152 0.963379 0.03125 0.0390625 
29 0 0.00545883 0.811523 0.0109329 0.0380249 
27 0 0.235107 0.572754 0.0290985 0.0421753 
26 0 0.130249 0.198364 0.0333862 0.0445251 
23 0 0.628906 0.238647 0.0328064 0.039856 
22 0 0.269043 0.240601 0.0322266 0.0393372 
21 0 0.0843506 0.804199 0.0282288 0.0375061 
20 0 0.490723 0.757324 0.039856 0.0437622 
19 0 0.0882568 0.962402 0.0296936 0.0375061 
18 0 0.82666 0.43335 0.0343628 0.0416565 
17 0 0.191406 0.845703 0.0328064 0.0416565 
14 0 0.839844 0.754395 0.0359497 0.0499878 
8 0 0.823242 0.98877 0.0281219 0.0229187 
7 0 0.709961 0.630371 0.0304718 0.0395813 
6 0 0.833496 0.873047 0.0265656 0.0380249 
5 0 0.851562 0.234863 0.0406189 0.0479126 
3 0 0.756348 0.106018 0.03125 0.0401001 
2 0 0.236694 0.858398 0.0298767 0.0416565 
1 0 0.631836 0.61377 0.0296936 0.0395813 
