426 0 0.628906 0.804199 0.0347595 0.0437622 
424 0 0.638184 0.421875 0.0390625 0.0515747 
423 0 0.57666 0.153076 0.0300751 0.0359497 
421 0 0.469482 0.46875 0.0347595 0.0497437 
419 0 0.602539 0.524902 0.0332031 0.0408936 
410 0 0.311279 0.189209 0.0349731 0.0369873 
407 0 0.0740967 0.0628662 0.0341187 0.0438843 
396 0 0.990723 0.679199 0.015625 0.0499878 
361 0 0.918945 0.256104 0.0351562 0.0411377 
358 0 0.775879 0.0156555 0.0328064 0.0276337 
355 0 0.0949707 0.292725 0.0362244 0.044281 
343 0 0.0054512 0.324951 0.0107422 0.0458374 
288 0 0.367188 0.0250397 0.0318298 0.0375671 
260 0 0.513184 0.0148087 0.0285187 0.0258179 
247 0 0.259277 0.439697 0.0343628 0.0416565 
238 0 0.725586 0.773926 0.0296936 0.0354309 
227 0 0.0878296 0.560547 0.0331116 0.0385437 
176 0 0.50293 0.0211945 0.03125 0.0364685 
55 0 0.0138702 0.989746 0.0274963 0.0208282 
54 0 0.991211 0.407959 0.0171814 0.0515747 
51 0 0.038269 0.985352 0.0353394 0.0265656 
50 0 0.568848 0.540527 0.0339966 0.0421753 
49 0 0.478027 0.412598 0.0379028 0.0502625 
46 0 0.486816 0.865723 0.0308533 0.0437622 
45 0 0.530273 0.981445 0.0324097 0.0348816 
43 0 0.569336 0.103149 0.0285187 0.0354309 
42 0 0.260742 0.22937 0.0347595 0.0436096 
41 0 0.27417 0.353027 0.0296936 0.0393372 
40 0 0.538574 0.986328 0.0335999 0.0260468 
39 0 0.672852 0.0772095 0.03125 0.0379639 
34 0 0.583496 0.121521 0.0316467 0.038147 
32 0 0.249268 0.143799 0.0320435 0.037384 
30 0 0.972656 0.861328 0.0359497 0.0447998 
29 0 0.0141449 0.770996 0.0257568 0.0416565 
27 0 0.234375 0.577148 0.03125 0.044281 
26 0 0.130371 0.199951 0.0388794 0.0505066 
23 0 0.655762 0.192749 0.0367126 0.0436096 
22 0 0.283447 0.21875 0.0343628 0.0397034 
21 0 0.0842896 0.805176 0.0304718 0.0395813 
20 0 0.496094 0.743164 0.0421753 0.0489502 
19 0 0.0898438 0.964355 0.0298309 0.0375061 
18 0 0.830566 0.435303 0.0328064 0.0416565 
17 0 0.192871 0.845703 0.0365295 0.0463562 
14 0 0.847656 0.755371 0.0328064 0.0437622 
13 0 0.864258 0.412598 0.0343628 0.0419312 
12 0 0.936035 0.209351 0.038269 0.0540466 
8 0 0.831055 0.981445 0.0281219 0.0333252 
7 0 0.709473 0.633301 0.03125 0.0375061 
6 0 0.841309 0.85791 0.0265656 0.0395813 
5 0 0.852539 0.229126 0.0421753 0.0505066 
4 0 0.602539 0.213745 0.0300751 0.0389404 
3 0 0.769531 0.0871582 0.0304718 0.035553 
2 0 0.240234 0.857422 0.0322266 0.0395813 
1 0 0.62793 0.591797 0.0320435 0.0416565 
426 0 0.628906 0.804199 0.0347595 0.0437622 
424 0 0.638184 0.421875 0.0390625 0.0515747 
423 0 0.57666 0.153076 0.0300751 0.0359497 
421 0 0.469482 0.46875 0.0347595 0.0497437 
419 0 0.602539 0.524902 0.0332031 0.0408936 
410 0 0.311279 0.189209 0.0349731 0.0369873 
407 0 0.0740967 0.0628662 0.0341187 0.0438843 
396 0 0.990723 0.679199 0.015625 0.0499878 
361 0 0.918945 0.256104 0.0351562 0.0411377 
358 0 0.775879 0.0156555 0.0328064 0.0276337 
355 0 0.0949707 0.292725 0.0362244 0.044281 
343 0 0.0054512 0.324951 0.0107422 0.0458374 
288 0 0.367188 0.0250397 0.0318298 0.0375671 
260 0 0.513184 0.0148087 0.0285187 0.0258179 
247 0 0.259277 0.439697 0.0343628 0.0416565 
238 0 0.725586 0.773926 0.0296936 0.0354309 
227 0 0.0878296 0.560547 0.0331116 0.0385437 
176 0 0.50293 0.0211945 0.03125 0.0364685 
55 0 0.0138702 0.989746 0.0274963 0.0208282 
54 0 0.991211 0.407959 0.0171814 0.0515747 
51 0 0.038269 0.985352 0.0353394 0.0265656 
50 0 0.568848 0.540527 0.0339966 0.0421753 
49 0 0.478027 0.412598 0.0379028 0.0502625 
46 0 0.486816 0.865723 0.0308533 0.0437622 
45 0 0.530273 0.981445 0.0324097 0.0348816 
43 0 0.569336 0.103149 0.0285187 0.0354309 
42 0 0.260742 0.22937 0.0347595 0.0436096 
41 0 0.27417 0.353027 0.0296936 0.0393372 
40 0 0.538574 0.986328 0.0335999 0.0260468 
39 0 0.672852 0.0772095 0.03125 0.0379639 
34 0 0.583496 0.121521 0.0316467 0.038147 
32 0 0.249268 0.143799 0.0320435 0.037384 
30 0 0.972656 0.861328 0.0359497 0.0447998 
29 0 0.0141449 0.770996 0.0257568 0.0416565 
27 0 0.234375 0.577148 0.03125 0.044281 
26 0 0.130371 0.199951 0.0388794 0.0505066 
23 0 0.655762 0.192749 0.0367126 0.0436096 
22 0 0.283447 0.21875 0.0343628 0.0397034 
21 0 0.0842896 0.805176 0.0304718 0.0395813 
20 0 0.496094 0.743164 0.0421753 0.0489502 
19 0 0.0898438 0.964355 0.0298309 0.0375061 
18 0 0.830566 0.435303 0.0328064 0.0416565 
17 0 0.192871 0.845703 0.0365295 0.0463562 
14 0 0.847656 0.755371 0.0328064 0.0437622 
13 0 0.864258 0.412598 0.0343628 0.0419312 
12 0 0.936035 0.209351 0.038269 0.0540466 
8 0 0.831055 0.981445 0.0281219 0.0333252 
7 0 0.709473 0.633301 0.03125 0.0375061 
6 0 0.841309 0.85791 0.0265656 0.0395813 
5 0 0.852539 0.229126 0.0421753 0.0505066 
4 0 0.602539 0.213745 0.0300751 0.0389404 
3 0 0.769531 0.0871582 0.0304718 0.035553 
2 0 0.240234 0.857422 0.0322266 0.0395813 
1 0 0.62793 0.591797 0.0320435 0.0416565 
