262 0 0.65625 0.927246 0.0406189 0.0489502 
260 0 0.524414 0.00906372 0.0289001 0.0188141 
256 0 0.332275 0.0517883 0.0273438 0.0369263 
253 0 0.446533 0.00964355 0.0304718 0.0200958 
248 0 0.979004 0.861328 0.0281219 0.0369873 
247 0 0.264404 0.4375 0.0326233 0.0387878 
246 0 0.774414 0.82373 0.0316467 0.0395813 
238 0 0.735352 0.763672 0.0277405 0.0359497 
227 0 0.226196 0.460938 0.0322266 0.0403748 
221 0 0.037262 0.377197 0.0341797 0.0458374 
176 0 0.493652 0.0205383 0.03125 0.0351562 
140 0 0.638184 0.42041 0.0359497 0.0466003 
117 0 0.628906 0.804199 0.0359497 0.0416565 
55 0 0.0117035 0.990723 0.0237122 0.0197906 
54 0 0.994629 0.407227 0.0109406 0.0484314 
51 0 0.039856 0.985352 0.0328064 0.0291595 
50 0 0.579102 0.510742 0.0328064 0.0387878 
49 0 0.491455 0.4021 0.0296936 0.0380249 
46 0 0.484375 0.862305 0.0343628 0.0432434 
45 0 0.555664 0.928223 0.0289001 0.03125 
43 0 0.567383 0.104187 0.0308533 0.0388794 
42 0 0.219727 0.17627 0.0285187 0.0384216 
41 0 0.293213 0.321777 0.0289001 0.039856 
40 0 0.541504 0.985352 0.0335999 0.0291595 
39 0 0.77832 0.394287 0.0304718 0.0406189 
35 0 0.0102005 0.283691 0.0200043 0.0402222 
34 0 0.583496 0.119812 0.0324097 0.039856 
32 0 0.270264 0.121643 0.0285187 0.0357361 
31 0 0.156616 0.318115 0.0300751 0.0361938 
30 0 0.984375 0.817871 0.0281219 0.0385437 
29 0 0.0210876 0.744629 0.0296326 0.0437622 
27 0 0.234375 0.577148 0.03125 0.0447998 
26 0 0.13208 0.195801 0.0359497 0.0458374 
23 0 0.664062 0.1698 0.0343628 0.0395813 
22 0 0.282471 0.217651 0.0322266 0.039856 
21 0 0.0836182 0.806152 0.0296326 0.0375061 
20 0 0.50293 0.737305 0.0437622 0.0557251 
19 0 0.0890503 0.965332 0.0310059 0.0385437 
18 0 0.828125 0.434326 0.0320435 0.0395813 
17 0 0.192139 0.84375 0.03125 0.0380249 
16 0 0.364014 0.438965 0.0314331 0.0429688 
14 0 0.851562 0.75 0.0375061 0.046875 
13 0 0.867188 0.409912 0.03125 0.0421753 
12 0 0.936035 0.209351 0.0406189 0.0567627 
8 0 0.834473 0.974121 0.0281219 0.0369873 
7 0 0.709473 0.632324 0.0308533 0.0390625 
6 0 0.842773 0.849121 0.0265656 0.0354309 
5 0 0.853027 0.229126 0.046875 0.0546875 
4 0 0.604004 0.21228 0.0328064 0.0410156 
3 0 0.773438 0.0750122 0.03125 0.0416565 
2 0 0.241821 0.854004 0.0318298 0.0416565 
1 0 0.632812 0.576172 0.0308533 0.0401001 
262 0 0.65625 0.927246 0.0406189 0.0489502 
260 0 0.524414 0.00906372 0.0289001 0.0188141 
256 0 0.332275 0.0517883 0.0273438 0.0369263 
253 0 0.446533 0.00964355 0.0304718 0.0200958 
248 0 0.979004 0.861328 0.0281219 0.0369873 
247 0 0.264404 0.4375 0.0326233 0.0387878 
246 0 0.774414 0.82373 0.0316467 0.0395813 
238 0 0.735352 0.763672 0.0277405 0.0359497 
227 0 0.226196 0.460938 0.0322266 0.0403748 
221 0 0.037262 0.377197 0.0341797 0.0458374 
176 0 0.493652 0.0205383 0.03125 0.0351562 
140 0 0.638184 0.42041 0.0359497 0.0466003 
117 0 0.628906 0.804199 0.0359497 0.0416565 
55 0 0.0117035 0.990723 0.0237122 0.0197906 
54 0 0.994629 0.407227 0.0109406 0.0484314 
51 0 0.039856 0.985352 0.0328064 0.0291595 
50 0 0.579102 0.510742 0.0328064 0.0387878 
49 0 0.491455 0.4021 0.0296936 0.0380249 
46 0 0.484375 0.862305 0.0343628 0.0432434 
45 0 0.555664 0.928223 0.0289001 0.03125 
43 0 0.567383 0.104187 0.0308533 0.0388794 
42 0 0.219727 0.17627 0.0285187 0.0384216 
41 0 0.293213 0.321777 0.0289001 0.039856 
40 0 0.541504 0.985352 0.0335999 0.0291595 
39 0 0.77832 0.394287 0.0304718 0.0406189 
35 0 0.0102005 0.283691 0.0200043 0.0402222 
34 0 0.583496 0.119812 0.0324097 0.039856 
32 0 0.270264 0.121643 0.0285187 0.0357361 
31 0 0.156616 0.318115 0.0300751 0.0361938 
30 0 0.984375 0.817871 0.0281219 0.0385437 
29 0 0.0210876 0.744629 0.0296326 0.0437622 
27 0 0.234375 0.577148 0.03125 0.0447998 
26 0 0.13208 0.195801 0.0359497 0.0458374 
23 0 0.664062 0.1698 0.0343628 0.0395813 
22 0 0.282471 0.217651 0.0322266 0.039856 
21 0 0.0836182 0.806152 0.0296326 0.0375061 
20 0 0.50293 0.737305 0.0437622 0.0557251 
19 0 0.0890503 0.965332 0.0310059 0.0385437 
18 0 0.828125 0.434326 0.0320435 0.0395813 
17 0 0.192139 0.84375 0.03125 0.0380249 
16 0 0.364014 0.438965 0.0314331 0.0429688 
14 0 0.851562 0.75 0.0375061 0.046875 
13 0 0.867188 0.409912 0.03125 0.0421753 
12 0 0.936035 0.209351 0.0406189 0.0567627 
8 0 0.834473 0.974121 0.0281219 0.0369873 
7 0 0.709473 0.632324 0.0308533 0.0390625 
6 0 0.842773 0.849121 0.0265656 0.0354309 
5 0 0.853027 0.229126 0.046875 0.0546875 
4 0 0.604004 0.21228 0.0328064 0.0410156 
3 0 0.773438 0.0750122 0.03125 0.0416565 
2 0 0.241821 0.854004 0.0318298 0.0416565 
1 0 0.632812 0.576172 0.0308533 0.0401001 
