768 0 0.485107 0.759766 0.0390625 0.0447998 
765 0 0.84375 0.793945 0.0296936 0.0380249 
764 0 0.563477 0.161255 0.026947 0.0342407 
758 1 0.0701294 0.889648 0.0315552 0.0390625 
724 0 0.772461 0.106262 0.0292969 0.0365295 
721 0 0.632812 0.0114899 0.03125 0.0230103 
716 0 0.71582 0.785645 0.0281219 0.0333252 
701 0 0.992188 0.683105 0.015625 0.0375061 
694 0 0.232788 0.466553 0.0218811 0.0291595 
675 0 0.98291 0.0187683 0.0281219 0.0335083 
674 0 0.936035 0.207031 0.0375061 0.0520935 
661 0 0.148071 0.853516 0.0295868 0.0385437 
635 0 0.636719 0.418213 0.0390625 0.0487061 
615 0 0.578125 0.148926 0.0281219 0.0354309 
604 0 0.602539 0.209351 0.0296936 0.0434875 
534 0 0.508789 0.0291901 0.0265656 0.0374146 
464 0 0.717285 0.12854 0.03125 0.0369263 
459 0 0.541992 0.986328 0.0316467 0.0270844 
444 0 0.860352 0.4104 0.0296936 0.0375061 
288 0 0.356201 0.0687256 0.0281219 0.0339661 
247 0 0.261719 0.432373 0.0296936 0.0395813 
176 0 0.478027 0.0527649 0.0281219 0.0380859 
55 0 0.0127411 0.989746 0.0259705 0.0208282 
54 0 0.989258 0.411865 0.0218811 0.0450439 
51 0 0.0429688 0.985352 0.0334167 0.0291595 
50 0 0.511719 0.608398 0.0328064 0.0458374 
49 0 0.458496 0.449463 0.0359497 0.0481873 
46 0 0.488281 0.86377 0.0296936 0.0395813 
43 0 0.570312 0.102112 0.03125 0.0370483 
42 0 0.290527 0.216064 0.0341797 0.0408936 
41 0 0.227295 0.387451 0.0296936 0.0414124 
34 0 0.582031 0.121887 0.0320435 0.0390625 
32 0 0.224976 0.171875 0.03125 0.0354309 
30 0 0.915527 0.986328 0.0304718 0.0270844 
27 0 0.235962 0.570801 0.03125 0.0432434 
26 0 0.129639 0.196655 0.0345764 0.0455627 
23 0 0.627441 0.240601 0.0328064 0.0395813 
22 0 0.26709 0.248657 0.0345764 0.0404968 
21 0 0.0844727 0.803223 0.0326538 0.0395813 
19 0 0.0897217 0.963379 0.0308075 0.0395813 
18 0 0.829102 0.43335 0.0343628 0.0411377 
17 0 0.190796 0.848145 0.0340881 0.0426941 
14 0 0.835938 0.754395 0.0320435 0.0458374 
8 0 0.823242 0.98877 0.0281219 0.0229187 
7 0 0.709473 0.631348 0.03125 0.0406189 
6 0 0.832031 0.87207 0.0265656 0.0354309 
5 0 0.851562 0.236206 0.0406189 0.0480347 
3 0 0.750488 0.114075 0.0320435 0.039856 
2 0 0.237549 0.857422 0.0316467 0.0437622 
1 0 0.630371 0.616699 0.0296936 0.0390625 
768 0 0.485107 0.759766 0.0390625 0.0447998 
765 0 0.84375 0.793945 0.0296936 0.0380249 
764 0 0.563477 0.161255 0.026947 0.0342407 
758 1 0.0701294 0.889648 0.0315552 0.0390625 
724 0 0.772461 0.106262 0.0292969 0.0365295 
721 0 0.632812 0.0114899 0.03125 0.0230103 
716 0 0.71582 0.785645 0.0281219 0.0333252 
701 0 0.992188 0.683105 0.015625 0.0375061 
694 0 0.232788 0.466553 0.0218811 0.0291595 
675 0 0.98291 0.0187683 0.0281219 0.0335083 
674 0 0.936035 0.207031 0.0375061 0.0520935 
661 0 0.148071 0.853516 0.0295868 0.0385437 
635 0 0.636719 0.418213 0.0390625 0.0487061 
615 0 0.578125 0.148926 0.0281219 0.0354309 
604 0 0.602539 0.209351 0.0296936 0.0434875 
534 0 0.508789 0.0291901 0.0265656 0.0374146 
464 0 0.717285 0.12854 0.03125 0.0369263 
459 0 0.541992 0.986328 0.0316467 0.0270844 
444 0 0.860352 0.4104 0.0296936 0.0375061 
288 0 0.356201 0.0687256 0.0281219 0.0339661 
247 0 0.261719 0.432373 0.0296936 0.0395813 
176 0 0.478027 0.0527649 0.0281219 0.0380859 
55 0 0.0127411 0.989746 0.0259705 0.0208282 
54 0 0.989258 0.411865 0.0218811 0.0450439 
51 0 0.0429688 0.985352 0.0334167 0.0291595 
50 0 0.511719 0.608398 0.0328064 0.0458374 
49 0 0.458496 0.449463 0.0359497 0.0481873 
46 0 0.488281 0.86377 0.0296936 0.0395813 
43 0 0.570312 0.102112 0.03125 0.0370483 
42 0 0.290527 0.216064 0.0341797 0.0408936 
41 0 0.227295 0.387451 0.0296936 0.0414124 
34 0 0.582031 0.121887 0.0320435 0.0390625 
32 0 0.224976 0.171875 0.03125 0.0354309 
30 0 0.915527 0.986328 0.0304718 0.0270844 
27 0 0.235962 0.570801 0.03125 0.0432434 
26 0 0.129639 0.196655 0.0345764 0.0455627 
23 0 0.627441 0.240601 0.0328064 0.0395813 
22 0 0.26709 0.248657 0.0345764 0.0404968 
21 0 0.0844727 0.803223 0.0326538 0.0395813 
19 0 0.0897217 0.963379 0.0308075 0.0395813 
18 0 0.829102 0.43335 0.0343628 0.0411377 
17 0 0.190796 0.848145 0.0340881 0.0426941 
14 0 0.835938 0.754395 0.0320435 0.0458374 
8 0 0.823242 0.98877 0.0281219 0.0229187 
7 0 0.709473 0.631348 0.03125 0.0406189 
6 0 0.832031 0.87207 0.0265656 0.0354309 
5 0 0.851562 0.236206 0.0406189 0.0480347 
3 0 0.750488 0.114075 0.0320435 0.039856 
2 0 0.237549 0.857422 0.0316467 0.0437622 
1 0 0.630371 0.616699 0.0296936 0.0390625 
