524 0 0.575195 0.112488 0.0343628 0.0403748 
464 0 0.761719 0.0445557 0.0359497 0.0453796 
459 0 0.541504 0.985352 0.0328064 0.0291595 
444 0 0.685059 0.496582 0.035553 0.044281 
439 1 0.825195 0.101013 0.0328064 0.0401611 
423 0 0.577148 0.151245 0.0296936 0.0345154 
410 0 0.311279 0.192749 0.0353394 0.0430908 
288 0 0.363281 0.0406799 0.0332031 0.0438843 
247 0 0.260986 0.440674 0.03125 0.0395813 
238 0 0.722656 0.774902 0.0296936 0.0333252 
176 0 0.498535 0.0248871 0.0386658 0.0448303 
55 0 0.0125885 0.990723 0.0257568 0.0192719 
54 0 0.992188 0.407471 0.015625 0.0520935 
51 0 0.039856 0.986328 0.0327148 0.0249939 
50 0 0.550781 0.564453 0.0332031 0.0416565 
49 0 0.471924 0.42334 0.0406189 0.0570374 
46 0 0.48584 0.864746 0.0300751 0.0416565 
43 0 0.567871 0.104919 0.0289001 0.0353394 
42 0 0.305176 0.246216 0.0380859 0.0429688 
41 0 0.259033 0.366699 0.0310516 0.0416565 
34 0 0.583008 0.120972 0.0328064 0.0406189 
32 0 0.244507 0.154297 0.0320435 0.035675 
30 0 0.959473 0.901855 0.0343628 0.0375061 
29 0 0.0100708 0.779297 0.02005 0.0375061 
27 0 0.234375 0.578125 0.03125 0.0453186 
26 0 0.129395 0.199951 0.038269 0.053009 
23 0 0.652344 0.211548 0.0347595 0.0395813 
22 0 0.280518 0.224365 0.0351562 0.0406189 
21 0 0.0836182 0.806152 0.0296936 0.0375061 
20 0 0.494629 0.750488 0.0414124 0.0479126 
19 0 0.0891724 0.963379 0.0304718 0.0401001 
18 0 0.831055 0.435303 0.0351562 0.0419312 
17 0 0.192383 0.84668 0.0347595 0.0437622 
14 0 0.846191 0.75293 0.0328064 0.0479126 
13 0 0.864258 0.413574 0.0343628 0.0437622 
12 0 0.936035 0.209351 0.0406189 0.0562439 
8 0 0.831055 0.984375 0.0281219 0.0328064 
7 0 0.708496 0.633301 0.0324097 0.0416565 
6 0 0.838379 0.86084 0.0265656 0.0364685 
5 0 0.853027 0.231201 0.0437622 0.0541687 
4 0 0.601562 0.213501 0.0281219 0.0354309 
3 0 0.765625 0.0977783 0.0292969 0.0386047 
2 0 0.238281 0.858398 0.0328064 0.0416565 
1 0 0.628906 0.606445 0.0292969 0.0369873 
524 0 0.575195 0.112488 0.0343628 0.0403748 
464 0 0.761719 0.0445557 0.0359497 0.0453796 
459 0 0.541504 0.985352 0.0328064 0.0291595 
444 0 0.685059 0.496582 0.035553 0.044281 
439 1 0.825195 0.101013 0.0328064 0.0401611 
423 0 0.577148 0.151245 0.0296936 0.0345154 
410 0 0.311279 0.192749 0.0353394 0.0430908 
288 0 0.363281 0.0406799 0.0332031 0.0438843 
247 0 0.260986 0.440674 0.03125 0.0395813 
238 0 0.722656 0.774902 0.0296936 0.0333252 
176 0 0.498535 0.0248871 0.0386658 0.0448303 
55 0 0.0125885 0.990723 0.0257568 0.0192719 
54 0 0.992188 0.407471 0.015625 0.0520935 
51 0 0.039856 0.986328 0.0327148 0.0249939 
50 0 0.550781 0.564453 0.0332031 0.0416565 
49 0 0.471924 0.42334 0.0406189 0.0570374 
46 0 0.48584 0.864746 0.0300751 0.0416565 
43 0 0.567871 0.104919 0.0289001 0.0353394 
42 0 0.305176 0.246216 0.0380859 0.0429688 
41 0 0.259033 0.366699 0.0310516 0.0416565 
34 0 0.583008 0.120972 0.0328064 0.0406189 
32 0 0.244507 0.154297 0.0320435 0.035675 
30 0 0.959473 0.901855 0.0343628 0.0375061 
29 0 0.0100708 0.779297 0.02005 0.0375061 
27 0 0.234375 0.578125 0.03125 0.0453186 
26 0 0.129395 0.199951 0.038269 0.053009 
23 0 0.652344 0.211548 0.0347595 0.0395813 
22 0 0.280518 0.224365 0.0351562 0.0406189 
21 0 0.0836182 0.806152 0.0296936 0.0375061 
20 0 0.494629 0.750488 0.0414124 0.0479126 
19 0 0.0891724 0.963379 0.0304718 0.0401001 
18 0 0.831055 0.435303 0.0351562 0.0419312 
17 0 0.192383 0.84668 0.0347595 0.0437622 
14 0 0.846191 0.75293 0.0328064 0.0479126 
13 0 0.864258 0.413574 0.0343628 0.0437622 
12 0 0.936035 0.209351 0.0406189 0.0562439 
8 0 0.831055 0.984375 0.0281219 0.0328064 
7 0 0.708496 0.633301 0.0324097 0.0416565 
6 0 0.838379 0.86084 0.0265656 0.0364685 
5 0 0.853027 0.231201 0.0437622 0.0541687 
4 0 0.601562 0.213501 0.0281219 0.0354309 
3 0 0.765625 0.0977783 0.0292969 0.0386047 
2 0 0.238281 0.858398 0.0328064 0.0416565 
1 0 0.628906 0.606445 0.0292969 0.0369873 
