834 0 0.62793 0.802246 0.0343628 0.0416565 
825 0 0.96875 0.876953 0.0249939 0.0333252 
818 0 0.196533 0.708984 0.0327148 0.0426941 
815 0 0.561035 0.1604 0.0281219 0.0369873 
814 0 0.188843 0.854004 0.0351562 0.0453186 
801 0 0.96875 0.0427856 0.0249939 0.0353088 
791 0 0.407715 0.217651 0.0339966 0.039856 
784 0 0.307129 0.195801 0.0265656 0.0330811 
775 0 0.797363 0.409424 0.0289001 0.039856 
765 0 0.674805 0.977051 0.0335999 0.0380249 
724 0 0.735352 0.156982 0.0289001 0.038147 
721 0 0.623047 0.0173492 0.0304718 0.0339966 
716 0 0.714355 0.787598 0.0320435 0.0375061 
701 0 0.992188 0.681152 0.015625 0.0375061 
694 0 0.221069 0.486572 0.0234375 0.03125 
674 0 0.935059 0.206299 0.0359497 0.0499878 
615 0 0.577148 0.148926 0.0292969 0.0354309 
604 0 0.602539 0.208374 0.0296936 0.0416565 
534 0 0.506836 0.0323792 0.0265656 0.0349426 
464 0 0.70459 0.158325 0.0335999 0.0449219 
459 0 0.540527 0.985352 0.0343628 0.0291595 
444 0 0.861816 0.408936 0.0296936 0.0387878 
288 0 0.35083 0.0739746 0.0265656 0.0313416 
247 0 0.261719 0.430908 0.026947 0.0375061 
176 0 0.475098 0.0552063 0.0281219 0.0395813 
55 0 0.0127411 0.98877 0.0263672 0.0229187 
54 0 0.989746 0.414551 0.0203094 0.0458374 
51 0 0.0429077 0.984375 0.0354614 0.0317688 
50 0 0.487549 0.617676 0.03125 0.0437622 
49 0 0.453857 0.475098 0.0359497 0.0403748 
46 0 0.487549 0.861328 0.0343628 0.0437622 
43 0 0.570312 0.102112 0.0277405 0.0333252 
42 0 0.195557 0.255127 0.0313416 0.0403748 
41 0 0.212524 0.408447 0.0279236 0.0416565 
34 0 0.583496 0.119812 0.0320435 0.0391235 
32 0 0.205444 0.196533 0.0297852 0.0361938 
27 0 0.235107 0.564453 0.0328064 0.046875 
26 0 0.129639 0.195801 0.03125 0.0416565 
23 0 0.624023 0.240601 0.0328064 0.0395813 
22 0 0.257812 0.272949 0.0343628 0.0415344 
21 0 0.0838623 0.801758 0.0308075 0.0385437 
19 0 0.100769 0.987305 0.0320435 0.0249939 
18 0 0.82666 0.432373 0.0281219 0.0354309 
14 0 0.834961 0.784668 0.0359497 0.0447998 
8 0 0.823242 0.987305 0.0281219 0.0249939 
7 0 0.708496 0.630371 0.0328064 0.0437622 
6 0 0.831055 0.869629 0.0304718 0.0406189 
5 0 0.851562 0.23291 0.0421753 0.0513 
2 0 0.236694 0.856445 0.0324097 0.0447998 
1 0 0.631836 0.616699 0.0296936 0.0406189 
834 0 0.62793 0.802246 0.0343628 0.0416565 
825 0 0.96875 0.876953 0.0249939 0.0333252 
818 0 0.196533 0.708984 0.0327148 0.0426941 
815 0 0.561035 0.1604 0.0281219 0.0369873 
814 0 0.188843 0.854004 0.0351562 0.0453186 
801 0 0.96875 0.0427856 0.0249939 0.0353088 
791 0 0.407715 0.217651 0.0339966 0.039856 
784 0 0.307129 0.195801 0.0265656 0.0330811 
775 0 0.797363 0.409424 0.0289001 0.039856 
765 0 0.674805 0.977051 0.0335999 0.0380249 
724 0 0.735352 0.156982 0.0289001 0.038147 
721 0 0.623047 0.0173492 0.0304718 0.0339966 
716 0 0.714355 0.787598 0.0320435 0.0375061 
701 0 0.992188 0.681152 0.015625 0.0375061 
694 0 0.221069 0.486572 0.0234375 0.03125 
674 0 0.935059 0.206299 0.0359497 0.0499878 
615 0 0.577148 0.148926 0.0292969 0.0354309 
604 0 0.602539 0.208374 0.0296936 0.0416565 
534 0 0.506836 0.0323792 0.0265656 0.0349426 
464 0 0.70459 0.158325 0.0335999 0.0449219 
459 0 0.540527 0.985352 0.0343628 0.0291595 
444 0 0.861816 0.408936 0.0296936 0.0387878 
288 0 0.35083 0.0739746 0.0265656 0.0313416 
247 0 0.261719 0.430908 0.026947 0.0375061 
176 0 0.475098 0.0552063 0.0281219 0.0395813 
55 0 0.0127411 0.98877 0.0263672 0.0229187 
54 0 0.989746 0.414551 0.0203094 0.0458374 
51 0 0.0429077 0.984375 0.0354614 0.0317688 
50 0 0.487549 0.617676 0.03125 0.0437622 
49 0 0.453857 0.475098 0.0359497 0.0403748 
46 0 0.487549 0.861328 0.0343628 0.0437622 
43 0 0.570312 0.102112 0.0277405 0.0333252 
42 0 0.195557 0.255127 0.0313416 0.0403748 
41 0 0.212524 0.408447 0.0279236 0.0416565 
34 0 0.583496 0.119812 0.0320435 0.0391235 
32 0 0.205444 0.196533 0.0297852 0.0361938 
27 0 0.235107 0.564453 0.0328064 0.046875 
26 0 0.129639 0.195801 0.03125 0.0416565 
23 0 0.624023 0.240601 0.0328064 0.0395813 
22 0 0.257812 0.272949 0.0343628 0.0415344 
21 0 0.0838623 0.801758 0.0308075 0.0385437 
19 0 0.100769 0.987305 0.0320435 0.0249939 
18 0 0.82666 0.432373 0.0281219 0.0354309 
14 0 0.834961 0.784668 0.0359497 0.0447998 
8 0 0.823242 0.987305 0.0281219 0.0249939 
7 0 0.708496 0.630371 0.0328064 0.0437622 
6 0 0.831055 0.869629 0.0304718 0.0406189 
5 0 0.851562 0.23291 0.0421753 0.0513 
2 0 0.236694 0.856445 0.0324097 0.0447998 
1 0 0.631836 0.616699 0.0296936 0.0406189 
