253 0 0.48291 0.0123444 0.0300751 0.023056 
248 0 0.978027 0.862793 0.0289001 0.0354309 
247 0 0.266357 0.435059 0.0314331 0.0401001 
246 0 0.752441 0.810059 0.0308533 0.0375061 
238 0 0.733398 0.764648 0.0273438 0.0343628 
227 0 0.239868 0.454102 0.0316467 0.0377502 
221 0 0.0383301 0.375 0.0354614 0.0458374 
176 0 0.495361 0.0144882 0.0324097 0.0278015 
140 0 0.637695 0.419678 0.0343628 0.0479126 
117 0 0.628906 0.803223 0.0359497 0.0411377 
55 0 0.0123138 0.989746 0.0246887 0.0208282 
54 0 0.993652 0.407959 0.0117188 0.0489502 
51 0 0.039856 0.985352 0.0328064 0.0291595 
50 0 0.57959 0.508301 0.03125 0.0375061 
49 0 0.491455 0.402588 0.0304718 0.0403748 
46 0 0.48584 0.862305 0.0335999 0.0432434 
45 0 0.557129 0.924805 0.0304718 0.033844 
44 0 0.578613 0.150635 0.0304718 0.0369263 
43 0 0.566406 0.103394 0.0304718 0.0390625 
42 0 0.220337 0.175049 0.0285187 0.0379028 
41 0 0.294434 0.321045 0.0296936 0.0406189 
40 0 0.541504 0.984375 0.0359497 0.0307312 
39 0 0.762695 0.422852 0.0304718 0.0385437 
35 0 0.00938416 0.27832 0.018692 0.0453186 
34 0 0.584473 0.120056 0.0324097 0.0408936 
32 0 0.271973 0.120911 0.0304718 0.0376282 
31 0 0.180786 0.315674 0.0314331 0.039856 
30 0 0.984375 0.814453 0.03125 0.0406189 
29 0 0.0205841 0.743164 0.0301208 0.0426941 
27 0 0.234985 0.576172 0.0308533 0.0437622 
26 0 0.132812 0.194824 0.0342712 0.0437622 
23 0 0.663086 0.169556 0.0335999 0.0389404 
22 0 0.282715 0.21875 0.0343628 0.0419312 
21 0 0.0836182 0.806152 0.0296936 0.0375061 
20 0 0.503906 0.734375 0.0421753 0.0531311 
19 0 0.0890503 0.964355 0.0312042 0.0375061 
18 0 0.828125 0.434326 0.0320435 0.0395813 
17 0 0.191895 0.84375 0.0318298 0.0416565 
16 0 0.355225 0.425049 0.0335999 0.0421753 
14 0 0.852539 0.75 0.0359497 0.0458374 
13 0 0.867188 0.409424 0.03125 0.0437622 
12 0 0.936035 0.20874 0.0406189 0.0570374 
8 0 0.834473 0.973145 0.0289001 0.0385437 
7 0 0.709473 0.633301 0.03125 0.0390625 
6 0 0.84375 0.848145 0.0281219 0.0343628 
5 0 0.852539 0.229126 0.0453186 0.0541687 
4 0 0.603027 0.213501 0.03125 0.0403748 
3 0 0.773438 0.0739746 0.03125 0.0396423 
2 0 0.240601 0.854004 0.03125 0.0416565 
1 0 0.633789 0.57373 0.0296936 0.0401001 
253 0 0.48291 0.0123444 0.0300751 0.023056 
248 0 0.978027 0.862793 0.0289001 0.0354309 
247 0 0.266357 0.435059 0.0314331 0.0401001 
246 0 0.752441 0.810059 0.0308533 0.0375061 
238 0 0.733398 0.764648 0.0273438 0.0343628 
227 0 0.239868 0.454102 0.0316467 0.0377502 
221 0 0.0383301 0.375 0.0354614 0.0458374 
176 0 0.495361 0.0144882 0.0324097 0.0278015 
140 0 0.637695 0.419678 0.0343628 0.0479126 
117 0 0.628906 0.803223 0.0359497 0.0411377 
55 0 0.0123138 0.989746 0.0246887 0.0208282 
54 0 0.993652 0.407959 0.0117188 0.0489502 
51 0 0.039856 0.985352 0.0328064 0.0291595 
50 0 0.57959 0.508301 0.03125 0.0375061 
49 0 0.491455 0.402588 0.0304718 0.0403748 
46 0 0.48584 0.862305 0.0335999 0.0432434 
45 0 0.557129 0.924805 0.0304718 0.033844 
44 0 0.578613 0.150635 0.0304718 0.0369263 
43 0 0.566406 0.103394 0.0304718 0.0390625 
42 0 0.220337 0.175049 0.0285187 0.0379028 
41 0 0.294434 0.321045 0.0296936 0.0406189 
40 0 0.541504 0.984375 0.0359497 0.0307312 
39 0 0.762695 0.422852 0.0304718 0.0385437 
35 0 0.00938416 0.27832 0.018692 0.0453186 
34 0 0.584473 0.120056 0.0324097 0.0408936 
32 0 0.271973 0.120911 0.0304718 0.0376282 
31 0 0.180786 0.315674 0.0314331 0.039856 
30 0 0.984375 0.814453 0.03125 0.0406189 
29 0 0.0205841 0.743164 0.0301208 0.0426941 
27 0 0.234985 0.576172 0.0308533 0.0437622 
26 0 0.132812 0.194824 0.0342712 0.0437622 
23 0 0.663086 0.169556 0.0335999 0.0389404 
22 0 0.282715 0.21875 0.0343628 0.0419312 
21 0 0.0836182 0.806152 0.0296936 0.0375061 
20 0 0.503906 0.734375 0.0421753 0.0531311 
19 0 0.0890503 0.964355 0.0312042 0.0375061 
18 0 0.828125 0.434326 0.0320435 0.0395813 
17 0 0.191895 0.84375 0.0318298 0.0416565 
16 0 0.355225 0.425049 0.0335999 0.0421753 
14 0 0.852539 0.75 0.0359497 0.0458374 
13 0 0.867188 0.409424 0.03125 0.0437622 
12 0 0.936035 0.20874 0.0406189 0.0570374 
8 0 0.834473 0.973145 0.0289001 0.0385437 
7 0 0.709473 0.633301 0.03125 0.0390625 
6 0 0.84375 0.848145 0.0281219 0.0343628 
5 0 0.852539 0.229126 0.0453186 0.0541687 
4 0 0.603027 0.213501 0.03125 0.0403748 
3 0 0.773438 0.0739746 0.03125 0.0396423 
2 0 0.240601 0.854004 0.03125 0.0416565 
1 0 0.633789 0.57373 0.0296936 0.0401001 
