479 1 0.532227 0.985352 0.0570374 0.0249939 
478 0 0.629883 0.804199 0.0332031 0.0406189 
477 0 0.57666 0.11145 0.035553 0.039978 
474 0 0.979492 0.86377 0.0249939 0.0354309 
467 0 0.308594 0.807129 0.0275421 0.0354309 
464 0 0.768066 0.0260315 0.0335999 0.0409241 
459 0 0.538086 0.987305 0.0367126 0.0249939 
444 0 0.661621 0.537109 0.0292969 0.0426941 
439 1 0.895996 0.167969 0.0328064 0.0418091 
438 0 0.990723 0.681152 0.0148468 0.0453186 
431 0 0.278076 0.396973 0.0246124 0.0315247 
423 0 0.579102 0.153687 0.0273438 0.0335999 
410 0 0.311768 0.190918 0.0363159 0.040741 
355 0 0.00686646 0.227295 0.0142212 0.042572 
288 0 0.365967 0.0313721 0.03302 0.0391846 
260 0 0.512695 0.0156174 0.0281219 0.0270996 
247 0 0.260986 0.439697 0.0343628 0.04245 
238 0 0.723633 0.774902 0.03125 0.0375061 
227 0 0.0195465 0.547852 0.0350342 0.0434875 
176 0 0.498535 0.0239563 0.0343628 0.0396423 
55 0 0.013588 0.989746 0.0278625 0.0208282 
54 0 0.992188 0.40625 0.015625 0.0536499 
51 0 0.0398254 0.985352 0.0332642 0.0265656 
50 0 0.557617 0.547852 0.03125 0.0401001 
49 0 0.47583 0.413574 0.0359497 0.04245 
46 0 0.487549 0.865723 0.03125 0.0432434 
43 0 0.568848 0.104126 0.0289001 0.0351562 
42 0 0.291504 0.24939 0.0332031 0.0387878 
41 0 0.269287 0.358398 0.0300751 0.0414124 
39 0 0.584961 0.0429077 0.03125 0.0371704 
34 0 0.583496 0.121094 0.0335999 0.0411377 
32 0 0.244385 0.153198 0.0332031 0.0385437 
30 0 0.967285 0.876953 0.0351562 0.0390625 
29 0 0.0132675 0.771973 0.0235138 0.0390625 
27 0 0.234741 0.578125 0.0314331 0.0437622 
26 0 0.129639 0.199951 0.0381775 0.0502625 
23 0 0.655273 0.197876 0.0359497 0.0423279 
22 0 0.282715 0.217651 0.0343628 0.039856 
21 0 0.0828247 0.807129 0.03125 0.0390625 
20 0 0.496094 0.744629 0.0421753 0.0520935 
19 0 0.0898438 0.964355 0.0299377 0.0375061 
18 0 0.830566 0.435303 0.0328064 0.0416565 
17 0 0.192993 0.84668 0.0359497 0.0437622 
14 0 0.847656 0.754395 0.0328064 0.0458374 
13 0 0.864258 0.412598 0.0343628 0.0421753 
12 0 0.935059 0.209106 0.0375061 0.0533752 
8 0 0.831055 0.983398 0.0281219 0.0333252 
7 0 0.709473 0.633301 0.03125 0.0395813 
6 0 0.839844 0.860352 0.0265656 0.0390625 
5 0 0.853027 0.229126 0.0421753 0.0497437 
4 0 0.602539 0.213623 0.0296936 0.0364685 
3 0 0.768066 0.0928345 0.0328064 0.039978 
2 0 0.239868 0.85791 0.0328064 0.0406189 
1 0 0.628906 0.600098 0.0308533 0.0390625 
479 1 0.532227 0.985352 0.0570374 0.0249939 
478 0 0.629883 0.804199 0.0332031 0.0406189 
477 0 0.57666 0.11145 0.035553 0.039978 
474 0 0.979492 0.86377 0.0249939 0.0354309 
467 0 0.308594 0.807129 0.0275421 0.0354309 
464 0 0.768066 0.0260315 0.0335999 0.0409241 
459 0 0.538086 0.987305 0.0367126 0.0249939 
444 0 0.661621 0.537109 0.0292969 0.0426941 
439 1 0.895996 0.167969 0.0328064 0.0418091 
438 0 0.990723 0.681152 0.0148468 0.0453186 
431 0 0.278076 0.396973 0.0246124 0.0315247 
423 0 0.579102 0.153687 0.0273438 0.0335999 
410 0 0.311768 0.190918 0.0363159 0.040741 
355 0 0.00686646 0.227295 0.0142212 0.042572 
288 0 0.365967 0.0313721 0.03302 0.0391846 
260 0 0.512695 0.0156174 0.0281219 0.0270996 
247 0 0.260986 0.439697 0.0343628 0.04245 
238 0 0.723633 0.774902 0.03125 0.0375061 
227 0 0.0195465 0.547852 0.0350342 0.0434875 
176 0 0.498535 0.0239563 0.0343628 0.0396423 
55 0 0.013588 0.989746 0.0278625 0.0208282 
54 0 0.992188 0.40625 0.015625 0.0536499 
51 0 0.0398254 0.985352 0.0332642 0.0265656 
50 0 0.557617 0.547852 0.03125 0.0401001 
49 0 0.47583 0.413574 0.0359497 0.04245 
46 0 0.487549 0.865723 0.03125 0.0432434 
43 0 0.568848 0.104126 0.0289001 0.0351562 
42 0 0.291504 0.24939 0.0332031 0.0387878 
41 0 0.269287 0.358398 0.0300751 0.0414124 
39 0 0.584961 0.0429077 0.03125 0.0371704 
34 0 0.583496 0.121094 0.0335999 0.0411377 
32 0 0.244385 0.153198 0.0332031 0.0385437 
30 0 0.967285 0.876953 0.0351562 0.0390625 
29 0 0.0132675 0.771973 0.0235138 0.0390625 
27 0 0.234741 0.578125 0.0314331 0.0437622 
26 0 0.129639 0.199951 0.0381775 0.0502625 
23 0 0.655273 0.197876 0.0359497 0.0423279 
22 0 0.282715 0.217651 0.0343628 0.039856 
21 0 0.0828247 0.807129 0.03125 0.0390625 
20 0 0.496094 0.744629 0.0421753 0.0520935 
19 0 0.0898438 0.964355 0.0299377 0.0375061 
18 0 0.830566 0.435303 0.0328064 0.0416565 
17 0 0.192993 0.84668 0.0359497 0.0437622 
14 0 0.847656 0.754395 0.0328064 0.0458374 
13 0 0.864258 0.412598 0.0343628 0.0421753 
12 0 0.935059 0.209106 0.0375061 0.0533752 
8 0 0.831055 0.983398 0.0281219 0.0333252 
7 0 0.709473 0.633301 0.03125 0.0395813 
6 0 0.839844 0.860352 0.0265656 0.0390625 
5 0 0.853027 0.229126 0.0421753 0.0497437 
4 0 0.602539 0.213623 0.0296936 0.0364685 
3 0 0.768066 0.0928345 0.0328064 0.039978 
2 0 0.239868 0.85791 0.0328064 0.0406189 
1 0 0.628906 0.600098 0.0308533 0.0390625 
