463 0 0.468262 0.469727 0.0343628 0.0476685 
435 0 0.766602 0.0313416 0.0332031 0.0419922 
416 0 0.657715 0.510254 0.0324097 0.0450439 
412 1 0.879883 0.142944 0.0289001 0.0394592 
411 0 0.990723 0.682129 0.015625 0.0437622 
398 0 0.57666 0.153809 0.0285187 0.0343628 
386 0 0.310059 0.190552 0.0326233 0.0393372 
281 0 0.364746 0.0354919 0.0328064 0.0415955 
245 0 0.260986 0.44165 0.0343628 0.0414124 
236 0 0.724121 0.775879 0.0316467 0.0359497 
178 0 0.499268 0.0235748 0.0371094 0.0409546 
122 0 0.65625 0.201782 0.0347595 0.0428467 
55 0 0.0139923 0.989746 0.0275879 0.0208282 
54 0 0.992188 0.409424 0.015625 0.0552063 
51 0 0.0391235 0.986328 0.0335388 0.0270844 
50 0 0.554688 0.556152 0.0335999 0.0416565 
49 0 0.475098 0.416748 0.0351562 0.0447998 
46 0 0.486816 0.864746 0.0296936 0.0411377 
45 0 0.540039 0.986328 0.0359497 0.0270844 
43 0 0.568848 0.104065 0.0281219 0.0341797 
42 0 0.295654 0.247192 0.0361328 0.0404968 
41 0 0.264648 0.361572 0.0292969 0.0385437 
39 0 0.554688 0.00874329 0.0308533 0.0206757 
34 0 0.583984 0.121826 0.0320435 0.0402222 
32 0 0.243774 0.153198 0.033783 0.0390625 
30 0 0.963867 0.885254 0.0343628 0.0375061 
29 0 0.0127716 0.772949 0.0229645 0.0375061 
27 0 0.235107 0.578125 0.0328064 0.0437622 
26 0 0.12915 0.199951 0.0394592 0.0541687 
22 0 0.283203 0.21875 0.033783 0.0416565 
21 0 0.0828247 0.807129 0.0310059 0.0395813 
20 0 0.494629 0.749023 0.0421753 0.0515747 
19 0 0.0890503 0.964355 0.0281219 0.0375061 
18 0 0.830566 0.435303 0.0328064 0.0416565 
17 0 0.192993 0.84668 0.0359497 0.0437622 
16 0 0.0072403 0.591797 0.0184021 0.0401001 
14 0 0.84668 0.755371 0.0320435 0.0437622 
13 0 0.864258 0.412598 0.0335999 0.0416565 
12 0 0.935059 0.209351 0.0406189 0.0557251 
8 0 0.831055 0.983398 0.0281219 0.0333252 
7 0 0.709473 0.632324 0.03125 0.0395813 
6 0 0.839844 0.860352 0.0265656 0.0375061 
5 0 0.853027 0.230225 0.0437622 0.0499878 
4 0 0.602539 0.213501 0.0296936 0.0359497 
3 0 0.768066 0.0957642 0.0308533 0.0385437 
2 0 0.239014 0.858398 0.0339966 0.0416565 
1 0 0.630371 0.604004 0.0296936 0.0411377 
