512 0 0.340088 0.0094986 0.0347595 0.0199127 
464 0 0.762695 0.0417786 0.0343628 0.0459595 
459 0 0.541504 0.985352 0.0328064 0.0291595 
444 0 0.649902 0.489502 0.0347595 0.0450439 
439 1 0.82959 0.120178 0.0335999 0.0397644 
423 0 0.577148 0.153076 0.0296936 0.0360718 
410 0 0.311768 0.19165 0.0359497 0.0419312 
288 0 0.363525 0.0395203 0.0351562 0.0439758 
247 0 0.260986 0.440674 0.0318298 0.0395813 
238 0 0.722656 0.774902 0.0296936 0.0333252 
176 0 0.498535 0.0246429 0.038269 0.0433044 
55 0 0.0132675 0.990723 0.0265808 0.0203094 
54 0 0.992188 0.407715 0.015625 0.0531311 
51 0 0.039856 0.987305 0.0328369 0.0249939 
50 0 0.550781 0.564453 0.0324097 0.0416565 
49 0 0.471924 0.421875 0.0402222 0.0565186 
46 0 0.486816 0.864746 0.0296936 0.0416565 
43 0 0.568848 0.105225 0.0281219 0.035614 
42 0 0.30249 0.24585 0.0367126 0.0421753 
41 0 0.259277 0.36499 0.0314331 0.0408936 
34 0 0.583008 0.121887 0.03125 0.0397644 
32 0 0.244873 0.153687 0.0314331 0.0354309 
30 0 0.959473 0.897461 0.0328064 0.0385437 
29 0 0.0101318 0.776855 0.0207062 0.0375061 
27 0 0.234009 0.577148 0.0318298 0.0458374 
26 0 0.129761 0.198975 0.0380859 0.0526123 
23 0 0.65332 0.209473 0.0343628 0.0393372 
22 0 0.280762 0.223999 0.03302 0.0404968 
21 0 0.0836182 0.806152 0.0296936 0.0375061 
20 0 0.493652 0.74707 0.0406189 0.049469 
19 0 0.0898438 0.963379 0.0296936 0.0395813 
18 0 0.82959 0.436523 0.0351562 0.0426941 
17 0 0.192139 0.84668 0.0350647 0.0437622 
14 0 0.846191 0.754395 0.0328064 0.0458374 
13 0 0.864746 0.414307 0.0328064 0.0432434 
12 0 0.935059 0.208618 0.0390625 0.0550842 
8 0 0.831055 0.983398 0.0281219 0.0333252 
7 0 0.709473 0.632812 0.0320435 0.0406189 
6 0 0.838379 0.860352 0.0265656 0.0375061 
5 0 0.851562 0.231689 0.0429688 0.0518188 
4 0 0.601562 0.214233 0.0296936 0.0359497 
3 0 0.766602 0.0976562 0.0292969 0.0386047 
2 0 0.239014 0.858398 0.033783 0.0426941 
1 0 0.629883 0.60498 0.0320435 0.0426941 
512 0 0.340088 0.0094986 0.0347595 0.0199127 
464 0 0.762695 0.0417786 0.0343628 0.0459595 
459 0 0.541504 0.985352 0.0328064 0.0291595 
444 0 0.649902 0.489502 0.0347595 0.0450439 
439 1 0.82959 0.120178 0.0335999 0.0397644 
423 0 0.577148 0.153076 0.0296936 0.0360718 
410 0 0.311768 0.19165 0.0359497 0.0419312 
288 0 0.363525 0.0395203 0.0351562 0.0439758 
247 0 0.260986 0.440674 0.0318298 0.0395813 
238 0 0.722656 0.774902 0.0296936 0.0333252 
176 0 0.498535 0.0246429 0.038269 0.0433044 
55 0 0.0132675 0.990723 0.0265808 0.0203094 
54 0 0.992188 0.407715 0.015625 0.0531311 
51 0 0.039856 0.987305 0.0328369 0.0249939 
50 0 0.550781 0.564453 0.0324097 0.0416565 
49 0 0.471924 0.421875 0.0402222 0.0565186 
46 0 0.486816 0.864746 0.0296936 0.0416565 
43 0 0.568848 0.105225 0.0281219 0.035614 
42 0 0.30249 0.24585 0.0367126 0.0421753 
41 0 0.259277 0.36499 0.0314331 0.0408936 
34 0 0.583008 0.121887 0.03125 0.0397644 
32 0 0.244873 0.153687 0.0314331 0.0354309 
30 0 0.959473 0.897461 0.0328064 0.0385437 
29 0 0.0101318 0.776855 0.0207062 0.0375061 
27 0 0.234009 0.577148 0.0318298 0.0458374 
26 0 0.129761 0.198975 0.0380859 0.0526123 
23 0 0.65332 0.209473 0.0343628 0.0393372 
22 0 0.280762 0.223999 0.03302 0.0404968 
21 0 0.0836182 0.806152 0.0296936 0.0375061 
20 0 0.493652 0.74707 0.0406189 0.049469 
19 0 0.0898438 0.963379 0.0296936 0.0395813 
18 0 0.82959 0.436523 0.0351562 0.0426941 
17 0 0.192139 0.84668 0.0350647 0.0437622 
14 0 0.846191 0.754395 0.0328064 0.0458374 
13 0 0.864746 0.414307 0.0328064 0.0432434 
12 0 0.935059 0.208618 0.0390625 0.0550842 
8 0 0.831055 0.983398 0.0281219 0.0333252 
7 0 0.709473 0.632812 0.0320435 0.0406189 
6 0 0.838379 0.860352 0.0265656 0.0375061 
5 0 0.851562 0.231689 0.0429688 0.0518188 
4 0 0.601562 0.214233 0.0296936 0.0359497 
3 0 0.766602 0.0976562 0.0292969 0.0386047 
2 0 0.239014 0.858398 0.033783 0.0426941 
1 0 0.629883 0.60498 0.0320435 0.0426941 
