347 0 0.985352 0.337402 0.0281219 0.0432434 
344 0 0.779785 0.00833893 0.0379028 0.0171356 
343 0 0.265137 0.279785 0.0296936 0.0408936 
342 0 0.628906 0.804199 0.0359497 0.0416565 
338 0 0.0369568 0.388428 0.0371704 0.0510559 
333 0 0.00624847 0.309326 0.0123978 0.0463562 
281 0 0.372559 0.0177307 0.0292969 0.030899 
276 0 0.657227 0.928223 0.0421753 0.0515747 
258 0 0.514648 0.0135498 0.0296936 0.0269012 
245 0 0.261719 0.438477 0.0328064 0.0401001 
236 0 0.726562 0.772949 0.0304718 0.0364685 
226 0 0.477783 0.484131 0.0351562 0.0473938 
178 0 0.503906 0.0197906 0.0296936 0.0354309 
142 0 0.638184 0.421631 0.0394592 0.0473938 
122 0 0.658691 0.185425 0.0359497 0.0416565 
55 0 0.014061 0.989746 0.0281677 0.0208282 
54 0 0.993652 0.408447 0.0124969 0.0463562 
51 0 0.0390625 0.985352 0.0343628 0.0291595 
50 0 0.567871 0.53125 0.0316467 0.0385437 
49 0 0.479736 0.409912 0.0367126 0.0487061 
46 0 0.48584 0.864746 0.0335999 0.0453186 
45 0 0.538574 0.961426 0.0289001 0.0348816 
43 0 0.569336 0.103149 0.0296936 0.0354309 
42 0 0.241821 0.186157 0.0314331 0.040741 
41 0 0.281982 0.338623 0.0271454 0.0385437 
40 0 0.541992 0.98584 0.0343628 0.0281219 
39 0 0.727051 0.15271 0.0328064 0.0397644 
34 0 0.584473 0.120972 0.0324097 0.0411987 
32 0 0.26123 0.131348 0.0314331 0.0403748 
31 0 0.0408325 0.0638428 0.0315552 0.0408325 
30 0 0.975098 0.851074 0.038269 0.0505066 
29 0 0.0163879 0.76123 0.026535 0.0395813 
27 0 0.235107 0.579102 0.0300751 0.044281 
26 0 0.129639 0.197876 0.0375061 0.0463562 
22 0 0.282715 0.219849 0.0343628 0.0404968 
21 0 0.0836182 0.805176 0.0297852 0.0395813 
20 0 0.496826 0.740723 0.0437622 0.0520935 
19 0 0.0890503 0.964355 0.0314331 0.0416565 
18 0 0.829102 0.435059 0.0328064 0.0421753 
17 0 0.192139 0.845703 0.0343628 0.0416565 
16 0 0.144287 0.526367 0.0340881 0.0440063 
14 0 0.849121 0.75293 0.0328064 0.0437622 
13 0 0.864746 0.412598 0.0328064 0.0421753 
12 0 0.936035 0.210449 0.0375061 0.0544128 
8 0 0.831055 0.97998 0.0289001 0.0354309 
7 0 0.709473 0.632324 0.03125 0.0390625 
6 0 0.842285 0.85498 0.0281219 0.0385437 
5 0 0.851562 0.229126 0.0437622 0.0520935 
4 0 0.603027 0.2146 0.0320435 0.0416565 
3 0 0.771484 0.0822754 0.03125 0.0395508 
2 0 0.239014 0.859375 0.0343628 0.044281 
1 0 0.629883 0.585449 0.0320435 0.0416565 
