178 0 0.503906 0.0104141 0.0359497 0.0211334 
172 0 0.992188 0.677246 0.0124969 0.0479126 
170 0 0.00947571 0.65918 0.0183411 0.0369873 
150 0 0.983398 0.866699 0.0249939 0.0359497 
142 0 0.636719 0.419678 0.0328064 0.0437622 
122 0 0.665527 0.142334 0.0343628 0.0393372 
121 0 0.743164 0.754395 0.0265656 0.033844 
119 0 0.629883 0.804199 0.0367126 0.0416565 
87 0 0.298096 0.453613 0.0306702 0.0393372 
76 0 0.778809 0.810547 0.0308533 0.0369873 
56 0 0.563477 0.1604 0.0265656 0.0333252 
55 0 0.0125351 0.990723 0.0249329 0.0187531 
54 0 0.994629 0.409424 0.0109406 0.0479126 
51 0 0.0405884 0.983398 0.0310974 0.0291595 
50 0 0.587402 0.492676 0.03125 0.0387878 
49 0 0.497559 0.391602 0.0324097 0.0369873 
47 0 0.208984 0.3125 0.0326233 0.039856 
46 0 0.486816 0.865723 0.0289001 0.0354309 
45 0 0.571777 0.889648 0.0289001 0.0322876 
44 0 0.578125 0.150757 0.0289001 0.0339966 
43 0 0.566406 0.103149 0.026947 0.0357361 
42 0 0.214478 0.162476 0.0275421 0.0372314 
41 0 0.310547 0.310303 0.0271454 0.0375061 
40 0 0.541504 0.985352 0.0328064 0.0291595 
39 0 0.78418 0.630859 0.0328064 0.0406189 
35 0 0.0142593 0.247925 0.0289001 0.0447998 
34 0 0.584961 0.121887 0.0300751 0.039917 
32 0 0.295654 0.105835 0.0290985 0.0364685 
31 0 0.252441 0.547363 0.0285187 0.0361938 
30 0 0.988281 0.787598 0.0249939 0.0385437 
29 0 0.0292053 0.733398 0.0287781 0.0401001 
27 0 0.235718 0.571777 0.0281219 0.0385437 
26 0 0.13208 0.196045 0.03302 0.0449219 
25 0 0.661133 0.499512 0.0296936 0.0351562 
24 0 0.270996 0.417725 0.0296936 0.035675 
23 0 0.604004 0.0936279 0.0316467 0.0387878 
22 0 0.283691 0.217407 0.0326233 0.0402222 
21 0 0.0828247 0.805176 0.0281219 0.0354309 
20 0 0.510254 0.726562 0.0410156 0.0489502 
19 0 0.0898438 0.964355 0.0296936 0.0375061 
18 0 0.828125 0.43335 0.0320435 0.0414124 
17 0 0.192139 0.844727 0.03125 0.0395813 
16 0 0.35498 0.341064 0.0281219 0.0354309 
14 0 0.853027 0.749023 0.0335999 0.0432434 
13 0 0.869629 0.408447 0.0296936 0.0416565 
12 0 0.936035 0.208374 0.0406189 0.0550842 
8 0 0.836914 0.964355 0.0296936 0.0380249 
7 0 0.708496 0.637695 0.0304718 0.0385437 
6 0 0.847656 0.838379 0.0281219 0.0354309 
5 0 0.853027 0.228149 0.046875 0.0562439 
4 0 0.601562 0.213257 0.03125 0.0389404 
3 0 0.770996 0.0682983 0.0292969 0.034668 
2 0 0.242188 0.856445 0.0281219 0.0416565 
1 0 0.645996 0.561523 0.0292969 0.0380249 
