226 0 0.298096 0.391602 0.0290985 0.0387878 
223 0 0.72168 0.705566 0.0292969 0.0364685 
221 0 0.0417786 0.37207 0.0330505 0.0401001 
210 0 0.95459 0.913574 0.0320435 0.0380249 
208 0 0.307373 0.342773 0.0209045 0.0270844 
178 0 0.498535 0.0135345 0.03125 0.0271301 
142 0 0.635742 0.420898 0.0347595 0.0492249 
122 0 0.665527 0.160889 0.0375061 0.0428467 
119 0 0.628906 0.804199 0.0363159 0.044281 
87 0 0.0461426 0.241455 0.0293884 0.0389404 
55 0 0.0123138 0.989746 0.024704 0.0208282 
54 0 0.994629 0.408447 0.0109406 0.0463562 
51 0 0.0404358 0.984375 0.0318604 0.0270844 
50 0 0.584961 0.505371 0.0339966 0.039856 
49 0 0.493652 0.398926 0.03125 0.0401001 
46 0 0.486816 0.865234 0.0296936 0.0364685 
45 0 0.5625 0.911621 0.0281219 0.03125 
44 0 0.578125 0.150757 0.03125 0.0360718 
43 0 0.568848 0.102722 0.0324097 0.0408936 
42 0 0.220947 0.172729 0.0277405 0.0372314 
41 0 0.302002 0.315186 0.0279236 0.0372314 
40 0 0.541504 0.985352 0.0332031 0.0276031 
39 0 0.769043 0.506348 0.0343628 0.0447998 
35 0 0.00990295 0.270752 0.0192566 0.040741 
34 0 0.584961 0.121521 0.0328064 0.0404968 
32 0 0.280762 0.116028 0.0298767 0.0372314 
31 0 0.217529 0.377441 0.0290985 0.0390625 
30 0 0.989258 0.803223 0.0218811 0.0380249 
29 0 0.0207977 0.736328 0.0305176 0.0437622 
27 0 0.235107 0.579102 0.0290985 0.0411377 
26 0 0.132812 0.195679 0.0320435 0.04245 
24 0 0.26709 0.430176 0.0290985 0.0361938 
23 0 0.557617 0.0134659 0.0292969 0.0280457 
22 0 0.282715 0.216919 0.033783 0.0423279 
21 0 0.0836182 0.806152 0.0296936 0.0375061 
20 0 0.507812 0.731445 0.0406189 0.0510559 
19 0 0.088501 0.964355 0.030365 0.0375061 
18 0 0.828125 0.434326 0.0343628 0.0429688 
17 0 0.192627 0.84375 0.0309601 0.0385437 
16 0 0.302246 0.430664 0.0257874 0.0341187 
14 0 0.851562 0.749023 0.0343628 0.0447998 
13 0 0.868164 0.407227 0.0328064 0.044281 
12 0 0.935059 0.205078 0.0390625 0.0541687 
8 0 0.835938 0.967773 0.0281219 0.0395813 
7 0 0.708496 0.633301 0.0296936 0.0375061 
6 0 0.846191 0.844727 0.0296936 0.0354309 
5 0 0.852539 0.229614 0.046875 0.0531311 
4 0 0.600586 0.212769 0.0332031 0.0426941 
3 0 0.773438 0.0740356 0.03125 0.0400085 
2 0 0.241455 0.85498 0.0300751 0.0395813 
1 0 0.635254 0.568848 0.0304718 0.0416565 
