218 0 0.992188 0.677246 0.0124969 0.0458374 
210 0 0.884277 0.888672 0.0289001 0.0369873 
201 0 0.00798035 0.341064 0.0205383 0.0414124 
192 0 0.720215 0.637695 0.0332031 0.0411377 
176 0 0.5 0.0135803 0.0343628 0.0269623 
140 0 0.636719 0.421875 0.035553 0.0479126 
120 0 0.609375 0.0145187 0.0285187 0.0333862 
117 0 0.629883 0.805176 0.0343628 0.0437622 
85 0 0.108582 0.321045 0.0291443 0.0401001 
55 0 0.0123062 0.989746 0.0247345 0.0203094 
54 0 0.994629 0.407227 0.0109406 0.0481873 
51 0 0.0406189 0.984375 0.0316467 0.0302124 
50 0 0.584473 0.501953 0.0324097 0.0390625 
49 0 0.493652 0.396973 0.03125 0.039856 
47 0 0.269287 0.38916 0.0289001 0.0393372 
46 0 0.486816 0.865723 0.0296936 0.0354309 
45 0 0.563965 0.905273 0.0281219 0.0307312 
44 0 0.577148 0.150024 0.0308533 0.0377502 
43 0 0.567383 0.103333 0.03125 0.039856 
42 0 0.220337 0.177124 0.0275421 0.0363159 
41 0 0.307129 0.314697 0.0271454 0.0375061 
40 0 0.541992 0.986328 0.03125 0.0270844 
39 0 0.771484 0.547852 0.0335999 0.0406189 
35 0 0.0114212 0.262207 0.0223236 0.0412903 
34 0 0.584473 0.12085 0.0316467 0.0419312 
32 0 0.285156 0.113281 0.0290985 0.0361328 
31 0 0.242554 0.438477 0.0328064 0.0419312 
30 0 0.990723 0.796875 0.0203094 0.0364685 
29 0 0.0212708 0.73291 0.0334167 0.046875 
27 0 0.237061 0.575195 0.0285187 0.0406189 
26 0 0.133057 0.195068 0.03302 0.0426941 
24 0 0.266357 0.426514 0.0314331 0.0414124 
23 0 0.666992 0.15625 0.0343628 0.0418091 
22 0 0.283447 0.217651 0.0328064 0.039856 
21 0 0.0836182 0.805176 0.0297394 0.0395813 
20 0 0.508789 0.72998 0.0414124 0.0520935 
19 0 0.0882568 0.964355 0.0301208 0.0385437 
18 0 0.828125 0.435303 0.0343628 0.04245 
17 0 0.192749 0.844727 0.0308533 0.0395813 
16 0 0.30542 0.387939 0.0300751 0.039856 
14 0 0.850586 0.748047 0.0359497 0.0463562 
13 0 0.868164 0.409424 0.0328064 0.0437622 
12 0 0.936035 0.209229 0.0414124 0.0596313 
8 0 0.835938 0.96875 0.0281219 0.0385437 
7 0 0.709961 0.635254 0.0308533 0.0390625 
6 0 0.84668 0.842773 0.0281219 0.0354309 
5 0 0.853027 0.229126 0.0437622 0.0541687 
4 0 0.600586 0.21228 0.0320435 0.0420532 
3 0 0.773438 0.0740356 0.0304718 0.0393677 
2 0 0.242188 0.856445 0.03125 0.0421753 
1 0 0.636719 0.56543 0.0296936 0.0395813 
218 0 0.992188 0.677246 0.0124969 0.0458374 
210 0 0.884277 0.888672 0.0289001 0.0369873 
201 0 0.00798035 0.341064 0.0205383 0.0414124 
192 0 0.720215 0.637695 0.0332031 0.0411377 
176 0 0.5 0.0135803 0.0343628 0.0269623 
140 0 0.636719 0.421875 0.035553 0.0479126 
120 0 0.609375 0.0145187 0.0285187 0.0333862 
117 0 0.629883 0.805176 0.0343628 0.0437622 
85 0 0.108582 0.321045 0.0291443 0.0401001 
55 0 0.0123062 0.989746 0.0247345 0.0203094 
54 0 0.994629 0.407227 0.0109406 0.0481873 
51 0 0.0406189 0.984375 0.0316467 0.0302124 
50 0 0.584473 0.501953 0.0324097 0.0390625 
49 0 0.493652 0.396973 0.03125 0.039856 
47 0 0.269287 0.38916 0.0289001 0.0393372 
46 0 0.486816 0.865723 0.0296936 0.0354309 
45 0 0.563965 0.905273 0.0281219 0.0307312 
44 0 0.577148 0.150024 0.0308533 0.0377502 
43 0 0.567383 0.103333 0.03125 0.039856 
42 0 0.220337 0.177124 0.0275421 0.0363159 
41 0 0.307129 0.314697 0.0271454 0.0375061 
40 0 0.541992 0.986328 0.03125 0.0270844 
39 0 0.771484 0.547852 0.0335999 0.0406189 
35 0 0.0114212 0.262207 0.0223236 0.0412903 
34 0 0.584473 0.12085 0.0316467 0.0419312 
32 0 0.285156 0.113281 0.0290985 0.0361328 
31 0 0.242554 0.438477 0.0328064 0.0419312 
30 0 0.990723 0.796875 0.0203094 0.0364685 
29 0 0.0212708 0.73291 0.0334167 0.046875 
27 0 0.237061 0.575195 0.0285187 0.0406189 
26 0 0.133057 0.195068 0.03302 0.0426941 
24 0 0.266357 0.426514 0.0314331 0.0414124 
23 0 0.666992 0.15625 0.0343628 0.0418091 
22 0 0.283447 0.217651 0.0328064 0.039856 
21 0 0.0836182 0.805176 0.0297394 0.0395813 
20 0 0.508789 0.72998 0.0414124 0.0520935 
19 0 0.0882568 0.964355 0.0301208 0.0385437 
18 0 0.828125 0.435303 0.0343628 0.04245 
17 0 0.192749 0.844727 0.0308533 0.0395813 
16 0 0.30542 0.387939 0.0300751 0.039856 
14 0 0.850586 0.748047 0.0359497 0.0463562 
13 0 0.868164 0.409424 0.0328064 0.0437622 
12 0 0.936035 0.209229 0.0414124 0.0596313 
8 0 0.835938 0.96875 0.0281219 0.0385437 
7 0 0.709961 0.635254 0.0308533 0.0390625 
6 0 0.84668 0.842773 0.0281219 0.0354309 
5 0 0.853027 0.229126 0.0437622 0.0541687 
4 0 0.600586 0.21228 0.0320435 0.0420532 
3 0 0.773438 0.0740356 0.0304718 0.0393677 
2 0 0.242188 0.856445 0.03125 0.0421753 
1 0 0.636719 0.56543 0.0296936 0.0395813 
