258 0 0.522461 0.0104218 0.0265656 0.0206604 
254 0 0.356689 0.081604 0.0298767 0.0372314 
251 0 0.436035 0.0221558 0.0363159 0.030304 
246 0 0.978027 0.861328 0.0289001 0.0385437 
245 0 0.264893 0.436768 0.0328064 0.0385437 
244 0 0.757812 0.858398 0.0277405 0.0390625 
236 0 0.73584 0.765137 0.0289001 0.0364685 
226 0 0.380371 0.427979 0.035553 0.0416565 
221 0 0.0374146 0.378174 0.0333557 0.0455627 
178 0 0.494629 0.0167999 0.0308533 0.0343628 
142 0 0.637695 0.420898 0.0343628 0.046875 
122 0 0.663086 0.171875 0.0347595 0.0397034 
119 0 0.628906 0.804199 0.0359497 0.0416565 
55 0 0.0122528 0.990723 0.0243225 0.0192719 
54 0 0.994629 0.407227 0.0109406 0.0479126 
51 0 0.039856 0.985352 0.0328064 0.0291595 
50 0 0.577148 0.51123 0.0332031 0.0395813 
49 0 0.491455 0.404053 0.0304718 0.0411377 
46 0 0.483643 0.862305 0.035553 0.0458374 
45 0 0.554688 0.931152 0.0292969 0.0322876 
44 0 0.578125 0.150635 0.0281219 0.0341187 
43 0 0.567383 0.10376 0.0300751 0.0387878 
42 0 0.220703 0.177124 0.0275421 0.037384 
41 0 0.293701 0.321777 0.028717 0.0403748 
40 0 0.541992 0.985352 0.0343628 0.0291595 
39 0 0.783691 0.377197 0.0316467 0.0403748 
35 0 0.00990295 0.26123 0.0218201 0.0430908 
34 0 0.584473 0.119812 0.03125 0.0395813 
32 0 0.269531 0.122925 0.0302734 0.0376892 
31 0 0.142334 0.293457 0.0298767 0.0385437 
30 0 0.983398 0.819824 0.0296936 0.0395813 
29 0 0.0205688 0.745605 0.0301514 0.044281 
27 0 0.234375 0.576172 0.03125 0.0437622 
26 0 0.132812 0.196899 0.0348511 0.0441284 
22 0 0.283203 0.218506 0.033783 0.0411377 
21 0 0.0836182 0.806152 0.0296936 0.0375061 
20 0 0.50293 0.737305 0.0437622 0.0541687 
19 0 0.0890503 0.964355 0.03125 0.0380249 
18 0 0.829102 0.434326 0.0328064 0.0401001 
17 0 0.192139 0.84375 0.03125 0.0375061 
16 0 0.200439 0.462158 0.0322266 0.0401001 
14 0 0.851562 0.75 0.0375061 0.046875 
13 0 0.865723 0.4104 0.03125 0.0416565 
12 0 0.936035 0.209351 0.0406189 0.0562439 
8 0 0.833496 0.975098 0.0296936 0.0375061 
7 0 0.708496 0.633789 0.0328064 0.0406189 
6 0 0.842773 0.848145 0.0265656 0.0333252 
5 0 0.853027 0.229126 0.0460815 0.0541687 
4 0 0.601562 0.212769 0.03125 0.0394592 
3 0 0.773438 0.0761108 0.0316467 0.0400085 
2 0 0.242188 0.854004 0.03125 0.0416565 
1 0 0.632812 0.576172 0.0308533 0.0395813 
