184 2 0.697754 0.0146713 0.035553 0.0293121 
182 0 0.00869751 0.426025 0.016449 0.0463562 
176 0 0.504883 0.0104141 0.0351562 0.0209351 
173 0 0.98291 0.865723 0.0265656 0.0354309 
171 0 0.992188 0.677246 0.0132828 0.046875 
140 0 0.635254 0.418945 0.0347595 0.0453186 
120 0 0.618164 0.0813599 0.0316467 0.0405579 
119 0 0.743164 0.754883 0.0265656 0.0343628 
117 0 0.630371 0.803223 0.0359497 0.0421753 
85 0 0.268799 0.481201 0.0298767 0.0361938 
76 0 0.778809 0.84082 0.0304718 0.0375061 
56 0 0.563477 0.159668 0.0281219 0.0341187 
55 0 0.0124817 0.990723 0.0249939 0.0187531 
54 0 0.993652 0.409424 0.0124969 0.0479126 
51 0 0.0405884 0.983398 0.0312042 0.0291595 
50 0 0.587402 0.49585 0.0316467 0.0408936 
49 0 0.497559 0.390625 0.0328064 0.038269 
47 0 0.203491 0.319336 0.0290985 0.038269 
46 0 0.487061 0.864746 0.0289001 0.0364685 
45 0 0.571289 0.889648 0.0296936 0.0333252 
44 0 0.578125 0.151001 0.0304718 0.0352783 
43 0 0.567383 0.103149 0.0281219 0.0354309 
42 0 0.216064 0.166504 0.0281219 0.0375061 
41 0 0.310059 0.310303 0.026947 0.0375061 
40 0 0.541504 0.985352 0.0328064 0.0291595 
39 0 0.789062 0.634277 0.0339966 0.0390625 
35 0 0.0143433 0.251221 0.0291748 0.0445251 
34 0 0.585449 0.122803 0.0304718 0.0406189 
32 0 0.295654 0.106018 0.0289001 0.0369263 
31 0 0.259277 0.546875 0.03125 0.039856 
30 0 0.989258 0.788574 0.0218811 0.0385437 
29 0 0.029007 0.733398 0.029007 0.0385437 
27 0 0.236694 0.571777 0.0290985 0.0395813 
26 0 0.13208 0.196655 0.0328064 0.044281 
25 0 0.66748 0.523926 0.0281219 0.0369873 
24 0 0.270996 0.419434 0.0296936 0.0364685 
23 0 0.665527 0.147827 0.0351562 0.0406189 
22 0 0.283203 0.217651 0.0333862 0.0395813 
21 0 0.0828247 0.805176 0.0281219 0.0354309 
20 0 0.510254 0.727051 0.0414124 0.0489502 
19 0 0.0895386 0.963379 0.0302277 0.0385437 
18 0 0.828125 0.43335 0.0328064 0.0416565 
17 0 0.191406 0.844727 0.0319214 0.0395813 
16 0 0.366699 0.339111 0.0289001 0.035675 
14 0 0.853027 0.749023 0.0343628 0.0437622 
13 0 0.869629 0.408447 0.0296936 0.0416565 
12 0 0.936035 0.208374 0.0406189 0.0542908 
8 0 0.836914 0.964355 0.0296936 0.0375061 
7 0 0.708496 0.638184 0.0296936 0.0385437 
6 0 0.847656 0.838379 0.0265656 0.0354309 
5 0 0.852539 0.228149 0.0453186 0.0559998 
4 0 0.602539 0.214111 0.0320435 0.0404968 
3 0 0.770996 0.0697021 0.0296936 0.0350342 
2 0 0.242188 0.856445 0.0304718 0.0416565 
1 0 0.646973 0.561523 0.0281219 0.0364685 
184 2 0.697754 0.0146713 0.035553 0.0293121 
182 0 0.00869751 0.426025 0.016449 0.0463562 
176 0 0.504883 0.0104141 0.0351562 0.0209351 
173 0 0.98291 0.865723 0.0265656 0.0354309 
171 0 0.992188 0.677246 0.0132828 0.046875 
140 0 0.635254 0.418945 0.0347595 0.0453186 
120 0 0.618164 0.0813599 0.0316467 0.0405579 
119 0 0.743164 0.754883 0.0265656 0.0343628 
117 0 0.630371 0.803223 0.0359497 0.0421753 
85 0 0.268799 0.481201 0.0298767 0.0361938 
76 0 0.778809 0.84082 0.0304718 0.0375061 
56 0 0.563477 0.159668 0.0281219 0.0341187 
55 0 0.0124817 0.990723 0.0249939 0.0187531 
54 0 0.993652 0.409424 0.0124969 0.0479126 
51 0 0.0405884 0.983398 0.0312042 0.0291595 
50 0 0.587402 0.49585 0.0316467 0.0408936 
49 0 0.497559 0.390625 0.0328064 0.038269 
47 0 0.203491 0.319336 0.0290985 0.038269 
46 0 0.487061 0.864746 0.0289001 0.0364685 
45 0 0.571289 0.889648 0.0296936 0.0333252 
44 0 0.578125 0.151001 0.0304718 0.0352783 
43 0 0.567383 0.103149 0.0281219 0.0354309 
42 0 0.216064 0.166504 0.0281219 0.0375061 
41 0 0.310059 0.310303 0.026947 0.0375061 
40 0 0.541504 0.985352 0.0328064 0.0291595 
39 0 0.789062 0.634277 0.0339966 0.0390625 
35 0 0.0143433 0.251221 0.0291748 0.0445251 
34 0 0.585449 0.122803 0.0304718 0.0406189 
32 0 0.295654 0.106018 0.0289001 0.0369263 
31 0 0.259277 0.546875 0.03125 0.039856 
30 0 0.989258 0.788574 0.0218811 0.0385437 
29 0 0.029007 0.733398 0.029007 0.0385437 
27 0 0.236694 0.571777 0.0290985 0.0395813 
26 0 0.13208 0.196655 0.0328064 0.044281 
25 0 0.66748 0.523926 0.0281219 0.0369873 
24 0 0.270996 0.419434 0.0296936 0.0364685 
23 0 0.665527 0.147827 0.0351562 0.0406189 
22 0 0.283203 0.217651 0.0333862 0.0395813 
21 0 0.0828247 0.805176 0.0281219 0.0354309 
20 0 0.510254 0.727051 0.0414124 0.0489502 
19 0 0.0895386 0.963379 0.0302277 0.0385437 
18 0 0.828125 0.43335 0.0328064 0.0416565 
17 0 0.191406 0.844727 0.0319214 0.0395813 
16 0 0.366699 0.339111 0.0289001 0.035675 
14 0 0.853027 0.749023 0.0343628 0.0437622 
13 0 0.869629 0.408447 0.0296936 0.0416565 
12 0 0.936035 0.208374 0.0406189 0.0542908 
8 0 0.836914 0.964355 0.0296936 0.0375061 
7 0 0.708496 0.638184 0.0296936 0.0385437 
6 0 0.847656 0.838379 0.0265656 0.0354309 
5 0 0.852539 0.228149 0.0453186 0.0559998 
4 0 0.602539 0.214111 0.0320435 0.0404968 
3 0 0.770996 0.0697021 0.0296936 0.0350342 
2 0 0.242188 0.856445 0.0304718 0.0416565 
1 0 0.646973 0.561523 0.0281219 0.0364685 
184 2 0.697754 0.0146713 0.035553 0.0293121 
182 0 0.00869751 0.426025 0.016449 0.0463562 
176 0 0.504883 0.0104141 0.0351562 0.0209351 
173 0 0.98291 0.865723 0.0265656 0.0354309 
171 0 0.992188 0.677246 0.0132828 0.046875 
140 0 0.635254 0.418945 0.0347595 0.0453186 
120 0 0.618164 0.0813599 0.0316467 0.0405579 
119 0 0.743164 0.754883 0.0265656 0.0343628 
117 0 0.630371 0.803223 0.0359497 0.0421753 
85 0 0.268799 0.481201 0.0298767 0.0361938 
76 0 0.778809 0.84082 0.0304718 0.0375061 
56 0 0.563477 0.159668 0.0281219 0.0341187 
55 0 0.0124817 0.990723 0.0249939 0.0187531 
54 0 0.993652 0.409424 0.0124969 0.0479126 
51 0 0.0405884 0.983398 0.0312042 0.0291595 
50 0 0.587402 0.49585 0.0316467 0.0408936 
49 0 0.497559 0.390625 0.0328064 0.038269 
47 0 0.203491 0.319336 0.0290985 0.038269 
46 0 0.487061 0.864746 0.0289001 0.0364685 
45 0 0.571289 0.889648 0.0296936 0.0333252 
44 0 0.578125 0.151001 0.0304718 0.0352783 
43 0 0.567383 0.103149 0.0281219 0.0354309 
42 0 0.216064 0.166504 0.0281219 0.0375061 
41 0 0.310059 0.310303 0.026947 0.0375061 
40 0 0.541504 0.985352 0.0328064 0.0291595 
39 0 0.789062 0.634277 0.0339966 0.0390625 
35 0 0.0143433 0.251221 0.0291748 0.0445251 
34 0 0.585449 0.122803 0.0304718 0.0406189 
32 0 0.295654 0.106018 0.0289001 0.0369263 
31 0 0.259277 0.546875 0.03125 0.039856 
30 0 0.989258 0.788574 0.0218811 0.0385437 
29 0 0.029007 0.733398 0.029007 0.0385437 
27 0 0.236694 0.571777 0.0290985 0.0395813 
26 0 0.13208 0.196655 0.0328064 0.044281 
25 0 0.66748 0.523926 0.0281219 0.0369873 
24 0 0.270996 0.419434 0.0296936 0.0364685 
23 0 0.665527 0.147827 0.0351562 0.0406189 
22 0 0.283203 0.217651 0.0333862 0.0395813 
21 0 0.0828247 0.805176 0.0281219 0.0354309 
20 0 0.510254 0.727051 0.0414124 0.0489502 
19 0 0.0895386 0.963379 0.0302277 0.0385437 
18 0 0.828125 0.43335 0.0328064 0.0416565 
17 0 0.191406 0.844727 0.0319214 0.0395813 
16 0 0.366699 0.339111 0.0289001 0.035675 
14 0 0.853027 0.749023 0.0343628 0.0437622 
13 0 0.869629 0.408447 0.0296936 0.0416565 
12 0 0.936035 0.208374 0.0406189 0.0542908 
8 0 0.836914 0.964355 0.0296936 0.0375061 
7 0 0.708496 0.638184 0.0296936 0.0385437 
6 0 0.847656 0.838379 0.0265656 0.0354309 
5 0 0.852539 0.228149 0.0453186 0.0559998 
4 0 0.602539 0.214111 0.0320435 0.0404968 
3 0 0.770996 0.0697021 0.0296936 0.0350342 
2 0 0.242188 0.856445 0.0304718 0.0416565 
1 0 0.646973 0.561523 0.0281219 0.0364685 
