655 0 0.242798 0.449951 0.0234375 0.0291595 
654 0 0.628906 0.803223 0.0328064 0.0390625 
640 0 0.987305 0.0111237 0.0234375 0.0215302 
639 0 0.936523 0.207275 0.0390625 0.0516968 
636 0 0.938965 0.374756 0.0343628 0.0406189 
626 0 0.141357 0.942871 0.0272522 0.0380249 
602 0 0.636719 0.418701 0.0359497 0.0463562 
584 0 0.578125 0.149292 0.0289001 0.0370483 
569 0 0.602539 0.209351 0.0296936 0.0397034 
533 0 0.912598 0.599121 0.0289001 0.0375061 
506 0 0.504883 0.0256805 0.0273438 0.0368347 
435 0 0.727539 0.105225 0.0335999 0.0397034 
416 0 0.85791 0.413574 0.0335999 0.0440063 
281 0 0.356934 0.0632324 0.0296936 0.0380554 
245 0 0.260254 0.4375 0.0292969 0.0369873 
236 0 0.717285 0.783203 0.0281219 0.0333252 
178 0 0.481201 0.0489807 0.0281219 0.0391235 
122 0 0.62793 0.239136 0.0324097 0.0390625 
55 0 0.0132828 0.990723 0.0265656 0.0187531 
54 0 0.990723 0.412598 0.0187531 0.0536499 
51 0 0.0414124 0.987305 0.0333252 0.0249939 
50 0 0.520996 0.603027 0.0335999 0.0453186 
49 0 0.460938 0.440918 0.0351562 0.0489502 
46 0 0.486816 0.86377 0.0320435 0.0395813 
45 0 0.541992 0.986328 0.03125 0.0270844 
43 0 0.569336 0.102112 0.0296936 0.0379028 
42 0 0.307861 0.220581 0.03125 0.0384216 
41 0 0.235962 0.378174 0.0306702 0.0401001 
34 0 0.583496 0.12085 0.0328064 0.0414124 
32 0 0.237549 0.177124 0.03125 0.0333252 
30 0 0.929688 0.964355 0.0304718 0.0375061 
29 0 0.00545502 0.811523 0.0106964 0.0369873 
27 0 0.235107 0.572754 0.0296936 0.0426941 
26 0 0.130493 0.198975 0.0331116 0.0441284 
22 0 0.268799 0.241455 0.0314331 0.039856 
21 0 0.0843506 0.804199 0.0281219 0.0375061 
20 0 0.490723 0.758301 0.0402222 0.044281 
19 0 0.0887451 0.962402 0.0292511 0.0375061 
18 0 0.82666 0.43335 0.0343628 0.0416565 
17 0 0.191406 0.845703 0.0328064 0.0416565 
14 0 0.838867 0.754395 0.0343628 0.0499878 
8 0 0.823242 0.98877 0.0281219 0.0223999 
7 0 0.709473 0.630371 0.0308533 0.0395813 
6 0 0.833008 0.873047 0.0273438 0.0375061 
5 0 0.851562 0.235474 0.0406189 0.0493469 
3 0 0.756348 0.1073 0.03125 0.0397644 
2 0 0.236694 0.858398 0.0296936 0.0416565 
1 0 0.631836 0.61377 0.0296936 0.0395813 
