480 0 0.339844 0.0102997 0.035553 0.0204163 
435 0 0.762695 0.0415344 0.0343628 0.0455627 
416 0 0.656738 0.490723 0.0343628 0.0434875 
412 1 0.823242 0.121155 0.0335999 0.0391846 
398 0 0.57666 0.152344 0.0300751 0.0363159 
386 0 0.311768 0.19165 0.0359497 0.0418091 
281 0 0.363281 0.0396118 0.035553 0.0449219 
245 0 0.260986 0.440674 0.0316467 0.0395813 
236 0 0.722656 0.774902 0.0296936 0.0333252 
178 0 0.498535 0.0247345 0.0390625 0.0441284 
122 0 0.653809 0.210205 0.0335999 0.0401001 
55 0 0.0132828 0.990723 0.0265656 0.0197906 
54 0 0.992188 0.408447 0.015625 0.0513 
51 0 0.0403442 0.986328 0.0323792 0.0244751 
50 0 0.550781 0.563965 0.0328064 0.0426941 
49 0 0.471191 0.422363 0.0402222 0.0570374 
46 0 0.486816 0.864746 0.0296936 0.0416565 
45 0 0.541504 0.985352 0.0328064 0.0291595 
43 0 0.567871 0.104675 0.0289001 0.0354919 
42 0 0.302246 0.24585 0.0363159 0.0418091 
41 0 0.259277 0.364502 0.0314331 0.0414124 
34 0 0.583496 0.121887 0.0316467 0.0397644 
32 0 0.245361 0.154541 0.03125 0.0354309 
30 0 0.959473 0.897949 0.0335999 0.0375061 
29 0 0.0101166 0.776855 0.0204773 0.0375061 
27 0 0.234375 0.577148 0.0316467 0.0458374 
26 0 0.129639 0.199219 0.0377808 0.0528564 
22 0 0.280518 0.223999 0.0328064 0.039978 
21 0 0.0836182 0.806152 0.0296936 0.0375061 
20 0 0.493652 0.748047 0.0406189 0.0484314 
19 0 0.0898438 0.963379 0.0296936 0.0395813 
18 0 0.831055 0.436279 0.0351562 0.0426941 
17 0 0.192139 0.84668 0.0347595 0.0437622 
14 0 0.846191 0.754395 0.0328064 0.0458374 
13 0 0.864746 0.414551 0.0328064 0.0426941 
12 0 0.936035 0.209229 0.039856 0.0557251 
8 0 0.831055 0.983398 0.0281219 0.0333252 
7 0 0.709473 0.633789 0.03125 0.0406189 
6 0 0.838867 0.860352 0.0273438 0.0375061 
5 0 0.853027 0.231201 0.0429688 0.053009 
4 0 0.601562 0.213623 0.0289001 0.035675 
3 0 0.765625 0.09729 0.0296936 0.0386658 
2 0 0.239258 0.858398 0.0335999 0.0416565 
1 0 0.629883 0.60498 0.0316467 0.0406189 
