443 0 0.978027 0.864746 0.0257874 0.033844 
435 0 0.76709 0.0292664 0.0320435 0.0414734 
416 0 0.661133 0.519043 0.0292969 0.039856 
412 1 0.864258 0.172119 0.0289001 0.0352783 
411 0 0.990723 0.681152 0.0148468 0.0453186 
398 0 0.578125 0.153198 0.0257874 0.0325623 
386 0 0.310791 0.189941 0.0343628 0.039856 
281 0 0.364746 0.0323181 0.0335999 0.0399475 
245 0 0.260986 0.440186 0.0343628 0.0429688 
236 0 0.724121 0.774902 0.0308533 0.0359497 
178 0 0.499268 0.0239563 0.0359497 0.039978 
122 0 0.657227 0.199951 0.035553 0.0420532 
55 0 0.0140762 0.989746 0.0277557 0.0197906 
54 0 0.992188 0.408691 0.0148468 0.0546875 
51 0 0.039856 0.98584 0.0328064 0.0260468 
50 0 0.556641 0.55127 0.0320435 0.0401001 
49 0 0.475098 0.414307 0.0363159 0.046875 
46 0 0.486816 0.864746 0.0296936 0.0416565 
45 0 0.538086 0.986328 0.0367126 0.0270844 
43 0 0.569336 0.103516 0.0296936 0.0364075 
42 0 0.300537 0.250732 0.035553 0.038269 
41 0 0.265869 0.359375 0.0292969 0.0401001 
39 0 0.557129 0.0283508 0.0324097 0.0391846 
34 0 0.583496 0.12146 0.0332031 0.0408325 
32 0 0.24292 0.153809 0.0328064 0.0390625 
30 0 0.96582 0.883301 0.0343628 0.0390625 
29 0 0.0132828 0.770996 0.023407 0.0380249 
27 0 0.235107 0.578125 0.0316467 0.044281 
26 0 0.12915 0.200806 0.0403442 0.0535278 
22 0 0.282715 0.219482 0.0371094 0.0433655 
21 0 0.0828247 0.807129 0.0314941 0.0395813 
20 0 0.496094 0.749023 0.0421753 0.049469 
19 0 0.0890503 0.964355 0.0281677 0.0375061 
18 0 0.830566 0.435303 0.0328064 0.0416565 
17 0 0.192993 0.84668 0.0356445 0.0437622 
16 0 0.0130615 0.578613 0.0263672 0.0416565 
14 0 0.847656 0.754395 0.0328064 0.044281 
13 0 0.864258 0.412598 0.0335999 0.0416565 
12 0 0.935059 0.209473 0.0406189 0.0544128 
8 0 0.831055 0.983398 0.0273438 0.0333252 
7 0 0.709473 0.633301 0.03125 0.0390625 
6 0 0.84082 0.860352 0.0257874 0.0375061 
5 0 0.853027 0.231201 0.0421753 0.0498657 
4 0 0.602539 0.214478 0.0304718 0.0385437 
3 0 0.768066 0.0947266 0.0308533 0.0394592 
2 0 0.239014 0.858398 0.033783 0.0416565 
1 0 0.629883 0.603027 0.0289001 0.0390625 
