126 0 0.993164 0.677246 0.0109406 0.0426941 
122 0 0.667969 0.133301 0.0304718 0.0347595 
119 0 0.617188 0.825684 0.035553 0.046875 
117 0 0.819336 0.637695 0.0234375 0.0291595 
87 0 0.549316 0.560547 0.0308533 0.0406189 
76 0 0.624512 0.805664 0.0367126 0.046875 
56 0 0.562988 0.1604 0.0273438 0.0333252 
55 0 0.0140762 0.990723 0.0250702 0.0187531 
54 0 0.994629 0.407227 0.0109406 0.0479126 
53 0 0.00388718 0.0949097 0.00778961 0.0430298 
51 0 0.0422058 0.984375 0.0287628 0.0281219 
50 0 0.585938 0.487549 0.0343628 0.0416565 
49 0 0.500977 0.389648 0.0304718 0.0369873 
47 0 0.124146 0.303223 0.0285187 0.0403748 
46 0 0.486816 0.865723 0.0296936 0.0395813 
45 0 0.583008 0.882324 0.03125 0.0354309 
44 0 0.578125 0.151001 0.0281219 0.0315247 
43 0 0.567383 0.101013 0.03125 0.0395813 
42 0 0.199951 0.144287 0.0277405 0.0401001 
41 0 0.313232 0.307373 0.026947 0.0395813 
40 0 0.540527 0.986328 0.0324097 0.0270844 
39 0 0.772461 0.742188 0.0292969 0.0385437 
38 0 0.0308838 0.456299 0.0322876 0.0434875 
37 0 0.960938 0.768555 0.0335999 0.0380249 
35 0 0.015625 0.234497 0.0312042 0.0437622 
34 0 0.584473 0.121887 0.03125 0.0395813 
32 0 0.303711 0.102112 0.0285187 0.0375061 
31 0 0.309814 0.62793 0.03302 0.0458374 
30 0 0.987305 0.776855 0.0242157 0.0375061 
29 0 0.0281219 0.729004 0.0315552 0.0432434 
27 0 0.239502 0.578125 0.0294952 0.0437622 
26 0 0.132812 0.194824 0.03125 0.0433655 
25 0 0.639648 0.38623 0.0292969 0.0380249 
24 0 0.272705 0.413574 0.0296936 0.0395813 
23 0 0.649414 0.140137 0.0304718 0.0371094 
22 0 0.282715 0.217651 0.033783 0.0397034 
21 0 0.0828247 0.805176 0.0283661 0.0354309 
20 0 0.512695 0.722168 0.0406189 0.0479126 
19 0 0.0892334 0.964355 0.0292969 0.0385437 
18 0 0.828125 0.43335 0.0335999 0.0432434 
17 0 0.191406 0.844727 0.0296936 0.0359497 
16 0 0.356934 0.201416 0.0310516 0.0354309 
15 0 0.0445251 0.361572 0.0332336 0.0401001 
14 0 0.854004 0.749023 0.0328064 0.0437622 
13 0 0.868652 0.408447 0.03125 0.0416565 
12 0 0.936035 0.209351 0.039856 0.0519409 
9 0 0.637207 0.421387 0.03125 0.0419312 
8 0 0.836914 0.963867 0.0296936 0.0385437 
7 0 0.707031 0.638672 0.0296936 0.0395813 
6 0 0.84668 0.838379 0.0281219 0.0354309 
5 0 0.852539 0.227905 0.0453186 0.055603 
4 0 0.601562 0.212524 0.0316467 0.042572 
3 0 0.772461 0.069519 0.0304718 0.0368958 
2 0 0.241455 0.85498 0.0300751 0.0395813 
1 0 0.646973 0.5625 0.0281219 0.0359497 
