480 0 0.341064 0.0111389 0.035553 0.0214081 
435 0 0.763184 0.0403442 0.0347595 0.0427856 
416 0 0.645508 0.500488 0.0328064 0.0426941 
412 1 0.851562 0.101624 0.0335999 0.0426941 
398 0 0.57666 0.153076 0.0285187 0.0351562 
386 0 0.3125 0.192749 0.0363159 0.0430908 
281 0 0.364014 0.0386047 0.0345764 0.0436096 
245 0 0.261719 0.439697 0.03302 0.0408936 
236 0 0.722656 0.774902 0.0296936 0.033844 
178 0 0.500488 0.0239868 0.039856 0.0440674 
122 0 0.654785 0.208374 0.0339966 0.038147 
55 0 0.0132828 0.989746 0.0266113 0.0208282 
54 0 0.990723 0.4104 0.0171814 0.0541687 
51 0 0.0397949 0.986328 0.0333252 0.0270844 
50 0 0.550781 0.563477 0.0324097 0.0426941 
49 0 0.471924 0.422119 0.0406189 0.0567627 
46 0 0.486816 0.864746 0.0296936 0.0416565 
45 0 0.541504 0.985352 0.0335999 0.0291595 
43 0 0.568848 0.105164 0.0292969 0.0357971 
42 0 0.307129 0.246094 0.0376892 0.0418091 
41 0 0.260986 0.364502 0.0314331 0.0416565 
34 0 0.583008 0.12085 0.0320435 0.0408325 
32 0 0.244385 0.154175 0.0316467 0.037384 
30 0 0.960938 0.895996 0.0320435 0.0364685 
29 0 0.0109177 0.775879 0.0218658 0.0395813 
27 0 0.234375 0.577148 0.03125 0.0447998 
26 0 0.129395 0.199219 0.0394592 0.0548096 
22 0 0.28125 0.221924 0.0339966 0.0430908 
21 0 0.0836182 0.806152 0.0299835 0.0375061 
20 0 0.493652 0.746582 0.0406189 0.0489502 
19 0 0.0899658 0.964355 0.0299377 0.0406189 
18 0 0.82959 0.435303 0.0343628 0.0416565 
17 0 0.192993 0.84668 0.0356445 0.0437622 
14 0 0.846191 0.754395 0.0328064 0.0458374 
13 0 0.864258 0.413574 0.0343628 0.0437622 
12 0 0.936035 0.210449 0.038269 0.0545654 
8 0 0.831055 0.983398 0.0289001 0.0333252 
7 0 0.709473 0.633301 0.0316467 0.0411377 
6 0 0.838867 0.860352 0.0257874 0.0375061 
5 0 0.853027 0.231812 0.0445251 0.0524597 
4 0 0.600586 0.213501 0.0292969 0.0354309 
3 0 0.766602 0.0968628 0.0296936 0.0391235 
2 0 0.239014 0.858398 0.0333862 0.0421753 
1 0 0.629883 0.606445 0.0320435 0.0426941 
