671 0 0.862305 0.386719 0.0304718 0.0385437 
666 0 0.992188 0.686523 0.015625 0.0411377 
663 0 0.564941 0.160156 0.0296936 0.035675 
661 0 0.140381 0.977051 0.0300751 0.0369873 
660 0 0.415283 0.990723 0.0326233 0.0187531 
635 0 0.635742 0.419678 0.0335999 0.044281 
615 0 0.578125 0.150024 0.03125 0.0375061 
604 0 0.601562 0.210449 0.03125 0.0416565 
579 2 0.00860596 0.729004 0.0175323 0.0369873 
562 0 0.925781 0.524902 0.0359497 0.0426941 
534 0 0.505371 0.0225677 0.026947 0.0345459 
464 0 0.733398 0.0907593 0.0351562 0.0433044 
459 0 0.541504 0.985352 0.0328064 0.0291595 
444 0 0.868652 0.41748 0.0328064 0.0401001 
288 0 0.358643 0.0584717 0.0298767 0.0380554 
247 0 0.261475 0.4375 0.0324097 0.0377502 
238 0 0.719727 0.782227 0.0296936 0.0348816 
176 0 0.48291 0.0458679 0.0281219 0.0375671 
55 0 0.0140762 0.990723 0.0262909 0.0187531 
54 0 0.989258 0.414307 0.0187531 0.0541687 
51 0 0.0419006 0.987305 0.0318298 0.0249939 
50 0 0.52832 0.59668 0.0320435 0.0437622 
49 0 0.460449 0.437012 0.038269 0.055481 
46 0 0.486816 0.86377 0.0328064 0.0401001 
43 0 0.569336 0.103149 0.0300751 0.0395813 
42 0 0.311035 0.220581 0.0345764 0.040741 
41 0 0.241455 0.375977 0.0296936 0.0401001 
34 0 0.583008 0.119812 0.0343628 0.0437622 
32 0 0.237549 0.17395 0.0314331 0.0354309 
30 0 0.9375 0.94873 0.0304718 0.0354309 
29 0 0.00605011 0.807129 0.0120392 0.0395813 
27 0 0.235107 0.576172 0.0296936 0.044281 
26 0 0.129639 0.197876 0.0342712 0.0455627 
23 0 0.632812 0.237549 0.0343628 0.0416565 
22 0 0.271484 0.238525 0.033783 0.0397034 
21 0 0.0843506 0.805176 0.0281219 0.0354309 
20 0 0.491455 0.751953 0.0418091 0.0458374 
19 0 0.0890503 0.962402 0.0281219 0.0375061 
18 0 0.829102 0.434326 0.03125 0.0401001 
17 0 0.191406 0.845215 0.0328064 0.0395813 
14 0 0.841309 0.754395 0.0328064 0.0463562 
8 0 0.823242 0.98877 0.0281219 0.0229187 
7 0 0.709473 0.631348 0.03125 0.0416565 
6 0 0.834473 0.870605 0.0249939 0.0375061 
5 0 0.852539 0.234375 0.0421753 0.0520935 
3 0 0.758789 0.103088 0.0320435 0.0386658 
2 0 0.236694 0.858398 0.0296936 0.0416565 
1 0 0.631348 0.609375 0.0281219 0.0369873 
671 0 0.862305 0.386719 0.0304718 0.0385437 
666 0 0.992188 0.686523 0.015625 0.0411377 
663 0 0.564941 0.160156 0.0296936 0.035675 
661 0 0.140381 0.977051 0.0300751 0.0369873 
660 0 0.415283 0.990723 0.0326233 0.0187531 
635 0 0.635742 0.419678 0.0335999 0.044281 
615 0 0.578125 0.150024 0.03125 0.0375061 
604 0 0.601562 0.210449 0.03125 0.0416565 
579 2 0.00860596 0.729004 0.0175323 0.0369873 
562 0 0.925781 0.524902 0.0359497 0.0426941 
534 0 0.505371 0.0225677 0.026947 0.0345459 
464 0 0.733398 0.0907593 0.0351562 0.0433044 
459 0 0.541504 0.985352 0.0328064 0.0291595 
444 0 0.868652 0.41748 0.0328064 0.0401001 
288 0 0.358643 0.0584717 0.0298767 0.0380554 
247 0 0.261475 0.4375 0.0324097 0.0377502 
238 0 0.719727 0.782227 0.0296936 0.0348816 
176 0 0.48291 0.0458679 0.0281219 0.0375671 
55 0 0.0140762 0.990723 0.0262909 0.0187531 
54 0 0.989258 0.414307 0.0187531 0.0541687 
51 0 0.0419006 0.987305 0.0318298 0.0249939 
50 0 0.52832 0.59668 0.0320435 0.0437622 
49 0 0.460449 0.437012 0.038269 0.055481 
46 0 0.486816 0.86377 0.0328064 0.0401001 
43 0 0.569336 0.103149 0.0300751 0.0395813 
42 0 0.311035 0.220581 0.0345764 0.040741 
41 0 0.241455 0.375977 0.0296936 0.0401001 
34 0 0.583008 0.119812 0.0343628 0.0437622 
32 0 0.237549 0.17395 0.0314331 0.0354309 
30 0 0.9375 0.94873 0.0304718 0.0354309 
29 0 0.00605011 0.807129 0.0120392 0.0395813 
27 0 0.235107 0.576172 0.0296936 0.044281 
26 0 0.129639 0.197876 0.0342712 0.0455627 
23 0 0.632812 0.237549 0.0343628 0.0416565 
22 0 0.271484 0.238525 0.033783 0.0397034 
21 0 0.0843506 0.805176 0.0281219 0.0354309 
20 0 0.491455 0.751953 0.0418091 0.0458374 
19 0 0.0890503 0.962402 0.0281219 0.0375061 
18 0 0.829102 0.434326 0.03125 0.0401001 
17 0 0.191406 0.845215 0.0328064 0.0395813 
14 0 0.841309 0.754395 0.0328064 0.0463562 
8 0 0.823242 0.98877 0.0281219 0.0229187 
7 0 0.709473 0.631348 0.03125 0.0416565 
6 0 0.834473 0.870605 0.0249939 0.0375061 
5 0 0.852539 0.234375 0.0421753 0.0520935 
3 0 0.758789 0.103088 0.0320435 0.0386658 
2 0 0.236694 0.858398 0.0296936 0.0416565 
1 0 0.631348 0.609375 0.0281219 0.0369873 
