439 1 0.914062 0.242554 0.0320435 0.0375061 
438 0 0.991211 0.679199 0.014061 0.0499878 
431 0 0.280518 0.389648 0.026947 0.0335999 
424 0 0.637695 0.422363 0.0375061 0.0471497 
423 0 0.577148 0.153931 0.0281219 0.0333252 
421 0 0.469482 0.467773 0.0324097 0.0481873 
410 0 0.3125 0.190674 0.0320435 0.0361938 
407 0 0.0102692 0.0863037 0.0269775 0.0415649 
355 0 0.0681763 0.281006 0.0367432 0.0477905 
343 0 0.00547028 0.327148 0.01091 0.0466003 
288 0 0.365967 0.0281525 0.033783 0.0396423 
260 0 0.51416 0.0156403 0.0273438 0.0270538 
247 0 0.260986 0.439697 0.0349731 0.0416565 
238 0 0.725098 0.772949 0.0304718 0.0385437 
227 0 0.0766602 0.578125 0.032959 0.0411377 
176 0 0.500977 0.0222473 0.0328064 0.0382385 
55 0 0.0135651 0.989746 0.0272675 0.0208282 
54 0 0.992188 0.409424 0.015625 0.0533752 
51 0 0.0390625 0.986328 0.0343628 0.0270844 
50 0 0.5625 0.533203 0.0308533 0.0380249 
49 0 0.478027 0.412842 0.0375061 0.049469 
46 0 0.486816 0.864746 0.0304718 0.0432434 
45 0 0.532227 0.984375 0.0359497 0.03125 
43 0 0.568848 0.103149 0.0292969 0.0354309 
42 0 0.271484 0.240112 0.0341797 0.0389404 
41 0 0.272705 0.354736 0.0296936 0.0408936 
39 0 0.64209 0.0707397 0.0320435 0.0376587 
34 0 0.584473 0.12085 0.0308533 0.0375061 
32 0 0.248413 0.146606 0.0324097 0.0376892 
30 0 0.97168 0.864746 0.0367126 0.0411377 
29 0 0.0140533 0.770508 0.025116 0.0395813 
27 0 0.235107 0.578125 0.03125 0.0437622 
26 0 0.130249 0.198975 0.0379944 0.049469 
23 0 0.655273 0.193726 0.0339966 0.0411377 
22 0 0.283691 0.217651 0.0349731 0.0397034 
21 0 0.0836182 0.805664 0.0325623 0.0406189 
20 0 0.496094 0.743652 0.0421753 0.0499878 
19 0 0.0890503 0.96582 0.03125 0.0390625 
18 0 0.830566 0.435303 0.0328064 0.0416565 
17 0 0.192993 0.845703 0.0363159 0.046875 
14 0 0.847656 0.755371 0.0328064 0.044281 
13 0 0.864258 0.413574 0.0335999 0.0434875 
12 0 0.936035 0.205078 0.0343628 0.0466003 
8 0 0.831055 0.983398 0.0281219 0.0333252 
7 0 0.709473 0.633301 0.03125 0.0411377 
6 0 0.84082 0.859375 0.0281219 0.0395813 
5 0 0.852539 0.229126 0.0421753 0.0499878 
4 0 0.602539 0.2146 0.0296936 0.0377502 
3 0 0.768555 0.0891724 0.03125 0.0404358 
2 0 0.239014 0.857422 0.033783 0.0432434 
1 0 0.629395 0.591309 0.0367126 0.046875 
439 1 0.914062 0.242554 0.0320435 0.0375061 
438 0 0.991211 0.679199 0.014061 0.0499878 
431 0 0.280518 0.389648 0.026947 0.0335999 
424 0 0.637695 0.422363 0.0375061 0.0471497 
423 0 0.577148 0.153931 0.0281219 0.0333252 
421 0 0.469482 0.467773 0.0324097 0.0481873 
410 0 0.3125 0.190674 0.0320435 0.0361938 
407 0 0.0102692 0.0863037 0.0269775 0.0415649 
355 0 0.0681763 0.281006 0.0367432 0.0477905 
343 0 0.00547028 0.327148 0.01091 0.0466003 
288 0 0.365967 0.0281525 0.033783 0.0396423 
260 0 0.51416 0.0156403 0.0273438 0.0270538 
247 0 0.260986 0.439697 0.0349731 0.0416565 
238 0 0.725098 0.772949 0.0304718 0.0385437 
227 0 0.0766602 0.578125 0.032959 0.0411377 
176 0 0.500977 0.0222473 0.0328064 0.0382385 
55 0 0.0135651 0.989746 0.0272675 0.0208282 
54 0 0.992188 0.409424 0.015625 0.0533752 
51 0 0.0390625 0.986328 0.0343628 0.0270844 
50 0 0.5625 0.533203 0.0308533 0.0380249 
49 0 0.478027 0.412842 0.0375061 0.049469 
46 0 0.486816 0.864746 0.0304718 0.0432434 
45 0 0.532227 0.984375 0.0359497 0.03125 
43 0 0.568848 0.103149 0.0292969 0.0354309 
42 0 0.271484 0.240112 0.0341797 0.0389404 
41 0 0.272705 0.354736 0.0296936 0.0408936 
39 0 0.64209 0.0707397 0.0320435 0.0376587 
34 0 0.584473 0.12085 0.0308533 0.0375061 
32 0 0.248413 0.146606 0.0324097 0.0376892 
30 0 0.97168 0.864746 0.0367126 0.0411377 
29 0 0.0140533 0.770508 0.025116 0.0395813 
27 0 0.235107 0.578125 0.03125 0.0437622 
26 0 0.130249 0.198975 0.0379944 0.049469 
23 0 0.655273 0.193726 0.0339966 0.0411377 
22 0 0.283691 0.217651 0.0349731 0.0397034 
21 0 0.0836182 0.805664 0.0325623 0.0406189 
20 0 0.496094 0.743652 0.0421753 0.0499878 
19 0 0.0890503 0.96582 0.03125 0.0390625 
18 0 0.830566 0.435303 0.0328064 0.0416565 
17 0 0.192993 0.845703 0.0363159 0.046875 
14 0 0.847656 0.755371 0.0328064 0.044281 
13 0 0.864258 0.413574 0.0335999 0.0434875 
12 0 0.936035 0.205078 0.0343628 0.0466003 
8 0 0.831055 0.983398 0.0281219 0.0333252 
7 0 0.709473 0.633301 0.03125 0.0411377 
6 0 0.84082 0.859375 0.0281219 0.0395813 
5 0 0.852539 0.229126 0.0421753 0.0499878 
4 0 0.602539 0.2146 0.0296936 0.0377502 
3 0 0.768555 0.0891724 0.03125 0.0404358 
2 0 0.239014 0.857422 0.033783 0.0432434 
1 0 0.629395 0.591309 0.0367126 0.046875 
