686 2 0.0101547 0.73877 0.0203094 0.0395813 
685 0 0.993164 0.683105 0.014061 0.0411377 
680 0 0.629883 0.803223 0.0343628 0.0395813 
675 0 0.991211 0.00936127 0.0171814 0.0186462 
674 0 0.936035 0.207764 0.0375061 0.0503845 
671 0 0.898438 0.409912 0.0289001 0.0387878 
661 0 0.140015 0.954102 0.0274353 0.0380249 
635 0 0.636719 0.418945 0.0359497 0.0463562 
615 0 0.579102 0.150024 0.0296936 0.0375061 
604 0 0.602539 0.210449 0.0304718 0.0416565 
562 0 0.932617 0.564453 0.0289001 0.0375061 
534 0 0.506836 0.0239716 0.0265656 0.0353699 
464 0 0.731445 0.098938 0.0343628 0.0404968 
459 0 0.541992 0.986328 0.0320435 0.0276031 
444 0 0.864258 0.414307 0.03125 0.0416565 
288 0 0.35791 0.0614929 0.0281219 0.0354919 
247 0 0.26123 0.4375 0.0308533 0.0375061 
238 0 0.717773 0.782227 0.0304718 0.0348816 
176 0 0.481201 0.0479431 0.0281219 0.0371094 
55 0 0.0133286 0.990723 0.026123 0.0187531 
54 0 0.990723 0.413086 0.0187531 0.0528564 
51 0 0.0414429 0.987305 0.0325012 0.0249939 
50 0 0.524902 0.599121 0.0324097 0.0437622 
49 0 0.462402 0.441895 0.0367126 0.0510559 
46 0 0.486816 0.86377 0.0296936 0.0395813 
43 0 0.571289 0.104187 0.0296936 0.0372925 
42 0 0.311279 0.224731 0.0333862 0.0406189 
41 0 0.239014 0.378174 0.0281219 0.0395813 
34 0 0.583008 0.120178 0.0339966 0.0426941 
32 0 0.237549 0.177124 0.03125 0.0330811 
30 0 0.936035 0.956055 0.0335999 0.0375061 
29 0 0.00626755 0.810547 0.0123596 0.0380249 
27 0 0.235107 0.575195 0.0296936 0.0416565 
26 0 0.129639 0.197876 0.0343628 0.0450439 
23 0 0.631348 0.238525 0.0320435 0.0395813 
22 0 0.270996 0.239502 0.0324097 0.0408936 
21 0 0.0844727 0.804199 0.0289001 0.0375061 
20 0 0.490723 0.756348 0.0406189 0.0458374 
19 0 0.0882568 0.962402 0.0298767 0.0375061 
18 0 0.82666 0.432861 0.0351562 0.04245 
17 0 0.191406 0.845703 0.0328064 0.0416565 
14 0 0.84082 0.754395 0.0343628 0.0499878 
8 0 0.823242 0.98877 0.0281219 0.0229187 
7 0 0.709473 0.631348 0.03125 0.0406189 
6 0 0.833496 0.873047 0.0265656 0.0375061 
5 0 0.850586 0.235474 0.0421753 0.0491028 
3 0 0.756836 0.104187 0.0304718 0.0376282 
2 0 0.237061 0.858398 0.0306702 0.0416565 
1 0 0.631348 0.611328 0.03125 0.0401001 
686 2 0.0101547 0.73877 0.0203094 0.0395813 
685 0 0.993164 0.683105 0.014061 0.0411377 
680 0 0.629883 0.803223 0.0343628 0.0395813 
675 0 0.991211 0.00936127 0.0171814 0.0186462 
674 0 0.936035 0.207764 0.0375061 0.0503845 
671 0 0.898438 0.409912 0.0289001 0.0387878 
661 0 0.140015 0.954102 0.0274353 0.0380249 
635 0 0.636719 0.418945 0.0359497 0.0463562 
615 0 0.579102 0.150024 0.0296936 0.0375061 
604 0 0.602539 0.210449 0.0304718 0.0416565 
562 0 0.932617 0.564453 0.0289001 0.0375061 
534 0 0.506836 0.0239716 0.0265656 0.0353699 
464 0 0.731445 0.098938 0.0343628 0.0404968 
459 0 0.541992 0.986328 0.0320435 0.0276031 
444 0 0.864258 0.414307 0.03125 0.0416565 
288 0 0.35791 0.0614929 0.0281219 0.0354919 
247 0 0.26123 0.4375 0.0308533 0.0375061 
238 0 0.717773 0.782227 0.0304718 0.0348816 
176 0 0.481201 0.0479431 0.0281219 0.0371094 
55 0 0.0133286 0.990723 0.026123 0.0187531 
54 0 0.990723 0.413086 0.0187531 0.0528564 
51 0 0.0414429 0.987305 0.0325012 0.0249939 
50 0 0.524902 0.599121 0.0324097 0.0437622 
49 0 0.462402 0.441895 0.0367126 0.0510559 
46 0 0.486816 0.86377 0.0296936 0.0395813 
43 0 0.571289 0.104187 0.0296936 0.0372925 
42 0 0.311279 0.224731 0.0333862 0.0406189 
41 0 0.239014 0.378174 0.0281219 0.0395813 
34 0 0.583008 0.120178 0.0339966 0.0426941 
32 0 0.237549 0.177124 0.03125 0.0330811 
30 0 0.936035 0.956055 0.0335999 0.0375061 
29 0 0.00626755 0.810547 0.0123596 0.0380249 
27 0 0.235107 0.575195 0.0296936 0.0416565 
26 0 0.129639 0.197876 0.0343628 0.0450439 
23 0 0.631348 0.238525 0.0320435 0.0395813 
22 0 0.270996 0.239502 0.0324097 0.0408936 
21 0 0.0844727 0.804199 0.0289001 0.0375061 
20 0 0.490723 0.756348 0.0406189 0.0458374 
19 0 0.0882568 0.962402 0.0298767 0.0375061 
18 0 0.82666 0.432861 0.0351562 0.04245 
17 0 0.191406 0.845703 0.0328064 0.0416565 
14 0 0.84082 0.754395 0.0343628 0.0499878 
8 0 0.823242 0.98877 0.0281219 0.0229187 
7 0 0.709473 0.631348 0.03125 0.0406189 
6 0 0.833496 0.873047 0.0265656 0.0375061 
5 0 0.850586 0.235474 0.0421753 0.0491028 
3 0 0.756836 0.104187 0.0304718 0.0376282 
2 0 0.237061 0.858398 0.0306702 0.0416565 
1 0 0.631348 0.611328 0.03125 0.0401001 
