140 0 0.635254 0.418945 0.0296936 0.0432434 
138 0 0.00952148 0.487549 0.0190125 0.0401001 
136 0 0.408691 0.217407 0.0367126 0.0526123 
134 0 0.0436401 0.361572 0.0344543 0.0432434 
125 0 0.762695 0.0152512 0.0316467 0.0240936 
120 0 0.633789 0.162964 0.0304718 0.0371094 
119 0 0.744629 0.749023 0.0296936 0.0354309 
117 0 0.630371 0.805176 0.035553 0.0401001 
85 0 0.469482 0.55127 0.03125 0.0395813 
76 0 0.677246 0.796387 0.0316467 0.0375061 
56 0 0.5625 0.160156 0.0281219 0.033844 
55 0 0.0132294 0.990723 0.0249023 0.0187531 
54 0 0.994629 0.408936 0.0109406 0.0492249 
53 0 0.00390244 0.0986938 0.00774384 0.0422668 
51 0 0.0413513 0.983398 0.0294647 0.0291595 
50 0 0.585938 0.489502 0.0339966 0.0414124 
49 0 0.5 0.389648 0.03125 0.0375061 
47 0 0.169678 0.270752 0.0318298 0.0372314 
46 0 0.487793 0.864746 0.0289001 0.0380249 
45 0 0.581055 0.882324 0.0304718 0.0348816 
44 0 0.578125 0.150024 0.0281219 0.0325623 
43 0 0.566406 0.101685 0.0308533 0.0387268 
42 0 0.205811 0.149048 0.0271454 0.0370483 
41 0 0.3125 0.30835 0.0281219 0.038269 
40 0 0.541504 0.985352 0.0332031 0.0286407 
39 0 0.777344 0.709473 0.0316467 0.0411377 
38 0 0.00688934 0.517578 0.0209351 0.0380249 
37 0 0.964844 0.817383 0.0296936 0.0385437 
35 0 0.015625 0.237549 0.031311 0.0418091 
34 0 0.584473 0.12085 0.03125 0.0414734 
32 0 0.300781 0.104858 0.0300751 0.038269 
31 0 0.294434 0.591797 0.0320435 0.044281 
30 0 0.986816 0.78125 0.0265656 0.0375061 
29 0 0.028656 0.729004 0.031311 0.0416565 
27 0 0.238281 0.578125 0.0298767 0.0437622 
26 0 0.132812 0.196899 0.0343628 0.0449219 
25 0 0.62793 0.435303 0.03125 0.0419312 
24 0 0.272705 0.414307 0.0300751 0.0369873 
23 0 0.665527 0.13501 0.0339966 0.0385437 
22 0 0.282715 0.216675 0.0347595 0.0414124 
21 0 0.0828247 0.804688 0.0282745 0.0364685 
20 0 0.511719 0.724121 0.0390625 0.0437622 
19 0 0.0888672 0.963379 0.0306702 0.0395813 
18 0 0.828125 0.434082 0.0320435 0.0406189 
17 0 0.192139 0.844238 0.03125 0.0385437 
16 0 0.359131 0.262695 0.03125 0.0406189 
14 0 0.853027 0.749023 0.0320435 0.0426941 
13 0 0.868652 0.408447 0.03125 0.0419312 
12 0 0.935059 0.20874 0.0406189 0.0536499 
8 0 0.836914 0.96582 0.0296936 0.0401001 
7 0 0.707031 0.638672 0.0296936 0.0395813 
6 0 0.847656 0.838379 0.0281219 0.0354309 
5 0 0.852539 0.228149 0.0453186 0.0552063 
4 0 0.601562 0.21228 0.03125 0.0423279 
3 0 0.771973 0.0697632 0.0281219 0.0351562 
2 0 0.241455 0.85498 0.0296936 0.0395813 
1 0 0.646973 0.5625 0.0281219 0.0375061 
140 0 0.635254 0.418945 0.0296936 0.0432434 
138 0 0.00952148 0.487549 0.0190125 0.0401001 
136 0 0.408691 0.217407 0.0367126 0.0526123 
134 0 0.0436401 0.361572 0.0344543 0.0432434 
125 0 0.762695 0.0152512 0.0316467 0.0240936 
120 0 0.633789 0.162964 0.0304718 0.0371094 
119 0 0.744629 0.749023 0.0296936 0.0354309 
117 0 0.630371 0.805176 0.035553 0.0401001 
85 0 0.469482 0.55127 0.03125 0.0395813 
76 0 0.677246 0.796387 0.0316467 0.0375061 
56 0 0.5625 0.160156 0.0281219 0.033844 
55 0 0.0132294 0.990723 0.0249023 0.0187531 
54 0 0.994629 0.408936 0.0109406 0.0492249 
53 0 0.00390244 0.0986938 0.00774384 0.0422668 
51 0 0.0413513 0.983398 0.0294647 0.0291595 
50 0 0.585938 0.489502 0.0339966 0.0414124 
49 0 0.5 0.389648 0.03125 0.0375061 
47 0 0.169678 0.270752 0.0318298 0.0372314 
46 0 0.487793 0.864746 0.0289001 0.0380249 
45 0 0.581055 0.882324 0.0304718 0.0348816 
44 0 0.578125 0.150024 0.0281219 0.0325623 
43 0 0.566406 0.101685 0.0308533 0.0387268 
42 0 0.205811 0.149048 0.0271454 0.0370483 
41 0 0.3125 0.30835 0.0281219 0.038269 
40 0 0.541504 0.985352 0.0332031 0.0286407 
39 0 0.777344 0.709473 0.0316467 0.0411377 
38 0 0.00688934 0.517578 0.0209351 0.0380249 
37 0 0.964844 0.817383 0.0296936 0.0385437 
35 0 0.015625 0.237549 0.031311 0.0418091 
34 0 0.584473 0.12085 0.03125 0.0414734 
32 0 0.300781 0.104858 0.0300751 0.038269 
31 0 0.294434 0.591797 0.0320435 0.044281 
30 0 0.986816 0.78125 0.0265656 0.0375061 
29 0 0.028656 0.729004 0.031311 0.0416565 
27 0 0.238281 0.578125 0.0298767 0.0437622 
26 0 0.132812 0.196899 0.0343628 0.0449219 
25 0 0.62793 0.435303 0.03125 0.0419312 
24 0 0.272705 0.414307 0.0300751 0.0369873 
23 0 0.665527 0.13501 0.0339966 0.0385437 
22 0 0.282715 0.216675 0.0347595 0.0414124 
21 0 0.0828247 0.804688 0.0282745 0.0364685 
20 0 0.511719 0.724121 0.0390625 0.0437622 
19 0 0.0888672 0.963379 0.0306702 0.0395813 
18 0 0.828125 0.434082 0.0320435 0.0406189 
17 0 0.192139 0.844238 0.03125 0.0385437 
16 0 0.359131 0.262695 0.03125 0.0406189 
14 0 0.853027 0.749023 0.0320435 0.0426941 
13 0 0.868652 0.408447 0.03125 0.0419312 
12 0 0.935059 0.20874 0.0406189 0.0536499 
8 0 0.836914 0.96582 0.0296936 0.0401001 
7 0 0.707031 0.638672 0.0296936 0.0395813 
6 0 0.847656 0.838379 0.0281219 0.0354309 
5 0 0.852539 0.228149 0.0453186 0.0552063 
4 0 0.601562 0.21228 0.03125 0.0423279 
3 0 0.771973 0.0697632 0.0281219 0.0351562 
2 0 0.241455 0.85498 0.0296936 0.0395813 
1 0 0.646973 0.5625 0.0281219 0.0375061 
140 0 0.635254 0.418945 0.0296936 0.0432434 
138 0 0.00952148 0.487549 0.0190125 0.0401001 
136 0 0.408691 0.217407 0.0367126 0.0526123 
134 0 0.0436401 0.361572 0.0344543 0.0432434 
125 0 0.762695 0.0152512 0.0316467 0.0240936 
120 0 0.633789 0.162964 0.0304718 0.0371094 
119 0 0.744629 0.749023 0.0296936 0.0354309 
117 0 0.630371 0.805176 0.035553 0.0401001 
85 0 0.469482 0.55127 0.03125 0.0395813 
76 0 0.677246 0.796387 0.0316467 0.0375061 
56 0 0.5625 0.160156 0.0281219 0.033844 
55 0 0.0132294 0.990723 0.0249023 0.0187531 
54 0 0.994629 0.408936 0.0109406 0.0492249 
53 0 0.00390244 0.0986938 0.00774384 0.0422668 
51 0 0.0413513 0.983398 0.0294647 0.0291595 
50 0 0.585938 0.489502 0.0339966 0.0414124 
49 0 0.5 0.389648 0.03125 0.0375061 
47 0 0.169678 0.270752 0.0318298 0.0372314 
46 0 0.487793 0.864746 0.0289001 0.0380249 
45 0 0.581055 0.882324 0.0304718 0.0348816 
44 0 0.578125 0.150024 0.0281219 0.0325623 
43 0 0.566406 0.101685 0.0308533 0.0387268 
42 0 0.205811 0.149048 0.0271454 0.0370483 
41 0 0.3125 0.30835 0.0281219 0.038269 
40 0 0.541504 0.985352 0.0332031 0.0286407 
39 0 0.777344 0.709473 0.0316467 0.0411377 
38 0 0.00688934 0.517578 0.0209351 0.0380249 
37 0 0.964844 0.817383 0.0296936 0.0385437 
35 0 0.015625 0.237549 0.031311 0.0418091 
34 0 0.584473 0.12085 0.03125 0.0414734 
32 0 0.300781 0.104858 0.0300751 0.038269 
31 0 0.294434 0.591797 0.0320435 0.044281 
30 0 0.986816 0.78125 0.0265656 0.0375061 
29 0 0.028656 0.729004 0.031311 0.0416565 
27 0 0.238281 0.578125 0.0298767 0.0437622 
26 0 0.132812 0.196899 0.0343628 0.0449219 
25 0 0.62793 0.435303 0.03125 0.0419312 
24 0 0.272705 0.414307 0.0300751 0.0369873 
23 0 0.665527 0.13501 0.0339966 0.0385437 
22 0 0.282715 0.216675 0.0347595 0.0414124 
21 0 0.0828247 0.804688 0.0282745 0.0364685 
20 0 0.511719 0.724121 0.0390625 0.0437622 
19 0 0.0888672 0.963379 0.0306702 0.0395813 
18 0 0.828125 0.434082 0.0320435 0.0406189 
17 0 0.192139 0.844238 0.03125 0.0385437 
16 0 0.359131 0.262695 0.03125 0.0406189 
14 0 0.853027 0.749023 0.0320435 0.0426941 
13 0 0.868652 0.408447 0.03125 0.0419312 
12 0 0.935059 0.20874 0.0406189 0.0536499 
8 0 0.836914 0.96582 0.0296936 0.0401001 
7 0 0.707031 0.638672 0.0296936 0.0395813 
6 0 0.847656 0.838379 0.0281219 0.0354309 
5 0 0.852539 0.228149 0.0453186 0.0552063 
4 0 0.601562 0.21228 0.03125 0.0423279 
3 0 0.771973 0.0697632 0.0281219 0.0351562 
2 0 0.241455 0.85498 0.0296936 0.0395813 
1 0 0.646973 0.5625 0.0281219 0.0375061 
140 0 0.635254 0.418945 0.0296936 0.0432434 
138 0 0.00952148 0.487549 0.0190125 0.0401001 
136 0 0.408691 0.217407 0.0367126 0.0526123 
134 0 0.0436401 0.361572 0.0344543 0.0432434 
125 0 0.762695 0.0152512 0.0316467 0.0240936 
120 0 0.633789 0.162964 0.0304718 0.0371094 
119 0 0.744629 0.749023 0.0296936 0.0354309 
117 0 0.630371 0.805176 0.035553 0.0401001 
85 0 0.469482 0.55127 0.03125 0.0395813 
76 0 0.677246 0.796387 0.0316467 0.0375061 
56 0 0.5625 0.160156 0.0281219 0.033844 
55 0 0.0132294 0.990723 0.0249023 0.0187531 
54 0 0.994629 0.408936 0.0109406 0.0492249 
53 0 0.00390244 0.0986938 0.00774384 0.0422668 
51 0 0.0413513 0.983398 0.0294647 0.0291595 
50 0 0.585938 0.489502 0.0339966 0.0414124 
49 0 0.5 0.389648 0.03125 0.0375061 
47 0 0.169678 0.270752 0.0318298 0.0372314 
46 0 0.487793 0.864746 0.0289001 0.0380249 
45 0 0.581055 0.882324 0.0304718 0.0348816 
44 0 0.578125 0.150024 0.0281219 0.0325623 
43 0 0.566406 0.101685 0.0308533 0.0387268 
42 0 0.205811 0.149048 0.0271454 0.0370483 
41 0 0.3125 0.30835 0.0281219 0.038269 
40 0 0.541504 0.985352 0.0332031 0.0286407 
39 0 0.777344 0.709473 0.0316467 0.0411377 
38 0 0.00688934 0.517578 0.0209351 0.0380249 
37 0 0.964844 0.817383 0.0296936 0.0385437 
35 0 0.015625 0.237549 0.031311 0.0418091 
34 0 0.584473 0.12085 0.03125 0.0414734 
32 0 0.300781 0.104858 0.0300751 0.038269 
31 0 0.294434 0.591797 0.0320435 0.044281 
30 0 0.986816 0.78125 0.0265656 0.0375061 
29 0 0.028656 0.729004 0.031311 0.0416565 
27 0 0.238281 0.578125 0.0298767 0.0437622 
26 0 0.132812 0.196899 0.0343628 0.0449219 
25 0 0.62793 0.435303 0.03125 0.0419312 
24 0 0.272705 0.414307 0.0300751 0.0369873 
23 0 0.665527 0.13501 0.0339966 0.0385437 
22 0 0.282715 0.216675 0.0347595 0.0414124 
21 0 0.0828247 0.804688 0.0282745 0.0364685 
20 0 0.511719 0.724121 0.0390625 0.0437622 
19 0 0.0888672 0.963379 0.0306702 0.0395813 
18 0 0.828125 0.434082 0.0320435 0.0406189 
17 0 0.192139 0.844238 0.03125 0.0385437 
16 0 0.359131 0.262695 0.03125 0.0406189 
14 0 0.853027 0.749023 0.0320435 0.0426941 
13 0 0.868652 0.408447 0.03125 0.0419312 
12 0 0.935059 0.20874 0.0406189 0.0536499 
8 0 0.836914 0.96582 0.0296936 0.0401001 
7 0 0.707031 0.638672 0.0296936 0.0395813 
6 0 0.847656 0.838379 0.0281219 0.0354309 
5 0 0.852539 0.228149 0.0453186 0.0552063 
4 0 0.601562 0.21228 0.03125 0.0423279 
3 0 0.771973 0.0697632 0.0281219 0.0351562 
2 0 0.241455 0.85498 0.0296936 0.0395813 
1 0 0.646973 0.5625 0.0281219 0.0375061 
