516 0 0.575195 0.111633 0.0339966 0.0393372 
515 0 0.410156 0.217651 0.0421753 0.0562439 
512 0 0.340576 0.00937653 0.0341797 0.0186157 
511 0 0.978027 0.86377 0.0257874 0.0317688 
496 0 0.46875 0.471436 0.0347595 0.0479126 
464 0 0.764648 0.0374756 0.0304718 0.0405579 
459 0 0.540039 0.985352 0.0351562 0.0291595 
444 0 0.654785 0.496338 0.0324097 0.0429688 
439 1 0.851562 0.12793 0.03125 0.0418091 
438 0 0.990723 0.681152 0.0164032 0.0458374 
423 0 0.57666 0.154175 0.0281219 0.0339966 
410 0 0.310059 0.192749 0.0324097 0.0394592 
288 0 0.364014 0.0375061 0.0345764 0.0420227 
247 0 0.260986 0.440674 0.0343628 0.0429688 
238 0 0.724121 0.774414 0.0300751 0.0343628 
176 0 0.499268 0.0239563 0.0390625 0.0437622 
55 0 0.0132675 0.990723 0.0266418 0.0203094 
54 0 0.992188 0.408936 0.015625 0.0533752 
51 0 0.039856 0.987305 0.0328064 0.025528 
50 0 0.552246 0.561035 0.0332031 0.0416565 
49 0 0.471924 0.414307 0.042572 0.0578003 
46 0 0.486816 0.864746 0.0296936 0.0416565 
43 0 0.568848 0.104187 0.0281219 0.0341187 
42 0 0.299561 0.24585 0.0376892 0.0421753 
41 0 0.261719 0.364502 0.0322266 0.0414124 
34 0 0.583496 0.121643 0.0324097 0.0400391 
32 0 0.243774 0.154175 0.03125 0.0369873 
30 0 0.961914 0.893555 0.0328064 0.0369873 
29 0 0.0109024 0.774902 0.0220032 0.0375061 
27 0 0.234375 0.578125 0.03125 0.0437622 
26 0 0.128906 0.199951 0.0390625 0.0541687 
23 0 0.654297 0.2052 0.0328064 0.0394592 
22 0 0.281982 0.2229 0.0335999 0.0404968 
21 0 0.0836182 0.807129 0.0323792 0.0395813 
20 0 0.494629 0.748047 0.0421753 0.0499878 
19 0 0.0898438 0.963379 0.0294952 0.0395813 
18 0 0.830566 0.435791 0.0328064 0.0411377 
17 0 0.192993 0.84668 0.0359497 0.0437622 
14 0 0.84668 0.755371 0.03125 0.0437622 
13 0 0.864746 0.41333 0.0328064 0.0421753 
12 0 0.936035 0.209595 0.0406189 0.0572815 
8 0 0.831055 0.983398 0.0281219 0.0333252 
7 0 0.709961 0.633301 0.0296936 0.0375061 
6 0 0.839844 0.860352 0.0265656 0.0375061 
5 0 0.853027 0.22998 0.0429688 0.0503845 
4 0 0.601562 0.213501 0.0289001 0.0360718 
3 0 0.76709 0.0958252 0.0285187 0.0375061 
2 0 0.238281 0.858398 0.0328064 0.0416565 
1 0 0.630371 0.60498 0.0304718 0.0411377 
516 0 0.575195 0.111633 0.0339966 0.0393372 
515 0 0.410156 0.217651 0.0421753 0.0562439 
512 0 0.340576 0.00937653 0.0341797 0.0186157 
511 0 0.978027 0.86377 0.0257874 0.0317688 
496 0 0.46875 0.471436 0.0347595 0.0479126 
464 0 0.764648 0.0374756 0.0304718 0.0405579 
459 0 0.540039 0.985352 0.0351562 0.0291595 
444 0 0.654785 0.496338 0.0324097 0.0429688 
439 1 0.851562 0.12793 0.03125 0.0418091 
438 0 0.990723 0.681152 0.0164032 0.0458374 
423 0 0.57666 0.154175 0.0281219 0.0339966 
410 0 0.310059 0.192749 0.0324097 0.0394592 
288 0 0.364014 0.0375061 0.0345764 0.0420227 
247 0 0.260986 0.440674 0.0343628 0.0429688 
238 0 0.724121 0.774414 0.0300751 0.0343628 
176 0 0.499268 0.0239563 0.0390625 0.0437622 
55 0 0.0132675 0.990723 0.0266418 0.0203094 
54 0 0.992188 0.408936 0.015625 0.0533752 
51 0 0.039856 0.987305 0.0328064 0.025528 
50 0 0.552246 0.561035 0.0332031 0.0416565 
49 0 0.471924 0.414307 0.042572 0.0578003 
46 0 0.486816 0.864746 0.0296936 0.0416565 
43 0 0.568848 0.104187 0.0281219 0.0341187 
42 0 0.299561 0.24585 0.0376892 0.0421753 
41 0 0.261719 0.364502 0.0322266 0.0414124 
34 0 0.583496 0.121643 0.0324097 0.0400391 
32 0 0.243774 0.154175 0.03125 0.0369873 
30 0 0.961914 0.893555 0.0328064 0.0369873 
29 0 0.0109024 0.774902 0.0220032 0.0375061 
27 0 0.234375 0.578125 0.03125 0.0437622 
26 0 0.128906 0.199951 0.0390625 0.0541687 
23 0 0.654297 0.2052 0.0328064 0.0394592 
22 0 0.281982 0.2229 0.0335999 0.0404968 
21 0 0.0836182 0.807129 0.0323792 0.0395813 
20 0 0.494629 0.748047 0.0421753 0.0499878 
19 0 0.0898438 0.963379 0.0294952 0.0395813 
18 0 0.830566 0.435791 0.0328064 0.0411377 
17 0 0.192993 0.84668 0.0359497 0.0437622 
14 0 0.84668 0.755371 0.03125 0.0437622 
13 0 0.864746 0.41333 0.0328064 0.0421753 
12 0 0.936035 0.209595 0.0406189 0.0572815 
8 0 0.831055 0.983398 0.0281219 0.0333252 
7 0 0.709961 0.633301 0.0296936 0.0375061 
6 0 0.839844 0.860352 0.0265656 0.0375061 
5 0 0.853027 0.22998 0.0429688 0.0503845 
4 0 0.601562 0.213501 0.0289001 0.0360718 
3 0 0.76709 0.0958252 0.0285187 0.0375061 
2 0 0.238281 0.858398 0.0328064 0.0416565 
1 0 0.630371 0.60498 0.0304718 0.0411377 
