554 0 0.182861 0.94043 0.0281219 0.0354309 
551 2 0.0163727 0.720703 0.0263977 0.0333252 
550 2 0.182861 0.94043 0.0280304 0.0359497 
547 0 0.638184 0.422363 0.0363159 0.046875 
542 0 0.575195 0.113159 0.0339966 0.0391846 
535 0 0.990723 0.683105 0.015625 0.0421753 
534 0 0.502441 0.0177765 0.0343628 0.0362549 
464 0 0.756836 0.0527344 0.0332031 0.0436096 
459 0 0.541504 0.985352 0.0328064 0.0291595 
444 0 0.686035 0.463135 0.0324097 0.0419312 
439 1 0.796875 0.0744629 0.0296936 0.0384827 
423 0 0.578125 0.153076 0.0308533 0.0354309 
410 0 0.309326 0.192749 0.0349731 0.0411377 
288 0 0.362549 0.0454407 0.0332031 0.0414429 
247 0 0.260986 0.439697 0.03125 0.0375061 
238 0 0.722656 0.776855 0.0296936 0.0333252 
176 0 0.492188 0.0313416 0.0347595 0.0419312 
55 0 0.0134735 0.989746 0.0268555 0.0208282 
54 0 0.991211 0.406494 0.0171814 0.0531311 
51 0 0.0398254 0.987305 0.0332642 0.0260468 
50 0 0.54541 0.571777 0.035553 0.044281 
49 0 0.469971 0.425537 0.039856 0.0565186 
46 0 0.486816 0.864746 0.0296936 0.0416565 
43 0 0.568848 0.105835 0.0300751 0.0360107 
42 0 0.307129 0.239868 0.0394592 0.0447998 
41 0 0.256348 0.368652 0.0283203 0.0375061 
34 0 0.583008 0.122253 0.0335999 0.0423889 
32 0 0.243408 0.153809 0.0322266 0.0387878 
30 0 0.956055 0.907227 0.0320435 0.0364685 
29 0 0.00936127 0.783203 0.0187683 0.0369873 
27 0 0.233643 0.577148 0.0300751 0.0416565 
26 0 0.128906 0.199951 0.0392456 0.0544128 
23 0 0.647461 0.218994 0.0359497 0.0418091 
22 0 0.278076 0.227051 0.0343628 0.0394592 
21 0 0.0836182 0.805664 0.0301819 0.0385437 
20 0 0.494629 0.749023 0.039856 0.0479126 
19 0 0.0898438 0.963379 0.0298767 0.0395813 
18 0 0.82959 0.435303 0.0343628 0.0416565 
17 0 0.192383 0.845703 0.0338745 0.0416565 
14 0 0.846191 0.754395 0.0328064 0.046875 
13 0 0.864746 0.413574 0.0328064 0.0437622 
12 0 0.936035 0.209595 0.0406189 0.0569153 
8 0 0.829102 0.984863 0.0265656 0.0302124 
7 0 0.709473 0.632324 0.0320435 0.0406189 
6 0 0.837402 0.861328 0.0273438 0.0390625 
5 0 0.852539 0.235474 0.0421753 0.0509033 
4 0 0.601562 0.21228 0.0304718 0.0360718 
3 0 0.76416 0.0996704 0.0304718 0.0365906 
2 0 0.238281 0.858398 0.0328064 0.0416565 
1 0 0.62793 0.60498 0.0289001 0.0395813 
554 0 0.182861 0.94043 0.0281219 0.0354309 
551 2 0.0163727 0.720703 0.0263977 0.0333252 
550 2 0.182861 0.94043 0.0280304 0.0359497 
547 0 0.638184 0.422363 0.0363159 0.046875 
542 0 0.575195 0.113159 0.0339966 0.0391846 
535 0 0.990723 0.683105 0.015625 0.0421753 
534 0 0.502441 0.0177765 0.0343628 0.0362549 
464 0 0.756836 0.0527344 0.0332031 0.0436096 
459 0 0.541504 0.985352 0.0328064 0.0291595 
444 0 0.686035 0.463135 0.0324097 0.0419312 
439 1 0.796875 0.0744629 0.0296936 0.0384827 
423 0 0.578125 0.153076 0.0308533 0.0354309 
410 0 0.309326 0.192749 0.0349731 0.0411377 
288 0 0.362549 0.0454407 0.0332031 0.0414429 
247 0 0.260986 0.439697 0.03125 0.0375061 
238 0 0.722656 0.776855 0.0296936 0.0333252 
176 0 0.492188 0.0313416 0.0347595 0.0419312 
55 0 0.0134735 0.989746 0.0268555 0.0208282 
54 0 0.991211 0.406494 0.0171814 0.0531311 
51 0 0.0398254 0.987305 0.0332642 0.0260468 
50 0 0.54541 0.571777 0.035553 0.044281 
49 0 0.469971 0.425537 0.039856 0.0565186 
46 0 0.486816 0.864746 0.0296936 0.0416565 
43 0 0.568848 0.105835 0.0300751 0.0360107 
42 0 0.307129 0.239868 0.0394592 0.0447998 
41 0 0.256348 0.368652 0.0283203 0.0375061 
34 0 0.583008 0.122253 0.0335999 0.0423889 
32 0 0.243408 0.153809 0.0322266 0.0387878 
30 0 0.956055 0.907227 0.0320435 0.0364685 
29 0 0.00936127 0.783203 0.0187683 0.0369873 
27 0 0.233643 0.577148 0.0300751 0.0416565 
26 0 0.128906 0.199951 0.0392456 0.0544128 
23 0 0.647461 0.218994 0.0359497 0.0418091 
22 0 0.278076 0.227051 0.0343628 0.0394592 
21 0 0.0836182 0.805664 0.0301819 0.0385437 
20 0 0.494629 0.749023 0.039856 0.0479126 
19 0 0.0898438 0.963379 0.0298767 0.0395813 
18 0 0.82959 0.435303 0.0343628 0.0416565 
17 0 0.192383 0.845703 0.0338745 0.0416565 
14 0 0.846191 0.754395 0.0328064 0.046875 
13 0 0.864746 0.413574 0.0328064 0.0437622 
12 0 0.936035 0.209595 0.0406189 0.0569153 
8 0 0.829102 0.984863 0.0265656 0.0302124 
7 0 0.709473 0.632324 0.0320435 0.0406189 
6 0 0.837402 0.861328 0.0273438 0.0390625 
5 0 0.852539 0.235474 0.0421753 0.0509033 
4 0 0.601562 0.21228 0.0304718 0.0360718 
3 0 0.76416 0.0996704 0.0304718 0.0365906 
2 0 0.238281 0.858398 0.0328064 0.0416565 
1 0 0.62793 0.60498 0.0289001 0.0395813 
