270 2 0.040802 0.708496 0.0271912 0.0333252 
267 0 0.334961 0.00947571 0.0324097 0.0193634 
260 0 0.522461 0.0104218 0.0277405 0.0204926 
256 0 0.344727 0.0639648 0.0292969 0.0374451 
253 0 0.434326 0.0108871 0.0339966 0.0200195 
248 0 0.978027 0.861328 0.0281219 0.0375061 
247 0 0.264893 0.437012 0.03302 0.0406189 
246 0 0.759277 0.844727 0.0292969 0.0380249 
238 0 0.736816 0.765625 0.0296936 0.0364685 
227 0 0.212524 0.453369 0.0322266 0.0401001 
221 0 0.0375366 0.377441 0.0346069 0.0479126 
176 0 0.49292 0.0198364 0.0328064 0.0357056 
140 0 0.637695 0.419678 0.0351562 0.0479126 
117 0 0.629883 0.804199 0.0359497 0.0416565 
55 0 0.0124817 0.989746 0.0244446 0.0197906 
54 0 0.994629 0.407227 0.0109406 0.0479126 
51 0 0.039856 0.985352 0.0326538 0.0291595 
50 0 0.579102 0.51123 0.0328064 0.0401001 
49 0 0.491455 0.403809 0.0308533 0.0401001 
46 0 0.484375 0.862305 0.0347595 0.044281 
45 0 0.555664 0.930176 0.0296936 0.03125 
44 0 0.578125 0.150024 0.0285187 0.0340576 
43 0 0.567871 0.102844 0.0296936 0.0390015 
42 0 0.220337 0.173462 0.028717 0.0384216 
41 0 0.292969 0.322998 0.0294952 0.0408936 
40 0 0.541992 0.985352 0.0339966 0.0291595 
39 0 0.76709 0.375977 0.0281219 0.0408936 
35 0 0.013504 0.273926 0.0236816 0.0403748 
34 0 0.584473 0.119812 0.0316467 0.0395813 
32 0 0.269043 0.121887 0.0308533 0.038269 
31 0 0.143433 0.312012 0.0316467 0.0367126 
30 0 0.984375 0.818848 0.0296936 0.0380249 
29 0 0.020401 0.744629 0.0298157 0.0432434 
27 0 0.234375 0.576172 0.03125 0.0447998 
26 0 0.13208 0.195801 0.0359497 0.0460815 
23 0 0.662598 0.171875 0.0343628 0.0397034 
22 0 0.282715 0.21875 0.0339966 0.0414124 
21 0 0.0836182 0.806152 0.0296936 0.0375061 
20 0 0.50293 0.736328 0.0437622 0.0557251 
19 0 0.0890503 0.96582 0.03125 0.0385437 
18 0 0.829102 0.435303 0.0328064 0.0408936 
17 0 0.192139 0.844727 0.03125 0.0390625 
16 0 0.375732 0.435303 0.0347595 0.0419312 
14 0 0.851562 0.749023 0.038269 0.0479126 
13 0 0.865723 0.4104 0.03125 0.0416565 
12 0 0.936035 0.209351 0.0406189 0.0562439 
8 0 0.833496 0.975098 0.0296936 0.0375061 
7 0 0.708496 0.633301 0.0320435 0.0411377 
6 0 0.842773 0.849121 0.0265656 0.033844 
5 0 0.852539 0.229126 0.0453186 0.0541687 
4 0 0.602539 0.21106 0.0324097 0.0401001 
3 0 0.773438 0.0752563 0.03125 0.0410156 
2 0 0.241577 0.854004 0.03125 0.0411377 
1 0 0.633789 0.576172 0.0304718 0.0395813 
270 2 0.040802 0.708496 0.0271912 0.0333252 
267 0 0.334961 0.00947571 0.0324097 0.0193634 
260 0 0.522461 0.0104218 0.0277405 0.0204926 
256 0 0.344727 0.0639648 0.0292969 0.0374451 
253 0 0.434326 0.0108871 0.0339966 0.0200195 
248 0 0.978027 0.861328 0.0281219 0.0375061 
247 0 0.264893 0.437012 0.03302 0.0406189 
246 0 0.759277 0.844727 0.0292969 0.0380249 
238 0 0.736816 0.765625 0.0296936 0.0364685 
227 0 0.212524 0.453369 0.0322266 0.0401001 
221 0 0.0375366 0.377441 0.0346069 0.0479126 
176 0 0.49292 0.0198364 0.0328064 0.0357056 
140 0 0.637695 0.419678 0.0351562 0.0479126 
117 0 0.629883 0.804199 0.0359497 0.0416565 
55 0 0.0124817 0.989746 0.0244446 0.0197906 
54 0 0.994629 0.407227 0.0109406 0.0479126 
51 0 0.039856 0.985352 0.0326538 0.0291595 
50 0 0.579102 0.51123 0.0328064 0.0401001 
49 0 0.491455 0.403809 0.0308533 0.0401001 
46 0 0.484375 0.862305 0.0347595 0.044281 
45 0 0.555664 0.930176 0.0296936 0.03125 
44 0 0.578125 0.150024 0.0285187 0.0340576 
43 0 0.567871 0.102844 0.0296936 0.0390015 
42 0 0.220337 0.173462 0.028717 0.0384216 
41 0 0.292969 0.322998 0.0294952 0.0408936 
40 0 0.541992 0.985352 0.0339966 0.0291595 
39 0 0.76709 0.375977 0.0281219 0.0408936 
35 0 0.013504 0.273926 0.0236816 0.0403748 
34 0 0.584473 0.119812 0.0316467 0.0395813 
32 0 0.269043 0.121887 0.0308533 0.038269 
31 0 0.143433 0.312012 0.0316467 0.0367126 
30 0 0.984375 0.818848 0.0296936 0.0380249 
29 0 0.020401 0.744629 0.0298157 0.0432434 
27 0 0.234375 0.576172 0.03125 0.0447998 
26 0 0.13208 0.195801 0.0359497 0.0460815 
23 0 0.662598 0.171875 0.0343628 0.0397034 
22 0 0.282715 0.21875 0.0339966 0.0414124 
21 0 0.0836182 0.806152 0.0296936 0.0375061 
20 0 0.50293 0.736328 0.0437622 0.0557251 
19 0 0.0890503 0.96582 0.03125 0.0385437 
18 0 0.829102 0.435303 0.0328064 0.0408936 
17 0 0.192139 0.844727 0.03125 0.0390625 
16 0 0.375732 0.435303 0.0347595 0.0419312 
14 0 0.851562 0.749023 0.038269 0.0479126 
13 0 0.865723 0.4104 0.03125 0.0416565 
12 0 0.936035 0.209351 0.0406189 0.0562439 
8 0 0.833496 0.975098 0.0296936 0.0375061 
7 0 0.708496 0.633301 0.0320435 0.0411377 
6 0 0.842773 0.849121 0.0265656 0.033844 
5 0 0.852539 0.229126 0.0453186 0.0541687 
4 0 0.602539 0.21106 0.0324097 0.0401001 
3 0 0.773438 0.0752563 0.03125 0.0410156 
2 0 0.241577 0.854004 0.03125 0.0411377 
1 0 0.633789 0.576172 0.0304718 0.0395813 
