615 0 0.577148 0.150024 0.0320435 0.0378113 
604 0 0.601562 0.211426 0.03125 0.0393372 
596 0 0.575195 0.11145 0.0343628 0.0397644 
579 2 0.0124969 0.726074 0.0253143 0.0385437 
562 0 0.976562 0.391602 0.0296936 0.0387878 
547 0 0.637695 0.421875 0.0375061 0.044281 
535 0 0.990723 0.68457 0.015625 0.0421753 
534 0 0.502441 0.0183868 0.0324097 0.0359497 
464 0 0.75 0.0689087 0.0335999 0.041626 
459 0 0.540527 0.984375 0.0339966 0.0302124 
444 0 0.753906 0.37915 0.0296936 0.0401001 
439 1 0.722656 0.0241089 0.03125 0.0353699 
288 0 0.358643 0.0518799 0.0292969 0.0353088 
247 0 0.260986 0.4375 0.0316467 0.0375061 
238 0 0.719238 0.780273 0.0304718 0.0354309 
176 0 0.486816 0.0389404 0.0304718 0.0399475 
55 0 0.0132904 0.989746 0.026886 0.0208282 
54 0 0.992188 0.41333 0.015625 0.0479126 
51 0 0.0400085 0.986328 0.0326538 0.0265656 
50 0 0.536621 0.584473 0.0328064 0.0437622 
49 0 0.466064 0.431152 0.0375061 0.0536499 
46 0 0.485107 0.864746 0.0328064 0.0447998 
43 0 0.568848 0.104065 0.0281219 0.0336609 
42 0 0.310547 0.230713 0.0324097 0.0404968 
41 0 0.247681 0.371582 0.0296936 0.0406189 
34 0 0.583008 0.121643 0.0335999 0.0429688 
32 0 0.241455 0.158325 0.0300751 0.0337219 
30 0 0.946289 0.928223 0.0328064 0.0385437 
29 0 0.00699997 0.791504 0.0142441 0.0406189 
27 0 0.233398 0.577148 0.0292969 0.0416565 
26 0 0.130249 0.198975 0.0366211 0.0485535 
23 0 0.639648 0.2323 0.0351562 0.039978 
22 0 0.27417 0.2323 0.0328064 0.0389404 
21 0 0.0842896 0.804688 0.0289001 0.0364685 
20 0 0.489746 0.751953 0.0418091 0.0458374 
19 0 0.0890503 0.962402 0.03125 0.0426941 
18 0 0.82959 0.434326 0.0343628 0.0411377 
17 0 0.192139 0.84668 0.0343628 0.0421753 
14 0 0.84375 0.754395 0.0351562 0.0499878 
13 0 0.864258 0.413574 0.0343628 0.0437622 
12 0 0.936523 0.209351 0.0390625 0.0562439 
8 0 0.825195 0.986328 0.0273438 0.0270844 
7 0 0.708496 0.631348 0.0328064 0.0416565 
6 0 0.835938 0.866699 0.0281219 0.0416565 
5 0 0.851562 0.23645 0.0406189 0.0488281 
3 0 0.760254 0.100647 0.0320435 0.0380859 
2 0 0.237549 0.857422 0.03125 0.0395813 
1 0 0.631836 0.610352 0.0328064 0.0416565 
615 0 0.577148 0.150024 0.0320435 0.0378113 
604 0 0.601562 0.211426 0.03125 0.0393372 
596 0 0.575195 0.11145 0.0343628 0.0397644 
579 2 0.0124969 0.726074 0.0253143 0.0385437 
562 0 0.976562 0.391602 0.0296936 0.0387878 
547 0 0.637695 0.421875 0.0375061 0.044281 
535 0 0.990723 0.68457 0.015625 0.0421753 
534 0 0.502441 0.0183868 0.0324097 0.0359497 
464 0 0.75 0.0689087 0.0335999 0.041626 
459 0 0.540527 0.984375 0.0339966 0.0302124 
444 0 0.753906 0.37915 0.0296936 0.0401001 
439 1 0.722656 0.0241089 0.03125 0.0353699 
288 0 0.358643 0.0518799 0.0292969 0.0353088 
247 0 0.260986 0.4375 0.0316467 0.0375061 
238 0 0.719238 0.780273 0.0304718 0.0354309 
176 0 0.486816 0.0389404 0.0304718 0.0399475 
55 0 0.0132904 0.989746 0.026886 0.0208282 
54 0 0.992188 0.41333 0.015625 0.0479126 
51 0 0.0400085 0.986328 0.0326538 0.0265656 
50 0 0.536621 0.584473 0.0328064 0.0437622 
49 0 0.466064 0.431152 0.0375061 0.0536499 
46 0 0.485107 0.864746 0.0328064 0.0447998 
43 0 0.568848 0.104065 0.0281219 0.0336609 
42 0 0.310547 0.230713 0.0324097 0.0404968 
41 0 0.247681 0.371582 0.0296936 0.0406189 
34 0 0.583008 0.121643 0.0335999 0.0429688 
32 0 0.241455 0.158325 0.0300751 0.0337219 
30 0 0.946289 0.928223 0.0328064 0.0385437 
29 0 0.00699997 0.791504 0.0142441 0.0406189 
27 0 0.233398 0.577148 0.0292969 0.0416565 
26 0 0.130249 0.198975 0.0366211 0.0485535 
23 0 0.639648 0.2323 0.0351562 0.039978 
22 0 0.27417 0.2323 0.0328064 0.0389404 
21 0 0.0842896 0.804688 0.0289001 0.0364685 
20 0 0.489746 0.751953 0.0418091 0.0458374 
19 0 0.0890503 0.962402 0.03125 0.0426941 
18 0 0.82959 0.434326 0.0343628 0.0411377 
17 0 0.192139 0.84668 0.0343628 0.0421753 
14 0 0.84375 0.754395 0.0351562 0.0499878 
13 0 0.864258 0.413574 0.0343628 0.0437622 
12 0 0.936523 0.209351 0.0390625 0.0562439 
8 0 0.825195 0.986328 0.0273438 0.0270844 
7 0 0.708496 0.631348 0.0328064 0.0416565 
6 0 0.835938 0.866699 0.0281219 0.0416565 
5 0 0.851562 0.23645 0.0406189 0.0488281 
3 0 0.760254 0.100647 0.0320435 0.0380859 
2 0 0.237549 0.857422 0.03125 0.0395813 
1 0 0.631836 0.610352 0.0328064 0.0416565 
