276 0 0.65625 0.925293 0.0410156 0.0489502 
258 0 0.522461 0.0114899 0.0265656 0.0228882 
254 0 0.402344 0.0992432 0.03125 0.0362549 
251 0 0.376953 0.0630493 0.0306702 0.0381775 
246 0 0.978027 0.862305 0.0281219 0.0375061 
245 0 0.26416 0.4375 0.03125 0.0375061 
244 0 0.79541 0.912598 0.0292969 0.0401001 
236 0 0.730469 0.765625 0.0296936 0.0354309 
226 0 0.394043 0.465576 0.0345764 0.0403748 
221 0 0.0374756 0.37915 0.0339355 0.0440063 
178 0 0.500977 0.0174866 0.0296936 0.0330505 
142 0 0.636719 0.419678 0.0359497 0.046875 
122 0 0.661133 0.17395 0.0343628 0.0395813 
119 0 0.628906 0.804199 0.0359497 0.0416565 
55 0 0.0130157 0.990723 0.0255432 0.0187531 
54 0 0.994629 0.408447 0.0109406 0.049469 
51 0 0.039856 0.985352 0.0328064 0.0291595 
50 0 0.575684 0.515625 0.0324097 0.0393372 
49 0 0.489014 0.404053 0.0285187 0.0375061 
46 0 0.483887 0.864746 0.0375061 0.044281 
45 0 0.550781 0.9375 0.0285187 0.0333252 
44 0 0.577148 0.1521 0.0277405 0.0332031 
43 0 0.567871 0.102356 0.0296936 0.0379639 
42 0 0.219482 0.181763 0.026947 0.0371094 
41 0 0.290039 0.323975 0.0273438 0.0393372 
40 0 0.541504 0.984375 0.0359497 0.03125 
39 0 0.773438 0.320312 0.0320435 0.0395813 
35 0 0.00669479 0.279785 0.0141754 0.0455627 
34 0 0.583496 0.119812 0.0308533 0.0395203 
32 0 0.266846 0.124451 0.0310516 0.0372925 
31 0 0.134521 0.246826 0.0305634 0.0416565 
30 0 0.98291 0.825195 0.0304718 0.0390625 
29 0 0.019516 0.74707 0.0297089 0.0437622 
27 0 0.235962 0.578125 0.03125 0.0432434 
26 0 0.131226 0.195801 0.034668 0.0455627 
22 0 0.283203 0.21875 0.033783 0.0414124 
21 0 0.0843506 0.806152 0.0282745 0.0375061 
20 0 0.501465 0.73877 0.0437622 0.0520935 
19 0 0.0890503 0.964355 0.0310974 0.0375061 
18 0 0.829102 0.434326 0.0328064 0.0395813 
17 0 0.192993 0.84375 0.0325317 0.0416565 
16 0 0.197632 0.513672 0.0305634 0.0393372 
14 0 0.851562 0.750977 0.0367126 0.046875 
13 0 0.865723 0.4104 0.03125 0.0416565 
12 0 0.936035 0.209473 0.039856 0.0572815 
8 0 0.833008 0.975098 0.0281219 0.0375061 
7 0 0.708496 0.632812 0.0308533 0.0385437 
6 0 0.842285 0.850098 0.0273438 0.033844 
5 0 0.852539 0.229004 0.0453186 0.0536499 
4 0 0.601562 0.21167 0.03125 0.0384216 
3 0 0.772461 0.0768433 0.0328064 0.0406799 
2 0 0.240601 0.854004 0.0320435 0.0416565 
1 0 0.632812 0.578125 0.03125 0.0395813 
