785 0 0.487549 0.76123 0.039856 0.0437622 
784 0 0.308594 0.19397 0.0265656 0.0345154 
783 0 0.62793 0.802246 0.0324097 0.0375061 
775 0 0.773926 0.152954 0.0343628 0.0390625 
765 0 0.80957 0.827637 0.0304718 0.0395813 
764 0 0.563477 0.161377 0.0265656 0.0346375 
758 1 0.0448914 0.813965 0.0328674 0.0416565 
724 0 0.744629 0.12915 0.0296936 0.0376892 
721 0 0.628906 0.0125046 0.0292969 0.0250092 
716 0 0.716309 0.787598 0.0265656 0.0333252 
701 0 0.993164 0.682129 0.014061 0.0354309 
694 0 0.230469 0.473877 0.0230408 0.0304718 
675 0 0.981934 0.0208282 0.0265656 0.0341187 
674 0 0.936035 0.207275 0.0375061 0.0518188 
661 0 0.176514 0.841797 0.0313416 0.0411377 
635 0 0.638184 0.418701 0.0379028 0.0458374 
615 0 0.578125 0.150024 0.0281219 0.0372314 
604 0 0.602539 0.209717 0.0296936 0.0426941 
534 0 0.508789 0.03125 0.0265656 0.0375061 
464 0 0.713379 0.137817 0.0332031 0.0426331 
459 0 0.541504 0.98584 0.0316467 0.0281219 
444 0 0.860352 0.4104 0.0296936 0.0375061 
288 0 0.355957 0.0697632 0.0285187 0.0353699 
247 0 0.261475 0.432373 0.0292969 0.0395813 
176 0 0.476562 0.0531311 0.0281219 0.0395813 
55 0 0.0140533 0.989746 0.0276184 0.0208282 
54 0 0.989746 0.412598 0.0203094 0.0458374 
51 0 0.0429993 0.985352 0.0357056 0.0291595 
50 0 0.509277 0.609375 0.0343628 0.0479126 
49 0 0.457764 0.454834 0.0343628 0.044281 
46 0 0.487549 0.86377 0.03125 0.0395813 
43 0 0.571289 0.101013 0.0296936 0.0360107 
42 0 0.282227 0.199341 0.0320435 0.0421753 
41 0 0.226196 0.389648 0.0320435 0.0416565 
34 0 0.582031 0.12085 0.0328064 0.0375061 
32 0 0.21875 0.17395 0.0308533 0.0354309 
30 0 0.912598 0.98877 0.03125 0.0229187 
27 0 0.235962 0.569824 0.03125 0.0447998 
26 0 0.129639 0.196899 0.0343628 0.0476685 
23 0 0.626465 0.241699 0.0343628 0.0414124 
22 0 0.266113 0.252197 0.0333862 0.0416565 
21 0 0.0844116 0.803223 0.0331116 0.0401001 
19 0 0.0870361 0.960449 0.0346069 0.0416565 
18 0 0.825684 0.432373 0.0328064 0.0395813 
17 0 0.190674 0.84668 0.0338745 0.0437622 
14 0 0.82959 0.758301 0.03125 0.0432434 
8 0 0.823242 0.98877 0.0273438 0.0229187 
7 0 0.709473 0.630371 0.03125 0.0390625 
6 0 0.833008 0.870605 0.0273438 0.0359497 
5 0 0.851562 0.23645 0.0406189 0.0479126 
2 0 0.237549 0.856445 0.03125 0.0453186 
1 0 0.630371 0.616699 0.0296936 0.0416565 
785 0 0.487549 0.76123 0.039856 0.0437622 
784 0 0.308594 0.19397 0.0265656 0.0345154 
783 0 0.62793 0.802246 0.0324097 0.0375061 
775 0 0.773926 0.152954 0.0343628 0.0390625 
765 0 0.80957 0.827637 0.0304718 0.0395813 
764 0 0.563477 0.161377 0.0265656 0.0346375 
758 1 0.0448914 0.813965 0.0328674 0.0416565 
724 0 0.744629 0.12915 0.0296936 0.0376892 
721 0 0.628906 0.0125046 0.0292969 0.0250092 
716 0 0.716309 0.787598 0.0265656 0.0333252 
701 0 0.993164 0.682129 0.014061 0.0354309 
694 0 0.230469 0.473877 0.0230408 0.0304718 
675 0 0.981934 0.0208282 0.0265656 0.0341187 
674 0 0.936035 0.207275 0.0375061 0.0518188 
661 0 0.176514 0.841797 0.0313416 0.0411377 
635 0 0.638184 0.418701 0.0379028 0.0458374 
615 0 0.578125 0.150024 0.0281219 0.0372314 
604 0 0.602539 0.209717 0.0296936 0.0426941 
534 0 0.508789 0.03125 0.0265656 0.0375061 
464 0 0.713379 0.137817 0.0332031 0.0426331 
459 0 0.541504 0.98584 0.0316467 0.0281219 
444 0 0.860352 0.4104 0.0296936 0.0375061 
288 0 0.355957 0.0697632 0.0285187 0.0353699 
247 0 0.261475 0.432373 0.0292969 0.0395813 
176 0 0.476562 0.0531311 0.0281219 0.0395813 
55 0 0.0140533 0.989746 0.0276184 0.0208282 
54 0 0.989746 0.412598 0.0203094 0.0458374 
51 0 0.0429993 0.985352 0.0357056 0.0291595 
50 0 0.509277 0.609375 0.0343628 0.0479126 
49 0 0.457764 0.454834 0.0343628 0.044281 
46 0 0.487549 0.86377 0.03125 0.0395813 
43 0 0.571289 0.101013 0.0296936 0.0360107 
42 0 0.282227 0.199341 0.0320435 0.0421753 
41 0 0.226196 0.389648 0.0320435 0.0416565 
34 0 0.582031 0.12085 0.0328064 0.0375061 
32 0 0.21875 0.17395 0.0308533 0.0354309 
30 0 0.912598 0.98877 0.03125 0.0229187 
27 0 0.235962 0.569824 0.03125 0.0447998 
26 0 0.129639 0.196899 0.0343628 0.0476685 
23 0 0.626465 0.241699 0.0343628 0.0414124 
22 0 0.266113 0.252197 0.0333862 0.0416565 
21 0 0.0844116 0.803223 0.0331116 0.0401001 
19 0 0.0870361 0.960449 0.0346069 0.0416565 
18 0 0.825684 0.432373 0.0328064 0.0395813 
17 0 0.190674 0.84668 0.0338745 0.0437622 
14 0 0.82959 0.758301 0.03125 0.0432434 
8 0 0.823242 0.98877 0.0273438 0.0229187 
7 0 0.709473 0.630371 0.03125 0.0390625 
6 0 0.833008 0.870605 0.0273438 0.0359497 
5 0 0.851562 0.23645 0.0406189 0.0479126 
2 0 0.237549 0.856445 0.03125 0.0453186 
1 0 0.630371 0.616699 0.0296936 0.0416565 
