157 0 0.409424 0.217163 0.0372925 0.053009 
150 0 0.984375 0.868652 0.0249939 0.0333252 
142 0 0.637695 0.420898 0.0339966 0.0473938 
122 0 0.666504 0.136719 0.035553 0.0403748 
121 0 0.743652 0.75 0.0261688 0.0317688 
119 0 0.628906 0.803711 0.0363159 0.0426941 
87 0 0.385498 0.540039 0.03302 0.0414124 
76 0 0.710938 0.79248 0.0324097 0.0401001 
56 0 0.563477 0.159668 0.0273438 0.0326843 
55 0 0.013382 0.990723 0.0258331 0.0187531 
54 0 0.993652 0.408691 0.0124969 0.0499878 
51 0 0.0415039 0.984375 0.0288086 0.0270844 
50 0 0.588379 0.491943 0.0328064 0.0406189 
49 0 0.499268 0.389893 0.0296936 0.0380249 
47 0 0.180176 0.262939 0.0332031 0.039856 
46 0 0.486816 0.865723 0.0292969 0.0395813 
45 0 0.574219 0.885254 0.0324097 0.0333252 
44 0 0.578125 0.151001 0.0281219 0.03125 
43 0 0.567871 0.102112 0.0308533 0.0375061 
42 0 0.212646 0.159546 0.0276337 0.0395813 
41 0 0.312012 0.310303 0.0271454 0.038269 
40 0 0.541504 0.985352 0.0328064 0.0291595 
39 0 0.782715 0.690918 0.0332031 0.0395813 
38 0 0.00708771 0.579102 0.0184174 0.0411377 
37 0 0.976562 0.84668 0.0265656 0.0364685 
35 0 0.0159149 0.240601 0.032074 0.0438843 
34 0 0.584473 0.121887 0.03125 0.0395813 
32 0 0.299316 0.106201 0.0304718 0.0386658 
31 0 0.262451 0.572754 0.0302734 0.0401001 
30 0 0.987305 0.785645 0.0242157 0.0369873 
29 0 0.0281219 0.729004 0.0312195 0.0416565 
27 0 0.238647 0.577148 0.0292969 0.0426941 
26 0 0.132202 0.195801 0.0344849 0.0458374 
25 0 0.647949 0.458496 0.0289001 0.0375061 
24 0 0.271973 0.413818 0.03125 0.0380249 
23 0 0.627441 0.130249 0.0296936 0.0371094 
22 0 0.282715 0.216675 0.0339966 0.0416565 
21 0 0.0828247 0.805176 0.0281219 0.0354309 
20 0 0.511719 0.725098 0.0394592 0.0458374 
19 0 0.0886841 0.963379 0.0293427 0.0395813 
18 0 0.829102 0.434326 0.0328064 0.039856 
17 0 0.192139 0.844727 0.03125 0.0385437 
16 0 0.359863 0.289062 0.0294952 0.0369873 
14 0 0.853027 0.749023 0.0335999 0.0426941 
13 0 0.869629 0.408447 0.0296936 0.0416565 
12 0 0.935059 0.208618 0.0406189 0.0546875 
8 0 0.836914 0.964355 0.0296936 0.0380249 
7 0 0.708496 0.635254 0.0296936 0.0375061 
6 0 0.847656 0.837402 0.0281219 0.0359497 
5 0 0.852539 0.228149 0.0453186 0.0562439 
4 0 0.601562 0.212524 0.03125 0.0412903 
3 0 0.772461 0.0697632 0.0289001 0.0351868 
2 0 0.242188 0.85498 0.0302734 0.0395813 
1 0 0.646973 0.5625 0.0277405 0.0375061 
