682 0 0.488281 0.758301 0.0394592 0.0458374 
681 0 0.633789 0.0104141 0.0351562 0.0209961 
677 0 0.716309 0.78418 0.0296936 0.0359497 
675 0 0.185303 0.961426 0.0342712 0.044281 
667 0 0.979004 0.862305 0.0265656 0.0348816 
662 0 0.992188 0.68457 0.014061 0.0380249 
655 0 0.238037 0.459473 0.0230408 0.0270844 
640 0 0.98584 0.0124893 0.0281219 0.0247498 
639 0 0.936523 0.208374 0.0375061 0.053894 
636 0 0.989258 0.365723 0.0257874 0.0414124 
626 0 0.141357 0.928711 0.0298767 0.0406189 
602 0 0.635742 0.418701 0.0371094 0.0458374 
584 0 0.579102 0.150024 0.0289001 0.037384 
569 0 0.603027 0.209351 0.0289001 0.0397034 
533 0 0.882812 0.663086 0.0335999 0.0406189 
506 0 0.506348 0.0259552 0.0253906 0.0357056 
435 0 0.721191 0.114075 0.0328064 0.0384827 
416 0 0.859375 0.4104 0.0304718 0.0375061 
281 0 0.355713 0.0656738 0.0285187 0.0358582 
245 0 0.260498 0.434326 0.0306702 0.0354309 
178 0 0.479004 0.0506592 0.0261688 0.0338135 
122 0 0.627441 0.239624 0.0328064 0.0375061 
55 0 0.0132828 0.990723 0.0265656 0.0187531 
54 0 0.990723 0.413574 0.0171814 0.0510559 
51 0 0.041687 0.986328 0.0322876 0.0270844 
50 0 0.516602 0.60498 0.0332031 0.0447998 
49 0 0.459717 0.44165 0.0359497 0.0463562 
46 0 0.488281 0.862305 0.0304718 0.0385437 
45 0 0.541992 0.986328 0.03125 0.0270844 
43 0 0.569336 0.103149 0.0300751 0.0358582 
42 0 0.302246 0.218262 0.0320435 0.0395813 
41 0 0.232056 0.381348 0.0304718 0.0411377 
34 0 0.583496 0.120911 0.0328064 0.0379028 
32 0 0.232056 0.172119 0.0294952 0.0339966 
30 0 0.92334 0.974609 0.0351562 0.0406189 
29 0 0.00389481 0.81543 0.00777435 0.0395813 
27 0 0.235962 0.572754 0.028717 0.0416565 
26 0 0.130249 0.197876 0.03302 0.0416565 
22 0 0.268066 0.244507 0.0328064 0.0376282 
21 0 0.0843506 0.804199 0.03125 0.0375061 
19 0 0.0890503 0.962402 0.03125 0.0380249 
18 0 0.828125 0.43335 0.0335999 0.0411377 
17 0 0.191406 0.845703 0.0328064 0.0401001 
14 0 0.838379 0.75293 0.0328064 0.0489502 
8 0 0.823242 0.98877 0.0281219 0.0229187 
7 0 0.709473 0.630371 0.03125 0.0395813 
6 0 0.833008 0.87207 0.0265656 0.0359497 
5 0 0.851562 0.235474 0.0406189 0.0497437 
3 0 0.754883 0.11145 0.03125 0.0391846 
2 0 0.237549 0.857422 0.03125 0.0437622 
1 0 0.630371 0.614746 0.0304718 0.0401001 
