647 0 0.25 0.4375 0.0251923 0.0325623 
645 0 0.56543 0.160278 0.0285187 0.033844 
635 0 0.638184 0.422363 0.0359497 0.0455627 
615 0 0.578125 0.150024 0.03125 0.0375061 
604 0 0.601562 0.210938 0.03125 0.0395813 
579 2 0.0100632 0.729004 0.019989 0.0406189 
562 0 0.950195 0.44751 0.0328064 0.0401001 
535 0 0.991211 0.68457 0.014061 0.0437622 
534 0 0.504883 0.0207672 0.0281219 0.0336609 
464 0 0.744629 0.0778198 0.0335999 0.0413818 
459 0 0.541992 0.985352 0.0316467 0.0291595 
444 0 0.817383 0.415039 0.0351562 0.0414124 
288 0 0.356934 0.0561829 0.0294952 0.037323 
247 0 0.261719 0.438477 0.0333862 0.0390625 
238 0 0.717773 0.78125 0.0292969 0.0333252 
176 0 0.484375 0.0424194 0.0281219 0.0378113 
55 0 0.014061 0.990723 0.0249481 0.0187531 
54 0 0.989746 0.412598 0.0187531 0.0562439 
51 0 0.0415039 0.986816 0.0291748 0.0239563 
50 0 0.532227 0.589355 0.0308533 0.0416565 
49 0 0.458496 0.430176 0.038269 0.0515747 
46 0 0.486816 0.864746 0.0296936 0.0411377 
43 0 0.569336 0.103455 0.0296936 0.0369873 
42 0 0.313965 0.225098 0.0332031 0.0419312 
41 0 0.244507 0.371826 0.0267639 0.0390625 
34 0 0.583008 0.12085 0.0343628 0.0416565 
32 0 0.238281 0.166626 0.0302734 0.0342407 
30 0 0.942383 0.939453 0.0335999 0.0385437 
29 0 0.0062561 0.798828 0.0122833 0.0385437 
27 0 0.233643 0.576172 0.0296936 0.0437622 
26 0 0.130493 0.198975 0.0357361 0.0479126 
23 0 0.635254 0.235474 0.0359497 0.0416565 
22 0 0.273438 0.23645 0.0343628 0.0395813 
21 0 0.0838623 0.805176 0.0284729 0.0354309 
20 0 0.490967 0.752441 0.0414124 0.046875 
19 0 0.0898438 0.963379 0.0296936 0.0385437 
18 0 0.829102 0.435303 0.0328064 0.0372314 
17 0 0.19165 0.845703 0.0338745 0.0416565 
14 0 0.842285 0.754395 0.0343628 0.0489502 
13 0 0.864746 0.413574 0.0328064 0.0395813 
12 0 0.936035 0.209351 0.0406189 0.0559998 
8 0 0.824219 0.987305 0.0265656 0.0249939 
7 0 0.709473 0.631348 0.0339966 0.0416565 
6 0 0.834473 0.869629 0.0257874 0.0390625 
5 0 0.851562 0.236328 0.0429688 0.0513 
3 0 0.759277 0.100891 0.03125 0.0361328 
2 0 0.236694 0.857422 0.0296936 0.0395813 
1 0 0.630371 0.610352 0.0328064 0.0411377 
647 0 0.25 0.4375 0.0251923 0.0325623 
645 0 0.56543 0.160278 0.0285187 0.033844 
635 0 0.638184 0.422363 0.0359497 0.0455627 
615 0 0.578125 0.150024 0.03125 0.0375061 
604 0 0.601562 0.210938 0.03125 0.0395813 
579 2 0.0100632 0.729004 0.019989 0.0406189 
562 0 0.950195 0.44751 0.0328064 0.0401001 
535 0 0.991211 0.68457 0.014061 0.0437622 
534 0 0.504883 0.0207672 0.0281219 0.0336609 
464 0 0.744629 0.0778198 0.0335999 0.0413818 
459 0 0.541992 0.985352 0.0316467 0.0291595 
444 0 0.817383 0.415039 0.0351562 0.0414124 
288 0 0.356934 0.0561829 0.0294952 0.037323 
247 0 0.261719 0.438477 0.0333862 0.0390625 
238 0 0.717773 0.78125 0.0292969 0.0333252 
176 0 0.484375 0.0424194 0.0281219 0.0378113 
55 0 0.014061 0.990723 0.0249481 0.0187531 
54 0 0.989746 0.412598 0.0187531 0.0562439 
51 0 0.0415039 0.986816 0.0291748 0.0239563 
50 0 0.532227 0.589355 0.0308533 0.0416565 
49 0 0.458496 0.430176 0.038269 0.0515747 
46 0 0.486816 0.864746 0.0296936 0.0411377 
43 0 0.569336 0.103455 0.0296936 0.0369873 
42 0 0.313965 0.225098 0.0332031 0.0419312 
41 0 0.244507 0.371826 0.0267639 0.0390625 
34 0 0.583008 0.12085 0.0343628 0.0416565 
32 0 0.238281 0.166626 0.0302734 0.0342407 
30 0 0.942383 0.939453 0.0335999 0.0385437 
29 0 0.0062561 0.798828 0.0122833 0.0385437 
27 0 0.233643 0.576172 0.0296936 0.0437622 
26 0 0.130493 0.198975 0.0357361 0.0479126 
23 0 0.635254 0.235474 0.0359497 0.0416565 
22 0 0.273438 0.23645 0.0343628 0.0395813 
21 0 0.0838623 0.805176 0.0284729 0.0354309 
20 0 0.490967 0.752441 0.0414124 0.046875 
19 0 0.0898438 0.963379 0.0296936 0.0385437 
18 0 0.829102 0.435303 0.0328064 0.0372314 
17 0 0.19165 0.845703 0.0338745 0.0416565 
14 0 0.842285 0.754395 0.0343628 0.0489502 
13 0 0.864746 0.413574 0.0328064 0.0395813 
12 0 0.936035 0.209351 0.0406189 0.0559998 
8 0 0.824219 0.987305 0.0265656 0.0249939 
7 0 0.709473 0.631348 0.0339966 0.0416565 
6 0 0.834473 0.869629 0.0257874 0.0390625 
5 0 0.851562 0.236328 0.0429688 0.0513 
3 0 0.759277 0.100891 0.03125 0.0361328 
2 0 0.236694 0.857422 0.0296936 0.0395813 
1 0 0.630371 0.610352 0.0328064 0.0411377 
