276 0 0.657227 0.925293 0.0394592 0.046875 
274 0 0.340576 0.00946808 0.0318298 0.0185394 
258 0 0.524902 0.0113602 0.026947 0.0217133 
254 0 0.383545 0.0761719 0.0310516 0.0386963 
251 0 0.387939 0.0323181 0.03302 0.0357666 
246 0 0.978027 0.862305 0.0281219 0.0375061 
245 0 0.265625 0.438477 0.0310516 0.0390625 
244 0 0.788086 0.890625 0.0292969 0.0395813 
236 0 0.731445 0.764648 0.0289001 0.0348816 
226 0 0.394043 0.469238 0.0341797 0.0419312 
221 0 0.0368042 0.37915 0.0328979 0.0463562 
178 0 0.500977 0.0137177 0.0296936 0.0280914 
142 0 0.637207 0.420898 0.0351562 0.0458374 
122 0 0.661621 0.17395 0.0359497 0.0403748 
119 0 0.629883 0.804199 0.035553 0.0416565 
55 0 0.0132217 0.990723 0.0256653 0.0192719 
54 0 0.994629 0.408691 0.0109406 0.0479126 
51 0 0.039856 0.985352 0.0328064 0.0291595 
50 0 0.57666 0.514648 0.0324097 0.0385437 
49 0 0.489746 0.404053 0.0296936 0.0380249 
46 0 0.483643 0.86377 0.0363159 0.0437622 
45 0 0.551758 0.935547 0.0277405 0.0322876 
44 0 0.578125 0.150024 0.0281219 0.0335388 
43 0 0.567871 0.102112 0.0296936 0.0374451 
42 0 0.220337 0.175659 0.0281219 0.0361938 
41 0 0.291016 0.323975 0.0277405 0.0401001 
40 0 0.541504 0.985352 0.0343628 0.0291595 
39 0 0.78418 0.342773 0.0332031 0.0419312 
35 0 0.0056839 0.265137 0.0115891 0.0419312 
34 0 0.584473 0.119812 0.03125 0.0393372 
32 0 0.26709 0.124146 0.0314331 0.0389404 
31 0 0.120422 0.269775 0.0304718 0.0372314 
30 0 0.98291 0.82373 0.03125 0.0395813 
29 0 0.0195007 0.74707 0.0298615 0.044281 
27 0 0.235962 0.578125 0.03125 0.0437622 
26 0 0.132812 0.196777 0.0328064 0.0445251 
22 0 0.282715 0.21875 0.0343628 0.0416565 
21 0 0.0836182 0.806152 0.0296936 0.0375061 
20 0 0.501465 0.73877 0.042572 0.0526123 
19 0 0.0883789 0.964355 0.0320435 0.0401001 
18 0 0.829102 0.434326 0.0328064 0.0393372 
17 0 0.192139 0.84375 0.03125 0.0416565 
16 0 0.199951 0.5 0.0300751 0.038269 
14 0 0.852539 0.750977 0.0359497 0.0458374 
13 0 0.865723 0.4104 0.03125 0.0416565 
12 0 0.936035 0.210449 0.0406189 0.058075 
8 0 0.833008 0.975098 0.0273438 0.0364685 
7 0 0.708496 0.633301 0.0304718 0.0380249 
6 0 0.842773 0.850098 0.0265656 0.0333252 
5 0 0.852539 0.228149 0.0453186 0.0528564 
4 0 0.602539 0.213501 0.0316467 0.0390625 
3 0 0.772461 0.0771484 0.0328064 0.041687 
2 0 0.241455 0.854004 0.0328064 0.0416565 
1 0 0.632812 0.578125 0.03125 0.0390625 
