226 0 0.299316 0.394287 0.0285187 0.0387878 
223 0 0.71582 0.705078 0.0273438 0.0359497 
221 0 0.0404968 0.372803 0.0331421 0.0416565 
210 0 0.942383 0.903809 0.0320435 0.0385437 
208 0 0.307129 0.342773 0.0207062 0.0270844 
178 0 0.498535 0.0135345 0.03125 0.0271301 
142 0 0.635742 0.419678 0.0343628 0.0487061 
122 0 0.665527 0.161499 0.0375061 0.0430908 
119 0 0.629883 0.804199 0.0375061 0.0437622 
87 0 0.0359192 0.248169 0.0296326 0.038147 
55 0 0.0125122 0.989746 0.0250244 0.0208282 
54 0 0.994629 0.409424 0.0109406 0.046875 
51 0 0.0405273 0.984375 0.0318604 0.0270844 
50 0 0.584473 0.505371 0.0343628 0.039856 
49 0 0.493652 0.398926 0.0320435 0.0403748 
46 0 0.486816 0.864746 0.0296936 0.0364685 
45 0 0.5625 0.911621 0.0289001 0.03125 
44 0 0.578125 0.151001 0.03125 0.0357971 
43 0 0.567871 0.102112 0.0328064 0.0411987 
42 0 0.220337 0.172729 0.0281219 0.0369873 
41 0 0.301758 0.314941 0.0285187 0.0380249 
40 0 0.542969 0.986328 0.0339966 0.0276031 
39 0 0.768555 0.509277 0.0339966 0.0437622 
35 0 0.00959778 0.270752 0.0189972 0.0408936 
34 0 0.584961 0.121216 0.0328064 0.0403748 
32 0 0.281982 0.116577 0.0290985 0.0360718 
31 0 0.223022 0.382568 0.0294952 0.0406189 
30 0 0.989258 0.803223 0.0226593 0.0369873 
29 0 0.0203857 0.736328 0.0306702 0.0437622 
27 0 0.235596 0.578613 0.0285187 0.0406189 
26 0 0.132812 0.194824 0.0328064 0.0430908 
24 0 0.26709 0.430176 0.0300751 0.0372314 
23 0 0.560059 0.01651 0.0300751 0.0293274 
22 0 0.282471 0.217651 0.03302 0.0419312 
21 0 0.0836182 0.806152 0.0296936 0.0375061 
20 0 0.507812 0.731445 0.0410156 0.0515747 
19 0 0.0887451 0.964355 0.0304718 0.0375061 
18 0 0.828125 0.435059 0.0335999 0.0421753 
17 0 0.193604 0.844727 0.03125 0.0395813 
16 0 0.309326 0.427246 0.0249939 0.0354309 
14 0 0.851562 0.749023 0.0359497 0.0453186 
13 0 0.868164 0.407471 0.0328064 0.044281 
12 0 0.935059 0.204224 0.0390625 0.0542908 
8 0 0.835938 0.967773 0.0281219 0.0390625 
7 0 0.708496 0.633301 0.0300751 0.0375061 
6 0 0.846191 0.844727 0.0296936 0.0354309 
5 0 0.853027 0.230103 0.0476685 0.0531311 
4 0 0.600586 0.213013 0.0332031 0.0428467 
3 0 0.773438 0.0743408 0.0316467 0.0403137 
2 0 0.241455 0.85498 0.0300751 0.0406189 
1 0 0.635742 0.568848 0.03125 0.0416565 
