699 0 0.611816 0.828125 0.0359497 0.0437622 
695 0 0.487061 0.759277 0.039856 0.0453186 
691 0 0.265625 0.891602 0.0283203 0.0302124 
684 0 0.743652 0.0667725 0.0273438 0.0376282 
681 0 0.633789 0.0104065 0.0316467 0.0205231 
677 0 0.71582 0.78418 0.0281219 0.0354309 
675 0 0.13208 0.918945 0.0320435 0.0416565 
662 0 0.992188 0.683105 0.0148468 0.0375061 
655 0 0.234375 0.461182 0.0218811 0.0260468 
640 0 0.983398 0.0152893 0.0265656 0.0298309 
639 0 0.936035 0.207275 0.038269 0.0526123 
626 0 0.178955 0.931152 0.0320435 0.0432434 
602 0 0.63623 0.418701 0.0367126 0.0463562 
584 0 0.579102 0.150879 0.0296936 0.0354309 
569 0 0.602539 0.209595 0.0296936 0.0428467 
533 0 0.84375 0.716309 0.0304718 0.0395813 
506 0 0.507812 0.0281525 0.0249939 0.0354309 
435 0 0.719727 0.123169 0.0300751 0.0365295 
416 0 0.860352 0.4104 0.0296936 0.0375061 
281 0 0.355469 0.067688 0.0296936 0.0353699 
245 0 0.261719 0.432861 0.0296936 0.0385437 
178 0 0.479004 0.0510559 0.0265656 0.0354309 
122 0 0.626465 0.240601 0.0320435 0.0395813 
55 0 0.0124893 0.989746 0.0250244 0.0208282 
54 0 0.990723 0.411377 0.0187531 0.0531311 
51 0 0.0429688 0.986328 0.0327148 0.0270844 
50 0 0.51416 0.606445 0.03125 0.0458374 
49 0 0.459473 0.445801 0.0375061 0.049469 
46 0 0.488281 0.86377 0.0296936 0.0385437 
45 0 0.541992 0.986328 0.03125 0.0270844 
43 0 0.570312 0.101013 0.0300751 0.0357361 
42 0 0.297363 0.214355 0.0349731 0.0386658 
41 0 0.229126 0.384277 0.03125 0.0406189 
34 0 0.583496 0.12085 0.0324097 0.0375061 
32 0 0.227295 0.171875 0.0324097 0.0357971 
30 0 0.92041 0.981445 0.03125 0.0333252 
27 0 0.235962 0.571777 0.0302734 0.0437622 
26 0 0.129639 0.197876 0.0342712 0.0457153 
22 0 0.26709 0.244751 0.0343628 0.0395813 
21 0 0.0843506 0.804199 0.0328064 0.0406189 
19 0 0.0892334 0.963379 0.0324707 0.0421753 
18 0 0.827148 0.433594 0.0328064 0.0411377 
17 0 0.190674 0.84668 0.0343628 0.0437622 
14 0 0.837402 0.755371 0.0320435 0.0447998 
8 0 0.823242 0.98877 0.0281219 0.0229187 
7 0 0.709473 0.630371 0.0324097 0.0395813 
6 0 0.833008 0.87207 0.0249939 0.0354309 
5 0 0.851562 0.236572 0.0406189 0.0479126 
3 0 0.75293 0.114319 0.0304718 0.0376892 
2 0 0.237061 0.857422 0.0318298 0.0437622 
1 0 0.630371 0.614746 0.0289001 0.0380249 
