496 0 0.990723 0.683105 0.015625 0.0416565 
494 0 0.270996 0.4104 0.0234375 0.0291595 
493 0 0.637695 0.422852 0.0386658 0.0458374 
435 0 0.762695 0.0417786 0.0343628 0.0458374 
416 0 0.670898 0.501953 0.0339966 0.0414124 
412 1 0.81543 0.111877 0.0328064 0.0386047 
398 0 0.577148 0.15271 0.0296936 0.0354309 
386 0 0.311523 0.192993 0.035553 0.0423279 
281 0 0.363281 0.0403137 0.0341797 0.044281 
245 0 0.260986 0.440674 0.03125 0.0395813 
236 0 0.722656 0.774902 0.0296936 0.0333252 
178 0 0.496582 0.0239563 0.0375061 0.0439453 
122 0 0.65332 0.211548 0.0343628 0.039856 
55 0 0.0130844 0.990723 0.0262146 0.0187531 
54 0 0.992188 0.408447 0.015625 0.0499878 
51 0 0.0401001 0.986328 0.032074 0.0229187 
50 0 0.550781 0.564453 0.0328064 0.0416565 
49 0 0.471924 0.422363 0.0394592 0.0559998 
46 0 0.486816 0.864746 0.0296936 0.0421753 
45 0 0.541504 0.985352 0.0328064 0.0291595 
43 0 0.568848 0.104187 0.0285187 0.033905 
42 0 0.303223 0.24646 0.0369263 0.04245 
41 0 0.259277 0.366699 0.0316467 0.0414124 
34 0 0.583496 0.121887 0.0328064 0.0395813 
32 0 0.244141 0.154175 0.0318298 0.033844 
30 0 0.959473 0.899902 0.0343628 0.0369873 
29 0 0.0101318 0.776855 0.0203094 0.0375061 
27 0 0.234375 0.577148 0.0318298 0.0458374 
26 0 0.129639 0.199219 0.0377808 0.0524597 
22 0 0.280518 0.223999 0.0328064 0.0397034 
21 0 0.0836182 0.806152 0.0296936 0.0375061 
20 0 0.493652 0.749023 0.0406189 0.0484314 
19 0 0.0898438 0.963379 0.0296936 0.0395813 
18 0 0.82959 0.436035 0.0351562 0.0429688 
17 0 0.192139 0.84668 0.034668 0.0437622 
14 0 0.84668 0.754395 0.0335999 0.0473938 
13 0 0.864746 0.413574 0.0328064 0.0432434 
12 0 0.936035 0.209351 0.0406189 0.0561218 
8 0 0.831055 0.983398 0.0281219 0.0333252 
7 0 0.709473 0.633301 0.03125 0.0411377 
6 0 0.838379 0.860352 0.0265656 0.0375061 
5 0 0.853027 0.231201 0.0437622 0.053894 
4 0 0.601562 0.213501 0.0285187 0.0354309 
3 0 0.765625 0.0979004 0.0308533 0.0396423 
2 0 0.238281 0.858398 0.0332031 0.0416565 
1 0 0.628906 0.605957 0.0304718 0.0395813 
