87 0 0.620117 0.992676 0.0320435 0.0161438 
85 0 0.683105 0.60498 0.0296936 0.0385437 
76 0 0.628906 0.804199 0.0347595 0.0401001 
59 0 0.543945 0.779297 0.0320435 0.0390625 
56 0 0.563965 0.161011 0.0281219 0.0343628 
55 0 0.0125122 0.990723 0.0255585 0.0187531 
54 0 0.994629 0.409424 0.0109406 0.0520935 
53 0 0.00546265 0.0924683 0.0109024 0.0462952 
51 0 0.040863 0.984375 0.0339966 0.03125 
50 0 0.585938 0.486572 0.0320435 0.0395813 
49 0 0.500977 0.385254 0.0300751 0.0369873 
48 0 0.745117 0.742188 0.026947 0.0333252 
47 0 0.0700073 0.258301 0.0319824 0.0432434 
46 0 0.487549 0.865234 0.03125 0.0375061 
45 0 0.583496 0.875977 0.0316467 0.0380249 
44 0 0.578613 0.151001 0.0296936 0.0352783 
43 0 0.567383 0.100281 0.0308533 0.0380859 
42 0 0.197144 0.125488 0.0294952 0.0403748 
41 0 0.31543 0.306885 0.0261688 0.0403748 
40 0 0.540527 0.985352 0.0332031 0.0291595 
39 0 0.739258 0.803711 0.0296936 0.0385437 
38 0 0.119324 0.520508 0.0325317 0.0414124 
37 0 0.924805 0.704102 0.0304718 0.0369873 
35 0 0.0194397 0.223999 0.0352478 0.0471497 
34 0 0.584961 0.121887 0.0296936 0.0395813 
32 0 0.307861 0.0996094 0.0281219 0.0370483 
31 0 0.355469 0.727051 0.0322266 0.0421753 
30 0 0.986816 0.773438 0.0265656 0.0385437 
29 0 0.0296936 0.727051 0.0315857 0.0426941 
27 0 0.239014 0.578125 0.0285187 0.0406189 
26 0 0.133545 0.194092 0.0332031 0.0450439 
25 0 0.603027 0.297852 0.0316467 0.0408936 
24 0 0.272705 0.413574 0.0304718 0.0395813 
23 0 0.700195 0.164062 0.0328064 0.0415344 
22 0 0.282715 0.217651 0.0343628 0.0395813 
21 0 0.0836792 0.805176 0.0294495 0.0354309 
20 0 0.511719 0.720703 0.0390625 0.0473938 
19 0 0.0890503 0.963379 0.0310974 0.0395813 
18 0 0.827148 0.432373 0.0328064 0.0429688 
17 0 0.192017 0.844727 0.0305634 0.0364685 
16 0 0.416504 0.165649 0.0249939 0.0346375 
15 0 0.0453491 0.360352 0.0349426 0.0419312 
14 0 0.854004 0.748047 0.0328064 0.0458374 
13 0 0.869629 0.408447 0.0296936 0.0416565 
12 0 0.935059 0.207275 0.0390625 0.0509033 
10 0 0.672852 0.131592 0.0351562 0.0393372 
9 0 0.635742 0.420898 0.0343628 0.0458374 
8 0 0.836914 0.963379 0.0296936 0.0385437 
7 0 0.708008 0.640625 0.0281219 0.0369873 
6 0 0.847656 0.837402 0.0296936 0.0375061 
5 0 0.853027 0.227051 0.046875 0.0540466 
4 0 0.601562 0.210693 0.0332031 0.0455627 
3 0 0.770996 0.0637207 0.0292969 0.0384827 
2 0 0.24292 0.853027 0.0300751 0.0395813 
1 0 0.645996 0.5625 0.0296936 0.0385437 
87 0 0.620117 0.992676 0.0320435 0.0161438 
85 0 0.683105 0.60498 0.0296936 0.0385437 
76 0 0.628906 0.804199 0.0347595 0.0401001 
59 0 0.543945 0.779297 0.0320435 0.0390625 
56 0 0.563965 0.161011 0.0281219 0.0343628 
55 0 0.0125122 0.990723 0.0255585 0.0187531 
54 0 0.994629 0.409424 0.0109406 0.0520935 
53 0 0.00546265 0.0924683 0.0109024 0.0462952 
51 0 0.040863 0.984375 0.0339966 0.03125 
50 0 0.585938 0.486572 0.0320435 0.0395813 
49 0 0.500977 0.385254 0.0300751 0.0369873 
48 0 0.745117 0.742188 0.026947 0.0333252 
47 0 0.0700073 0.258301 0.0319824 0.0432434 
46 0 0.487549 0.865234 0.03125 0.0375061 
45 0 0.583496 0.875977 0.0316467 0.0380249 
44 0 0.578613 0.151001 0.0296936 0.0352783 
43 0 0.567383 0.100281 0.0308533 0.0380859 
42 0 0.197144 0.125488 0.0294952 0.0403748 
41 0 0.31543 0.306885 0.0261688 0.0403748 
40 0 0.540527 0.985352 0.0332031 0.0291595 
39 0 0.739258 0.803711 0.0296936 0.0385437 
38 0 0.119324 0.520508 0.0325317 0.0414124 
37 0 0.924805 0.704102 0.0304718 0.0369873 
35 0 0.0194397 0.223999 0.0352478 0.0471497 
34 0 0.584961 0.121887 0.0296936 0.0395813 
32 0 0.307861 0.0996094 0.0281219 0.0370483 
31 0 0.355469 0.727051 0.0322266 0.0421753 
30 0 0.986816 0.773438 0.0265656 0.0385437 
29 0 0.0296936 0.727051 0.0315857 0.0426941 
27 0 0.239014 0.578125 0.0285187 0.0406189 
26 0 0.133545 0.194092 0.0332031 0.0450439 
25 0 0.603027 0.297852 0.0316467 0.0408936 
24 0 0.272705 0.413574 0.0304718 0.0395813 
23 0 0.700195 0.164062 0.0328064 0.0415344 
22 0 0.282715 0.217651 0.0343628 0.0395813 
21 0 0.0836792 0.805176 0.0294495 0.0354309 
20 0 0.511719 0.720703 0.0390625 0.0473938 
19 0 0.0890503 0.963379 0.0310974 0.0395813 
18 0 0.827148 0.432373 0.0328064 0.0429688 
17 0 0.192017 0.844727 0.0305634 0.0364685 
16 0 0.416504 0.165649 0.0249939 0.0346375 
15 0 0.0453491 0.360352 0.0349426 0.0419312 
14 0 0.854004 0.748047 0.0328064 0.0458374 
13 0 0.869629 0.408447 0.0296936 0.0416565 
12 0 0.935059 0.207275 0.0390625 0.0509033 
10 0 0.672852 0.131592 0.0351562 0.0393372 
9 0 0.635742 0.420898 0.0343628 0.0458374 
8 0 0.836914 0.963379 0.0296936 0.0385437 
7 0 0.708008 0.640625 0.0281219 0.0369873 
6 0 0.847656 0.837402 0.0296936 0.0375061 
5 0 0.853027 0.227051 0.046875 0.0540466 
4 0 0.601562 0.210693 0.0332031 0.0455627 
3 0 0.770996 0.0637207 0.0292969 0.0384827 
2 0 0.24292 0.853027 0.0300751 0.0395813 
1 0 0.645996 0.5625 0.0296936 0.0385437 
87 0 0.620117 0.992676 0.0320435 0.0161438 
85 0 0.683105 0.60498 0.0296936 0.0385437 
76 0 0.628906 0.804199 0.0347595 0.0401001 
59 0 0.543945 0.779297 0.0320435 0.0390625 
56 0 0.563965 0.161011 0.0281219 0.0343628 
55 0 0.0125122 0.990723 0.0255585 0.0187531 
54 0 0.994629 0.409424 0.0109406 0.0520935 
53 0 0.00546265 0.0924683 0.0109024 0.0462952 
51 0 0.040863 0.984375 0.0339966 0.03125 
50 0 0.585938 0.486572 0.0320435 0.0395813 
49 0 0.500977 0.385254 0.0300751 0.0369873 
48 0 0.745117 0.742188 0.026947 0.0333252 
47 0 0.0700073 0.258301 0.0319824 0.0432434 
46 0 0.487549 0.865234 0.03125 0.0375061 
45 0 0.583496 0.875977 0.0316467 0.0380249 
44 0 0.578613 0.151001 0.0296936 0.0352783 
43 0 0.567383 0.100281 0.0308533 0.0380859 
42 0 0.197144 0.125488 0.0294952 0.0403748 
41 0 0.31543 0.306885 0.0261688 0.0403748 
40 0 0.540527 0.985352 0.0332031 0.0291595 
39 0 0.739258 0.803711 0.0296936 0.0385437 
38 0 0.119324 0.520508 0.0325317 0.0414124 
37 0 0.924805 0.704102 0.0304718 0.0369873 
35 0 0.0194397 0.223999 0.0352478 0.0471497 
34 0 0.584961 0.121887 0.0296936 0.0395813 
32 0 0.307861 0.0996094 0.0281219 0.0370483 
31 0 0.355469 0.727051 0.0322266 0.0421753 
30 0 0.986816 0.773438 0.0265656 0.0385437 
29 0 0.0296936 0.727051 0.0315857 0.0426941 
27 0 0.239014 0.578125 0.0285187 0.0406189 
26 0 0.133545 0.194092 0.0332031 0.0450439 
25 0 0.603027 0.297852 0.0316467 0.0408936 
24 0 0.272705 0.413574 0.0304718 0.0395813 
23 0 0.700195 0.164062 0.0328064 0.0415344 
22 0 0.282715 0.217651 0.0343628 0.0395813 
21 0 0.0836792 0.805176 0.0294495 0.0354309 
20 0 0.511719 0.720703 0.0390625 0.0473938 
19 0 0.0890503 0.963379 0.0310974 0.0395813 
18 0 0.827148 0.432373 0.0328064 0.0429688 
17 0 0.192017 0.844727 0.0305634 0.0364685 
16 0 0.416504 0.165649 0.0249939 0.0346375 
15 0 0.0453491 0.360352 0.0349426 0.0419312 
14 0 0.854004 0.748047 0.0328064 0.0458374 
13 0 0.869629 0.408447 0.0296936 0.0416565 
12 0 0.935059 0.207275 0.0390625 0.0509033 
10 0 0.672852 0.131592 0.0351562 0.0393372 
9 0 0.635742 0.420898 0.0343628 0.0458374 
8 0 0.836914 0.963379 0.0296936 0.0385437 
7 0 0.708008 0.640625 0.0281219 0.0369873 
6 0 0.847656 0.837402 0.0296936 0.0375061 
5 0 0.853027 0.227051 0.046875 0.0540466 
4 0 0.601562 0.210693 0.0332031 0.0455627 
3 0 0.770996 0.0637207 0.0292969 0.0384827 
2 0 0.24292 0.853027 0.0300751 0.0395813 
1 0 0.645996 0.5625 0.0296936 0.0385437 
87 0 0.620117 0.992676 0.0320435 0.0161438 
85 0 0.683105 0.60498 0.0296936 0.0385437 
76 0 0.628906 0.804199 0.0347595 0.0401001 
59 0 0.543945 0.779297 0.0320435 0.0390625 
56 0 0.563965 0.161011 0.0281219 0.0343628 
55 0 0.0125122 0.990723 0.0255585 0.0187531 
54 0 0.994629 0.409424 0.0109406 0.0520935 
53 0 0.00546265 0.0924683 0.0109024 0.0462952 
51 0 0.040863 0.984375 0.0339966 0.03125 
50 0 0.585938 0.486572 0.0320435 0.0395813 
49 0 0.500977 0.385254 0.0300751 0.0369873 
48 0 0.745117 0.742188 0.026947 0.0333252 
47 0 0.0700073 0.258301 0.0319824 0.0432434 
46 0 0.487549 0.865234 0.03125 0.0375061 
45 0 0.583496 0.875977 0.0316467 0.0380249 
44 0 0.578613 0.151001 0.0296936 0.0352783 
43 0 0.567383 0.100281 0.0308533 0.0380859 
42 0 0.197144 0.125488 0.0294952 0.0403748 
41 0 0.31543 0.306885 0.0261688 0.0403748 
40 0 0.540527 0.985352 0.0332031 0.0291595 
39 0 0.739258 0.803711 0.0296936 0.0385437 
38 0 0.119324 0.520508 0.0325317 0.0414124 
37 0 0.924805 0.704102 0.0304718 0.0369873 
35 0 0.0194397 0.223999 0.0352478 0.0471497 
34 0 0.584961 0.121887 0.0296936 0.0395813 
32 0 0.307861 0.0996094 0.0281219 0.0370483 
31 0 0.355469 0.727051 0.0322266 0.0421753 
30 0 0.986816 0.773438 0.0265656 0.0385437 
29 0 0.0296936 0.727051 0.0315857 0.0426941 
27 0 0.239014 0.578125 0.0285187 0.0406189 
26 0 0.133545 0.194092 0.0332031 0.0450439 
25 0 0.603027 0.297852 0.0316467 0.0408936 
24 0 0.272705 0.413574 0.0304718 0.0395813 
23 0 0.700195 0.164062 0.0328064 0.0415344 
22 0 0.282715 0.217651 0.0343628 0.0395813 
21 0 0.0836792 0.805176 0.0294495 0.0354309 
20 0 0.511719 0.720703 0.0390625 0.0473938 
19 0 0.0890503 0.963379 0.0310974 0.0395813 
18 0 0.827148 0.432373 0.0328064 0.0429688 
17 0 0.192017 0.844727 0.0305634 0.0364685 
16 0 0.416504 0.165649 0.0249939 0.0346375 
15 0 0.0453491 0.360352 0.0349426 0.0419312 
14 0 0.854004 0.748047 0.0328064 0.0458374 
13 0 0.869629 0.408447 0.0296936 0.0416565 
12 0 0.935059 0.207275 0.0390625 0.0509033 
10 0 0.672852 0.131592 0.0351562 0.0393372 
9 0 0.635742 0.420898 0.0343628 0.0458374 
8 0 0.836914 0.963379 0.0296936 0.0385437 
7 0 0.708008 0.640625 0.0281219 0.0369873 
6 0 0.847656 0.837402 0.0296936 0.0375061 
5 0 0.853027 0.227051 0.046875 0.0540466 
4 0 0.601562 0.210693 0.0332031 0.0455627 
3 0 0.770996 0.0637207 0.0292969 0.0384827 
2 0 0.24292 0.853027 0.0300751 0.0395813 
1 0 0.645996 0.5625 0.0296936 0.0385437 
87 0 0.620117 0.992676 0.0320435 0.0161438 
85 0 0.683105 0.60498 0.0296936 0.0385437 
76 0 0.628906 0.804199 0.0347595 0.0401001 
59 0 0.543945 0.779297 0.0320435 0.0390625 
56 0 0.563965 0.161011 0.0281219 0.0343628 
55 0 0.0125122 0.990723 0.0255585 0.0187531 
54 0 0.994629 0.409424 0.0109406 0.0520935 
53 0 0.00546265 0.0924683 0.0109024 0.0462952 
51 0 0.040863 0.984375 0.0339966 0.03125 
50 0 0.585938 0.486572 0.0320435 0.0395813 
49 0 0.500977 0.385254 0.0300751 0.0369873 
48 0 0.745117 0.742188 0.026947 0.0333252 
47 0 0.0700073 0.258301 0.0319824 0.0432434 
46 0 0.487549 0.865234 0.03125 0.0375061 
45 0 0.583496 0.875977 0.0316467 0.0380249 
44 0 0.578613 0.151001 0.0296936 0.0352783 
43 0 0.567383 0.100281 0.0308533 0.0380859 
42 0 0.197144 0.125488 0.0294952 0.0403748 
41 0 0.31543 0.306885 0.0261688 0.0403748 
40 0 0.540527 0.985352 0.0332031 0.0291595 
39 0 0.739258 0.803711 0.0296936 0.0385437 
38 0 0.119324 0.520508 0.0325317 0.0414124 
37 0 0.924805 0.704102 0.0304718 0.0369873 
35 0 0.0194397 0.223999 0.0352478 0.0471497 
34 0 0.584961 0.121887 0.0296936 0.0395813 
32 0 0.307861 0.0996094 0.0281219 0.0370483 
31 0 0.355469 0.727051 0.0322266 0.0421753 
30 0 0.986816 0.773438 0.0265656 0.0385437 
29 0 0.0296936 0.727051 0.0315857 0.0426941 
27 0 0.239014 0.578125 0.0285187 0.0406189 
26 0 0.133545 0.194092 0.0332031 0.0450439 
25 0 0.603027 0.297852 0.0316467 0.0408936 
24 0 0.272705 0.413574 0.0304718 0.0395813 
23 0 0.700195 0.164062 0.0328064 0.0415344 
22 0 0.282715 0.217651 0.0343628 0.0395813 
21 0 0.0836792 0.805176 0.0294495 0.0354309 
20 0 0.511719 0.720703 0.0390625 0.0473938 
19 0 0.0890503 0.963379 0.0310974 0.0395813 
18 0 0.827148 0.432373 0.0328064 0.0429688 
17 0 0.192017 0.844727 0.0305634 0.0364685 
16 0 0.416504 0.165649 0.0249939 0.0346375 
15 0 0.0453491 0.360352 0.0349426 0.0419312 
14 0 0.854004 0.748047 0.0328064 0.0458374 
13 0 0.869629 0.408447 0.0296936 0.0416565 
12 0 0.935059 0.207275 0.0390625 0.0509033 
10 0 0.672852 0.131592 0.0351562 0.0393372 
9 0 0.635742 0.420898 0.0343628 0.0458374 
8 0 0.836914 0.963379 0.0296936 0.0385437 
7 0 0.708008 0.640625 0.0281219 0.0369873 
6 0 0.847656 0.837402 0.0296936 0.0375061 
5 0 0.853027 0.227051 0.046875 0.0540466 
4 0 0.601562 0.210693 0.0332031 0.0455627 
3 0 0.770996 0.0637207 0.0292969 0.0384827 
2 0 0.24292 0.853027 0.0300751 0.0395813 
1 0 0.645996 0.5625 0.0296936 0.0385437 
87 0 0.620117 0.992676 0.0320435 0.0161438 
85 0 0.683105 0.60498 0.0296936 0.0385437 
76 0 0.628906 0.804199 0.0347595 0.0401001 
59 0 0.543945 0.779297 0.0320435 0.0390625 
56 0 0.563965 0.161011 0.0281219 0.0343628 
55 0 0.0125122 0.990723 0.0255585 0.0187531 
54 0 0.994629 0.409424 0.0109406 0.0520935 
53 0 0.00546265 0.0924683 0.0109024 0.0462952 
51 0 0.040863 0.984375 0.0339966 0.03125 
50 0 0.585938 0.486572 0.0320435 0.0395813 
49 0 0.500977 0.385254 0.0300751 0.0369873 
48 0 0.745117 0.742188 0.026947 0.0333252 
47 0 0.0700073 0.258301 0.0319824 0.0432434 
46 0 0.487549 0.865234 0.03125 0.0375061 
45 0 0.583496 0.875977 0.0316467 0.0380249 
44 0 0.578613 0.151001 0.0296936 0.0352783 
43 0 0.567383 0.100281 0.0308533 0.0380859 
42 0 0.197144 0.125488 0.0294952 0.0403748 
41 0 0.31543 0.306885 0.0261688 0.0403748 
40 0 0.540527 0.985352 0.0332031 0.0291595 
39 0 0.739258 0.803711 0.0296936 0.0385437 
38 0 0.119324 0.520508 0.0325317 0.0414124 
37 0 0.924805 0.704102 0.0304718 0.0369873 
35 0 0.0194397 0.223999 0.0352478 0.0471497 
34 0 0.584961 0.121887 0.0296936 0.0395813 
32 0 0.307861 0.0996094 0.0281219 0.0370483 
31 0 0.355469 0.727051 0.0322266 0.0421753 
30 0 0.986816 0.773438 0.0265656 0.0385437 
29 0 0.0296936 0.727051 0.0315857 0.0426941 
27 0 0.239014 0.578125 0.0285187 0.0406189 
26 0 0.133545 0.194092 0.0332031 0.0450439 
25 0 0.603027 0.297852 0.0316467 0.0408936 
24 0 0.272705 0.413574 0.0304718 0.0395813 
23 0 0.700195 0.164062 0.0328064 0.0415344 
22 0 0.282715 0.217651 0.0343628 0.0395813 
21 0 0.0836792 0.805176 0.0294495 0.0354309 
20 0 0.511719 0.720703 0.0390625 0.0473938 
19 0 0.0890503 0.963379 0.0310974 0.0395813 
18 0 0.827148 0.432373 0.0328064 0.0429688 
17 0 0.192017 0.844727 0.0305634 0.0364685 
16 0 0.416504 0.165649 0.0249939 0.0346375 
15 0 0.0453491 0.360352 0.0349426 0.0419312 
14 0 0.854004 0.748047 0.0328064 0.0458374 
13 0 0.869629 0.408447 0.0296936 0.0416565 
12 0 0.935059 0.207275 0.0390625 0.0509033 
10 0 0.672852 0.131592 0.0351562 0.0393372 
9 0 0.635742 0.420898 0.0343628 0.0458374 
8 0 0.836914 0.963379 0.0296936 0.0385437 
7 0 0.708008 0.640625 0.0281219 0.0369873 
6 0 0.847656 0.837402 0.0296936 0.0375061 
5 0 0.853027 0.227051 0.046875 0.0540466 
4 0 0.601562 0.210693 0.0332031 0.0455627 
3 0 0.770996 0.0637207 0.0292969 0.0384827 
2 0 0.24292 0.853027 0.0300751 0.0395813 
1 0 0.645996 0.5625 0.0296936 0.0385437 
