258 0 0.524902 0.0107422 0.0289001 0.021286 
254 0 0.334473 0.0437317 0.0248108 0.0348206 
251 0 0.45166 0.00997925 0.0300751 0.0212555 
246 0 0.979004 0.862305 0.0281219 0.0375061 
245 0 0.264648 0.436523 0.0332031 0.039856 
244 0 0.768555 0.811035 0.0296936 0.0375061 
236 0 0.734863 0.765625 0.0265656 0.0359497 
226 0 0.363037 0.435059 0.0304718 0.0406189 
221 0 0.0369263 0.377197 0.0343323 0.0458374 
178 0 0.493652 0.0188599 0.0308533 0.0330505 
142 0 0.638184 0.420898 0.0351562 0.0460815 
122 0 0.664062 0.1698 0.0343628 0.0395813 
119 0 0.628906 0.804199 0.0359497 0.0416565 
55 0 0.012001 0.990723 0.0244446 0.0197906 
54 0 0.994629 0.408691 0.0109406 0.0484314 
51 0 0.039856 0.985352 0.0328064 0.0291595 
50 0 0.579102 0.509277 0.0320435 0.0395813 
49 0 0.491455 0.4021 0.0296936 0.0380249 
46 0 0.485107 0.86377 0.0343628 0.0426941 
45 0 0.556152 0.927734 0.0289001 0.0322876 
44 0 0.578125 0.151001 0.0281219 0.0352783 
43 0 0.567383 0.10437 0.03125 0.0394592 
42 0 0.219971 0.180176 0.0279236 0.0389404 
41 0 0.293457 0.321777 0.028717 0.0406189 
40 0 0.541992 0.985352 0.0343628 0.0291595 
39 0 0.786133 0.408447 0.0328064 0.039856 
35 0 0.0101547 0.277588 0.0191956 0.044281 
34 0 0.583984 0.119812 0.0320435 0.0403137 
32 0 0.270508 0.12146 0.0292969 0.0369263 
31 0 0.157593 0.316162 0.0308533 0.035675 
30 0 0.985352 0.817383 0.0296936 0.0395813 
29 0 0.0210876 0.744629 0.0295868 0.0432434 
27 0 0.234375 0.576172 0.0308533 0.0437622 
26 0 0.13208 0.195801 0.035553 0.0455627 
22 0 0.282715 0.217651 0.0328064 0.040741 
21 0 0.0836182 0.806152 0.0294952 0.0375061 
20 0 0.50293 0.736328 0.0433655 0.0552063 
19 0 0.0888672 0.964355 0.0303192 0.0375061 
18 0 0.827148 0.434326 0.0328064 0.0401001 
17 0 0.192139 0.84375 0.03125 0.0385437 
16 0 0.227295 0.470215 0.03302 0.039856 
14 0 0.851562 0.749023 0.0375061 0.0479126 
13 0 0.867188 0.408447 0.03125 0.0416565 
12 0 0.936035 0.208496 0.0406189 0.0572815 
8 0 0.834473 0.974121 0.0281219 0.0380249 
7 0 0.709473 0.633301 0.03125 0.0390625 
6 0 0.842773 0.849121 0.0265656 0.0348816 
5 0 0.853027 0.228271 0.046875 0.0552063 
4 0 0.604492 0.212524 0.0320435 0.0408936 
3 0 0.773438 0.0750122 0.03125 0.0415344 
2 0 0.240601 0.854004 0.0316467 0.0416565 
1 0 0.633789 0.575195 0.0300751 0.0411377 
