776 0 0.208252 0.805176 0.0296936 0.0390625 
775 0 0.62793 0.802246 0.0343628 0.0406189 
773 0 0.5625 0.160278 0.0281219 0.0343628 
772 0 0.190796 0.84668 0.0331116 0.0432434 
760 0 0.973633 0.0312805 0.0257874 0.0365601 
752 0 0.408691 0.217651 0.0357361 0.0441284 
744 0 0.307861 0.194824 0.0273438 0.03125 
735 0 0.763184 0.279785 0.0316467 0.0379028 
725 0 0.746094 0.946777 0.0308533 0.0390625 
684 0 0.738281 0.1427 0.0292969 0.0357971 
681 0 0.625977 0.0156403 0.0296936 0.031311 
677 0 0.71582 0.787598 0.0281219 0.0333252 
662 0 0.993164 0.683105 0.014061 0.0333252 
655 0 0.225342 0.480713 0.025589 0.0320435 
639 0 0.93457 0.205444 0.0375061 0.0492249 
602 0 0.636719 0.418945 0.0367126 0.0463562 
584 0 0.578125 0.148926 0.0281219 0.0354309 
569 0 0.602539 0.209351 0.0300751 0.0437622 
506 0 0.507812 0.03125 0.0249939 0.0333862 
435 0 0.707031 0.150024 0.0328064 0.042572 
416 0 0.861816 0.409424 0.0296936 0.035675 
281 0 0.354004 0.0706787 0.0263672 0.0325623 
245 0 0.260986 0.43335 0.0285187 0.0369873 
178 0 0.475098 0.0541992 0.0257874 0.0375671 
122 0 0.625 0.240601 0.0320435 0.0395813 
55 0 0.014061 0.989746 0.0281219 0.0208282 
54 0 0.989746 0.414551 0.0203094 0.0458374 
51 0 0.0429688 0.985352 0.0329895 0.0291595 
50 0 0.500977 0.612305 0.0335999 0.0458374 
49 0 0.456299 0.464111 0.0343628 0.0403748 
46 0 0.488281 0.861328 0.0316467 0.0385437 
45 0 0.541504 0.986328 0.0324097 0.0270844 
43 0 0.570312 0.102112 0.0281219 0.0333252 
42 0 0.237915 0.209106 0.0298767 0.0346375 
41 0 0.221924 0.397949 0.03125 0.0458374 
34 0 0.584473 0.12085 0.0320435 0.0375671 
32 0 0.209351 0.185181 0.0286102 0.0329285 
27 0 0.235596 0.568848 0.0306702 0.0458374 
26 0 0.12915 0.195801 0.0335999 0.0458374 
22 0 0.26416 0.263184 0.0347595 0.0441284 
21 0 0.0843506 0.803223 0.03125 0.0390625 
19 0 0.106567 0.977051 0.0334473 0.0411377 
18 0 0.82666 0.431152 0.03125 0.0375061 
14 0 0.842285 0.773926 0.0335999 0.0426941 
8 0 0.823242 0.987305 0.0281219 0.0249939 
7 0 0.708496 0.629395 0.0328064 0.0416565 
6 0 0.830566 0.869629 0.0296936 0.0395813 
5 0 0.851562 0.234375 0.0406189 0.0475159 
2 0 0.236694 0.856445 0.0328064 0.0447998 
1 0 0.630371 0.615723 0.0296936 0.0395813 
