497 0 0.575195 0.111328 0.0343628 0.0391235 
496 0 0.46875 0.467773 0.0335999 0.0471497 
494 0 0.307861 0.810547 0.0249939 0.0317688 
474 0 0.978027 0.862305 0.0265656 0.0328064 
464 0 0.76709 0.0309296 0.0332031 0.04245 
459 0 0.540039 0.986328 0.035553 0.0270844 
444 0 0.654785 0.517578 0.0304718 0.0411377 
439 1 0.875977 0.150879 0.0296936 0.0390015 
438 0 0.990723 0.681152 0.0148468 0.0426941 
423 0 0.577148 0.153442 0.0285187 0.0343628 
410 0 0.310059 0.190674 0.03302 0.0395813 
288 0 0.364746 0.0343933 0.03302 0.0413513 
247 0 0.260986 0.44043 0.0343628 0.0416565 
238 0 0.723633 0.774902 0.03125 0.0364685 
227 0 0.0106735 0.592773 0.0236664 0.0401001 
176 0 0.5 0.0230103 0.0375061 0.0411377 
55 0 0.0137711 0.989746 0.027298 0.0203094 
54 0 0.992188 0.408447 0.015625 0.0541687 
51 0 0.039856 0.986328 0.0328064 0.0270844 
50 0 0.555176 0.556152 0.0320435 0.0411377 
49 0 0.475098 0.415039 0.035553 0.0445251 
46 0 0.486816 0.865723 0.0296936 0.0411377 
43 0 0.568848 0.104309 0.0289001 0.0346985 
42 0 0.296387 0.247681 0.0351562 0.0401001 
41 0 0.26416 0.360352 0.0289001 0.0380249 
39 0 0.562988 0.00881195 0.03125 0.0235443 
34 0 0.583984 0.121765 0.0320435 0.0403137 
32 0 0.243774 0.153442 0.0333862 0.0389404 
30 0 0.96582 0.885254 0.0351562 0.0380249 
29 0 0.0132828 0.772949 0.0233917 0.0375061 
27 0 0.235107 0.578125 0.0324097 0.0437622 
26 0 0.129639 0.199951 0.0400391 0.0541687 
23 0 0.657227 0.201294 0.035553 0.0428467 
22 0 0.283447 0.21875 0.0343628 0.0419312 
21 0 0.0834961 0.807129 0.0305634 0.0395813 
20 0 0.494873 0.748535 0.0421753 0.0499878 
19 0 0.0890503 0.964355 0.0281219 0.0375061 
18 0 0.830566 0.435303 0.0328064 0.0416565 
17 0 0.192993 0.84668 0.0356445 0.0437622 
14 0 0.847656 0.755371 0.0328064 0.0447998 
13 0 0.864258 0.412598 0.0343628 0.0416565 
12 0 0.936035 0.209351 0.0414124 0.0549622 
8 0 0.831055 0.983398 0.0281219 0.0333252 
7 0 0.709473 0.633301 0.03125 0.0385437 
6 0 0.839844 0.860352 0.0265656 0.0375061 
5 0 0.853027 0.230225 0.0437622 0.0497437 
4 0 0.601562 0.213623 0.0308533 0.0367126 
3 0 0.76709 0.0948486 0.03125 0.0395813 
2 0 0.239868 0.857422 0.0332031 0.0406189 
1 0 0.630371 0.604004 0.0300751 0.0406189 
497 0 0.575195 0.111328 0.0343628 0.0391235 
496 0 0.46875 0.467773 0.0335999 0.0471497 
494 0 0.307861 0.810547 0.0249939 0.0317688 
474 0 0.978027 0.862305 0.0265656 0.0328064 
464 0 0.76709 0.0309296 0.0332031 0.04245 
459 0 0.540039 0.986328 0.035553 0.0270844 
444 0 0.654785 0.517578 0.0304718 0.0411377 
439 1 0.875977 0.150879 0.0296936 0.0390015 
438 0 0.990723 0.681152 0.0148468 0.0426941 
423 0 0.577148 0.153442 0.0285187 0.0343628 
410 0 0.310059 0.190674 0.03302 0.0395813 
288 0 0.364746 0.0343933 0.03302 0.0413513 
247 0 0.260986 0.44043 0.0343628 0.0416565 
238 0 0.723633 0.774902 0.03125 0.0364685 
227 0 0.0106735 0.592773 0.0236664 0.0401001 
176 0 0.5 0.0230103 0.0375061 0.0411377 
55 0 0.0137711 0.989746 0.027298 0.0203094 
54 0 0.992188 0.408447 0.015625 0.0541687 
51 0 0.039856 0.986328 0.0328064 0.0270844 
50 0 0.555176 0.556152 0.0320435 0.0411377 
49 0 0.475098 0.415039 0.035553 0.0445251 
46 0 0.486816 0.865723 0.0296936 0.0411377 
43 0 0.568848 0.104309 0.0289001 0.0346985 
42 0 0.296387 0.247681 0.0351562 0.0401001 
41 0 0.26416 0.360352 0.0289001 0.0380249 
39 0 0.562988 0.00881195 0.03125 0.0235443 
34 0 0.583984 0.121765 0.0320435 0.0403137 
32 0 0.243774 0.153442 0.0333862 0.0389404 
30 0 0.96582 0.885254 0.0351562 0.0380249 
29 0 0.0132828 0.772949 0.0233917 0.0375061 
27 0 0.235107 0.578125 0.0324097 0.0437622 
26 0 0.129639 0.199951 0.0400391 0.0541687 
23 0 0.657227 0.201294 0.035553 0.0428467 
22 0 0.283447 0.21875 0.0343628 0.0419312 
21 0 0.0834961 0.807129 0.0305634 0.0395813 
20 0 0.494873 0.748535 0.0421753 0.0499878 
19 0 0.0890503 0.964355 0.0281219 0.0375061 
18 0 0.830566 0.435303 0.0328064 0.0416565 
17 0 0.192993 0.84668 0.0356445 0.0437622 
14 0 0.847656 0.755371 0.0328064 0.0447998 
13 0 0.864258 0.412598 0.0343628 0.0416565 
12 0 0.936035 0.209351 0.0414124 0.0549622 
8 0 0.831055 0.983398 0.0281219 0.0333252 
7 0 0.709473 0.633301 0.03125 0.0385437 
6 0 0.839844 0.860352 0.0265656 0.0375061 
5 0 0.853027 0.230225 0.0437622 0.0497437 
4 0 0.601562 0.213623 0.0308533 0.0367126 
3 0 0.76709 0.0948486 0.03125 0.0395813 
2 0 0.239868 0.857422 0.0332031 0.0406189 
1 0 0.630371 0.604004 0.0300751 0.0406189 
