170 0 0.0119247 0.59082 0.0203552 0.0463562 
164 0 0.820312 0.63623 0.0218811 0.03125 
163 0 0.0119324 0.445312 0.0233765 0.0471497 
157 0 0.407471 0.218506 0.0392456 0.0516968 
153 0 0.307861 0.342773 0.0242157 0.0270844 
150 0 0.98584 0.864746 0.0242157 0.0380249 
142 0 0.636719 0.419678 0.0332031 0.044281 
122 0 0.666504 0.13855 0.0328064 0.0403137 
121 0 0.744629 0.75 0.0265656 0.033844 
119 0 0.629883 0.805176 0.0347595 0.0406189 
87 0 0.359863 0.507812 0.0314331 0.0403748 
76 0 0.728516 0.785645 0.03125 0.0390625 
56 0 0.563477 0.1604 0.026947 0.0333252 
55 0 0.0132675 0.990723 0.0261993 0.0187531 
54 0 0.994629 0.408936 0.0109406 0.0487061 
51 0 0.0421753 0.984375 0.0286407 0.0270844 
50 0 0.588379 0.492188 0.0316467 0.038269 
49 0 0.499268 0.390625 0.0304718 0.0393372 
47 0 0.196899 0.275146 0.0319214 0.0401001 
46 0 0.487549 0.864746 0.0281219 0.0380249 
45 0 0.571777 0.885742 0.0320435 0.0343628 
44 0 0.578125 0.150024 0.0281219 0.0332031 
43 0 0.567871 0.102112 0.0304718 0.0375061 
42 0 0.217773 0.156006 0.0277405 0.0376282 
41 0 0.311035 0.310303 0.0281219 0.0375061 
40 0 0.541504 0.986328 0.0324097 0.0281219 
39 0 0.770996 0.661621 0.0320435 0.0390625 
35 0 0.0151367 0.244751 0.0310516 0.0441284 
34 0 0.584961 0.121887 0.0308533 0.0395813 
32 0 0.299316 0.105347 0.0300751 0.0392456 
31 0 0.251465 0.556152 0.0277405 0.0348816 
30 0 0.98584 0.790527 0.0273438 0.0395813 
29 0 0.0281219 0.729004 0.03125 0.0416565 
27 0 0.239014 0.579102 0.0302734 0.0432434 
26 0 0.132812 0.196899 0.0343628 0.0444031 
25 0 0.635742 0.501953 0.0265656 0.0369873 
24 0 0.271973 0.415039 0.03125 0.038269 
23 0 0.634766 0.109741 0.0296936 0.0390015 
22 0 0.282715 0.216797 0.0343628 0.0408936 
21 0 0.0828247 0.805176 0.0281219 0.0354309 
20 0 0.511719 0.726074 0.0390625 0.0463562 
19 0 0.0897217 0.964355 0.0289001 0.0375061 
18 0 0.828125 0.433594 0.0343628 0.0411377 
17 0 0.19165 0.844727 0.03125 0.0390625 
16 0 0.339844 0.304199 0.0310516 0.0401001 
14 0 0.854004 0.749023 0.0328064 0.0416565 
13 0 0.869629 0.408447 0.0296936 0.0416565 
12 0 0.936035 0.210449 0.0414124 0.0550842 
8 0 0.836914 0.964355 0.0296936 0.0375061 
7 0 0.708008 0.635742 0.03125 0.0385437 
6 0 0.847656 0.837402 0.0265656 0.0348816 
5 0 0.853027 0.228149 0.0460815 0.0562439 
4 0 0.602539 0.213257 0.0328064 0.0438843 
3 0 0.771973 0.0693359 0.0281219 0.0346375 
2 0 0.241455 0.856445 0.0296936 0.0385437 
1 0 0.646973 0.5625 0.0285187 0.0375061 
