704 0 0.564941 0.161743 0.0273438 0.0342407 
701 0 0.992188 0.683105 0.0124969 0.0411377 
694 0 0.242188 0.450928 0.0249939 0.03125 
693 0 0.628906 0.803223 0.0332031 0.0395813 
675 0 0.987305 0.0114899 0.0257874 0.0230865 
674 0 0.936523 0.209351 0.0390625 0.0522156 
671 0 0.94043 0.363525 0.0335999 0.0414124 
661 0 0.141357 0.943848 0.0271454 0.0375061 
635 0 0.635742 0.418213 0.0367126 0.0466003 
615 0 0.577148 0.149658 0.0285187 0.0359497 
604 0 0.602539 0.210449 0.0296936 0.0414124 
562 0 0.891602 0.597168 0.0328064 0.0395813 
534 0 0.505371 0.0246429 0.0265656 0.035614 
464 0 0.726562 0.107422 0.0335999 0.0392456 
459 0 0.541992 0.986328 0.03125 0.0270844 
444 0 0.85791 0.408447 0.03125 0.0419312 
288 0 0.356445 0.0646362 0.0292969 0.0370483 
247 0 0.260254 0.436523 0.0298767 0.0354309 
238 0 0.717285 0.78418 0.0281219 0.0343628 
176 0 0.481201 0.0499878 0.0285187 0.0377502 
55 0 0.0132828 0.990723 0.0265656 0.0187531 
54 0 0.989746 0.413574 0.0187531 0.0526123 
51 0 0.0414124 0.986328 0.0328979 0.0270844 
50 0 0.519531 0.604004 0.0332031 0.0432434 
49 0 0.460449 0.441895 0.0367126 0.049469 
46 0 0.487549 0.86377 0.03125 0.0385437 
43 0 0.568848 0.102112 0.0304718 0.0375671 
42 0 0.304443 0.223755 0.0316467 0.0393372 
41 0 0.235107 0.37915 0.0296936 0.0408936 
34 0 0.583008 0.120422 0.0320435 0.0390625 
32 0 0.236694 0.176392 0.0296936 0.0325623 
30 0 0.928711 0.966797 0.0328064 0.0375061 
29 0 0.00473785 0.811523 0.00959778 0.0354309 
27 0 0.235107 0.572754 0.0296936 0.0416565 
26 0 0.130493 0.197876 0.0325317 0.0416565 
23 0 0.62793 0.239502 0.03125 0.038269 
22 0 0.268799 0.242676 0.0332031 0.0397034 
21 0 0.0841064 0.804199 0.0295868 0.0375061 
20 0 0.488281 0.759277 0.0390625 0.0437622 
19 0 0.0889893 0.962402 0.029541 0.0375061 
18 0 0.82666 0.43335 0.0343628 0.0411377 
17 0 0.191406 0.84668 0.0328064 0.0395813 
14 0 0.838867 0.75293 0.0343628 0.0489502 
8 0 0.823242 0.98877 0.0281219 0.0229187 
7 0 0.709473 0.630371 0.03125 0.0395813 
6 0 0.833496 0.87207 0.0265656 0.0395813 
5 0 0.851562 0.234741 0.0421753 0.049469 
3 0 0.756348 0.1073 0.03125 0.0395813 
2 0 0.236694 0.858398 0.0296936 0.0416565 
1 0 0.631348 0.61377 0.0304718 0.0401001 
704 0 0.564941 0.161743 0.0273438 0.0342407 
701 0 0.992188 0.683105 0.0124969 0.0411377 
694 0 0.242188 0.450928 0.0249939 0.03125 
693 0 0.628906 0.803223 0.0332031 0.0395813 
675 0 0.987305 0.0114899 0.0257874 0.0230865 
674 0 0.936523 0.209351 0.0390625 0.0522156 
671 0 0.94043 0.363525 0.0335999 0.0414124 
661 0 0.141357 0.943848 0.0271454 0.0375061 
635 0 0.635742 0.418213 0.0367126 0.0466003 
615 0 0.577148 0.149658 0.0285187 0.0359497 
604 0 0.602539 0.210449 0.0296936 0.0414124 
562 0 0.891602 0.597168 0.0328064 0.0395813 
534 0 0.505371 0.0246429 0.0265656 0.035614 
464 0 0.726562 0.107422 0.0335999 0.0392456 
459 0 0.541992 0.986328 0.03125 0.0270844 
444 0 0.85791 0.408447 0.03125 0.0419312 
288 0 0.356445 0.0646362 0.0292969 0.0370483 
247 0 0.260254 0.436523 0.0298767 0.0354309 
238 0 0.717285 0.78418 0.0281219 0.0343628 
176 0 0.481201 0.0499878 0.0285187 0.0377502 
55 0 0.0132828 0.990723 0.0265656 0.0187531 
54 0 0.989746 0.413574 0.0187531 0.0526123 
51 0 0.0414124 0.986328 0.0328979 0.0270844 
50 0 0.519531 0.604004 0.0332031 0.0432434 
49 0 0.460449 0.441895 0.0367126 0.049469 
46 0 0.487549 0.86377 0.03125 0.0385437 
43 0 0.568848 0.102112 0.0304718 0.0375671 
42 0 0.304443 0.223755 0.0316467 0.0393372 
41 0 0.235107 0.37915 0.0296936 0.0408936 
34 0 0.583008 0.120422 0.0320435 0.0390625 
32 0 0.236694 0.176392 0.0296936 0.0325623 
30 0 0.928711 0.966797 0.0328064 0.0375061 
29 0 0.00473785 0.811523 0.00959778 0.0354309 
27 0 0.235107 0.572754 0.0296936 0.0416565 
26 0 0.130493 0.197876 0.0325317 0.0416565 
23 0 0.62793 0.239502 0.03125 0.038269 
22 0 0.268799 0.242676 0.0332031 0.0397034 
21 0 0.0841064 0.804199 0.0295868 0.0375061 
20 0 0.488281 0.759277 0.0390625 0.0437622 
19 0 0.0889893 0.962402 0.029541 0.0375061 
18 0 0.82666 0.43335 0.0343628 0.0411377 
17 0 0.191406 0.84668 0.0328064 0.0395813 
14 0 0.838867 0.75293 0.0343628 0.0489502 
8 0 0.823242 0.98877 0.0281219 0.0229187 
7 0 0.709473 0.630371 0.03125 0.0395813 
6 0 0.833496 0.87207 0.0265656 0.0395813 
5 0 0.851562 0.234741 0.0421753 0.049469 
3 0 0.756348 0.1073 0.03125 0.0395813 
2 0 0.236694 0.858398 0.0296936 0.0416565 
1 0 0.631348 0.61377 0.0304718 0.0401001 
