288 0 0.371094 0.00844574 0.0244141 0.0170898 
287 2 0.696777 0.0145798 0.0304718 0.0288391 
285 0 0.575684 0.106506 0.0390625 0.049469 
280 0 0.657715 0.92627 0.0414124 0.0484314 
260 0 0.522461 0.0114746 0.0265656 0.0229187 
256 0 0.411377 0.112549 0.0310516 0.0389404 
253 0 0.372559 0.0477905 0.0316467 0.0382385 
248 0 0.978027 0.862305 0.0289001 0.0375061 
247 0 0.26416 0.438232 0.03125 0.0380249 
246 0 0.791504 0.919922 0.0281219 0.0380249 
238 0 0.730469 0.766602 0.0296936 0.0359497 
227 0 0.195923 0.513184 0.030365 0.038269 
221 0 0.0374146 0.380127 0.0336304 0.0440063 
176 0 0.500977 0.0184784 0.0296936 0.0353088 
140 0 0.636719 0.42041 0.035553 0.0455627 
117 0 0.628906 0.804199 0.0359497 0.0421753 
55 0 0.0135727 0.990723 0.0268555 0.0192719 
54 0 0.994629 0.408447 0.0109406 0.0497437 
51 0 0.039856 0.985352 0.0328064 0.0291595 
50 0 0.575684 0.515625 0.0324097 0.0395813 
49 0 0.489746 0.404053 0.0289001 0.0375061 
46 0 0.483643 0.864746 0.038269 0.0458374 
45 0 0.549805 0.9375 0.0296936 0.0333252 
44 0 0.577148 0.151611 0.0273438 0.0326843 
43 0 0.567871 0.103149 0.0296936 0.0360718 
42 0 0.220337 0.177856 0.0294952 0.037384 
41 0 0.289307 0.323975 0.0273438 0.0395813 
40 0 0.541504 0.984375 0.0359497 0.03125 
39 0 0.766602 0.310303 0.0308533 0.0403748 
34 0 0.583496 0.119812 0.0296936 0.0395813 
32 0 0.26709 0.12561 0.0308533 0.0379639 
31 0 0.13147 0.231567 0.0306702 0.0410156 
30 0 0.981934 0.82373 0.0296936 0.0390625 
29 0 0.0195312 0.748047 0.0296936 0.0426941 
27 0 0.235962 0.578125 0.03125 0.0432434 
26 0 0.131226 0.195801 0.0343628 0.0449219 
23 0 0.661133 0.17395 0.0347595 0.0395813 
22 0 0.282715 0.217651 0.033783 0.0401001 
21 0 0.0836792 0.806152 0.0289001 0.0375061 
20 0 0.501465 0.73877 0.0437622 0.0520935 
19 0 0.0890503 0.96582 0.03125 0.0385437 
18 0 0.828125 0.434326 0.0320435 0.0395813 
17 0 0.192993 0.84375 0.0328064 0.0416565 
16 0 0.395996 0.4646 0.0347595 0.0408936 
14 0 0.850586 0.750977 0.0359497 0.0479126 
13 0 0.865723 0.4104 0.03125 0.0416565 
12 0 0.936035 0.210449 0.039856 0.0576782 
8 0 0.833008 0.975098 0.0281219 0.0375061 
7 0 0.708008 0.633301 0.0308533 0.0380249 
6 0 0.842285 0.851074 0.0281219 0.0343628 
5 0 0.852539 0.228149 0.0453186 0.0526123 
4 0 0.602539 0.213257 0.0304718 0.037384 
3 0 0.772461 0.0770874 0.0328064 0.0414124 
2 0 0.241455 0.854004 0.0322266 0.0421753 
1 0 0.633789 0.578125 0.0304718 0.0395813 
288 0 0.371094 0.00844574 0.0244141 0.0170898 
287 2 0.696777 0.0145798 0.0304718 0.0288391 
285 0 0.575684 0.106506 0.0390625 0.049469 
280 0 0.657715 0.92627 0.0414124 0.0484314 
260 0 0.522461 0.0114746 0.0265656 0.0229187 
256 0 0.411377 0.112549 0.0310516 0.0389404 
253 0 0.372559 0.0477905 0.0316467 0.0382385 
248 0 0.978027 0.862305 0.0289001 0.0375061 
247 0 0.26416 0.438232 0.03125 0.0380249 
246 0 0.791504 0.919922 0.0281219 0.0380249 
238 0 0.730469 0.766602 0.0296936 0.0359497 
227 0 0.195923 0.513184 0.030365 0.038269 
221 0 0.0374146 0.380127 0.0336304 0.0440063 
176 0 0.500977 0.0184784 0.0296936 0.0353088 
140 0 0.636719 0.42041 0.035553 0.0455627 
117 0 0.628906 0.804199 0.0359497 0.0421753 
55 0 0.0135727 0.990723 0.0268555 0.0192719 
54 0 0.994629 0.408447 0.0109406 0.0497437 
51 0 0.039856 0.985352 0.0328064 0.0291595 
50 0 0.575684 0.515625 0.0324097 0.0395813 
49 0 0.489746 0.404053 0.0289001 0.0375061 
46 0 0.483643 0.864746 0.038269 0.0458374 
45 0 0.549805 0.9375 0.0296936 0.0333252 
44 0 0.577148 0.151611 0.0273438 0.0326843 
43 0 0.567871 0.103149 0.0296936 0.0360718 
42 0 0.220337 0.177856 0.0294952 0.037384 
41 0 0.289307 0.323975 0.0273438 0.0395813 
40 0 0.541504 0.984375 0.0359497 0.03125 
39 0 0.766602 0.310303 0.0308533 0.0403748 
34 0 0.583496 0.119812 0.0296936 0.0395813 
32 0 0.26709 0.12561 0.0308533 0.0379639 
31 0 0.13147 0.231567 0.0306702 0.0410156 
30 0 0.981934 0.82373 0.0296936 0.0390625 
29 0 0.0195312 0.748047 0.0296936 0.0426941 
27 0 0.235962 0.578125 0.03125 0.0432434 
26 0 0.131226 0.195801 0.0343628 0.0449219 
23 0 0.661133 0.17395 0.0347595 0.0395813 
22 0 0.282715 0.217651 0.033783 0.0401001 
21 0 0.0836792 0.806152 0.0289001 0.0375061 
20 0 0.501465 0.73877 0.0437622 0.0520935 
19 0 0.0890503 0.96582 0.03125 0.0385437 
18 0 0.828125 0.434326 0.0320435 0.0395813 
17 0 0.192993 0.84375 0.0328064 0.0416565 
16 0 0.395996 0.4646 0.0347595 0.0408936 
14 0 0.850586 0.750977 0.0359497 0.0479126 
13 0 0.865723 0.4104 0.03125 0.0416565 
12 0 0.936035 0.210449 0.039856 0.0576782 
8 0 0.833008 0.975098 0.0281219 0.0375061 
7 0 0.708008 0.633301 0.0308533 0.0380249 
6 0 0.842285 0.851074 0.0281219 0.0343628 
5 0 0.852539 0.228149 0.0453186 0.0526123 
4 0 0.602539 0.213257 0.0304718 0.037384 
3 0 0.772461 0.0770874 0.0328064 0.0414124 
2 0 0.241455 0.854004 0.0322266 0.0421753 
1 0 0.633789 0.578125 0.0304718 0.0395813 
