735 0 0.75 0.141357 0.0304718 0.0371094 
725 0 0.817383 0.805664 0.0289001 0.0364685 
724 0 0.563477 0.161255 0.0265656 0.0339966 
718 1 0.039978 0.847168 0.0340881 0.0437622 
684 0 0.747559 0.117859 0.0308533 0.0361328 
681 0 0.630371 0.0125198 0.0296936 0.0249329 
677 0 0.716309 0.787598 0.0265656 0.033844 
662 0 0.992188 0.682129 0.015625 0.0354309 
655 0 0.231201 0.470947 0.0216827 0.0294342 
640 0 0.98291 0.0198059 0.0265656 0.0355225 
639 0 0.936035 0.2052 0.0367126 0.0514221 
626 0 0.178467 0.84668 0.0344849 0.044281 
602 0 0.637207 0.418457 0.0367126 0.0447998 
584 0 0.578125 0.149048 0.0281219 0.0361938 
569 0 0.602539 0.209351 0.0296936 0.0437622 
506 0 0.508789 0.0312805 0.0265656 0.0374451 
435 0 0.714355 0.133301 0.0304718 0.0370483 
416 0 0.860352 0.4104 0.0296936 0.0375061 
281 0 0.356201 0.0697632 0.0285187 0.0355835 
245 0 0.260986 0.432373 0.0285187 0.0395813 
178 0 0.477295 0.0523376 0.0265656 0.0385437 
122 0 0.626465 0.240601 0.03125 0.0395813 
55 0 0.0132828 0.989746 0.0265656 0.0208282 
54 0 0.989746 0.4104 0.0203094 0.0455627 
51 0 0.0421753 0.986328 0.0344849 0.0281219 
50 0 0.510254 0.608398 0.0328064 0.0463562 
49 0 0.457764 0.452881 0.0335999 0.044281 
46 0 0.486816 0.861328 0.0300751 0.0395813 
45 0 0.541504 0.985352 0.0320435 0.0276031 
43 0 0.571289 0.101196 0.0296936 0.035553 
42 0 0.286133 0.202026 0.0324097 0.0420532 
41 0 0.227295 0.389648 0.0300751 0.0421753 
34 0 0.582031 0.12085 0.0328064 0.0375671 
32 0 0.220337 0.172974 0.0283203 0.0333252 
30 0 0.912598 0.98877 0.0320435 0.0234375 
27 0 0.235962 0.571777 0.03125 0.0437622 
26 0 0.129639 0.197021 0.0343628 0.0473938 
22 0 0.265625 0.250244 0.0347595 0.0410156 
21 0 0.0843506 0.803223 0.03125 0.0395813 
19 0 0.0875244 0.961426 0.03302 0.0421753 
18 0 0.82666 0.432373 0.0335999 0.0395813 
17 0 0.192383 0.84668 0.0335999 0.0432434 
14 0 0.830566 0.754883 0.0296936 0.0406189 
8 0 0.823242 0.98877 0.0281219 0.0229187 
7 0 0.709473 0.630371 0.03125 0.0395813 
6 0 0.833008 0.869629 0.0289001 0.0385437 
5 0 0.851562 0.2323 0.0421753 0.0499878 
2 0 0.237671 0.856445 0.0308533 0.0426941 
1 0 0.630371 0.616699 0.0296936 0.0416565 
