410 0 0.311035 0.19165 0.0306702 0.0369873 
409 0 0.653809 0.927246 0.0410156 0.0526123 
407 0 0.120239 0.0178986 0.0375061 0.0316467 
399 0 0.638672 0.421387 0.0390625 0.0510559 
396 0 0.990723 0.681152 0.0148468 0.0473938 
377 0 0.469482 0.46875 0.0339966 0.0473938 
361 0 0.950684 0.265381 0.0343628 0.0440063 
358 0 0.775879 0.0124893 0.0324097 0.0242615 
355 0 0.140503 0.278809 0.0388794 0.0496216 
343 0 0.00624084 0.321777 0.0125961 0.0466003 
288 0 0.36792 0.0227966 0.0328064 0.0365601 
260 0 0.513184 0.0156403 0.0285187 0.0271149 
247 0 0.260254 0.438721 0.035553 0.0437622 
238 0 0.725586 0.773926 0.0296936 0.0354309 
227 0 0.109497 0.526855 0.0363159 0.0416565 
176 0 0.502441 0.0222473 0.0308533 0.0360413 
55 0 0.0140762 0.989746 0.0281525 0.0208282 
54 0 0.992188 0.407715 0.015625 0.0528564 
51 0 0.0390625 0.986328 0.0343628 0.0276031 
50 0 0.564941 0.541504 0.0339966 0.0414124 
49 0 0.478027 0.4104 0.0375061 0.0499878 
46 0 0.48584 0.866699 0.0335999 0.0447998 
45 0 0.533203 0.975098 0.0328064 0.0348816 
43 0 0.569336 0.103149 0.0296936 0.0354309 
42 0 0.255371 0.211548 0.0353394 0.0445251 
41 0 0.276367 0.3479 0.0300751 0.0408936 
40 0 0.540039 0.987305 0.0328064 0.025528 
39 0 0.693359 0.0930176 0.03125 0.0415344 
34 0 0.584473 0.121094 0.03125 0.0386047 
32 0 0.251465 0.1427 0.0328064 0.0387878 
30 0 0.973633 0.859375 0.0367126 0.0447998 
29 0 0.0141373 0.77002 0.0256805 0.0395813 
27 0 0.235107 0.579102 0.0328064 0.0458374 
26 0 0.130493 0.199951 0.0393677 0.0535278 
23 0 0.65625 0.190674 0.0375061 0.0429688 
22 0 0.284668 0.219971 0.0347595 0.0426941 
21 0 0.0843506 0.805176 0.0306702 0.0395813 
20 0 0.496826 0.742676 0.0433655 0.0505066 
19 0 0.0890503 0.964355 0.03125 0.0406189 
18 0 0.82959 0.435303 0.0343628 0.0416565 
17 0 0.192993 0.845703 0.0359497 0.0453186 
16 0 0.553223 0.540039 0.0332031 0.0437622 
14 0 0.848633 0.755371 0.0343628 0.0453186 
13 0 0.864746 0.412598 0.0328064 0.04245 
12 0 0.936035 0.209595 0.0390625 0.0548096 
8 0 0.831055 0.981445 0.0281219 0.0333252 
7 0 0.709473 0.632324 0.03125 0.0401001 
6 0 0.841309 0.856445 0.0265656 0.0380249 
5 0 0.853027 0.22998 0.0437622 0.0516968 
4 0 0.602539 0.213501 0.0316467 0.039856 
3 0 0.770508 0.0875244 0.03125 0.0366516 
2 0 0.240601 0.858398 0.0320435 0.0432434 
1 0 0.62793 0.589355 0.03125 0.0416565 
410 0 0.311035 0.19165 0.0306702 0.0369873 
409 0 0.653809 0.927246 0.0410156 0.0526123 
407 0 0.120239 0.0178986 0.0375061 0.0316467 
399 0 0.638672 0.421387 0.0390625 0.0510559 
396 0 0.990723 0.681152 0.0148468 0.0473938 
377 0 0.469482 0.46875 0.0339966 0.0473938 
361 0 0.950684 0.265381 0.0343628 0.0440063 
358 0 0.775879 0.0124893 0.0324097 0.0242615 
355 0 0.140503 0.278809 0.0388794 0.0496216 
343 0 0.00624084 0.321777 0.0125961 0.0466003 
288 0 0.36792 0.0227966 0.0328064 0.0365601 
260 0 0.513184 0.0156403 0.0285187 0.0271149 
247 0 0.260254 0.438721 0.035553 0.0437622 
238 0 0.725586 0.773926 0.0296936 0.0354309 
227 0 0.109497 0.526855 0.0363159 0.0416565 
176 0 0.502441 0.0222473 0.0308533 0.0360413 
55 0 0.0140762 0.989746 0.0281525 0.0208282 
54 0 0.992188 0.407715 0.015625 0.0528564 
51 0 0.0390625 0.986328 0.0343628 0.0276031 
50 0 0.564941 0.541504 0.0339966 0.0414124 
49 0 0.478027 0.4104 0.0375061 0.0499878 
46 0 0.48584 0.866699 0.0335999 0.0447998 
45 0 0.533203 0.975098 0.0328064 0.0348816 
43 0 0.569336 0.103149 0.0296936 0.0354309 
42 0 0.255371 0.211548 0.0353394 0.0445251 
41 0 0.276367 0.3479 0.0300751 0.0408936 
40 0 0.540039 0.987305 0.0328064 0.025528 
39 0 0.693359 0.0930176 0.03125 0.0415344 
34 0 0.584473 0.121094 0.03125 0.0386047 
32 0 0.251465 0.1427 0.0328064 0.0387878 
30 0 0.973633 0.859375 0.0367126 0.0447998 
29 0 0.0141373 0.77002 0.0256805 0.0395813 
27 0 0.235107 0.579102 0.0328064 0.0458374 
26 0 0.130493 0.199951 0.0393677 0.0535278 
23 0 0.65625 0.190674 0.0375061 0.0429688 
22 0 0.284668 0.219971 0.0347595 0.0426941 
21 0 0.0843506 0.805176 0.0306702 0.0395813 
20 0 0.496826 0.742676 0.0433655 0.0505066 
19 0 0.0890503 0.964355 0.03125 0.0406189 
18 0 0.82959 0.435303 0.0343628 0.0416565 
17 0 0.192993 0.845703 0.0359497 0.0453186 
16 0 0.553223 0.540039 0.0332031 0.0437622 
14 0 0.848633 0.755371 0.0343628 0.0453186 
13 0 0.864746 0.412598 0.0328064 0.04245 
12 0 0.936035 0.209595 0.0390625 0.0548096 
8 0 0.831055 0.981445 0.0281219 0.0333252 
7 0 0.709473 0.632324 0.03125 0.0401001 
6 0 0.841309 0.856445 0.0265656 0.0380249 
5 0 0.853027 0.22998 0.0437622 0.0516968 
4 0 0.602539 0.213501 0.0316467 0.039856 
3 0 0.770508 0.0875244 0.03125 0.0366516 
2 0 0.240601 0.858398 0.0320435 0.0432434 
1 0 0.62793 0.589355 0.03125 0.0416565 
