744 0 0.307861 0.192749 0.0253906 0.0321655 
743 0 0.62793 0.802246 0.0328064 0.0375061 
735 0 0.780273 0.154907 0.0324097 0.0379028 
725 0 0.801758 0.833496 0.03125 0.0406189 
724 0 0.5625 0.161499 0.0273438 0.0354309 
718 1 0.0396729 0.841309 0.0321655 0.0416565 
684 0 0.744629 0.130249 0.0285187 0.0367737 
681 0 0.628906 0.0125046 0.0296936 0.0250092 
677 0 0.716309 0.787598 0.0265656 0.0333252 
662 0 0.992188 0.682129 0.014061 0.0354309 
655 0 0.230469 0.473877 0.0234375 0.0307312 
640 0 0.981934 0.0219116 0.0265656 0.0348816 
639 0 0.936035 0.206299 0.0375061 0.0527344 
626 0 0.180908 0.84375 0.03302 0.0437622 
602 0 0.638184 0.419678 0.0386658 0.0471497 
584 0 0.578125 0.150024 0.0281219 0.0374451 
569 0 0.602539 0.209473 0.0296936 0.0429688 
506 0 0.508789 0.03125 0.0265656 0.0375061 
435 0 0.713379 0.137573 0.0328064 0.0419922 
416 0 0.860352 0.4104 0.0296936 0.0375061 
281 0 0.356201 0.0697632 0.0281219 0.0354309 
245 0 0.261475 0.432861 0.0300751 0.0395813 
178 0 0.477295 0.0531311 0.026947 0.0395813 
122 0 0.626465 0.240601 0.0343628 0.0401001 
55 0 0.0140762 0.989746 0.0279999 0.0208282 
54 0 0.989258 0.412598 0.0210876 0.0458374 
51 0 0.0427246 0.986328 0.036438 0.0286407 
50 0 0.508789 0.609375 0.0335999 0.0479126 
49 0 0.457031 0.455322 0.035553 0.0463562 
46 0 0.487549 0.86377 0.03125 0.0395813 
45 0 0.541504 0.98584 0.0328064 0.0281219 
43 0 0.571289 0.102478 0.0296936 0.0354919 
42 0 0.281982 0.199219 0.0326233 0.0415344 
41 0 0.226318 0.389648 0.0320435 0.0416565 
34 0 0.582031 0.12085 0.0328064 0.0375061 
32 0 0.21875 0.17395 0.03125 0.0354309 
30 0 0.912598 0.989746 0.0304718 0.0208282 
27 0 0.235962 0.569824 0.03125 0.0437622 
26 0 0.129639 0.196899 0.0343628 0.0447998 
22 0 0.265625 0.252197 0.0339966 0.0416565 
21 0 0.0843506 0.803223 0.0340271 0.0426941 
19 0 0.086792 0.961426 0.0352173 0.0426941 
18 0 0.825684 0.432373 0.0328064 0.0395813 
14 0 0.830566 0.758301 0.03125 0.0421753 
8 0 0.823242 0.98877 0.0273438 0.0229187 
7 0 0.709473 0.630371 0.03125 0.0395813 
6 0 0.833008 0.870605 0.0273438 0.0375061 
5 0 0.851562 0.235596 0.0414124 0.0487061 
2 0 0.237549 0.856445 0.0318298 0.0458374 
1 0 0.630371 0.616699 0.0296936 0.0416565 
