687 0 0.487549 0.757324 0.0379028 0.0447998 
684 0 0.73584 0.0207367 0.0363159 0.0367126 
681 0 0.635254 0.0104141 0.0308533 0.0205994 
677 0 0.716309 0.78418 0.0292969 0.0354309 
675 0 0.168701 0.963379 0.03125 0.0395813 
662 0 0.992188 0.685547 0.014061 0.0385437 
655 0 0.236572 0.459473 0.0214844 0.0270844 
640 0 0.985352 0.0125046 0.0265656 0.0251465 
639 0 0.9375 0.207275 0.0375061 0.0518188 
636 0 0.989746 0.375244 0.0171814 0.0385437 
626 0 0.143799 0.928223 0.0309601 0.0395813 
602 0 0.635742 0.418701 0.0375061 0.0463562 
584 0 0.578125 0.149048 0.0289001 0.0351562 
569 0 0.602539 0.210449 0.0296936 0.040741 
533 0 0.86084 0.670898 0.0328064 0.0369873 
506 0 0.506836 0.0260468 0.0265656 0.0354309 
435 0 0.719727 0.117737 0.0308533 0.0365295 
416 0 0.859375 0.4104 0.0304718 0.0375061 
281 0 0.355469 0.0656128 0.0290985 0.0353699 
245 0 0.26123 0.434326 0.028717 0.0354309 
178 0 0.479004 0.0510864 0.0265656 0.035614 
122 0 0.627441 0.240479 0.0328064 0.0385437 
55 0 0.0132828 0.990723 0.0266113 0.0192719 
54 0 0.990723 0.415039 0.0148468 0.0492249 
51 0 0.0422058 0.985352 0.031311 0.0265656 
50 0 0.515625 0.606445 0.0320435 0.0416565 
49 0 0.460205 0.442627 0.0363159 0.0455627 
46 0 0.488281 0.86377 0.0296936 0.0395813 
45 0 0.541992 0.986328 0.03125 0.0270844 
43 0 0.569336 0.102112 0.0296936 0.0344543 
42 0 0.302979 0.21228 0.0316467 0.0410156 
41 0 0.232056 0.382324 0.0296936 0.0395813 
34 0 0.583008 0.120422 0.0320435 0.0364685 
32 0 0.230469 0.172729 0.0296936 0.0343628 
30 0 0.921875 0.976074 0.0343628 0.0395813 
27 0 0.235962 0.572754 0.0281219 0.0416565 
26 0 0.130493 0.196899 0.0328064 0.0433655 
22 0 0.268066 0.243774 0.0328064 0.0375061 
21 0 0.0843506 0.804199 0.03125 0.0375061 
19 0 0.088562 0.962402 0.0308533 0.0380249 
18 0 0.82666 0.43335 0.0335999 0.0416565 
17 0 0.19104 0.84668 0.0325317 0.0395813 
14 0 0.838379 0.754395 0.0328064 0.0484314 
8 0 0.823242 0.98877 0.0281219 0.0229187 
7 0 0.709473 0.630371 0.03125 0.0395813 
6 0 0.833496 0.87207 0.0265656 0.0354309 
5 0 0.852539 0.234375 0.0421753 0.0519409 
3 0 0.753906 0.112122 0.0296936 0.0371704 
2 0 0.237549 0.857422 0.03125 0.0437622 
1 0 0.630371 0.615723 0.0292969 0.0390625 
