407 0 0.127319 0.0114059 0.0340881 0.0215454 
401 0 0.284424 0.380127 0.0246124 0.0273438 
399 0 0.639648 0.419678 0.0390625 0.0520935 
396 0 0.991211 0.680176 0.014061 0.0479126 
377 0 0.469482 0.467773 0.0332031 0.0489502 
361 0 0.94043 0.273682 0.0351562 0.0441284 
358 0 0.777344 0.011467 0.0324097 0.022995 
355 0 0.143921 0.291504 0.0384827 0.0496216 
343 0 0.00624847 0.32251 0.0128403 0.0445251 
288 0 0.367432 0.0218811 0.0320435 0.035614 
260 0 0.51416 0.0156555 0.0281219 0.0270844 
247 0 0.260986 0.439209 0.0343628 0.0421753 
238 0 0.725586 0.773926 0.0296936 0.0354309 
227 0 0.118774 0.522461 0.0380249 0.0473938 
176 0 0.503906 0.0208588 0.0304718 0.0343018 
55 0 0.0140762 0.989746 0.0281525 0.0208282 
54 0 0.992188 0.407715 0.0164032 0.0528564 
51 0 0.0390625 0.986328 0.0343628 0.0270844 
50 0 0.566406 0.539062 0.0308533 0.038269 
49 0 0.478027 0.411377 0.0375061 0.0489502 
46 0 0.48584 0.865723 0.0332031 0.0437622 
45 0 0.53418 0.976074 0.0335999 0.0359497 
43 0 0.569336 0.103149 0.0296936 0.0354309 
42 0 0.253174 0.208374 0.0349731 0.0423279 
41 0 0.276611 0.3479 0.0285187 0.039856 
40 0 0.539062 0.986328 0.0335999 0.025528 
39 0 0.691895 0.101929 0.0304718 0.0386047 
34 0 0.584473 0.121094 0.0316467 0.0403137 
32 0 0.252441 0.141724 0.0310516 0.0376282 
30 0 0.972656 0.859375 0.0375061 0.0447998 
29 0 0.014328 0.77002 0.026123 0.0395813 
27 0 0.235107 0.578125 0.0328064 0.0453186 
26 0 0.130493 0.198975 0.0390625 0.0518188 
23 0 0.65625 0.189819 0.0367126 0.0423279 
22 0 0.283936 0.219849 0.0349731 0.0419312 
21 0 0.0836182 0.805176 0.0297852 0.0395813 
20 0 0.498535 0.744141 0.0429688 0.0489502 
19 0 0.0890503 0.963379 0.03125 0.0395813 
18 0 0.82959 0.435303 0.0343628 0.0416565 
17 0 0.192993 0.845703 0.0359497 0.0458374 
16 0 0.549316 0.529297 0.03125 0.0416565 
14 0 0.848633 0.754395 0.0343628 0.0458374 
13 0 0.865723 0.413574 0.0343628 0.0434875 
12 0 0.936035 0.210449 0.038269 0.0544128 
8 0 0.831055 0.981445 0.0281219 0.0333252 
7 0 0.709473 0.633301 0.03125 0.0401001 
6 0 0.841309 0.856445 0.0265656 0.0385437 
5 0 0.853027 0.22937 0.0437622 0.051178 
4 0 0.603027 0.213501 0.03125 0.0402222 
3 0 0.770508 0.0864868 0.0304718 0.0353394 
2 0 0.240601 0.859375 0.0318298 0.0437622 
1 0 0.628418 0.589355 0.0320435 0.0416565 
407 0 0.127319 0.0114059 0.0340881 0.0215454 
401 0 0.284424 0.380127 0.0246124 0.0273438 
399 0 0.639648 0.419678 0.0390625 0.0520935 
396 0 0.991211 0.680176 0.014061 0.0479126 
377 0 0.469482 0.467773 0.0332031 0.0489502 
361 0 0.94043 0.273682 0.0351562 0.0441284 
358 0 0.777344 0.011467 0.0324097 0.022995 
355 0 0.143921 0.291504 0.0384827 0.0496216 
343 0 0.00624847 0.32251 0.0128403 0.0445251 
288 0 0.367432 0.0218811 0.0320435 0.035614 
260 0 0.51416 0.0156555 0.0281219 0.0270844 
247 0 0.260986 0.439209 0.0343628 0.0421753 
238 0 0.725586 0.773926 0.0296936 0.0354309 
227 0 0.118774 0.522461 0.0380249 0.0473938 
176 0 0.503906 0.0208588 0.0304718 0.0343018 
55 0 0.0140762 0.989746 0.0281525 0.0208282 
54 0 0.992188 0.407715 0.0164032 0.0528564 
51 0 0.0390625 0.986328 0.0343628 0.0270844 
50 0 0.566406 0.539062 0.0308533 0.038269 
49 0 0.478027 0.411377 0.0375061 0.0489502 
46 0 0.48584 0.865723 0.0332031 0.0437622 
45 0 0.53418 0.976074 0.0335999 0.0359497 
43 0 0.569336 0.103149 0.0296936 0.0354309 
42 0 0.253174 0.208374 0.0349731 0.0423279 
41 0 0.276611 0.3479 0.0285187 0.039856 
40 0 0.539062 0.986328 0.0335999 0.025528 
39 0 0.691895 0.101929 0.0304718 0.0386047 
34 0 0.584473 0.121094 0.0316467 0.0403137 
32 0 0.252441 0.141724 0.0310516 0.0376282 
30 0 0.972656 0.859375 0.0375061 0.0447998 
29 0 0.014328 0.77002 0.026123 0.0395813 
27 0 0.235107 0.578125 0.0328064 0.0453186 
26 0 0.130493 0.198975 0.0390625 0.0518188 
23 0 0.65625 0.189819 0.0367126 0.0423279 
22 0 0.283936 0.219849 0.0349731 0.0419312 
21 0 0.0836182 0.805176 0.0297852 0.0395813 
20 0 0.498535 0.744141 0.0429688 0.0489502 
19 0 0.0890503 0.963379 0.03125 0.0395813 
18 0 0.82959 0.435303 0.0343628 0.0416565 
17 0 0.192993 0.845703 0.0359497 0.0458374 
16 0 0.549316 0.529297 0.03125 0.0416565 
14 0 0.848633 0.754395 0.0343628 0.0458374 
13 0 0.865723 0.413574 0.0343628 0.0434875 
12 0 0.936035 0.210449 0.038269 0.0544128 
8 0 0.831055 0.981445 0.0281219 0.0333252 
7 0 0.709473 0.633301 0.03125 0.0401001 
6 0 0.841309 0.856445 0.0265656 0.0385437 
5 0 0.853027 0.22937 0.0437622 0.051178 
4 0 0.603027 0.213501 0.03125 0.0402222 
3 0 0.770508 0.0864868 0.0304718 0.0353394 
2 0 0.240601 0.859375 0.0318298 0.0437622 
1 0 0.628418 0.589355 0.0320435 0.0416565 
