516 0 0.575195 0.113525 0.0343628 0.0392456 
512 0 0.340576 0.0105438 0.0351562 0.0211945 
464 0 0.762695 0.0397644 0.0343628 0.044281 
459 0 0.541504 0.985352 0.0335999 0.0291595 
444 0 0.644531 0.49585 0.0324097 0.0453186 
439 1 0.846191 0.101196 0.0343628 0.0416565 
423 0 0.57666 0.1521 0.0296936 0.0363159 
410 0 0.311768 0.192017 0.0361328 0.0429688 
288 0 0.364014 0.0385742 0.0343628 0.0437622 
247 0 0.261719 0.440674 0.0328064 0.0403748 
238 0 0.722656 0.774902 0.0296936 0.0333252 
176 0 0.500977 0.0239563 0.0394592 0.0440063 
55 0 0.0132675 0.989746 0.0265808 0.0208282 
54 0 0.991211 0.409912 0.0171814 0.053894 
51 0 0.039856 0.987305 0.0331116 0.0265656 
50 0 0.55127 0.563477 0.0320435 0.0432434 
49 0 0.471924 0.421875 0.0406189 0.0565186 
46 0 0.486816 0.864746 0.0296936 0.0416565 
43 0 0.568359 0.105225 0.0289001 0.035614 
42 0 0.306641 0.24585 0.0372925 0.0416565 
41 0 0.260986 0.364502 0.0314331 0.0416565 
34 0 0.583496 0.122009 0.0324097 0.0406189 
32 0 0.243774 0.154175 0.0314331 0.0375061 
30 0 0.960938 0.896973 0.0320435 0.0369873 
29 0 0.0109253 0.776855 0.0218506 0.0390625 
27 0 0.234131 0.577148 0.0308533 0.0458374 
26 0 0.129639 0.199219 0.0391541 0.053894 
23 0 0.654785 0.209351 0.0339966 0.0387878 
22 0 0.282227 0.223755 0.0339966 0.0433655 
21 0 0.0836182 0.806152 0.0298309 0.0375061 
20 0 0.493652 0.745605 0.0406189 0.049469 
19 0 0.0898438 0.963867 0.0298309 0.0406189 
18 0 0.82959 0.435303 0.0343628 0.0416565 
17 0 0.192993 0.84668 0.0359497 0.0437622 
14 0 0.846191 0.754395 0.0328064 0.0458374 
13 0 0.864258 0.413574 0.0343628 0.0437622 
12 0 0.936035 0.209717 0.0375061 0.0549622 
8 0 0.831055 0.983398 0.0289001 0.0333252 
7 0 0.708496 0.633301 0.0320435 0.0416565 
6 0 0.838379 0.860352 0.0265656 0.0375061 
5 0 0.853027 0.231201 0.0445251 0.0532532 
4 0 0.600586 0.213501 0.0296936 0.0354309 
3 0 0.766602 0.0968628 0.0296936 0.0393982 
2 0 0.239868 0.857422 0.0332031 0.0426941 
1 0 0.629883 0.606445 0.0320435 0.0416565 
516 0 0.575195 0.113525 0.0343628 0.0392456 
512 0 0.340576 0.0105438 0.0351562 0.0211945 
464 0 0.762695 0.0397644 0.0343628 0.044281 
459 0 0.541504 0.985352 0.0335999 0.0291595 
444 0 0.644531 0.49585 0.0324097 0.0453186 
439 1 0.846191 0.101196 0.0343628 0.0416565 
423 0 0.57666 0.1521 0.0296936 0.0363159 
410 0 0.311768 0.192017 0.0361328 0.0429688 
288 0 0.364014 0.0385742 0.0343628 0.0437622 
247 0 0.261719 0.440674 0.0328064 0.0403748 
238 0 0.722656 0.774902 0.0296936 0.0333252 
176 0 0.500977 0.0239563 0.0394592 0.0440063 
55 0 0.0132675 0.989746 0.0265808 0.0208282 
54 0 0.991211 0.409912 0.0171814 0.053894 
51 0 0.039856 0.987305 0.0331116 0.0265656 
50 0 0.55127 0.563477 0.0320435 0.0432434 
49 0 0.471924 0.421875 0.0406189 0.0565186 
46 0 0.486816 0.864746 0.0296936 0.0416565 
43 0 0.568359 0.105225 0.0289001 0.035614 
42 0 0.306641 0.24585 0.0372925 0.0416565 
41 0 0.260986 0.364502 0.0314331 0.0416565 
34 0 0.583496 0.122009 0.0324097 0.0406189 
32 0 0.243774 0.154175 0.0314331 0.0375061 
30 0 0.960938 0.896973 0.0320435 0.0369873 
29 0 0.0109253 0.776855 0.0218506 0.0390625 
27 0 0.234131 0.577148 0.0308533 0.0458374 
26 0 0.129639 0.199219 0.0391541 0.053894 
23 0 0.654785 0.209351 0.0339966 0.0387878 
22 0 0.282227 0.223755 0.0339966 0.0433655 
21 0 0.0836182 0.806152 0.0298309 0.0375061 
20 0 0.493652 0.745605 0.0406189 0.049469 
19 0 0.0898438 0.963867 0.0298309 0.0406189 
18 0 0.82959 0.435303 0.0343628 0.0416565 
17 0 0.192993 0.84668 0.0359497 0.0437622 
14 0 0.846191 0.754395 0.0328064 0.0458374 
13 0 0.864258 0.413574 0.0343628 0.0437622 
12 0 0.936035 0.209717 0.0375061 0.0549622 
8 0 0.831055 0.983398 0.0289001 0.0333252 
7 0 0.708496 0.633301 0.0320435 0.0416565 
6 0 0.838379 0.860352 0.0265656 0.0375061 
5 0 0.853027 0.231201 0.0445251 0.0532532 
4 0 0.600586 0.213501 0.0296936 0.0354309 
3 0 0.766602 0.0968628 0.0296936 0.0393982 
2 0 0.239868 0.857422 0.0332031 0.0426941 
1 0 0.629883 0.606445 0.0320435 0.0416565 
