544 0 0.199097 0.935547 0.0298767 0.0380249 
540 0 0.563965 0.162231 0.0289001 0.0347595 
533 0 0.981445 0.311768 0.0289001 0.0406189 
516 0 0.638184 0.422852 0.0386658 0.0458374 
506 0 0.500977 0.0177307 0.0335999 0.0353088 
503 0 0.990723 0.682617 0.0148468 0.0437622 
435 0 0.754883 0.0548706 0.0351562 0.0410156 
416 0 0.716797 0.418213 0.0335999 0.0450439 
412 1 0.782227 0.0388794 0.0296936 0.0385742 
398 0 0.578125 0.151001 0.03125 0.035614 
281 0 0.36084 0.0488586 0.0316467 0.0406799 
245 0 0.260986 0.441162 0.0306702 0.0375061 
236 0 0.720215 0.779297 0.0289001 0.0333252 
178 0 0.488281 0.0382996 0.0296936 0.0390625 
122 0 0.643555 0.224976 0.0351562 0.0418091 
55 0 0.0124969 0.990723 0.0247345 0.0187531 
54 0 0.990723 0.4104 0.0179749 0.055481 
51 0 0.0405273 0.986328 0.0306702 0.0260468 
50 0 0.542969 0.578125 0.0339966 0.0437622 
49 0 0.46875 0.426758 0.039856 0.0552063 
46 0 0.48584 0.864746 0.03125 0.0426941 
45 0 0.540527 0.985352 0.0320435 0.0291595 
43 0 0.567871 0.10376 0.0296936 0.0357971 
42 0 0.305908 0.235718 0.0372925 0.042572 
41 0 0.251465 0.37085 0.0289001 0.0375061 
34 0 0.583008 0.122009 0.0343628 0.0432434 
32 0 0.244507 0.155151 0.0302734 0.0354309 
30 0 0.95166 0.91748 0.0343628 0.0354309 
29 0 0.0078125 0.787598 0.0161591 0.0375061 
27 0 0.232788 0.578125 0.0289001 0.0437622 
26 0 0.130493 0.198975 0.0387573 0.0523376 
22 0 0.275879 0.230713 0.0328064 0.0379028 
21 0 0.0843506 0.806152 0.0282288 0.0375061 
20 0 0.49292 0.75 0.0394592 0.046875 
19 0 0.0890503 0.962891 0.0312042 0.0406189 
18 0 0.829102 0.434326 0.0328064 0.0395813 
17 0 0.191895 0.845703 0.0353394 0.0416565 
14 0 0.844727 0.754395 0.0328064 0.0458374 
13 0 0.864746 0.414062 0.0328064 0.0421753 
12 0 0.936035 0.208374 0.038269 0.0585938 
8 0 0.82666 0.986328 0.0281219 0.0281219 
7 0 0.708496 0.631348 0.0328064 0.0411377 
6 0 0.836914 0.865234 0.0265656 0.0426941 
5 0 0.851562 0.235107 0.0414124 0.0503845 
4 0 0.602539 0.211426 0.0304718 0.0393372 
3 0 0.761719 0.0982666 0.03125 0.0380249 
2 0 0.238647 0.858398 0.0306702 0.0401001 
1 0 0.630371 0.608398 0.0300751 0.0375061 
