355 0 0.255371 0.220337 0.0314331 0.0368347 
353 0 0.629883 0.804199 0.0347595 0.0416565 
348 0 0.0375061 0.385986 0.0354614 0.0481873 
343 0 0.00623322 0.306152 0.0122833 0.0450439 
340 0 0.310059 0.192505 0.0310516 0.0367126 
288 0 0.373535 0.0167542 0.0290985 0.0293732 
280 0 0.657227 0.927246 0.0421753 0.0499878 
260 0 0.516113 0.0126038 0.0289001 0.0258942 
247 0 0.261719 0.438477 0.0332031 0.0401001 
238 0 0.727539 0.772949 0.0296936 0.0333252 
227 0 0.14917 0.53125 0.0338745 0.039856 
176 0 0.504883 0.0197906 0.03125 0.0354919 
140 0 0.638184 0.421875 0.0390625 0.0479126 
55 0 0.0140762 0.989746 0.0283508 0.0208282 
54 0 0.993652 0.4104 0.0124969 0.0473938 
51 0 0.0390625 0.985352 0.0344849 0.0291595 
50 0 0.568848 0.530273 0.0335999 0.0403748 
49 0 0.480469 0.40625 0.0359497 0.0458374 
46 0 0.486816 0.865234 0.0300751 0.0426941 
45 0 0.540039 0.958984 0.0296936 0.0343628 
43 0 0.569336 0.103149 0.0308533 0.035553 
42 0 0.235352 0.192993 0.0289001 0.039856 
41 0 0.282715 0.337158 0.0279236 0.0385437 
40 0 0.541992 0.986328 0.0351562 0.0281219 
39 0 0.744141 0.156006 0.0304718 0.0394592 
34 0 0.584473 0.120972 0.0335999 0.0414124 
32 0 0.263428 0.132324 0.0328064 0.0400391 
31 0 0.0418091 0.0873413 0.0294189 0.035614 
30 0 0.975098 0.846191 0.0351562 0.0437622 
29 0 0.0163879 0.759277 0.0264893 0.0395813 
27 0 0.235962 0.578125 0.03125 0.0437622 
26 0 0.130127 0.198608 0.0369263 0.0450439 
23 0 0.657715 0.185425 0.0367126 0.0418091 
22 0 0.283203 0.221069 0.0347595 0.0410156 
21 0 0.0836182 0.805176 0.0296936 0.0395813 
20 0 0.496826 0.739258 0.0449219 0.0531311 
19 0 0.0882568 0.964355 0.0328064 0.0416565 
18 0 0.829102 0.435303 0.0328064 0.0416565 
17 0 0.192139 0.845703 0.0343628 0.0416565 
16 0 0.458984 0.484863 0.0328064 0.0432434 
14 0 0.850098 0.754395 0.0351562 0.0458374 
13 0 0.865723 0.411377 0.0335999 0.0437622 
12 0 0.936523 0.210449 0.0390625 0.0553284 
8 0 0.831055 0.979004 0.0281219 0.0364685 
7 0 0.709473 0.633789 0.03125 0.0385437 
6 0 0.842285 0.854004 0.0281219 0.0375061 
5 0 0.852539 0.229126 0.0437622 0.0541687 
4 0 0.602539 0.2146 0.0332031 0.0416565 
3 0 0.770996 0.0820312 0.0328064 0.0406799 
2 0 0.239624 0.858398 0.0335999 0.0426941 
1 0 0.630371 0.584473 0.0332031 0.0411377 
355 0 0.255371 0.220337 0.0314331 0.0368347 
353 0 0.629883 0.804199 0.0347595 0.0416565 
348 0 0.0375061 0.385986 0.0354614 0.0481873 
343 0 0.00623322 0.306152 0.0122833 0.0450439 
340 0 0.310059 0.192505 0.0310516 0.0367126 
288 0 0.373535 0.0167542 0.0290985 0.0293732 
280 0 0.657227 0.927246 0.0421753 0.0499878 
260 0 0.516113 0.0126038 0.0289001 0.0258942 
247 0 0.261719 0.438477 0.0332031 0.0401001 
238 0 0.727539 0.772949 0.0296936 0.0333252 
227 0 0.14917 0.53125 0.0338745 0.039856 
176 0 0.504883 0.0197906 0.03125 0.0354919 
140 0 0.638184 0.421875 0.0390625 0.0479126 
55 0 0.0140762 0.989746 0.0283508 0.0208282 
54 0 0.993652 0.4104 0.0124969 0.0473938 
51 0 0.0390625 0.985352 0.0344849 0.0291595 
50 0 0.568848 0.530273 0.0335999 0.0403748 
49 0 0.480469 0.40625 0.0359497 0.0458374 
46 0 0.486816 0.865234 0.0300751 0.0426941 
45 0 0.540039 0.958984 0.0296936 0.0343628 
43 0 0.569336 0.103149 0.0308533 0.035553 
42 0 0.235352 0.192993 0.0289001 0.039856 
41 0 0.282715 0.337158 0.0279236 0.0385437 
40 0 0.541992 0.986328 0.0351562 0.0281219 
39 0 0.744141 0.156006 0.0304718 0.0394592 
34 0 0.584473 0.120972 0.0335999 0.0414124 
32 0 0.263428 0.132324 0.0328064 0.0400391 
31 0 0.0418091 0.0873413 0.0294189 0.035614 
30 0 0.975098 0.846191 0.0351562 0.0437622 
29 0 0.0163879 0.759277 0.0264893 0.0395813 
27 0 0.235962 0.578125 0.03125 0.0437622 
26 0 0.130127 0.198608 0.0369263 0.0450439 
23 0 0.657715 0.185425 0.0367126 0.0418091 
22 0 0.283203 0.221069 0.0347595 0.0410156 
21 0 0.0836182 0.805176 0.0296936 0.0395813 
20 0 0.496826 0.739258 0.0449219 0.0531311 
19 0 0.0882568 0.964355 0.0328064 0.0416565 
18 0 0.829102 0.435303 0.0328064 0.0416565 
17 0 0.192139 0.845703 0.0343628 0.0416565 
16 0 0.458984 0.484863 0.0328064 0.0432434 
14 0 0.850098 0.754395 0.0351562 0.0458374 
13 0 0.865723 0.411377 0.0335999 0.0437622 
12 0 0.936523 0.210449 0.0390625 0.0553284 
8 0 0.831055 0.979004 0.0281219 0.0364685 
7 0 0.709473 0.633789 0.03125 0.0385437 
6 0 0.842285 0.854004 0.0281219 0.0375061 
5 0 0.852539 0.229126 0.0437622 0.0541687 
4 0 0.602539 0.2146 0.0332031 0.0416565 
3 0 0.770996 0.0820312 0.0328064 0.0406799 
2 0 0.239624 0.858398 0.0335999 0.0426941 
1 0 0.630371 0.584473 0.0332031 0.0411377 
