314 0 0.296143 0.358398 0.0230408 0.0249939 
307 0 0.0087204 0.298096 0.0166321 0.0484314 
302 0 0.990723 0.680664 0.015625 0.0447998 
300 0 0.340576 0.00940704 0.03125 0.018692 
288 0 0.311768 0.190674 0.0310516 0.0359497 
281 0 0.373535 0.0125275 0.0285187 0.025238 
276 0 0.657227 0.927246 0.0402222 0.0473938 
258 0 0.518555 0.0125198 0.0281219 0.0250397 
251 0 0.313721 0.143921 0.0306702 0.0401611 
245 0 0.262451 0.437744 0.0316467 0.0390625 
236 0 0.728027 0.77002 0.0289001 0.0354309 
226 0 0.433105 0.413574 0.0335999 0.0440063 
221 0 0.0388489 0.383301 0.0368652 0.0497437 
178 0 0.494629 0.021759 0.0289001 0.0357666 
142 0 0.637695 0.421875 0.0375061 0.0473938 
122 0 0.661621 0.179199 0.0359497 0.0418091 
119 0 0.628906 0.804199 0.0359497 0.0416565 
55 0 0.0132599 0.990723 0.0262146 0.0197906 
54 0 0.994629 0.408447 0.0109406 0.0499878 
51 0 0.0397339 0.985352 0.0335999 0.0291595 
50 0 0.571289 0.523926 0.0339966 0.039856 
49 0 0.487549 0.405273 0.0304718 0.0395813 
46 0 0.483643 0.866211 0.0379028 0.0479126 
45 0 0.54541 0.946777 0.0289001 0.0317688 
43 0 0.569336 0.102112 0.0296936 0.0375061 
42 0 0.228271 0.186401 0.0289001 0.0393372 
41 0 0.285889 0.330322 0.0283203 0.0401001 
40 0 0.541504 0.985352 0.0367126 0.0291595 
39 0 0.743652 0.247192 0.0308533 0.038147 
34 0 0.583496 0.120544 0.0328064 0.0401611 
32 0 0.259277 0.126221 0.0306702 0.0395813 
31 0 0.0714722 0.16626 0.0314026 0.0377502 
30 0 0.978027 0.836426 0.03125 0.0380249 
29 0 0.0187531 0.75293 0.0281219 0.0406189 
27 0 0.234985 0.578125 0.0316467 0.044281 
26 0 0.131226 0.198975 0.0343628 0.0441284 
22 0 0.282715 0.21875 0.0343628 0.0410156 
21 0 0.0836182 0.806152 0.0296936 0.0375061 
20 0 0.498535 0.739746 0.0437622 0.0499878 
19 0 0.0882568 0.96582 0.0328064 0.0395813 
18 0 0.829102 0.43457 0.0328064 0.0406189 
17 0 0.192261 0.844727 0.0341797 0.0432434 
16 0 0.164673 0.524902 0.0331116 0.0408936 
14 0 0.849121 0.750977 0.0328064 0.0437622 
13 0 0.865723 0.411377 0.03125 0.0395813 
12 0 0.936523 0.209351 0.0390625 0.0562439 
8 0 0.833008 0.976074 0.0265656 0.033844 
7 0 0.708496 0.634277 0.0316467 0.0395813 
6 0 0.84375 0.853027 0.0257874 0.0354309 
5 0 0.853027 0.229126 0.0437622 0.0541687 
4 0 0.603027 0.215576 0.0300751 0.0359497 
3 0 0.771973 0.0791626 0.03125 0.0380859 
2 0 0.240601 0.854004 0.03125 0.0416565 
1 0 0.631836 0.58252 0.0300751 0.0395813 
