677 0 0.71582 0.78418 0.0281219 0.0354309 
675 0 0.17395 0.978516 0.0359497 0.0385437 
667 0 0.978027 0.86377 0.0281219 0.0354309 
662 0 0.991211 0.681152 0.014061 0.0385437 
655 0 0.238281 0.459473 0.0232391 0.0273438 
640 0 0.98584 0.0125275 0.0281219 0.0246887 
639 0 0.936523 0.208374 0.0390625 0.053894 
636 0 0.981934 0.373291 0.0296936 0.0421753 
626 0 0.141357 0.929199 0.0298767 0.0406189 
602 0 0.635742 0.419678 0.0375061 0.0466003 
584 0 0.578125 0.150024 0.0281219 0.0375061 
569 0 0.602539 0.209351 0.0296936 0.039978 
533 0 0.870117 0.642578 0.0351562 0.0437622 
506 0 0.505371 0.0260773 0.0265656 0.035553 
435 0 0.722656 0.113647 0.0328064 0.039917 
416 0 0.858398 0.4104 0.0296936 0.0375061 
281 0 0.356201 0.0645752 0.0281219 0.0370789 
245 0 0.260986 0.434326 0.0306702 0.035675 
178 0 0.479004 0.0493469 0.0265656 0.0327759 
122 0 0.62793 0.239624 0.0320435 0.0377502 
55 0 0.0132828 0.990723 0.0265656 0.0187531 
54 0 0.991211 0.414551 0.0171814 0.0489502 
51 0 0.0414429 0.986328 0.0326538 0.025528 
50 0 0.51709 0.606445 0.0343628 0.0473938 
49 0 0.460205 0.442139 0.0371094 0.0471497 
46 0 0.488281 0.86377 0.0304718 0.0395813 
45 0 0.541992 0.986328 0.03125 0.0270844 
43 0 0.570801 0.102112 0.0320435 0.0376892 
42 0 0.303955 0.214111 0.0314331 0.0397034 
41 0 0.232788 0.380371 0.0310516 0.0401001 
34 0 0.583496 0.119812 0.0332031 0.0395203 
32 0 0.232788 0.172974 0.028717 0.0334778 
30 0 0.92334 0.974121 0.0351562 0.0401001 
29 0 0.00388718 0.813477 0.00782776 0.0395813 
27 0 0.235107 0.572754 0.0296936 0.0416565 
26 0 0.130493 0.197876 0.0328064 0.0421753 
22 0 0.268066 0.24353 0.0328064 0.0363159 
21 0 0.0843506 0.804199 0.0312042 0.0375061 
19 0 0.0890503 0.962402 0.0312042 0.0375061 
18 0 0.82666 0.433838 0.0335999 0.0408936 
17 0 0.191406 0.84668 0.0328064 0.0406189 
14 0 0.838379 0.75293 0.0343628 0.049469 
8 0 0.823242 0.98877 0.0281219 0.0229187 
7 0 0.709473 0.630371 0.03125 0.0401001 
6 0 0.833008 0.87207 0.0273438 0.0354309 
5 0 0.852539 0.236206 0.0421753 0.0493469 
3 0 0.754883 0.111511 0.0308533 0.0393372 
2 0 0.237549 0.857422 0.03125 0.0437622 
1 0 0.631348 0.61377 0.03125 0.0401001 
