244 0 0.991211 0.678223 0.014061 0.0479126 
240 0 0.977539 0.860352 0.0296936 0.0369873 
238 0 0.743164 0.755371 0.0343628 0.0426941 
227 0 0.251465 0.417725 0.0292969 0.035675 
221 0 0.0400696 0.374756 0.0371704 0.046875 
210 0 0.992188 0.958008 0.0179749 0.0385437 
208 0 0.307861 0.344238 0.0228577 0.0278625 
176 0 0.496094 0.0156708 0.0308533 0.030838 
140 0 0.637695 0.419678 0.0367126 0.0484314 
117 0 0.629883 0.804688 0.0363159 0.0437622 
55 0 0.0122223 0.989746 0.024292 0.0208282 
54 0 0.994629 0.408447 0.0109406 0.0458374 
51 0 0.0398254 0.984375 0.0327759 0.0270844 
50 0 0.582031 0.507324 0.0328064 0.0390625 
49 0 0.492188 0.399902 0.03125 0.0416565 
46 0 0.48584 0.866699 0.03125 0.0354309 
45 0 0.55957 0.91748 0.0300751 0.0348816 
44 0 0.579102 0.150635 0.0296936 0.0369263 
43 0 0.567871 0.104431 0.0296936 0.0380249 
42 0 0.220337 0.177368 0.0275421 0.038147 
41 0 0.300781 0.319824 0.0300751 0.0393372 
40 0 0.541504 0.985352 0.0328064 0.0291595 
39 0 0.770996 0.476074 0.0332031 0.0416565 
35 0 0.00907898 0.274658 0.0186615 0.0447998 
34 0 0.584473 0.121887 0.0316467 0.0432434 
32 0 0.274902 0.119812 0.03125 0.0388794 
31 0 0.18335 0.347412 0.0300751 0.0387878 
30 0 0.98584 0.80957 0.0281219 0.0359497 
29 0 0.0211182 0.739746 0.0302277 0.0416565 
27 0 0.235107 0.578125 0.0296936 0.0437622 
26 0 0.132568 0.194824 0.033783 0.0446472 
24 0 0.266113 0.432861 0.028717 0.0341187 
23 0 0.665039 0.164551 0.0359497 0.0414124 
22 0 0.282715 0.218018 0.0343628 0.0430908 
21 0 0.0836182 0.806152 0.0296936 0.0375061 
20 0 0.506348 0.730957 0.0414124 0.0531311 
19 0 0.088501 0.964355 0.0293427 0.0375061 
18 0 0.828125 0.435303 0.0343628 0.0414124 
17 0 0.192993 0.844727 0.032135 0.0395813 
16 0 0.311768 0.45459 0.0304718 0.0414124 
14 0 0.851562 0.75 0.0367126 0.0463562 
13 0 0.868164 0.407227 0.0328064 0.0434875 
12 0 0.936035 0.209351 0.0375061 0.0562439 
8 0 0.835938 0.970703 0.0289001 0.0375061 
7 0 0.708496 0.633301 0.0296936 0.0375061 
6 0 0.845215 0.845703 0.0289001 0.0348816 
5 0 0.852539 0.229126 0.0453186 0.053772 
4 0 0.600586 0.211426 0.03125 0.0429688 
3 0 0.773438 0.0752563 0.0316467 0.040741 
2 0 0.240601 0.854004 0.0308533 0.0401001 
1 0 0.634277 0.571777 0.0308533 0.0406189 
244 0 0.991211 0.678223 0.014061 0.0479126 
240 0 0.977539 0.860352 0.0296936 0.0369873 
238 0 0.743164 0.755371 0.0343628 0.0426941 
227 0 0.251465 0.417725 0.0292969 0.035675 
221 0 0.0400696 0.374756 0.0371704 0.046875 
210 0 0.992188 0.958008 0.0179749 0.0385437 
208 0 0.307861 0.344238 0.0228577 0.0278625 
176 0 0.496094 0.0156708 0.0308533 0.030838 
140 0 0.637695 0.419678 0.0367126 0.0484314 
117 0 0.629883 0.804688 0.0363159 0.0437622 
55 0 0.0122223 0.989746 0.024292 0.0208282 
54 0 0.994629 0.408447 0.0109406 0.0458374 
51 0 0.0398254 0.984375 0.0327759 0.0270844 
50 0 0.582031 0.507324 0.0328064 0.0390625 
49 0 0.492188 0.399902 0.03125 0.0416565 
46 0 0.48584 0.866699 0.03125 0.0354309 
45 0 0.55957 0.91748 0.0300751 0.0348816 
44 0 0.579102 0.150635 0.0296936 0.0369263 
43 0 0.567871 0.104431 0.0296936 0.0380249 
42 0 0.220337 0.177368 0.0275421 0.038147 
41 0 0.300781 0.319824 0.0300751 0.0393372 
40 0 0.541504 0.985352 0.0328064 0.0291595 
39 0 0.770996 0.476074 0.0332031 0.0416565 
35 0 0.00907898 0.274658 0.0186615 0.0447998 
34 0 0.584473 0.121887 0.0316467 0.0432434 
32 0 0.274902 0.119812 0.03125 0.0388794 
31 0 0.18335 0.347412 0.0300751 0.0387878 
30 0 0.98584 0.80957 0.0281219 0.0359497 
29 0 0.0211182 0.739746 0.0302277 0.0416565 
27 0 0.235107 0.578125 0.0296936 0.0437622 
26 0 0.132568 0.194824 0.033783 0.0446472 
24 0 0.266113 0.432861 0.028717 0.0341187 
23 0 0.665039 0.164551 0.0359497 0.0414124 
22 0 0.282715 0.218018 0.0343628 0.0430908 
21 0 0.0836182 0.806152 0.0296936 0.0375061 
20 0 0.506348 0.730957 0.0414124 0.0531311 
19 0 0.088501 0.964355 0.0293427 0.0375061 
18 0 0.828125 0.435303 0.0343628 0.0414124 
17 0 0.192993 0.844727 0.032135 0.0395813 
16 0 0.311768 0.45459 0.0304718 0.0414124 
14 0 0.851562 0.75 0.0367126 0.0463562 
13 0 0.868164 0.407227 0.0328064 0.0434875 
12 0 0.936035 0.209351 0.0375061 0.0562439 
8 0 0.835938 0.970703 0.0289001 0.0375061 
7 0 0.708496 0.633301 0.0296936 0.0375061 
6 0 0.845215 0.845703 0.0289001 0.0348816 
5 0 0.852539 0.229126 0.0453186 0.053772 
4 0 0.600586 0.211426 0.03125 0.0429688 
3 0 0.773438 0.0752563 0.0316467 0.040741 
2 0 0.240601 0.854004 0.0308533 0.0401001 
1 0 0.634277 0.571777 0.0308533 0.0406189 
