818 0 0.197754 0.807129 0.0302734 0.0406189 
817 0 0.62793 0.802246 0.0343628 0.0406189 
815 0 0.5625 0.159424 0.0281219 0.0350342 
814 0 0.190674 0.84668 0.0340881 0.0426941 
801 0 0.973633 0.031311 0.0257874 0.037323 
791 0 0.408691 0.216675 0.035553 0.0458374 
784 0 0.307861 0.194824 0.0281219 0.0315247 
775 0 0.788086 0.267334 0.0316467 0.0395813 
765 0 0.756348 0.937012 0.0292969 0.0375061 
724 0 0.738281 0.13855 0.0292969 0.0358582 
721 0 0.625977 0.0156403 0.0292969 0.031311 
716 0 0.716309 0.787598 0.0265656 0.0333252 
701 0 0.993164 0.683105 0.014061 0.0322876 
694 0 0.224976 0.480225 0.0251923 0.03125 
674 0 0.936035 0.206543 0.0375061 0.0505066 
635 0 0.636719 0.418701 0.0363159 0.0458374 
615 0 0.577148 0.148926 0.0285187 0.0354309 
604 0 0.601562 0.210205 0.0304718 0.0423279 
534 0 0.507812 0.0319214 0.0249939 0.033844 
464 0 0.708008 0.149536 0.0316467 0.0415955 
459 0 0.541504 0.986328 0.0320435 0.0270844 
444 0 0.861816 0.409424 0.0296936 0.0361938 
288 0 0.354248 0.0708618 0.0267639 0.0328674 
247 0 0.260742 0.434326 0.0285187 0.0354309 
176 0 0.47583 0.053772 0.0265656 0.0389404 
55 0 0.0140762 0.989746 0.0279541 0.0208282 
54 0 0.989746 0.414551 0.0203094 0.0463562 
51 0 0.0432739 0.985352 0.034668 0.0291595 
50 0 0.501465 0.612305 0.0335999 0.0458374 
49 0 0.456299 0.463623 0.0335999 0.04245 
46 0 0.487549 0.861328 0.03125 0.0395813 
43 0 0.570312 0.102112 0.0281219 0.0333252 
42 0 0.244141 0.204712 0.0304718 0.0361938 
41 0 0.221924 0.397705 0.03125 0.0453186 
34 0 0.583496 0.12085 0.0328064 0.0375061 
32 0 0.210938 0.185425 0.0286102 0.0329285 
27 0 0.235962 0.567871 0.03125 0.0479126 
26 0 0.12854 0.195801 0.0340881 0.0458374 
23 0 0.624023 0.240601 0.0332031 0.0395813 
22 0 0.264404 0.262451 0.0365295 0.0458374 
21 0 0.0843506 0.802246 0.03125 0.0385437 
19 0 0.106262 0.975098 0.0341797 0.0421753 
18 0 0.82666 0.431152 0.03125 0.0375061 
14 0 0.842285 0.772949 0.0335999 0.0416565 
8 0 0.824219 0.987305 0.0265656 0.0249939 
7 0 0.708496 0.629395 0.0328064 0.0416565 
6 0 0.831055 0.869629 0.0289001 0.0380249 
5 0 0.851562 0.234375 0.0414124 0.0479126 
2 0 0.236694 0.857422 0.0322266 0.0437622 
1 0 0.630371 0.615723 0.0296936 0.0395813 
818 0 0.197754 0.807129 0.0302734 0.0406189 
817 0 0.62793 0.802246 0.0343628 0.0406189 
815 0 0.5625 0.159424 0.0281219 0.0350342 
814 0 0.190674 0.84668 0.0340881 0.0426941 
801 0 0.973633 0.031311 0.0257874 0.037323 
791 0 0.408691 0.216675 0.035553 0.0458374 
784 0 0.307861 0.194824 0.0281219 0.0315247 
775 0 0.788086 0.267334 0.0316467 0.0395813 
765 0 0.756348 0.937012 0.0292969 0.0375061 
724 0 0.738281 0.13855 0.0292969 0.0358582 
721 0 0.625977 0.0156403 0.0292969 0.031311 
716 0 0.716309 0.787598 0.0265656 0.0333252 
701 0 0.993164 0.683105 0.014061 0.0322876 
694 0 0.224976 0.480225 0.0251923 0.03125 
674 0 0.936035 0.206543 0.0375061 0.0505066 
635 0 0.636719 0.418701 0.0363159 0.0458374 
615 0 0.577148 0.148926 0.0285187 0.0354309 
604 0 0.601562 0.210205 0.0304718 0.0423279 
534 0 0.507812 0.0319214 0.0249939 0.033844 
464 0 0.708008 0.149536 0.0316467 0.0415955 
459 0 0.541504 0.986328 0.0320435 0.0270844 
444 0 0.861816 0.409424 0.0296936 0.0361938 
288 0 0.354248 0.0708618 0.0267639 0.0328674 
247 0 0.260742 0.434326 0.0285187 0.0354309 
176 0 0.47583 0.053772 0.0265656 0.0389404 
55 0 0.0140762 0.989746 0.0279541 0.0208282 
54 0 0.989746 0.414551 0.0203094 0.0463562 
51 0 0.0432739 0.985352 0.034668 0.0291595 
50 0 0.501465 0.612305 0.0335999 0.0458374 
49 0 0.456299 0.463623 0.0335999 0.04245 
46 0 0.487549 0.861328 0.03125 0.0395813 
43 0 0.570312 0.102112 0.0281219 0.0333252 
42 0 0.244141 0.204712 0.0304718 0.0361938 
41 0 0.221924 0.397705 0.03125 0.0453186 
34 0 0.583496 0.12085 0.0328064 0.0375061 
32 0 0.210938 0.185425 0.0286102 0.0329285 
27 0 0.235962 0.567871 0.03125 0.0479126 
26 0 0.12854 0.195801 0.0340881 0.0458374 
23 0 0.624023 0.240601 0.0332031 0.0395813 
22 0 0.264404 0.262451 0.0365295 0.0458374 
21 0 0.0843506 0.802246 0.03125 0.0385437 
19 0 0.106262 0.975098 0.0341797 0.0421753 
18 0 0.82666 0.431152 0.03125 0.0375061 
14 0 0.842285 0.772949 0.0335999 0.0416565 
8 0 0.824219 0.987305 0.0265656 0.0249939 
7 0 0.708496 0.629395 0.0328064 0.0416565 
6 0 0.831055 0.869629 0.0289001 0.0380249 
5 0 0.851562 0.234375 0.0414124 0.0479126 
2 0 0.236694 0.857422 0.0322266 0.0437622 
1 0 0.630371 0.615723 0.0296936 0.0395813 
