695 0 0.487549 0.759277 0.0394592 0.044281 
691 0 0.265137 0.892578 0.0279236 0.03125 
684 0 0.744629 0.0767212 0.026947 0.0389099 
681 0 0.633789 0.0104599 0.0308533 0.0209808 
677 0 0.71582 0.785645 0.0281219 0.0348816 
675 0 0.112976 0.929688 0.0348206 0.0426941 
662 0 0.992188 0.683105 0.0148468 0.0375061 
655 0 0.234375 0.462402 0.0216827 0.0257874 
640 0 0.983398 0.0163422 0.0265656 0.0306549 
639 0 0.936523 0.208374 0.0390625 0.0532532 
626 0 0.152954 0.905762 0.03125 0.0395813 
602 0 0.635742 0.418701 0.0375061 0.0463562 
584 0 0.578125 0.148926 0.0289001 0.0352783 
569 0 0.602539 0.210327 0.0296936 0.0411377 
533 0 0.85791 0.732422 0.03125 0.0406189 
506 0 0.507812 0.0281372 0.0253906 0.0353699 
435 0 0.717773 0.124451 0.0296936 0.0367737 
416 0 0.860352 0.410156 0.0296936 0.0380249 
281 0 0.355469 0.0687256 0.0296936 0.0370483 
245 0 0.261719 0.432373 0.0296936 0.0395813 
178 0 0.479004 0.0510559 0.0265656 0.0354309 
122 0 0.627441 0.240601 0.0328064 0.0395813 
55 0 0.0124969 0.989746 0.0249939 0.0208282 
54 0 0.990723 0.411865 0.0171814 0.0528564 
51 0 0.0422974 0.986328 0.0335083 0.0270844 
50 0 0.513184 0.606445 0.0308533 0.0458374 
49 0 0.458496 0.445801 0.0371094 0.0492249 
46 0 0.488281 0.86377 0.0300751 0.0395813 
45 0 0.541992 0.986328 0.03125 0.0270844 
43 0 0.569336 0.102112 0.0296936 0.033905 
42 0 0.296143 0.215332 0.035553 0.0404968 
41 0 0.228882 0.385498 0.0320435 0.0416565 
34 0 0.584473 0.12085 0.0320435 0.0375061 
32 0 0.227295 0.171875 0.0328064 0.0359497 
30 0 0.919434 0.983398 0.03125 0.0333252 
27 0 0.235962 0.570801 0.03125 0.0453186 
26 0 0.130127 0.197144 0.033783 0.0444031 
22 0 0.26709 0.24585 0.0343628 0.0412903 
21 0 0.0843506 0.804199 0.0342407 0.0411377 
19 0 0.0891724 0.964355 0.0342407 0.0421753 
18 0 0.827148 0.43335 0.0328064 0.0416565 
17 0 0.190063 0.848145 0.0351562 0.044281 
14 0 0.837402 0.754395 0.03125 0.044281 
8 0 0.823242 0.98877 0.0281219 0.0223999 
7 0 0.709961 0.630371 0.0328064 0.0395813 
6 0 0.833008 0.87207 0.0249939 0.0354309 
5 0 0.851562 0.236328 0.0406189 0.0484314 
3 0 0.752441 0.113586 0.0296936 0.0359497 
2 0 0.237549 0.857422 0.0316467 0.044281 
1 0 0.631348 0.615723 0.0281219 0.0390625 
