311 2 0.0072403 0.289307 0.0150375 0.0469971 
310 0 0.989746 0.680176 0.0171814 0.0479126 
308 0 0.3396 0.0083313 0.0304718 0.0165253 
297 0 0.311768 0.189575 0.0292969 0.0367126 
288 0 0.37207 0.0121536 0.0285187 0.0240021 
280 0 0.655273 0.927246 0.0402222 0.0489502 
260 0 0.518555 0.0122452 0.0281219 0.0241394 
253 0 0.308105 0.118347 0.0324097 0.0401611 
248 0 0.978027 0.862305 0.0289001 0.0375061 
247 0 0.261719 0.438477 0.0320435 0.0395813 
246 0 0.803223 0.981445 0.0289001 0.0359497 
238 0 0.728027 0.769043 0.0292969 0.0354309 
227 0 0.168335 0.524414 0.0319214 0.0408936 
221 0 0.038269 0.382568 0.036499 0.0505066 
176 0 0.495361 0.0212402 0.0285187 0.0362854 
140 0 0.637695 0.420898 0.0359497 0.046875 
117 0 0.628906 0.804199 0.0359497 0.0416565 
55 0 0.0130844 0.990723 0.0261688 0.0192719 
54 0 0.994629 0.406982 0.0109406 0.0499878 
51 0 0.039856 0.985352 0.0328064 0.0291595 
50 0 0.571777 0.523926 0.0343628 0.0403748 
49 0 0.488281 0.405273 0.0296936 0.039856 
46 0 0.483643 0.866699 0.0390625 0.0458374 
45 0 0.546875 0.944824 0.0281219 0.03125 
43 0 0.569336 0.102112 0.0296936 0.0371094 
42 0 0.22583 0.182251 0.0292969 0.0394592 
41 0 0.287598 0.330322 0.0281219 0.039856 
40 0 0.541016 0.985352 0.0351562 0.0291595 
39 0 0.756836 0.249756 0.03125 0.038147 
34 0 0.583496 0.119812 0.0324097 0.039856 
32 0 0.260254 0.126099 0.0298767 0.0391846 
31 0 0.0858154 0.187744 0.0303192 0.039856 
30 0 0.979492 0.835449 0.03125 0.0380249 
29 0 0.0187378 0.75293 0.0281525 0.0432434 
27 0 0.235718 0.579102 0.0316467 0.0458374 
26 0 0.13147 0.198975 0.0340881 0.0441284 
23 0 0.661133 0.179199 0.0343628 0.0412903 
22 0 0.282715 0.21875 0.0339966 0.0410156 
21 0 0.0836182 0.806152 0.0296936 0.0390625 
20 0 0.498535 0.739746 0.0437622 0.0499878 
19 0 0.0882568 0.96582 0.0328064 0.0406189 
18 0 0.82959 0.435303 0.0343628 0.0411377 
17 0 0.192261 0.844727 0.0341797 0.0437622 
16 0 0.426514 0.422363 0.0339966 0.04245 
14 0 0.850098 0.750977 0.0351562 0.0437622 
13 0 0.865723 0.4104 0.03125 0.0416565 
12 0 0.936523 0.21106 0.0390625 0.0559998 
8 0 0.833008 0.977051 0.0265656 0.0333252 
7 0 0.708496 0.634277 0.0328064 0.0411377 
6 0 0.84375 0.853027 0.0257874 0.0354309 
5 0 0.853027 0.228516 0.0445251 0.0533752 
4 0 0.602539 0.2146 0.0304718 0.0372314 
3 0 0.772461 0.078125 0.0328064 0.0395813 
2 0 0.240967 0.853027 0.0306702 0.0406189 
1 0 0.631836 0.58252 0.0304718 0.0395813 
311 2 0.0072403 0.289307 0.0150375 0.0469971 
310 0 0.989746 0.680176 0.0171814 0.0479126 
308 0 0.3396 0.0083313 0.0304718 0.0165253 
297 0 0.311768 0.189575 0.0292969 0.0367126 
288 0 0.37207 0.0121536 0.0285187 0.0240021 
280 0 0.655273 0.927246 0.0402222 0.0489502 
260 0 0.518555 0.0122452 0.0281219 0.0241394 
253 0 0.308105 0.118347 0.0324097 0.0401611 
248 0 0.978027 0.862305 0.0289001 0.0375061 
247 0 0.261719 0.438477 0.0320435 0.0395813 
246 0 0.803223 0.981445 0.0289001 0.0359497 
238 0 0.728027 0.769043 0.0292969 0.0354309 
227 0 0.168335 0.524414 0.0319214 0.0408936 
221 0 0.038269 0.382568 0.036499 0.0505066 
176 0 0.495361 0.0212402 0.0285187 0.0362854 
140 0 0.637695 0.420898 0.0359497 0.046875 
117 0 0.628906 0.804199 0.0359497 0.0416565 
55 0 0.0130844 0.990723 0.0261688 0.0192719 
54 0 0.994629 0.406982 0.0109406 0.0499878 
51 0 0.039856 0.985352 0.0328064 0.0291595 
50 0 0.571777 0.523926 0.0343628 0.0403748 
49 0 0.488281 0.405273 0.0296936 0.039856 
46 0 0.483643 0.866699 0.0390625 0.0458374 
45 0 0.546875 0.944824 0.0281219 0.03125 
43 0 0.569336 0.102112 0.0296936 0.0371094 
42 0 0.22583 0.182251 0.0292969 0.0394592 
41 0 0.287598 0.330322 0.0281219 0.039856 
40 0 0.541016 0.985352 0.0351562 0.0291595 
39 0 0.756836 0.249756 0.03125 0.038147 
34 0 0.583496 0.119812 0.0324097 0.039856 
32 0 0.260254 0.126099 0.0298767 0.0391846 
31 0 0.0858154 0.187744 0.0303192 0.039856 
30 0 0.979492 0.835449 0.03125 0.0380249 
29 0 0.0187378 0.75293 0.0281525 0.0432434 
27 0 0.235718 0.579102 0.0316467 0.0458374 
26 0 0.13147 0.198975 0.0340881 0.0441284 
23 0 0.661133 0.179199 0.0343628 0.0412903 
22 0 0.282715 0.21875 0.0339966 0.0410156 
21 0 0.0836182 0.806152 0.0296936 0.0390625 
20 0 0.498535 0.739746 0.0437622 0.0499878 
19 0 0.0882568 0.96582 0.0328064 0.0406189 
18 0 0.82959 0.435303 0.0343628 0.0411377 
17 0 0.192261 0.844727 0.0341797 0.0437622 
16 0 0.426514 0.422363 0.0339966 0.04245 
14 0 0.850098 0.750977 0.0351562 0.0437622 
13 0 0.865723 0.4104 0.03125 0.0416565 
12 0 0.936523 0.21106 0.0390625 0.0559998 
8 0 0.833008 0.977051 0.0265656 0.0333252 
7 0 0.708496 0.634277 0.0328064 0.0411377 
6 0 0.84375 0.853027 0.0257874 0.0354309 
5 0 0.853027 0.228516 0.0445251 0.0533752 
4 0 0.602539 0.2146 0.0304718 0.0372314 
3 0 0.772461 0.078125 0.0328064 0.0395813 
2 0 0.240967 0.853027 0.0306702 0.0406189 
1 0 0.631836 0.58252 0.0304718 0.0395813 
