410 0 0.312012 0.190674 0.0335999 0.0391846 
407 0 0.0856323 0.0161896 0.0331421 0.0317688 
396 0 0.990723 0.679199 0.015625 0.049469 
361 0 0.939941 0.253418 0.0343628 0.0428467 
358 0 0.776855 0.0135574 0.0328064 0.0263367 
355 0 0.125732 0.307861 0.0361328 0.0455627 
343 0 0.00547028 0.321289 0.0115128 0.0455627 
288 0 0.366455 0.0249481 0.0324097 0.0367432 
260 0 0.51416 0.0156403 0.0281219 0.0269012 
247 0 0.260986 0.439697 0.0343628 0.0419312 
238 0 0.725586 0.773926 0.0296936 0.0354309 
227 0 0.10907 0.569824 0.0318909 0.0411377 
176 0 0.501465 0.0229492 0.0308533 0.0369873 
55 0 0.0133514 0.989746 0.0274353 0.0208282 
54 0 0.992188 0.407715 0.015625 0.0513 
51 0 0.0388794 0.986328 0.0347595 0.0276031 
50 0 0.570312 0.53418 0.0390625 0.0479126 
49 0 0.478027 0.411377 0.0402222 0.0515747 
46 0 0.48584 0.864746 0.0332031 0.0447998 
45 0 0.532227 0.978027 0.0324097 0.0354309 
43 0 0.569336 0.103149 0.0296936 0.0354309 
42 0 0.25708 0.226562 0.03302 0.0437622 
41 0 0.275879 0.348877 0.0300751 0.039856 
40 0 0.540527 0.987305 0.0320435 0.0260468 
39 0 0.693848 0.0805054 0.0316467 0.0401306 
34 0 0.584473 0.120972 0.03125 0.0380859 
32 0 0.25 0.143433 0.0351562 0.0388794 
30 0 0.973633 0.860352 0.0375061 0.0458374 
29 0 0.0145493 0.770996 0.0254364 0.0416565 
27 0 0.234375 0.578125 0.0322266 0.0437622 
26 0 0.130493 0.198975 0.0388794 0.0518188 
23 0 0.657227 0.192505 0.0363159 0.0438843 
22 0 0.284424 0.21936 0.0343628 0.0421753 
21 0 0.0843506 0.805176 0.0310516 0.0395813 
20 0 0.496826 0.743652 0.0441284 0.0499878 
19 0 0.0890503 0.963379 0.03125 0.0411377 
18 0 0.82959 0.435303 0.0343628 0.0450439 
17 0 0.193115 0.84668 0.0363159 0.046875 
14 0 0.848633 0.755371 0.0335999 0.0447998 
13 0 0.864258 0.412842 0.0335999 0.0421753 
12 0 0.936035 0.207153 0.039856 0.0523376 
8 0 0.831055 0.981445 0.0281219 0.0333252 
7 0 0.709473 0.633301 0.0316467 0.0416565 
6 0 0.841309 0.85791 0.0265656 0.0385437 
5 0 0.851562 0.229126 0.0437622 0.0533752 
4 0 0.602539 0.213501 0.0320435 0.0395813 
3 0 0.770508 0.086853 0.03125 0.0369873 
2 0 0.239868 0.856445 0.0328064 0.0416565 
1 0 0.62793 0.59082 0.0343628 0.0437622 
410 0 0.312012 0.190674 0.0335999 0.0391846 
407 0 0.0856323 0.0161896 0.0331421 0.0317688 
396 0 0.990723 0.679199 0.015625 0.049469 
361 0 0.939941 0.253418 0.0343628 0.0428467 
358 0 0.776855 0.0135574 0.0328064 0.0263367 
355 0 0.125732 0.307861 0.0361328 0.0455627 
343 0 0.00547028 0.321289 0.0115128 0.0455627 
288 0 0.366455 0.0249481 0.0324097 0.0367432 
260 0 0.51416 0.0156403 0.0281219 0.0269012 
247 0 0.260986 0.439697 0.0343628 0.0419312 
238 0 0.725586 0.773926 0.0296936 0.0354309 
227 0 0.10907 0.569824 0.0318909 0.0411377 
176 0 0.501465 0.0229492 0.0308533 0.0369873 
55 0 0.0133514 0.989746 0.0274353 0.0208282 
54 0 0.992188 0.407715 0.015625 0.0513 
51 0 0.0388794 0.986328 0.0347595 0.0276031 
50 0 0.570312 0.53418 0.0390625 0.0479126 
49 0 0.478027 0.411377 0.0402222 0.0515747 
46 0 0.48584 0.864746 0.0332031 0.0447998 
45 0 0.532227 0.978027 0.0324097 0.0354309 
43 0 0.569336 0.103149 0.0296936 0.0354309 
42 0 0.25708 0.226562 0.03302 0.0437622 
41 0 0.275879 0.348877 0.0300751 0.039856 
40 0 0.540527 0.987305 0.0320435 0.0260468 
39 0 0.693848 0.0805054 0.0316467 0.0401306 
34 0 0.584473 0.120972 0.03125 0.0380859 
32 0 0.25 0.143433 0.0351562 0.0388794 
30 0 0.973633 0.860352 0.0375061 0.0458374 
29 0 0.0145493 0.770996 0.0254364 0.0416565 
27 0 0.234375 0.578125 0.0322266 0.0437622 
26 0 0.130493 0.198975 0.0388794 0.0518188 
23 0 0.657227 0.192505 0.0363159 0.0438843 
22 0 0.284424 0.21936 0.0343628 0.0421753 
21 0 0.0843506 0.805176 0.0310516 0.0395813 
20 0 0.496826 0.743652 0.0441284 0.0499878 
19 0 0.0890503 0.963379 0.03125 0.0411377 
18 0 0.82959 0.435303 0.0343628 0.0450439 
17 0 0.193115 0.84668 0.0363159 0.046875 
14 0 0.848633 0.755371 0.0335999 0.0447998 
13 0 0.864258 0.412842 0.0335999 0.0421753 
12 0 0.936035 0.207153 0.039856 0.0523376 
8 0 0.831055 0.981445 0.0281219 0.0333252 
7 0 0.709473 0.633301 0.0316467 0.0416565 
6 0 0.841309 0.85791 0.0265656 0.0385437 
5 0 0.851562 0.229126 0.0437622 0.0533752 
4 0 0.602539 0.213501 0.0320435 0.0395813 
3 0 0.770508 0.086853 0.03125 0.0369873 
2 0 0.239868 0.856445 0.0328064 0.0416565 
1 0 0.62793 0.59082 0.0343628 0.0437622 
