446 0 0.654785 0.927246 0.0406189 0.0541687 
445 0 0.575195 0.109741 0.0339966 0.038269 
444 0 0.631348 0.579102 0.0339966 0.0416565 
439 1 0.90332 0.242676 0.0320435 0.0367126 
438 0 0.991211 0.680176 0.014061 0.0473938 
431 0 0.280518 0.390137 0.0261688 0.0325623 
424 0 0.63916 0.421875 0.0394592 0.0473938 
423 0 0.57666 0.154175 0.0277405 0.0333252 
410 0 0.311768 0.190918 0.0300751 0.0363159 
407 0 0.00641632 0.0994873 0.016098 0.0410767 
355 0 0.0572205 0.263916 0.0360718 0.0455627 
343 0 0.00547028 0.327393 0.01091 0.0463562 
288 0 0.366455 0.0299225 0.0332031 0.0386047 
260 0 0.513184 0.015625 0.0265656 0.0270844 
247 0 0.260986 0.439697 0.0343628 0.0416565 
238 0 0.725586 0.773926 0.0304718 0.0364685 
227 0 0.0591431 0.577148 0.0328064 0.0390625 
176 0 0.500977 0.022934 0.0328064 0.0376587 
55 0 0.0132675 0.990723 0.0266876 0.0192719 
54 0 0.992188 0.409424 0.015625 0.0528564 
51 0 0.0395813 0.986328 0.0339355 0.0270844 
50 0 0.563477 0.533203 0.0320435 0.0372314 
49 0 0.478027 0.41333 0.0375061 0.0473938 
46 0 0.486816 0.865723 0.0296936 0.0421753 
45 0 0.532227 0.985352 0.0363159 0.0302124 
43 0 0.568848 0.103149 0.0281219 0.0354309 
42 0 0.270264 0.236206 0.03302 0.0379028 
41 0 0.272705 0.355225 0.0296936 0.039856 
39 0 0.649902 0.0507507 0.0332031 0.0408325 
34 0 0.584473 0.12085 0.03125 0.0375061 
32 0 0.247437 0.147949 0.0324097 0.0376282 
30 0 0.97168 0.866699 0.0367126 0.0406189 
29 0 0.014061 0.77002 0.0249939 0.0401001 
27 0 0.235107 0.578125 0.0324097 0.0437622 
26 0 0.129639 0.199097 0.0375977 0.0484314 
23 0 0.655273 0.19397 0.0359497 0.0419312 
22 0 0.283691 0.218506 0.0332031 0.0376282 
21 0 0.0831299 0.806152 0.0323792 0.0390625 
20 0 0.496094 0.745605 0.0421753 0.0499878 
19 0 0.0890503 0.965332 0.03125 0.0385437 
18 0 0.82959 0.435303 0.0320435 0.0416565 
17 0 0.192139 0.84668 0.0372009 0.0479126 
14 0 0.84668 0.755371 0.0320435 0.0437622 
13 0 0.864258 0.413574 0.0343628 0.0437622 
12 0 0.936523 0.208618 0.0343628 0.0488281 
8 0 0.831055 0.982422 0.0281219 0.0328064 
7 0 0.709473 0.634277 0.03125 0.0406189 
6 0 0.84082 0.858398 0.0281219 0.0380249 
5 0 0.852539 0.229126 0.0421753 0.0497437 
4 0 0.603027 0.213501 0.0300751 0.0386658 
3 0 0.768555 0.0888062 0.0316467 0.0401611 
2 0 0.239868 0.857422 0.0328064 0.0411377 
1 0 0.631348 0.598145 0.0335999 0.0416565 
446 0 0.654785 0.927246 0.0406189 0.0541687 
445 0 0.575195 0.109741 0.0339966 0.038269 
444 0 0.631348 0.579102 0.0339966 0.0416565 
439 1 0.90332 0.242676 0.0320435 0.0367126 
438 0 0.991211 0.680176 0.014061 0.0473938 
431 0 0.280518 0.390137 0.0261688 0.0325623 
424 0 0.63916 0.421875 0.0394592 0.0473938 
423 0 0.57666 0.154175 0.0277405 0.0333252 
410 0 0.311768 0.190918 0.0300751 0.0363159 
407 0 0.00641632 0.0994873 0.016098 0.0410767 
355 0 0.0572205 0.263916 0.0360718 0.0455627 
343 0 0.00547028 0.327393 0.01091 0.0463562 
288 0 0.366455 0.0299225 0.0332031 0.0386047 
260 0 0.513184 0.015625 0.0265656 0.0270844 
247 0 0.260986 0.439697 0.0343628 0.0416565 
238 0 0.725586 0.773926 0.0304718 0.0364685 
227 0 0.0591431 0.577148 0.0328064 0.0390625 
176 0 0.500977 0.022934 0.0328064 0.0376587 
55 0 0.0132675 0.990723 0.0266876 0.0192719 
54 0 0.992188 0.409424 0.015625 0.0528564 
51 0 0.0395813 0.986328 0.0339355 0.0270844 
50 0 0.563477 0.533203 0.0320435 0.0372314 
49 0 0.478027 0.41333 0.0375061 0.0473938 
46 0 0.486816 0.865723 0.0296936 0.0421753 
45 0 0.532227 0.985352 0.0363159 0.0302124 
43 0 0.568848 0.103149 0.0281219 0.0354309 
42 0 0.270264 0.236206 0.03302 0.0379028 
41 0 0.272705 0.355225 0.0296936 0.039856 
39 0 0.649902 0.0507507 0.0332031 0.0408325 
34 0 0.584473 0.12085 0.03125 0.0375061 
32 0 0.247437 0.147949 0.0324097 0.0376282 
30 0 0.97168 0.866699 0.0367126 0.0406189 
29 0 0.014061 0.77002 0.0249939 0.0401001 
27 0 0.235107 0.578125 0.0324097 0.0437622 
26 0 0.129639 0.199097 0.0375977 0.0484314 
23 0 0.655273 0.19397 0.0359497 0.0419312 
22 0 0.283691 0.218506 0.0332031 0.0376282 
21 0 0.0831299 0.806152 0.0323792 0.0390625 
20 0 0.496094 0.745605 0.0421753 0.0499878 
19 0 0.0890503 0.965332 0.03125 0.0385437 
18 0 0.82959 0.435303 0.0320435 0.0416565 
17 0 0.192139 0.84668 0.0372009 0.0479126 
14 0 0.84668 0.755371 0.0320435 0.0437622 
13 0 0.864258 0.413574 0.0343628 0.0437622 
12 0 0.936523 0.208618 0.0343628 0.0488281 
8 0 0.831055 0.982422 0.0281219 0.0328064 
7 0 0.709473 0.634277 0.03125 0.0406189 
6 0 0.84082 0.858398 0.0281219 0.0380249 
5 0 0.852539 0.229126 0.0421753 0.0497437 
4 0 0.603027 0.213501 0.0300751 0.0386658 
3 0 0.768555 0.0888062 0.0316467 0.0401611 
2 0 0.239868 0.857422 0.0328064 0.0411377 
1 0 0.631348 0.598145 0.0335999 0.0416565 
