783 0 0.97168 0.866699 0.0249939 0.0333252 
776 0 0.2229 0.797363 0.0324097 0.0447998 
775 0 0.628906 0.80127 0.0347595 0.0401001 
773 0 0.561523 0.159668 0.0273438 0.0357971 
772 0 0.191406 0.848145 0.0358276 0.0463562 
760 0 0.973633 0.0297852 0.0281219 0.0379639 
752 0 0.407715 0.217651 0.0347595 0.0437622 
744 0 0.307861 0.194824 0.0277405 0.03125 
735 0 0.793457 0.315186 0.0320435 0.0393372 
725 0 0.719727 0.940918 0.0300751 0.0395813 
684 0 0.737305 0.146973 0.0281219 0.0354919 
681 0 0.625977 0.015625 0.0296936 0.0312805 
677 0 0.71582 0.788574 0.0281219 0.033844 
662 0 0.992188 0.682129 0.0132828 0.0343628 
655 0 0.224609 0.482178 0.025589 0.03125 
639 0 0.93457 0.2052 0.0375061 0.0483093 
602 0 0.636719 0.418701 0.0367126 0.0460815 
584 0 0.578125 0.148926 0.0281219 0.0354309 
569 0 0.602539 0.209351 0.0300751 0.0437622 
506 0 0.507812 0.03125 0.0249939 0.0332947 
435 0 0.705566 0.1521 0.0324097 0.0415344 
416 0 0.86084 0.408447 0.0281219 0.0369873 
281 0 0.353027 0.0715332 0.0253906 0.0318909 
245 0 0.260986 0.43335 0.0281219 0.0375061 
178 0 0.474121 0.0541992 0.0257874 0.0376892 
122 0 0.625 0.240601 0.03125 0.0395813 
55 0 0.0143585 0.989746 0.0289001 0.0208282 
54 0 0.989746 0.414551 0.0203094 0.0458374 
51 0 0.0421753 0.984375 0.034729 0.03125 
50 0 0.498535 0.61377 0.0316467 0.0437622 
49 0 0.453857 0.463623 0.0339966 0.0403748 
46 0 0.487549 0.862305 0.0316467 0.0406189 
45 0 0.541504 0.985352 0.0328064 0.0291595 
43 0 0.570801 0.102112 0.0273438 0.0331421 
42 0 0.22876 0.216309 0.03125 0.0364685 
41 0 0.219727 0.4021 0.0320435 0.0450439 
34 0 0.584473 0.12085 0.03125 0.0372314 
32 0 0.208618 0.185913 0.0293884 0.0326843 
27 0 0.235107 0.567871 0.0328064 0.0479126 
26 0 0.129639 0.195801 0.0341797 0.0451965 
22 0 0.262451 0.263428 0.0343628 0.0436096 
21 0 0.0836182 0.802246 0.0323181 0.0406189 
19 0 0.105469 0.981934 0.0302734 0.0364685 
18 0 0.82666 0.431152 0.03125 0.0375061 
14 0 0.839844 0.777832 0.0359497 0.0447998 
8 0 0.823242 0.987305 0.0281219 0.0249939 
7 0 0.708008 0.629395 0.0316467 0.0411377 
6 0 0.831055 0.87207 0.0281219 0.0364685 
5 0 0.850586 0.2323 0.0421753 0.0475159 
2 0 0.236694 0.85498 0.0328064 0.0453186 
1 0 0.630371 0.615723 0.0296936 0.0395813 
