509 0 0.989258 0.273926 0.0218811 0.0460815 
506 0 0.503906 0.0167084 0.0328064 0.0331116 
505 0 0.56543 0.160522 0.0300751 0.0372314 
503 0 0.989746 0.683105 0.0171814 0.0416565 
435 0 0.758301 0.0491028 0.0343628 0.0438843 
416 0 0.692383 0.489014 0.0335999 0.0434875 
412 1 0.807129 0.100525 0.0292969 0.0365295 
398 0 0.578125 0.153076 0.03125 0.0354309 
386 0 0.309814 0.192749 0.0333862 0.0437622 
281 0 0.361816 0.0436707 0.0324097 0.0411072 
245 0 0.260986 0.440674 0.03125 0.0390625 
236 0 0.722656 0.776367 0.0296936 0.0343628 
178 0 0.495361 0.028183 0.0367126 0.0436707 
122 0 0.648438 0.218872 0.0367126 0.0406189 
55 0 0.0132828 0.989746 0.0265198 0.0208282 
54 0 0.992188 0.408447 0.0164032 0.0541687 
51 0 0.0405579 0.986328 0.0335388 0.0270844 
50 0 0.546875 0.570312 0.0367126 0.0447998 
49 0 0.471924 0.425293 0.0406189 0.0583191 
46 0 0.486816 0.864258 0.0296936 0.0426941 
45 0 0.540527 0.985352 0.0324097 0.0291595 
43 0 0.567871 0.104187 0.0296936 0.0372925 
42 0 0.303223 0.242798 0.0369263 0.0437622 
41 0 0.25708 0.369629 0.0296936 0.0385437 
34 0 0.583008 0.122681 0.0339966 0.0423889 
32 0 0.24292 0.15271 0.0322266 0.0377502 
30 0 0.957031 0.90625 0.0328064 0.0375061 
29 0 0.00935364 0.78125 0.0188904 0.0390625 
27 0 0.233643 0.578125 0.0296936 0.0437622 
26 0 0.128906 0.199951 0.0397339 0.0541687 
22 0 0.278809 0.226074 0.0332031 0.0397034 
21 0 0.0841064 0.806152 0.0316467 0.0406189 
20 0 0.494629 0.749512 0.0421753 0.0489502 
19 0 0.0890503 0.962402 0.03125 0.0406189 
18 0 0.82959 0.435303 0.0343628 0.0416565 
17 0 0.192017 0.84668 0.0350647 0.0437622 
14 0 0.845215 0.75293 0.0335999 0.0479126 
13 0 0.864258 0.413574 0.0343628 0.0437622 
12 0 0.936523 0.209351 0.0390625 0.0565186 
8 0 0.829102 0.984375 0.0281219 0.03125 
7 0 0.708496 0.632324 0.0328064 0.0426941 
6 0 0.838379 0.86084 0.0265656 0.0375061 
5 0 0.852539 0.234375 0.0406189 0.0489502 
4 0 0.600586 0.212158 0.0296936 0.0359497 
3 0 0.764648 0.0971069 0.0289001 0.0364075 
2 0 0.238281 0.859375 0.03302 0.0437622 
1 0 0.628906 0.60498 0.0308533 0.0395813 
