386 0 0.311768 0.190674 0.0333862 0.0394592 
383 0 0.083252 0.0165863 0.0323181 0.0322876 
374 0 0.990723 0.678223 0.015625 0.049469 
347 0 0.938965 0.256348 0.0351562 0.042572 
344 0 0.776367 0.013588 0.0324097 0.0265656 
343 0 0.122742 0.310059 0.0357361 0.0458374 
333 0 0.00544357 0.32251 0.0113373 0.0458374 
281 0 0.366455 0.0250549 0.0326233 0.0370178 
258 0 0.514648 0.0156403 0.0277405 0.0269318 
245 0 0.260986 0.439697 0.0343628 0.0416565 
236 0 0.725586 0.773926 0.0296936 0.0354309 
178 0 0.501465 0.0229492 0.03125 0.0371094 
122 0 0.657227 0.192749 0.0363159 0.0437622 
55 0 0.0132828 0.989746 0.0271912 0.0208282 
54 0 0.992188 0.408447 0.0164032 0.0507812 
51 0 0.0390015 0.986328 0.0346069 0.0270844 
50 0 0.569336 0.534668 0.0379028 0.0476685 
49 0 0.477295 0.411377 0.0402222 0.0515747 
46 0 0.486816 0.864746 0.0332031 0.0447998 
45 0 0.532227 0.978027 0.0328064 0.0354309 
43 0 0.569336 0.103149 0.0296936 0.0354309 
42 0 0.25708 0.225098 0.03302 0.0437622 
41 0 0.275879 0.348877 0.0300751 0.039856 
40 0 0.540039 0.987305 0.0320435 0.0260468 
39 0 0.691406 0.0820312 0.0316467 0.0394287 
34 0 0.583496 0.12085 0.0316467 0.0379639 
32 0 0.249634 0.142944 0.0345764 0.0390625 
30 0 0.973633 0.860352 0.038269 0.0458374 
29 0 0.0147476 0.770996 0.0257263 0.0416565 
27 0 0.234375 0.578125 0.0320435 0.0437622 
26 0 0.130005 0.198975 0.0384827 0.0518188 
22 0 0.284424 0.219604 0.0343628 0.0414124 
21 0 0.0838623 0.805176 0.0306702 0.0395813 
20 0 0.496826 0.743652 0.0437622 0.0499878 
19 0 0.0890503 0.963379 0.03125 0.0406189 
18 0 0.82959 0.436279 0.0343628 0.0447998 
17 0 0.192627 0.84668 0.0367126 0.046875 
16 0 0.10968 0.571289 0.0321655 0.0406189 
14 0 0.848633 0.754395 0.0335999 0.0453186 
13 0 0.864258 0.412598 0.0335999 0.0421753 
12 0 0.936035 0.209229 0.039856 0.0528564 
8 0 0.831055 0.981445 0.0281219 0.0333252 
7 0 0.709473 0.633301 0.03125 0.0416565 
6 0 0.841309 0.857422 0.0265656 0.0390625 
5 0 0.851562 0.229858 0.0429688 0.0531311 
4 0 0.602539 0.213501 0.0324097 0.0395813 
3 0 0.770508 0.0866089 0.03125 0.0365906 
2 0 0.239868 0.856445 0.0328064 0.0416565 
1 0 0.62793 0.59082 0.0343628 0.0437622 
