296 0 0.577148 0.151978 0.0292969 0.033844 
288 0 0.311035 0.188843 0.0279236 0.0357971 
285 0 0.008255 0.284912 0.0155411 0.0460815 
281 0 0.373535 0.0114975 0.0279236 0.0232849 
276 0 0.65625 0.926758 0.0406189 0.0489502 
258 0 0.519531 0.0121307 0.0273438 0.0234833 
251 0 0.318359 0.0935059 0.0328064 0.0401611 
246 0 0.978027 0.862305 0.0281219 0.0364685 
245 0 0.262451 0.438232 0.03125 0.0385437 
244 0 0.821777 0.979004 0.0289001 0.0385437 
236 0 0.729492 0.766602 0.0281219 0.0348816 
226 0 0.416504 0.424072 0.0316467 0.04245 
221 0 0.0381165 0.381592 0.0350037 0.0479126 
178 0 0.496094 0.0211334 0.0292969 0.0367737 
142 0 0.636719 0.421631 0.035553 0.0473938 
122 0 0.661133 0.178955 0.0343628 0.0404968 
119 0 0.628906 0.804199 0.0359497 0.0416565 
55 0 0.0132828 0.989746 0.0266113 0.0208282 
54 0 0.994629 0.407471 0.0109406 0.0489502 
51 0 0.039856 0.985352 0.0328064 0.0291595 
50 0 0.573242 0.521973 0.0335999 0.0395813 
49 0 0.488281 0.405273 0.0292969 0.0395813 
46 0 0.483643 0.866699 0.0386658 0.0458374 
45 0 0.547852 0.943848 0.0285187 0.0333252 
43 0 0.568848 0.103149 0.0281219 0.0354309 
42 0 0.222656 0.187744 0.028717 0.040741 
41 0 0.28833 0.328125 0.0271454 0.0393372 
40 0 0.541504 0.985352 0.0359497 0.0291595 
39 0 0.772461 0.260498 0.0320435 0.0416565 
34 0 0.583496 0.119812 0.0328064 0.0395813 
32 0 0.262207 0.126099 0.0306702 0.0391846 
31 0 0.0703125 0.211182 0.0308075 0.0363159 
30 0 0.979492 0.833008 0.0304718 0.0385437 
29 0 0.0187683 0.751953 0.0285339 0.0432434 
27 0 0.234375 0.578125 0.0310516 0.0437622 
26 0 0.131226 0.197876 0.034668 0.0455627 
22 0 0.282715 0.218628 0.033783 0.039856 
21 0 0.0836182 0.806152 0.0296936 0.0380249 
20 0 0.498535 0.739746 0.0433655 0.0489502 
19 0 0.0882568 0.964355 0.0328064 0.0416565 
18 0 0.829102 0.434326 0.0328064 0.0403748 
17 0 0.192139 0.844727 0.0340881 0.0437622 
16 0 0.167969 0.530762 0.0335999 0.0416565 
14 0 0.850586 0.750977 0.0359497 0.044281 
13 0 0.865723 0.410889 0.0328064 0.04245 
12 0 0.936035 0.211182 0.0406189 0.0569153 
8 0 0.833008 0.976074 0.0273438 0.0354309 
7 0 0.709473 0.633301 0.0324097 0.0416565 
6 0 0.842773 0.853027 0.0265656 0.0354309 
5 0 0.852539 0.228149 0.0453186 0.0526123 
4 0 0.603027 0.215576 0.0300751 0.035553 
3 0 0.772461 0.078125 0.0324097 0.0395508 
2 0 0.240601 0.854004 0.03125 0.0432434 
1 0 0.632812 0.581543 0.03125 0.0395813 
