81 0 0.688965 0.990723 0.0371094 0.0182343 
77 0 0.756836 0.0225983 0.0261688 0.035675 
76 0 0.630371 0.804199 0.035553 0.0416565 
65 0 0.737305 0.587402 0.0332031 0.0401001 
61 0 0.657227 0.924805 0.0402222 0.0536499 
59 0 0.51416 0.777832 0.0324097 0.0395813 
56 0 0.563477 0.160645 0.0265656 0.0333252 
55 0 0.0125885 0.990723 0.0256653 0.0187531 
54 0 0.994629 0.408447 0.0109406 0.0507812 
53 0 0.0054512 0.0917969 0.0111694 0.0462341 
51 0 0.0395813 0.984375 0.0341187 0.03125 
50 0 0.585938 0.485352 0.0320435 0.0414124 
49 0 0.500488 0.385498 0.03125 0.0372314 
48 0 0.745117 0.741699 0.0289001 0.0343628 
47 0 0.0731201 0.224976 0.030426 0.0441284 
46 0 0.487549 0.865723 0.0304718 0.0395813 
45 0 0.584961 0.873047 0.0328064 0.0390625 
44 0 0.577148 0.150024 0.0277405 0.0333252 
43 0 0.566406 0.100403 0.0296936 0.0369263 
42 0 0.195068 0.121887 0.0289001 0.0390625 
41 0 0.315918 0.305176 0.025589 0.0395813 
40 0 0.541504 0.985352 0.0328064 0.0291595 
39 0 0.74707 0.818848 0.0328064 0.0401001 
38 0 0.141602 0.552734 0.0322266 0.0403748 
37 0 0.901367 0.69873 0.0289001 0.0359497 
36 0 0.643066 0.990723 0.0316467 0.0182343 
35 0 0.0188599 0.221924 0.0328369 0.0445251 
34 0 0.584961 0.121521 0.0296936 0.0386658 
32 0 0.309326 0.0968628 0.0281219 0.0396423 
31 0 0.333984 0.733398 0.0324097 0.0411377 
30 0 0.986816 0.770996 0.0265656 0.0375061 
29 0 0.0296936 0.727051 0.03125 0.0416565 
27 0 0.238281 0.579102 0.0292969 0.0416565 
26 0 0.133301 0.193726 0.0335999 0.0458374 
25 0 0.567383 0.287598 0.0281219 0.0406189 
24 0 0.27417 0.413574 0.0302734 0.0387878 
23 0 0.68457 0.172974 0.0343628 0.0434875 
22 0 0.283691 0.217651 0.0333862 0.0395813 
21 0 0.0836182 0.805176 0.0295868 0.0354309 
20 0 0.51416 0.719727 0.0414124 0.0515747 
19 0 0.0883789 0.963379 0.0303192 0.0395813 
18 0 0.827148 0.430176 0.0328064 0.0440063 
17 0 0.191406 0.84375 0.0296936 0.0375061 
16 0 0.414795 0.137085 0.0304718 0.0358582 
15 0 0.0469055 0.359375 0.0343323 0.0434875 
14 0 0.854004 0.74707 0.0328064 0.044281 
13 0 0.868652 0.408447 0.0304718 0.0416565 
12 0 0.936035 0.208374 0.0375061 0.0502625 
10 0 0.671875 0.131592 0.0359497 0.0397034 
9 0 0.637695 0.420898 0.0351562 0.0471497 
8 0 0.837402 0.963379 0.0289001 0.0359497 
7 0 0.708008 0.639648 0.0281219 0.0375061 
6 0 0.84668 0.837402 0.0281219 0.0369873 
5 0 0.853027 0.227051 0.046875 0.0541687 
4 0 0.602539 0.21106 0.0328064 0.0447998 
3 0 0.770996 0.0635376 0.0289001 0.0366211 
2 0 0.242188 0.852051 0.03125 0.0416565 
1 0 0.645508 0.5625 0.0292969 0.0375061 
