527 0 0.564941 0.159424 0.0304718 0.0351562 
525 0 0.629883 0.804199 0.0343628 0.0416565 
524 0 0.181885 0.94043 0.0277405 0.0343628 
521 2 0.0163574 0.720215 0.0262756 0.0333252 
516 0 0.63916 0.422119 0.0367126 0.0473938 
506 0 0.502441 0.0167694 0.0332031 0.0345764 
503 0 0.990723 0.683105 0.015625 0.0416565 
435 0 0.756348 0.0531616 0.0332031 0.0434265 
416 0 0.681152 0.465088 0.0324097 0.0406189 
412 1 0.802246 0.0643921 0.0300751 0.0396118 
398 0 0.578125 0.1521 0.0300751 0.0352783 
386 0 0.309082 0.192017 0.0335999 0.0395813 
281 0 0.361816 0.0458374 0.0335999 0.0412903 
245 0 0.260986 0.440674 0.03125 0.0361938 
236 0 0.72168 0.776855 0.0289001 0.0333252 
178 0 0.49292 0.0322876 0.0335999 0.040802 
122 0 0.647461 0.218872 0.0359497 0.0414124 
55 0 0.0132904 0.989746 0.0266876 0.0208282 
54 0 0.991211 0.407471 0.0171814 0.0536499 
51 0 0.039856 0.986816 0.03302 0.0260468 
50 0 0.545898 0.571777 0.0359497 0.0437622 
49 0 0.470215 0.426025 0.0406189 0.0562439 
46 0 0.486816 0.864746 0.0296936 0.0416565 
45 0 0.541504 0.985352 0.0328064 0.0291595 
43 0 0.569336 0.106262 0.0296936 0.0369263 
42 0 0.305908 0.240479 0.0380859 0.0447998 
41 0 0.255371 0.368652 0.0289001 0.0375061 
34 0 0.583008 0.121887 0.0335999 0.0432434 
32 0 0.243774 0.154175 0.0316467 0.0380249 
30 0 0.955566 0.908691 0.0328064 0.0354309 
29 0 0.00936127 0.783691 0.0187225 0.0354309 
27 0 0.233643 0.577148 0.0296936 0.0421753 
26 0 0.128906 0.198975 0.0390625 0.0532532 
22 0 0.277344 0.227051 0.0335999 0.038147 
21 0 0.0836182 0.806152 0.0298309 0.0375061 
20 0 0.494629 0.748047 0.0402222 0.0484314 
19 0 0.0898438 0.963379 0.0298309 0.0395813 
18 0 0.82959 0.435303 0.0343628 0.0416565 
17 0 0.192139 0.84668 0.0340881 0.0426941 
14 0 0.846191 0.754395 0.0328064 0.0458374 
13 0 0.864258 0.413574 0.0335999 0.0437622 
12 0 0.936035 0.210083 0.039856 0.0570374 
8 0 0.828125 0.984375 0.0273438 0.03125 
7 0 0.708496 0.632324 0.0324097 0.0395813 
6 0 0.838379 0.862305 0.0265656 0.0401001 
5 0 0.851562 0.235474 0.0421753 0.0503845 
4 0 0.601562 0.210693 0.03125 0.0375061 
3 0 0.76416 0.098999 0.0308533 0.0377502 
2 0 0.238281 0.858398 0.0328064 0.0416565 
1 0 0.628418 0.606445 0.0289001 0.0385437 
