258 0 0.522461 0.00971222 0.0265656 0.0198669 
254 0 0.360596 0.0728149 0.028717 0.0361023 
251 0 0.416016 0.0533447 0.0335999 0.0408325 
246 0 0.978027 0.861328 0.0273438 0.0369873 
245 0 0.264893 0.436768 0.0310516 0.0390625 
244 0 0.783203 0.860352 0.0304718 0.0385437 
236 0 0.73584 0.765137 0.0292969 0.0364685 
226 0 0.385986 0.468262 0.0333862 0.0429688 
221 0 0.0375977 0.378662 0.0328064 0.0460815 
178 0 0.499268 0.0144882 0.0289001 0.0296173 
142 0 0.637695 0.420898 0.035553 0.0458374 
122 0 0.662598 0.172974 0.035553 0.0412903 
119 0 0.628906 0.804199 0.0359497 0.0416565 
55 0 0.0117035 0.989746 0.0234833 0.0203094 
54 0 0.994629 0.408447 0.0109406 0.0497437 
51 0 0.039856 0.985352 0.0327148 0.0291595 
50 0 0.577148 0.513672 0.0328064 0.0395813 
49 0 0.489746 0.404053 0.0292969 0.0387878 
46 0 0.483643 0.862305 0.0359497 0.0432434 
45 0 0.553223 0.93457 0.0285187 0.0307312 
44 0 0.578125 0.150024 0.0281219 0.0330811 
43 0 0.567871 0.103149 0.0296936 0.0383606 
42 0 0.219971 0.180176 0.0271454 0.0375061 
41 0 0.290527 0.322998 0.028717 0.0416565 
40 0 0.541504 0.985352 0.0335999 0.0291595 
39 0 0.76709 0.358398 0.0316467 0.0408936 
35 0 0.0053215 0.264648 0.0114288 0.0438843 
34 0 0.584473 0.119812 0.0316467 0.0395813 
32 0 0.268066 0.123169 0.0318298 0.0383606 
31 0 0.144775 0.266846 0.0298767 0.0389404 
30 0 0.983398 0.822754 0.0296936 0.0390625 
29 0 0.0202942 0.74707 0.03125 0.0447998 
27 0 0.235962 0.578125 0.0310516 0.0437622 
26 0 0.132202 0.196899 0.0345764 0.0454407 
22 0 0.282715 0.218628 0.0343628 0.04245 
21 0 0.0836182 0.806152 0.0296936 0.0375061 
20 0 0.50293 0.73877 0.0433655 0.0531311 
19 0 0.0890503 0.964355 0.03125 0.0375061 
18 0 0.829102 0.435303 0.0328064 0.038269 
17 0 0.192139 0.844727 0.03125 0.0395813 
16 0 0.21167 0.491455 0.0309601 0.0401001 
14 0 0.851562 0.75 0.0343628 0.0458374 
13 0 0.865723 0.4104 0.03125 0.0416565 
12 0 0.9375 0.210449 0.0414124 0.0583191 
8 0 0.833496 0.974121 0.0281219 0.0369873 
7 0 0.708496 0.633301 0.0328064 0.0401001 
6 0 0.842773 0.850098 0.0265656 0.0333252 
5 0 0.853027 0.229126 0.0460815 0.0541687 
4 0 0.602539 0.212524 0.0316467 0.038147 
3 0 0.772461 0.0770264 0.0328064 0.0412903 
2 0 0.242188 0.854004 0.0318298 0.0416565 
1 0 0.632812 0.577148 0.03125 0.0385437 
