744 0 0.308105 0.192749 0.025589 0.0316467 
743 0 0.62793 0.802246 0.0335999 0.0375061 
735 0 0.780273 0.158569 0.0324097 0.0387878 
725 0 0.801758 0.836426 0.0320435 0.0406189 
724 0 0.5625 0.161499 0.0273438 0.0354309 
718 1 0.039856 0.844727 0.0318909 0.0416565 
684 0 0.743652 0.130981 0.0285187 0.0369263 
681 0 0.628906 0.0125046 0.0296936 0.0250092 
677 0 0.716309 0.787598 0.0265656 0.0333252 
662 0 0.992188 0.682129 0.0148468 0.0354309 
655 0 0.230469 0.473877 0.0234375 0.0307312 
640 0 0.981934 0.0219269 0.0265656 0.0350647 
639 0 0.936035 0.206909 0.0375061 0.0526123 
626 0 0.180298 0.84375 0.0333862 0.044281 
602 0 0.638184 0.419189 0.0390625 0.0466003 
584 0 0.579102 0.150024 0.0285187 0.0375061 
569 0 0.602539 0.210205 0.0296936 0.042572 
506 0 0.507812 0.03125 0.026947 0.0375061 
435 0 0.713379 0.137573 0.0328064 0.0419312 
416 0 0.86084 0.4104 0.0304718 0.0375061 
281 0 0.356201 0.0697632 0.0281219 0.0354309 
245 0 0.261719 0.432373 0.0298767 0.0393372 
178 0 0.477295 0.0531311 0.026947 0.0395813 
122 0 0.626465 0.240601 0.0343628 0.039978 
55 0 0.0140839 0.989746 0.0280304 0.0208282 
54 0 0.989258 0.412598 0.0218811 0.0458374 
51 0 0.0428772 0.986328 0.0363159 0.0281219 
50 0 0.508789 0.609375 0.0335999 0.0479126 
49 0 0.457031 0.455322 0.0359497 0.046875 
46 0 0.487549 0.86377 0.03125 0.0395813 
45 0 0.541992 0.986328 0.0324097 0.0281219 
43 0 0.571289 0.102234 0.0296936 0.0360107 
42 0 0.28125 0.200317 0.0322266 0.0410156 
41 0 0.225342 0.389648 0.0318298 0.0416565 
34 0 0.582031 0.12085 0.0328064 0.0375061 
32 0 0.21814 0.174561 0.0308533 0.0348816 
30 0 0.911621 0.989746 0.0296936 0.0208282 
27 0 0.235962 0.570312 0.03125 0.0447998 
26 0 0.129639 0.196899 0.0343628 0.0455627 
22 0 0.265625 0.252197 0.0341797 0.0416565 
21 0 0.0843506 0.803223 0.0341797 0.0426941 
19 0 0.086731 0.961426 0.0354919 0.0426941 
18 0 0.825684 0.432373 0.0328064 0.0395813 
14 0 0.82959 0.758301 0.0304718 0.0416565 
8 0 0.823242 0.98877 0.0281219 0.0229187 
7 0 0.709473 0.630371 0.03125 0.0395813 
6 0 0.833008 0.870605 0.0273438 0.0375061 
5 0 0.851562 0.235474 0.0406189 0.0491028 
2 0 0.237549 0.856445 0.0316467 0.0458374 
1 0 0.630371 0.616699 0.0296936 0.0416565 
