834 0 0.62793 0.802246 0.0343628 0.0416565 
825 0 0.96875 0.874023 0.0249939 0.0348816 
818 0 0.194092 0.713379 0.032135 0.044281 
815 0 0.561035 0.160156 0.0281219 0.0339966 
814 0 0.192871 0.85498 0.0361328 0.0479126 
801 0 0.970215 0.0410461 0.0257874 0.0365906 
791 0 0.408691 0.217407 0.0328064 0.0418091 
784 0 0.307129 0.196899 0.0261688 0.03125 
775 0 0.779785 0.395508 0.0285187 0.0385437 
765 0 0.69043 0.984375 0.0316467 0.03125 
724 0 0.734375 0.155029 0.0285187 0.0348816 
721 0 0.624023 0.0166626 0.0289001 0.0330505 
716 0 0.714844 0.788574 0.0296936 0.0354309 
701 0 0.993164 0.680176 0.014061 0.0354309 
694 0 0.22229 0.486572 0.0240173 0.0304718 
674 0 0.935059 0.206299 0.0359497 0.0499878 
615 0 0.578125 0.148193 0.0285187 0.0339966 
604 0 0.602539 0.209351 0.0300751 0.0440063 
534 0 0.506348 0.0322266 0.0261688 0.0318909 
464 0 0.70459 0.157349 0.0320435 0.0394592 
459 0 0.540527 0.985352 0.03125 0.0281219 
444 0 0.861816 0.409668 0.0296936 0.0385437 
288 0 0.351562 0.072937 0.0271454 0.0333252 
247 0 0.260986 0.431152 0.0281219 0.0375061 
176 0 0.474121 0.0541687 0.0265656 0.0375061 
55 0 0.0140533 0.98877 0.0281525 0.0229187 
54 0 0.989258 0.415527 0.0218811 0.0473938 
51 0 0.0422363 0.984375 0.0352173 0.03125 
50 0 0.489014 0.615723 0.03125 0.0426941 
49 0 0.453125 0.471924 0.0379028 0.0403748 
46 0 0.487549 0.862305 0.0343628 0.0416565 
43 0 0.570312 0.102112 0.0281219 0.0333252 
42 0 0.199829 0.246216 0.0313416 0.0385437 
41 0 0.213501 0.40625 0.026947 0.0416565 
34 0 0.583984 0.12085 0.0304718 0.0375061 
32 0 0.206299 0.194946 0.0306702 0.0354309 
27 0 0.235107 0.564453 0.0328064 0.0499878 
26 0 0.12915 0.195679 0.0332031 0.0426941 
23 0 0.624023 0.239746 0.0324097 0.0385437 
22 0 0.259277 0.270752 0.0339966 0.0414124 
21 0 0.0836182 0.802246 0.0326538 0.0416565 
19 0 0.102356 0.985352 0.0327148 0.0291595 
18 0 0.827148 0.432373 0.0296936 0.0354309 
14 0 0.834961 0.78418 0.0359497 0.044281 
8 0 0.822754 0.987305 0.0265656 0.0249939 
7 0 0.708008 0.630371 0.0324097 0.0411377 
6 0 0.831055 0.868652 0.03125 0.0406189 
5 0 0.851562 0.234375 0.0406189 0.0477905 
2 0 0.236694 0.856445 0.0326233 0.0458374 
1 0 0.631348 0.615723 0.0296936 0.0395813 
834 0 0.62793 0.802246 0.0343628 0.0416565 
825 0 0.96875 0.874023 0.0249939 0.0348816 
818 0 0.194092 0.713379 0.032135 0.044281 
815 0 0.561035 0.160156 0.0281219 0.0339966 
814 0 0.192871 0.85498 0.0361328 0.0479126 
801 0 0.970215 0.0410461 0.0257874 0.0365906 
791 0 0.408691 0.217407 0.0328064 0.0418091 
784 0 0.307129 0.196899 0.0261688 0.03125 
775 0 0.779785 0.395508 0.0285187 0.0385437 
765 0 0.69043 0.984375 0.0316467 0.03125 
724 0 0.734375 0.155029 0.0285187 0.0348816 
721 0 0.624023 0.0166626 0.0289001 0.0330505 
716 0 0.714844 0.788574 0.0296936 0.0354309 
701 0 0.993164 0.680176 0.014061 0.0354309 
694 0 0.22229 0.486572 0.0240173 0.0304718 
674 0 0.935059 0.206299 0.0359497 0.0499878 
615 0 0.578125 0.148193 0.0285187 0.0339966 
604 0 0.602539 0.209351 0.0300751 0.0440063 
534 0 0.506348 0.0322266 0.0261688 0.0318909 
464 0 0.70459 0.157349 0.0320435 0.0394592 
459 0 0.540527 0.985352 0.03125 0.0281219 
444 0 0.861816 0.409668 0.0296936 0.0385437 
288 0 0.351562 0.072937 0.0271454 0.0333252 
247 0 0.260986 0.431152 0.0281219 0.0375061 
176 0 0.474121 0.0541687 0.0265656 0.0375061 
55 0 0.0140533 0.98877 0.0281525 0.0229187 
54 0 0.989258 0.415527 0.0218811 0.0473938 
51 0 0.0422363 0.984375 0.0352173 0.03125 
50 0 0.489014 0.615723 0.03125 0.0426941 
49 0 0.453125 0.471924 0.0379028 0.0403748 
46 0 0.487549 0.862305 0.0343628 0.0416565 
43 0 0.570312 0.102112 0.0281219 0.0333252 
42 0 0.199829 0.246216 0.0313416 0.0385437 
41 0 0.213501 0.40625 0.026947 0.0416565 
34 0 0.583984 0.12085 0.0304718 0.0375061 
32 0 0.206299 0.194946 0.0306702 0.0354309 
27 0 0.235107 0.564453 0.0328064 0.0499878 
26 0 0.12915 0.195679 0.0332031 0.0426941 
23 0 0.624023 0.239746 0.0324097 0.0385437 
22 0 0.259277 0.270752 0.0339966 0.0414124 
21 0 0.0836182 0.802246 0.0326538 0.0416565 
19 0 0.102356 0.985352 0.0327148 0.0291595 
18 0 0.827148 0.432373 0.0296936 0.0354309 
14 0 0.834961 0.78418 0.0359497 0.044281 
8 0 0.822754 0.987305 0.0265656 0.0249939 
7 0 0.708008 0.630371 0.0324097 0.0411377 
6 0 0.831055 0.868652 0.03125 0.0406189 
5 0 0.851562 0.234375 0.0406189 0.0477905 
2 0 0.236694 0.856445 0.0326233 0.0458374 
1 0 0.631348 0.615723 0.0296936 0.0395813 
