178 0 0.50293 0.0104141 0.0363159 0.0211639 
172 0 0.992188 0.677246 0.0124969 0.046875 
170 0 0.00837708 0.666504 0.0175781 0.0380249 
150 0 0.983398 0.867676 0.0249939 0.0359497 
142 0 0.635742 0.419678 0.0332031 0.0437622 
122 0 0.665527 0.144043 0.0343628 0.0395203 
121 0 0.743164 0.754395 0.0265656 0.033844 
119 0 0.630371 0.804199 0.0371094 0.0416565 
87 0 0.292969 0.460449 0.03125 0.0390625 
76 0 0.782227 0.814453 0.0308533 0.0359497 
56 0 0.563477 0.1604 0.0265656 0.0333252 
55 0 0.0124969 0.990723 0.0249481 0.0187531 
54 0 0.994629 0.409424 0.0109406 0.0479126 
51 0 0.0405884 0.983398 0.0310974 0.0291595 
50 0 0.587402 0.493164 0.03125 0.0393372 
49 0 0.497559 0.391602 0.0328064 0.0375061 
47 0 0.209961 0.312988 0.0327148 0.0403748 
46 0 0.487549 0.865723 0.0285187 0.0354309 
45 0 0.571777 0.889648 0.0289001 0.0328064 
44 0 0.578613 0.150879 0.0289001 0.0343628 
43 0 0.566406 0.103149 0.026947 0.035614 
42 0 0.21521 0.161865 0.0277405 0.0377502 
41 0 0.310791 0.310303 0.0273438 0.0375061 
40 0 0.541504 0.985352 0.0328064 0.0291595 
39 0 0.786133 0.631348 0.0324097 0.0406189 
35 0 0.0146255 0.248047 0.0291443 0.0450439 
34 0 0.584961 0.121887 0.0296936 0.039856 
32 0 0.295898 0.10614 0.0292969 0.0367126 
31 0 0.254639 0.546875 0.028717 0.0369873 
30 0 0.988281 0.786621 0.0234375 0.0390625 
29 0 0.0290222 0.732422 0.029007 0.0401001 
27 0 0.235962 0.571777 0.0281219 0.0390625 
26 0 0.13208 0.195923 0.0328979 0.0440063 
25 0 0.663086 0.500977 0.0292969 0.0346375 
24 0 0.270996 0.417236 0.0296936 0.0361938 
23 0 0.606445 0.0905151 0.0304718 0.0384216 
22 0 0.283203 0.217651 0.0322266 0.039978 
21 0 0.0828247 0.805176 0.0281219 0.0354309 
20 0 0.510254 0.726074 0.0406189 0.0484314 
19 0 0.0898438 0.964355 0.0296936 0.0375061 
18 0 0.828125 0.43335 0.0320435 0.0414124 
17 0 0.192139 0.844727 0.03125 0.0395813 
16 0 0.356445 0.340576 0.0285187 0.0359497 
14 0 0.853027 0.749023 0.0335999 0.0437622 
13 0 0.869629 0.408447 0.0296936 0.0416565 
12 0 0.936035 0.208984 0.0406189 0.055481 
8 0 0.836914 0.964355 0.0296936 0.0375061 
7 0 0.708496 0.637695 0.0304718 0.0380249 
6 0 0.84668 0.838379 0.0289001 0.0354309 
5 0 0.853027 0.228149 0.0460815 0.0562439 
4 0 0.601562 0.213379 0.03125 0.0390625 
3 0 0.770996 0.0678101 0.0292969 0.0348511 
2 0 0.242554 0.856445 0.028717 0.0416565 
1 0 0.645996 0.561523 0.0296936 0.0385437 
