288 0 0.311768 0.189575 0.0294952 0.0372314 
281 0 0.371094 0.0115433 0.0265656 0.0231781 
276 0 0.65625 0.92627 0.0406189 0.0499878 
258 0 0.520508 0.0114594 0.0281219 0.0229492 
254 0 0.45752 0.0085144 0.03125 0.0251007 
251 0 0.326172 0.0762329 0.0353394 0.0404968 
246 0 0.978027 0.862305 0.0281219 0.0375061 
245 0 0.262451 0.437988 0.03125 0.0387878 
244 0 0.813477 0.960449 0.0292969 0.0411377 
236 0 0.729492 0.767578 0.0281219 0.0359497 
226 0 0.419434 0.438721 0.0320435 0.0401001 
221 0 0.0371399 0.380615 0.0340271 0.0487061 
178 0 0.497559 0.0209045 0.0289001 0.0369873 
142 0 0.638184 0.421875 0.0351562 0.0466003 
122 0 0.661621 0.176636 0.0359497 0.0406189 
119 0 0.628906 0.804199 0.0359497 0.0416565 
55 0 0.0131989 0.990723 0.0263977 0.0187531 
54 0 0.994629 0.406738 0.0109406 0.0507812 
51 0 0.039856 0.985352 0.0328064 0.0291595 
50 0 0.572754 0.521973 0.0324097 0.0385437 
49 0 0.488281 0.405273 0.0289001 0.0390625 
46 0 0.48291 0.866699 0.038269 0.0458374 
45 0 0.54834 0.943848 0.0281219 0.0328064 
43 0 0.568848 0.102966 0.0289001 0.0359497 
42 0 0.226196 0.182007 0.0290985 0.0391846 
41 0 0.288574 0.32666 0.0271454 0.038269 
40 0 0.541504 0.985352 0.0359497 0.0291595 
39 0 0.775879 0.271973 0.0324097 0.039978 
34 0 0.583496 0.120056 0.0328064 0.0400391 
32 0 0.263184 0.126099 0.0298767 0.038208 
31 0 0.0928955 0.199707 0.0313416 0.0411377 
30 0 0.981445 0.83252 0.03125 0.0390625 
29 0 0.0193176 0.750977 0.0288849 0.0416565 
27 0 0.235107 0.578125 0.0300751 0.0437622 
26 0 0.13208 0.19873 0.0335083 0.0436096 
22 0 0.282471 0.217651 0.033783 0.039978 
21 0 0.0836182 0.806152 0.0296936 0.0375061 
20 0 0.499268 0.73877 0.0421753 0.0489502 
19 0 0.0883789 0.963379 0.0326538 0.0390625 
18 0 0.829102 0.433838 0.0328064 0.0414124 
17 0 0.192993 0.84375 0.0328064 0.0416565 
16 0 0.179077 0.523438 0.0326233 0.04245 
14 0 0.851562 0.750977 0.0351562 0.0437622 
13 0 0.864746 0.4104 0.0328064 0.0416565 
12 0 0.936035 0.209351 0.0406189 0.0565186 
8 0 0.834961 0.977051 0.0281219 0.0348816 
7 0 0.708496 0.633301 0.0328064 0.0416565 
6 0 0.842773 0.853027 0.0265656 0.033844 
5 0 0.852539 0.228516 0.0453186 0.0536499 
4 0 0.604004 0.214844 0.0300751 0.0369873 
3 0 0.772461 0.078125 0.0320435 0.0392456 
2 0 0.240601 0.853027 0.03125 0.0437622 
1 0 0.631836 0.581055 0.0308533 0.0380249 
