232 0 0.991211 0.679199 0.014061 0.0473938 
226 0 0.307861 0.391357 0.0290985 0.0359497 
223 0 0.731445 0.694824 0.0308533 0.0390625 
221 0 0.0392456 0.372803 0.0333862 0.0414124 
210 0 0.945312 0.939941 0.0304718 0.0385437 
208 0 0.307129 0.343506 0.0203094 0.0276031 
178 0 0.498535 0.0135422 0.0308533 0.0271149 
142 0 0.636719 0.420898 0.0359497 0.0499878 
122 0 0.665527 0.161499 0.0367126 0.0420532 
119 0 0.629883 0.805176 0.0351562 0.0437622 
87 0 0.0357056 0.226318 0.0285645 0.0389404 
55 0 0.0124969 0.990723 0.0249329 0.0197906 
54 0 0.993652 0.409424 0.0124969 0.0473938 
51 0 0.0406494 0.984375 0.0314026 0.0270844 
50 0 0.584473 0.505371 0.0343628 0.039856 
49 0 0.49292 0.398926 0.0320435 0.0395813 
46 0 0.487549 0.865723 0.0304718 0.0359497 
45 0 0.563477 0.912598 0.0285187 0.0322876 
44 0 0.578125 0.151001 0.03125 0.035614 
43 0 0.568848 0.102966 0.03125 0.0396423 
42 0 0.221313 0.175781 0.0265656 0.0372314 
41 0 0.30127 0.315674 0.0283203 0.0372314 
40 0 0.541504 0.985352 0.0328064 0.0291595 
39 0 0.768066 0.50293 0.0328064 0.0445251 
35 0 0.0101471 0.27124 0.0198059 0.0391846 
34 0 0.584961 0.122498 0.0328064 0.0403748 
32 0 0.280518 0.118042 0.0296936 0.0368347 
31 0 0.203491 0.385986 0.0296936 0.0343628 
30 0 0.988281 0.804199 0.0234375 0.0380249 
29 0 0.0211029 0.737305 0.0299072 0.0421753 
27 0 0.234741 0.578125 0.0290985 0.0401001 
26 0 0.133545 0.195801 0.0324097 0.0419312 
24 0 0.26709 0.430908 0.0296936 0.0359497 
23 0 0.557129 0.0102997 0.0308533 0.0226898 
22 0 0.283203 0.21875 0.033783 0.0419312 
21 0 0.0841064 0.805176 0.0292511 0.0369873 
20 0 0.507812 0.72998 0.0406189 0.0520935 
19 0 0.0887451 0.964355 0.0302734 0.0375061 
18 0 0.829102 0.433838 0.0328064 0.0414124 
17 0 0.192139 0.84375 0.03125 0.0375061 
16 0 0.293457 0.42749 0.0281219 0.0343628 
14 0 0.851562 0.75 0.0351562 0.0458374 
13 0 0.868164 0.408447 0.0328064 0.0429688 
12 0 0.936035 0.208496 0.039856 0.0565186 
8 0 0.835938 0.96875 0.0281219 0.0375061 
7 0 0.708008 0.635742 0.0300751 0.0385437 
6 0 0.845215 0.845703 0.0304718 0.0359497 
5 0 0.853027 0.229126 0.0453186 0.0541687 
4 0 0.600586 0.213501 0.0328064 0.0403748 
3 0 0.773438 0.0739746 0.03125 0.0399475 
2 0 0.241455 0.85498 0.0296936 0.0395813 
1 0 0.635254 0.569824 0.0296936 0.0406189 
