479 1 0.535156 0.985352 0.058197 0.0249939 
477 0 0.57666 0.112122 0.0347595 0.0395813 
474 0 0.979492 0.86377 0.0249939 0.0354309 
467 0 0.308594 0.807129 0.026947 0.0354309 
464 0 0.768066 0.0261078 0.0332031 0.0403137 
459 0 0.539062 0.986328 0.0359497 0.0260468 
444 0 0.660156 0.537109 0.0289001 0.0406189 
439 1 0.895508 0.165161 0.0335999 0.04245 
438 0 0.990723 0.679688 0.0148468 0.0437622 
431 0 0.278564 0.397705 0.0244141 0.0307312 
423 0 0.578125 0.153076 0.0277405 0.0345154 
410 0 0.313721 0.189697 0.0384827 0.0432434 
355 0 0.00561142 0.225708 0.0128784 0.0434875 
288 0 0.365723 0.032196 0.0335999 0.0394287 
260 0 0.511719 0.015625 0.0289001 0.0271149 
247 0 0.260986 0.439697 0.0343628 0.0421753 
238 0 0.723633 0.773926 0.0316467 0.0369873 
227 0 0.0163269 0.546875 0.0335999 0.0419312 
176 0 0.498535 0.0239563 0.0343628 0.0396423 
55 0 0.0139999 0.989746 0.0279999 0.0208282 
54 0 0.992188 0.406494 0.015625 0.0536499 
51 0 0.039856 0.985352 0.0330505 0.0260468 
50 0 0.557617 0.549805 0.03125 0.0387878 
49 0 0.47583 0.414551 0.0359497 0.0419312 
46 0 0.487549 0.865723 0.03125 0.0437622 
45 0 0.522461 0.990723 0.0304718 0.0187531 
43 0 0.568848 0.104187 0.0289001 0.0343018 
42 0 0.291504 0.249146 0.03302 0.0393372 
41 0 0.268799 0.358398 0.0306702 0.0416565 
39 0 0.586914 0.0309601 0.0304718 0.0376892 
34 0 0.583496 0.121765 0.0328064 0.0403748 
32 0 0.243774 0.153076 0.033783 0.0390625 
30 0 0.966309 0.87793 0.0359497 0.0401001 
29 0 0.0132675 0.771973 0.023468 0.0395813 
27 0 0.235107 0.578125 0.0304718 0.0437622 
26 0 0.129639 0.199951 0.0379028 0.0501404 
23 0 0.655273 0.19873 0.0359497 0.042572 
22 0 0.283203 0.217651 0.033783 0.0395813 
21 0 0.0828247 0.805176 0.03125 0.0390625 
20 0 0.496094 0.745605 0.0421753 0.0510559 
19 0 0.0898438 0.964355 0.0298309 0.0375061 
18 0 0.830566 0.435303 0.0328064 0.0416565 
17 0 0.192993 0.84668 0.0359497 0.0437622 
14 0 0.84668 0.754395 0.0335999 0.0458374 
13 0 0.864258 0.412598 0.0343628 0.0416565 
12 0 0.936035 0.209351 0.039856 0.0546875 
8 0 0.831055 0.983398 0.0281219 0.0333252 
7 0 0.709473 0.633301 0.03125 0.0406189 
6 0 0.839844 0.860352 0.0265656 0.0385437 
5 0 0.853027 0.229126 0.0421753 0.0497437 
4 0 0.602539 0.213501 0.0296936 0.0359497 
3 0 0.768066 0.093689 0.0328064 0.040741 
2 0 0.239868 0.857422 0.0328064 0.0401001 
1 0 0.629395 0.601074 0.0296936 0.0380249 
479 1 0.535156 0.985352 0.058197 0.0249939 
477 0 0.57666 0.112122 0.0347595 0.0395813 
474 0 0.979492 0.86377 0.0249939 0.0354309 
467 0 0.308594 0.807129 0.026947 0.0354309 
464 0 0.768066 0.0261078 0.0332031 0.0403137 
459 0 0.539062 0.986328 0.0359497 0.0260468 
444 0 0.660156 0.537109 0.0289001 0.0406189 
439 1 0.895508 0.165161 0.0335999 0.04245 
438 0 0.990723 0.679688 0.0148468 0.0437622 
431 0 0.278564 0.397705 0.0244141 0.0307312 
423 0 0.578125 0.153076 0.0277405 0.0345154 
410 0 0.313721 0.189697 0.0384827 0.0432434 
355 0 0.00561142 0.225708 0.0128784 0.0434875 
288 0 0.365723 0.032196 0.0335999 0.0394287 
260 0 0.511719 0.015625 0.0289001 0.0271149 
247 0 0.260986 0.439697 0.0343628 0.0421753 
238 0 0.723633 0.773926 0.0316467 0.0369873 
227 0 0.0163269 0.546875 0.0335999 0.0419312 
176 0 0.498535 0.0239563 0.0343628 0.0396423 
55 0 0.0139999 0.989746 0.0279999 0.0208282 
54 0 0.992188 0.406494 0.015625 0.0536499 
51 0 0.039856 0.985352 0.0330505 0.0260468 
50 0 0.557617 0.549805 0.03125 0.0387878 
49 0 0.47583 0.414551 0.0359497 0.0419312 
46 0 0.487549 0.865723 0.03125 0.0437622 
45 0 0.522461 0.990723 0.0304718 0.0187531 
43 0 0.568848 0.104187 0.0289001 0.0343018 
42 0 0.291504 0.249146 0.03302 0.0393372 
41 0 0.268799 0.358398 0.0306702 0.0416565 
39 0 0.586914 0.0309601 0.0304718 0.0376892 
34 0 0.583496 0.121765 0.0328064 0.0403748 
32 0 0.243774 0.153076 0.033783 0.0390625 
30 0 0.966309 0.87793 0.0359497 0.0401001 
29 0 0.0132675 0.771973 0.023468 0.0395813 
27 0 0.235107 0.578125 0.0304718 0.0437622 
26 0 0.129639 0.199951 0.0379028 0.0501404 
23 0 0.655273 0.19873 0.0359497 0.042572 
22 0 0.283203 0.217651 0.033783 0.0395813 
21 0 0.0828247 0.805176 0.03125 0.0390625 
20 0 0.496094 0.745605 0.0421753 0.0510559 
19 0 0.0898438 0.964355 0.0298309 0.0375061 
18 0 0.830566 0.435303 0.0328064 0.0416565 
17 0 0.192993 0.84668 0.0359497 0.0437622 
14 0 0.84668 0.754395 0.0335999 0.0458374 
13 0 0.864258 0.412598 0.0343628 0.0416565 
12 0 0.936035 0.209351 0.039856 0.0546875 
8 0 0.831055 0.983398 0.0281219 0.0333252 
7 0 0.709473 0.633301 0.03125 0.0406189 
6 0 0.839844 0.860352 0.0265656 0.0385437 
5 0 0.853027 0.229126 0.0421753 0.0497437 
4 0 0.602539 0.213501 0.0296936 0.0359497 
3 0 0.768066 0.093689 0.0328064 0.040741 
2 0 0.239868 0.857422 0.0328064 0.0401001 
1 0 0.629395 0.601074 0.0296936 0.0380249 
