750 0 0.612305 0.827148 0.0339966 0.0416565 
744 0 0.307861 0.193481 0.0249939 0.0321655 
743 0 0.628906 0.802246 0.0332031 0.0375061 
735 0 0.780273 0.165894 0.0316467 0.0397034 
725 0 0.803223 0.844727 0.0300751 0.0401001 
724 0 0.562988 0.160156 0.0273438 0.035553 
718 1 0.038147 0.849121 0.0321655 0.0426941 
684 0 0.744141 0.13147 0.0289001 0.037384 
681 0 0.629883 0.0135345 0.0289001 0.0262604 
677 0 0.717285 0.787598 0.0257874 0.0333252 
662 0 0.992188 0.682129 0.015625 0.0354309 
655 0 0.230469 0.473877 0.0234375 0.03125 
640 0 0.981445 0.0219269 0.0273438 0.0353088 
639 0 0.936035 0.207275 0.038269 0.0523376 
626 0 0.179932 0.844727 0.0342712 0.0437622 
602 0 0.637695 0.419678 0.038269 0.0471497 
584 0 0.578125 0.150024 0.0285187 0.0375061 
569 0 0.602539 0.209473 0.0296936 0.0429688 
506 0 0.507812 0.03125 0.026947 0.0375061 
435 0 0.713379 0.137451 0.03125 0.0418091 
416 0 0.86084 0.4104 0.0289001 0.0375061 
281 0 0.356201 0.069519 0.0281219 0.0350037 
245 0 0.260986 0.432861 0.0296936 0.0395813 
178 0 0.477295 0.0531311 0.0265656 0.0395813 
122 0 0.626465 0.240601 0.0343628 0.039856 
55 0 0.0140762 0.989746 0.0281067 0.0208282 
54 0 0.989258 0.411865 0.0210876 0.0466003 
51 0 0.0427856 0.98584 0.0358276 0.0281219 
50 0 0.508789 0.609375 0.0335999 0.0479126 
49 0 0.45752 0.455322 0.0351562 0.0471497 
46 0 0.487549 0.86377 0.03125 0.0395813 
45 0 0.541992 0.98584 0.0320435 0.0281219 
43 0 0.571289 0.102356 0.0296936 0.0347595 
42 0 0.28125 0.200806 0.0314331 0.0397034 
41 0 0.22583 0.389648 0.0314331 0.0416565 
34 0 0.583008 0.12085 0.0328064 0.0375061 
32 0 0.218018 0.175049 0.0300751 0.033844 
30 0 0.911621 0.989746 0.0296936 0.0208282 
27 0 0.235962 0.570801 0.03125 0.0458374 
26 0 0.129639 0.196045 0.0343628 0.0464783 
22 0 0.266357 0.25293 0.0333862 0.0423279 
21 0 0.0838623 0.803223 0.0348206 0.0437622 
19 0 0.086731 0.961426 0.0357971 0.0453186 
18 0 0.825684 0.432373 0.0328064 0.0395813 
14 0 0.82959 0.759277 0.0320435 0.0426941 
8 0 0.823242 0.98877 0.0281219 0.0229187 
7 0 0.709473 0.630371 0.03125 0.0395813 
6 0 0.832031 0.87207 0.0265656 0.0364685 
5 0 0.851562 0.235474 0.0414124 0.0496216 
2 0 0.237549 0.856445 0.03125 0.0453186 
1 0 0.630371 0.615723 0.0296936 0.0406189 
