403 0 0.630371 0.802246 0.0379028 0.0484314 
401 0 0.654785 0.927734 0.0406189 0.0531311 
399 0 0.638184 0.421631 0.0394592 0.0515747 
398 0 0.577148 0.153076 0.0292969 0.0354309 
396 0 0.469482 0.467529 0.0328064 0.0489502 
394 0 0.61084 0.522461 0.0343628 0.0411377 
386 0 0.311768 0.189575 0.0326233 0.0375061 
383 0 0.0464783 0.0753784 0.0343628 0.0420227 
374 0 0.991211 0.679199 0.014061 0.0499878 
347 0 0.933594 0.240845 0.0343628 0.0397034 
343 0 0.098938 0.277588 0.0354004 0.0475159 
333 0 0.00597382 0.323975 0.0113144 0.0455627 
281 0 0.366455 0.0271606 0.0328064 0.0379333 
258 0 0.513184 0.0154953 0.0265656 0.0260162 
245 0 0.260498 0.439209 0.033783 0.0411377 
236 0 0.725586 0.773926 0.0292969 0.0354309 
178 0 0.500977 0.0221558 0.0328064 0.0387573 
122 0 0.655273 0.192749 0.0359497 0.0437622 
55 0 0.0140762 0.990723 0.0280457 0.0203094 
54 0 0.992188 0.409424 0.015625 0.0523376 
51 0 0.0390625 0.986328 0.0345764 0.0270844 
50 0 0.566406 0.537109 0.0343628 0.0429688 
49 0 0.478027 0.412598 0.0375061 0.0499878 
46 0 0.486816 0.865723 0.0296936 0.0437622 
45 0 0.53125 0.981445 0.0332031 0.0333252 
43 0 0.569336 0.103149 0.0289001 0.0354309 
42 0 0.262451 0.231567 0.0345764 0.0414124 
41 0 0.27417 0.353027 0.0296936 0.0395813 
39 0 0.672852 0.0595093 0.0300751 0.0392761 
34 0 0.584473 0.121521 0.03125 0.0384216 
32 0 0.249268 0.144775 0.0328064 0.0392456 
30 0 0.973633 0.862305 0.0375061 0.0458374 
29 0 0.0147476 0.770996 0.0257874 0.0411377 
27 0 0.234375 0.578125 0.03125 0.0437622 
26 0 0.130493 0.199585 0.0376892 0.0487061 
22 0 0.284424 0.218994 0.0343628 0.0406189 
21 0 0.0838623 0.805176 0.0306702 0.0395813 
20 0 0.496826 0.743652 0.042572 0.0499878 
19 0 0.0896606 0.964355 0.0294952 0.0375061 
18 0 0.830566 0.436279 0.0328064 0.0421753 
17 0 0.192993 0.845703 0.0359497 0.0458374 
16 0 0.0854492 0.536621 0.0346069 0.0432434 
14 0 0.84668 0.754395 0.03125 0.044281 
13 0 0.864258 0.411621 0.0343628 0.0447998 
12 0 0.936035 0.2052 0.0367126 0.0491028 
8 0 0.831055 0.981445 0.0281219 0.0333252 
7 0 0.709473 0.632324 0.03125 0.0390625 
6 0 0.84082 0.857422 0.0273438 0.0390625 
5 0 0.853027 0.229858 0.0437622 0.0505066 
4 0 0.603027 0.213501 0.0300751 0.0393372 
3 0 0.768555 0.0895996 0.03125 0.0378113 
2 0 0.239868 0.857422 0.0328064 0.0401001 
1 0 0.62793 0.591797 0.0343628 0.0447998 
