623 0 0.575195 0.11145 0.0343628 0.0395813 
615 0 0.577148 0.150635 0.0320435 0.0386047 
604 0 0.601562 0.211426 0.03125 0.0395813 
579 2 0.0119858 0.727051 0.0247345 0.0416565 
562 0 0.959473 0.401611 0.0320435 0.0403748 
547 0 0.637695 0.421875 0.0371094 0.0437622 
535 0 0.991211 0.68457 0.015625 0.0432434 
534 0 0.502441 0.019455 0.0316467 0.0338745 
464 0 0.745117 0.0770874 0.0347595 0.0418396 
459 0 0.541504 0.985352 0.0328064 0.0291595 
444 0 0.791992 0.399902 0.0332031 0.0367126 
288 0 0.35791 0.0527954 0.0308533 0.0380554 
247 0 0.261963 0.439209 0.0320435 0.0364685 
238 0 0.719238 0.780273 0.0304718 0.0354309 
176 0 0.48584 0.0406494 0.03125 0.0392456 
55 0 0.0132828 0.990723 0.0266571 0.0203094 
54 0 0.990723 0.411377 0.0187531 0.0518188 
51 0 0.0406189 0.986328 0.0316467 0.0260468 
50 0 0.535156 0.587402 0.0328064 0.0421753 
49 0 0.464844 0.432373 0.0394592 0.0562439 
46 0 0.48584 0.86377 0.03125 0.0437622 
43 0 0.569336 0.103271 0.0296936 0.0357361 
42 0 0.312012 0.227173 0.0333862 0.0403748 
41 0 0.246094 0.371826 0.0294952 0.0395813 
34 0 0.583008 0.120972 0.0343628 0.0421753 
32 0 0.241455 0.158569 0.0298767 0.0329285 
30 0 0.945312 0.931152 0.0335999 0.0390625 
29 0 0.00624847 0.793945 0.0128632 0.0375061 
27 0 0.233643 0.576172 0.0296936 0.0432434 
26 0 0.130249 0.198608 0.0354614 0.046875 
23 0 0.638184 0.233276 0.035553 0.0412903 
22 0 0.27417 0.234375 0.0328064 0.0393372 
21 0 0.0843506 0.804199 0.0281677 0.0364685 
20 0 0.489746 0.751953 0.0421753 0.0458374 
19 0 0.0890503 0.962402 0.03125 0.0416565 
18 0 0.829102 0.43335 0.0328064 0.0419312 
17 0 0.192139 0.845703 0.0343628 0.0416565 
14 0 0.842773 0.75293 0.0359497 0.0489502 
13 0 0.864746 0.413574 0.0328064 0.0416565 
12 0 0.936035 0.209351 0.039856 0.0562439 
8 0 0.824219 0.987305 0.0265656 0.0249939 
7 0 0.708496 0.631348 0.0335999 0.0416565 
6 0 0.834961 0.868652 0.0265656 0.0406189 
5 0 0.852539 0.235474 0.0421753 0.0499878 
3 0 0.759277 0.102356 0.0332031 0.0366516 
2 0 0.237061 0.857422 0.0306702 0.0395813 
1 0 0.631836 0.610352 0.0328064 0.0416565 
623 0 0.575195 0.11145 0.0343628 0.0395813 
615 0 0.577148 0.150635 0.0320435 0.0386047 
604 0 0.601562 0.211426 0.03125 0.0395813 
579 2 0.0119858 0.727051 0.0247345 0.0416565 
562 0 0.959473 0.401611 0.0320435 0.0403748 
547 0 0.637695 0.421875 0.0371094 0.0437622 
535 0 0.991211 0.68457 0.015625 0.0432434 
534 0 0.502441 0.019455 0.0316467 0.0338745 
464 0 0.745117 0.0770874 0.0347595 0.0418396 
459 0 0.541504 0.985352 0.0328064 0.0291595 
444 0 0.791992 0.399902 0.0332031 0.0367126 
288 0 0.35791 0.0527954 0.0308533 0.0380554 
247 0 0.261963 0.439209 0.0320435 0.0364685 
238 0 0.719238 0.780273 0.0304718 0.0354309 
176 0 0.48584 0.0406494 0.03125 0.0392456 
55 0 0.0132828 0.990723 0.0266571 0.0203094 
54 0 0.990723 0.411377 0.0187531 0.0518188 
51 0 0.0406189 0.986328 0.0316467 0.0260468 
50 0 0.535156 0.587402 0.0328064 0.0421753 
49 0 0.464844 0.432373 0.0394592 0.0562439 
46 0 0.48584 0.86377 0.03125 0.0437622 
43 0 0.569336 0.103271 0.0296936 0.0357361 
42 0 0.312012 0.227173 0.0333862 0.0403748 
41 0 0.246094 0.371826 0.0294952 0.0395813 
34 0 0.583008 0.120972 0.0343628 0.0421753 
32 0 0.241455 0.158569 0.0298767 0.0329285 
30 0 0.945312 0.931152 0.0335999 0.0390625 
29 0 0.00624847 0.793945 0.0128632 0.0375061 
27 0 0.233643 0.576172 0.0296936 0.0432434 
26 0 0.130249 0.198608 0.0354614 0.046875 
23 0 0.638184 0.233276 0.035553 0.0412903 
22 0 0.27417 0.234375 0.0328064 0.0393372 
21 0 0.0843506 0.804199 0.0281677 0.0364685 
20 0 0.489746 0.751953 0.0421753 0.0458374 
19 0 0.0890503 0.962402 0.03125 0.0416565 
18 0 0.829102 0.43335 0.0328064 0.0419312 
17 0 0.192139 0.845703 0.0343628 0.0416565 
14 0 0.842773 0.75293 0.0359497 0.0489502 
13 0 0.864746 0.413574 0.0328064 0.0416565 
12 0 0.936035 0.209351 0.039856 0.0562439 
8 0 0.824219 0.987305 0.0265656 0.0249939 
7 0 0.708496 0.631348 0.0335999 0.0416565 
6 0 0.834961 0.868652 0.0265656 0.0406189 
5 0 0.852539 0.235474 0.0421753 0.0499878 
3 0 0.759277 0.102356 0.0332031 0.0366516 
2 0 0.237061 0.857422 0.0306702 0.0395813 
1 0 0.631836 0.610352 0.0328064 0.0416565 
