232 0 0.990723 0.680176 0.015625 0.0484314 
226 0 0.313721 0.396729 0.0304718 0.0369873 
223 0 0.736816 0.705078 0.0316467 0.0411377 
221 0 0.0391235 0.371826 0.0337524 0.0421753 
210 0 0.950684 0.953125 0.0296936 0.0364685 
208 0 0.307617 0.34375 0.0214844 0.0286407 
178 0 0.497559 0.0144806 0.0320435 0.0281372 
142 0 0.636719 0.420898 0.0359497 0.0499878 
122 0 0.665039 0.162231 0.035553 0.0411377 
119 0 0.629883 0.805176 0.0343628 0.0432434 
87 0 0.0281677 0.24585 0.0277557 0.0371094 
55 0 0.0124969 0.990723 0.0249786 0.0187531 
54 0 0.993652 0.409424 0.0124969 0.0479126 
51 0 0.0406189 0.984375 0.03125 0.0270844 
50 0 0.584473 0.505371 0.0343628 0.0395813 
49 0 0.49292 0.398926 0.0328064 0.039856 
46 0 0.486816 0.865723 0.0300751 0.0354309 
45 0 0.561523 0.913574 0.0296936 0.0343628 
44 0 0.578125 0.151245 0.03125 0.0351562 
43 0 0.567871 0.103149 0.0320435 0.0396423 
42 0 0.219971 0.180176 0.026947 0.0384216 
41 0 0.300781 0.31665 0.0290985 0.0375061 
40 0 0.541504 0.985352 0.0332031 0.0291595 
39 0 0.768066 0.501953 0.0324097 0.0445251 
35 0 0.00939941 0.271973 0.0190887 0.0393372 
34 0 0.584961 0.122009 0.0328064 0.0401611 
32 0 0.279785 0.116821 0.028717 0.0372925 
31 0 0.195312 0.396973 0.0293884 0.033844 
30 0 0.988281 0.805176 0.0234375 0.0369873 
29 0 0.0211029 0.73877 0.0297546 0.0421753 
27 0 0.234375 0.578125 0.0285187 0.0406189 
26 0 0.133545 0.194824 0.0327148 0.0429688 
24 0 0.26709 0.430664 0.0306702 0.0369873 
23 0 0.560059 0.00923157 0.0304718 0.0200806 
22 0 0.282715 0.218506 0.0335999 0.0410156 
21 0 0.0836182 0.805664 0.029541 0.0364685 
20 0 0.507812 0.72998 0.0406189 0.0520935 
19 0 0.0888062 0.964355 0.030365 0.0375061 
18 0 0.829102 0.434326 0.0328064 0.0401001 
17 0 0.192139 0.844727 0.03125 0.0380249 
16 0 0.285889 0.419189 0.0304718 0.0367126 
14 0 0.851562 0.75 0.0343628 0.0458374 
13 0 0.868164 0.408447 0.0328064 0.0421753 
12 0 0.936035 0.209351 0.0406189 0.0571594 
8 0 0.835938 0.96875 0.0281219 0.0375061 
7 0 0.708008 0.633789 0.0308533 0.0385437 
6 0 0.845215 0.844727 0.0296936 0.0354309 
5 0 0.853027 0.229126 0.0453186 0.0541687 
4 0 0.601562 0.213257 0.0320435 0.0394592 
3 0 0.773438 0.0739746 0.03125 0.0397339 
2 0 0.241455 0.856445 0.0296936 0.0385437 
1 0 0.635742 0.570312 0.0304718 0.0406189 
