283 0 0.992188 0.422363 0.0132828 0.0455627 
280 0 0.657227 0.92627 0.0390625 0.046875 
278 0 0.340088 0.00870514 0.0296936 0.0176697 
260 0 0.523926 0.0115051 0.0273438 0.0224915 
256 0 0.395996 0.0804443 0.0310516 0.0365295 
253 0 0.385254 0.042572 0.0314331 0.0380249 
248 0 0.978027 0.862305 0.0281219 0.0375061 
247 0 0.264648 0.4375 0.03125 0.0377502 
246 0 0.786133 0.899414 0.0289001 0.0406189 
238 0 0.731445 0.765137 0.0285187 0.0343628 
227 0 0.200928 0.50293 0.0286102 0.0369873 
221 0 0.037384 0.37915 0.0335388 0.0458374 
176 0 0.500977 0.0145111 0.0296936 0.0287323 
140 0 0.637207 0.42041 0.0351562 0.0450439 
117 0 0.628906 0.804199 0.0359497 0.0416565 
55 0 0.0128174 0.990723 0.0257874 0.0187531 
54 0 0.994629 0.409424 0.0109406 0.0479126 
51 0 0.0400391 0.985352 0.0325317 0.0291595 
50 0 0.57666 0.515137 0.0316467 0.038269 
49 0 0.489014 0.404053 0.0289001 0.0375061 
46 0 0.48291 0.86377 0.0367126 0.0437622 
45 0 0.551758 0.936523 0.0281219 0.0322876 
44 0 0.578125 0.151978 0.0281219 0.0330811 
43 0 0.567383 0.102112 0.0300751 0.0374451 
42 0 0.221436 0.177612 0.0275421 0.0371094 
41 0 0.290527 0.323975 0.0277405 0.0395813 
40 0 0.541504 0.984375 0.0351562 0.0296936 
39 0 0.788086 0.332275 0.0328064 0.0419312 
34 0 0.584473 0.119751 0.0308533 0.0391846 
32 0 0.26709 0.125 0.03125 0.0380249 
31 0 0.12207 0.257324 0.0299835 0.0377502 
30 0 0.98291 0.82373 0.03125 0.0395813 
29 0 0.0195007 0.74707 0.0297394 0.0437622 
27 0 0.235718 0.578125 0.0308533 0.0437622 
26 0 0.13208 0.196167 0.0326233 0.0434875 
23 0 0.661133 0.17395 0.0351562 0.039978 
22 0 0.282227 0.217651 0.0339966 0.0403748 
21 0 0.0842896 0.806152 0.0289612 0.0375061 
20 0 0.501465 0.737305 0.042572 0.0510559 
19 0 0.0888672 0.964355 0.03125 0.0385437 
18 0 0.829102 0.434326 0.0328064 0.0395813 
17 0 0.192993 0.84375 0.032135 0.0416565 
16 0 0.394043 0.467773 0.0343628 0.0419312 
14 0 0.851562 0.75 0.0367126 0.0463562 
13 0 0.865723 0.4104 0.03125 0.0416565 
12 0 0.936035 0.209473 0.039856 0.0572815 
8 0 0.833008 0.975098 0.0281219 0.0375061 
7 0 0.708496 0.633301 0.0296936 0.0375061 
6 0 0.842773 0.850098 0.0265656 0.0333252 
5 0 0.852539 0.228149 0.0453186 0.0523376 
4 0 0.601562 0.212036 0.03125 0.0386658 
3 0 0.772461 0.076416 0.0328064 0.0411377 
2 0 0.241455 0.854004 0.0328064 0.0416565 
1 0 0.632812 0.578125 0.03125 0.0395813 
283 0 0.992188 0.422363 0.0132828 0.0455627 
280 0 0.657227 0.92627 0.0390625 0.046875 
278 0 0.340088 0.00870514 0.0296936 0.0176697 
260 0 0.523926 0.0115051 0.0273438 0.0224915 
256 0 0.395996 0.0804443 0.0310516 0.0365295 
253 0 0.385254 0.042572 0.0314331 0.0380249 
248 0 0.978027 0.862305 0.0281219 0.0375061 
247 0 0.264648 0.4375 0.03125 0.0377502 
246 0 0.786133 0.899414 0.0289001 0.0406189 
238 0 0.731445 0.765137 0.0285187 0.0343628 
227 0 0.200928 0.50293 0.0286102 0.0369873 
221 0 0.037384 0.37915 0.0335388 0.0458374 
176 0 0.500977 0.0145111 0.0296936 0.0287323 
140 0 0.637207 0.42041 0.0351562 0.0450439 
117 0 0.628906 0.804199 0.0359497 0.0416565 
55 0 0.0128174 0.990723 0.0257874 0.0187531 
54 0 0.994629 0.409424 0.0109406 0.0479126 
51 0 0.0400391 0.985352 0.0325317 0.0291595 
50 0 0.57666 0.515137 0.0316467 0.038269 
49 0 0.489014 0.404053 0.0289001 0.0375061 
46 0 0.48291 0.86377 0.0367126 0.0437622 
45 0 0.551758 0.936523 0.0281219 0.0322876 
44 0 0.578125 0.151978 0.0281219 0.0330811 
43 0 0.567383 0.102112 0.0300751 0.0374451 
42 0 0.221436 0.177612 0.0275421 0.0371094 
41 0 0.290527 0.323975 0.0277405 0.0395813 
40 0 0.541504 0.984375 0.0351562 0.0296936 
39 0 0.788086 0.332275 0.0328064 0.0419312 
34 0 0.584473 0.119751 0.0308533 0.0391846 
32 0 0.26709 0.125 0.03125 0.0380249 
31 0 0.12207 0.257324 0.0299835 0.0377502 
30 0 0.98291 0.82373 0.03125 0.0395813 
29 0 0.0195007 0.74707 0.0297394 0.0437622 
27 0 0.235718 0.578125 0.0308533 0.0437622 
26 0 0.13208 0.196167 0.0326233 0.0434875 
23 0 0.661133 0.17395 0.0351562 0.039978 
22 0 0.282227 0.217651 0.0339966 0.0403748 
21 0 0.0842896 0.806152 0.0289612 0.0375061 
20 0 0.501465 0.737305 0.042572 0.0510559 
19 0 0.0888672 0.964355 0.03125 0.0385437 
18 0 0.829102 0.434326 0.0328064 0.0395813 
17 0 0.192993 0.84375 0.032135 0.0416565 
16 0 0.394043 0.467773 0.0343628 0.0419312 
14 0 0.851562 0.75 0.0367126 0.0463562 
13 0 0.865723 0.4104 0.03125 0.0416565 
12 0 0.936035 0.209473 0.039856 0.0572815 
8 0 0.833008 0.975098 0.0281219 0.0375061 
7 0 0.708496 0.633301 0.0296936 0.0375061 
6 0 0.842773 0.850098 0.0265656 0.0333252 
5 0 0.852539 0.228149 0.0453186 0.0523376 
4 0 0.601562 0.212036 0.03125 0.0386658 
3 0 0.772461 0.076416 0.0328064 0.0411377 
2 0 0.241455 0.854004 0.0328064 0.0416565 
1 0 0.632812 0.578125 0.03125 0.0395813 
