686 2 0.0100784 0.737305 0.0201721 0.0406189 
675 0 0.990723 0.00911713 0.0187531 0.0182648 
674 0 0.936035 0.207886 0.0375061 0.0505066 
671 0 0.901367 0.424316 0.0304718 0.0406189 
661 0 0.140503 0.950195 0.0273438 0.0375061 
635 0 0.636719 0.418701 0.0359497 0.0458374 
615 0 0.578125 0.150024 0.0300751 0.0375061 
604 0 0.602539 0.210449 0.0304718 0.0416565 
562 0 0.921875 0.572754 0.0296936 0.0380249 
534 0 0.506348 0.0240631 0.0273438 0.035675 
464 0 0.730469 0.0997314 0.0328064 0.0390625 
459 0 0.541992 0.985352 0.03125 0.0281219 
444 0 0.864258 0.414551 0.03125 0.0416565 
288 0 0.35791 0.0615845 0.0281219 0.0357971 
247 0 0.260986 0.4375 0.03125 0.0375061 
238 0 0.717773 0.782227 0.0308533 0.0354309 
176 0 0.481201 0.0479126 0.0281219 0.0374146 
55 0 0.0132675 0.990723 0.0264893 0.0187531 
54 0 0.990723 0.412598 0.0179749 0.0541687 
51 0 0.0413818 0.987305 0.0327759 0.0249939 
50 0 0.524414 0.601074 0.0328064 0.0437622 
49 0 0.46167 0.44165 0.0371094 0.0505066 
46 0 0.486816 0.86377 0.0296936 0.0390625 
43 0 0.568848 0.103149 0.0289001 0.0361328 
42 0 0.308105 0.224609 0.0318298 0.0406189 
41 0 0.238281 0.378174 0.0290985 0.0395813 
34 0 0.583496 0.12085 0.0335999 0.0422668 
32 0 0.237549 0.17627 0.03125 0.0334778 
30 0 0.93457 0.958496 0.0320435 0.0375061 
29 0 0.00599289 0.810547 0.0119171 0.0375061 
27 0 0.235107 0.575195 0.0296936 0.0416565 
26 0 0.129883 0.198608 0.0349731 0.0453186 
23 0 0.630371 0.239136 0.0328064 0.0401001 
22 0 0.270752 0.240234 0.0322266 0.0401001 
21 0 0.0843506 0.804199 0.0298767 0.0375061 
20 0 0.491455 0.757324 0.0414124 0.0437622 
19 0 0.0882568 0.963379 0.0296936 0.0380249 
18 0 0.82666 0.432861 0.0351562 0.0434875 
17 0 0.191406 0.845703 0.0328064 0.0416565 
14 0 0.84082 0.754395 0.0343628 0.0499878 
8 0 0.823242 0.98877 0.0281219 0.0229187 
7 0 0.709473 0.630371 0.03125 0.0395813 
6 0 0.833496 0.87207 0.0265656 0.0385437 
5 0 0.851562 0.234131 0.0406189 0.046875 
3 0 0.756836 0.104187 0.0296936 0.0374451 
2 0 0.237549 0.858398 0.0306702 0.0416565 
1 0 0.631348 0.611328 0.03125 0.0401001 
686 2 0.0100784 0.737305 0.0201721 0.0406189 
675 0 0.990723 0.00911713 0.0187531 0.0182648 
674 0 0.936035 0.207886 0.0375061 0.0505066 
671 0 0.901367 0.424316 0.0304718 0.0406189 
661 0 0.140503 0.950195 0.0273438 0.0375061 
635 0 0.636719 0.418701 0.0359497 0.0458374 
615 0 0.578125 0.150024 0.0300751 0.0375061 
604 0 0.602539 0.210449 0.0304718 0.0416565 
562 0 0.921875 0.572754 0.0296936 0.0380249 
534 0 0.506348 0.0240631 0.0273438 0.035675 
464 0 0.730469 0.0997314 0.0328064 0.0390625 
459 0 0.541992 0.985352 0.03125 0.0281219 
444 0 0.864258 0.414551 0.03125 0.0416565 
288 0 0.35791 0.0615845 0.0281219 0.0357971 
247 0 0.260986 0.4375 0.03125 0.0375061 
238 0 0.717773 0.782227 0.0308533 0.0354309 
176 0 0.481201 0.0479126 0.0281219 0.0374146 
55 0 0.0132675 0.990723 0.0264893 0.0187531 
54 0 0.990723 0.412598 0.0179749 0.0541687 
51 0 0.0413818 0.987305 0.0327759 0.0249939 
50 0 0.524414 0.601074 0.0328064 0.0437622 
49 0 0.46167 0.44165 0.0371094 0.0505066 
46 0 0.486816 0.86377 0.0296936 0.0390625 
43 0 0.568848 0.103149 0.0289001 0.0361328 
42 0 0.308105 0.224609 0.0318298 0.0406189 
41 0 0.238281 0.378174 0.0290985 0.0395813 
34 0 0.583496 0.12085 0.0335999 0.0422668 
32 0 0.237549 0.17627 0.03125 0.0334778 
30 0 0.93457 0.958496 0.0320435 0.0375061 
29 0 0.00599289 0.810547 0.0119171 0.0375061 
27 0 0.235107 0.575195 0.0296936 0.0416565 
26 0 0.129883 0.198608 0.0349731 0.0453186 
23 0 0.630371 0.239136 0.0328064 0.0401001 
22 0 0.270752 0.240234 0.0322266 0.0401001 
21 0 0.0843506 0.804199 0.0298767 0.0375061 
20 0 0.491455 0.757324 0.0414124 0.0437622 
19 0 0.0882568 0.963379 0.0296936 0.0380249 
18 0 0.82666 0.432861 0.0351562 0.0434875 
17 0 0.191406 0.845703 0.0328064 0.0416565 
14 0 0.84082 0.754395 0.0343628 0.0499878 
8 0 0.823242 0.98877 0.0281219 0.0229187 
7 0 0.709473 0.630371 0.03125 0.0395813 
6 0 0.833496 0.87207 0.0265656 0.0385437 
5 0 0.851562 0.234131 0.0406189 0.046875 
3 0 0.756836 0.104187 0.0296936 0.0374451 
2 0 0.237549 0.858398 0.0306702 0.0416565 
1 0 0.631348 0.611328 0.03125 0.0401001 
