511 0 0.979004 0.86377 0.0265656 0.03125 
508 0 0.638184 0.422852 0.0359497 0.0458374 
496 0 0.46875 0.469238 0.0339966 0.0487061 
464 0 0.765625 0.0364685 0.0316467 0.0404358 
459 0 0.540527 0.985352 0.0339966 0.0291595 
444 0 0.649902 0.508301 0.0328064 0.0450439 
439 1 0.84082 0.14563 0.0304718 0.0384216 
438 0 0.990723 0.681152 0.015625 0.0416565 
423 0 0.57666 0.154053 0.0289001 0.0348816 
410 0 0.311035 0.19165 0.0339966 0.0415344 
288 0 0.364014 0.037323 0.0343628 0.042511 
247 0 0.260986 0.440674 0.0343628 0.0429688 
238 0 0.723633 0.773926 0.03125 0.0364685 
176 0 0.498779 0.0246429 0.038269 0.0432434 
55 0 0.0132675 0.989746 0.0270233 0.0203094 
54 0 0.992188 0.408447 0.015625 0.0541687 
51 0 0.039856 0.986328 0.0328674 0.0270844 
50 0 0.553223 0.560547 0.0343628 0.0437622 
49 0 0.472656 0.416748 0.0418091 0.0583191 
46 0 0.486816 0.864746 0.0292969 0.0401001 
43 0 0.569336 0.103149 0.0296936 0.0353394 
42 0 0.30127 0.250732 0.0351562 0.0412903 
41 0 0.262451 0.364258 0.0310516 0.0406189 
34 0 0.583496 0.121887 0.0316467 0.0395813 
32 0 0.243774 0.154175 0.0318298 0.0377502 
30 0 0.962402 0.890625 0.0343628 0.0364685 
29 0 0.0116882 0.773926 0.0233765 0.0380249 
27 0 0.234375 0.578125 0.0316467 0.0437622 
26 0 0.128906 0.199951 0.0395508 0.0541687 
23 0 0.655273 0.203125 0.0328064 0.0397034 
22 0 0.283691 0.221924 0.0353394 0.0402222 
21 0 0.0828247 0.807129 0.0309601 0.0395813 
20 0 0.495361 0.749023 0.042572 0.0505066 
19 0 0.0890503 0.963379 0.0281219 0.0390625 
18 0 0.830566 0.435303 0.0328064 0.0416565 
17 0 0.192993 0.84668 0.0359497 0.0437622 
14 0 0.84668 0.755371 0.03125 0.0437622 
13 0 0.864746 0.412598 0.0328064 0.0416565 
12 0 0.936035 0.210205 0.0429688 0.0588684 
8 0 0.831055 0.983398 0.0273438 0.0333252 
7 0 0.709473 0.633301 0.03125 0.0385437 
6 0 0.839844 0.860352 0.0265656 0.0385437 
5 0 0.854004 0.229126 0.0453186 0.0536499 
4 0 0.602539 0.212524 0.0304718 0.0371094 
3 0 0.766602 0.0959473 0.0304718 0.0377502 
2 0 0.238281 0.858398 0.03302 0.0406189 
1 0 0.631348 0.60498 0.03125 0.0411377 
511 0 0.979004 0.86377 0.0265656 0.03125 
508 0 0.638184 0.422852 0.0359497 0.0458374 
496 0 0.46875 0.469238 0.0339966 0.0487061 
464 0 0.765625 0.0364685 0.0316467 0.0404358 
459 0 0.540527 0.985352 0.0339966 0.0291595 
444 0 0.649902 0.508301 0.0328064 0.0450439 
439 1 0.84082 0.14563 0.0304718 0.0384216 
438 0 0.990723 0.681152 0.015625 0.0416565 
423 0 0.57666 0.154053 0.0289001 0.0348816 
410 0 0.311035 0.19165 0.0339966 0.0415344 
288 0 0.364014 0.037323 0.0343628 0.042511 
247 0 0.260986 0.440674 0.0343628 0.0429688 
238 0 0.723633 0.773926 0.03125 0.0364685 
176 0 0.498779 0.0246429 0.038269 0.0432434 
55 0 0.0132675 0.989746 0.0270233 0.0203094 
54 0 0.992188 0.408447 0.015625 0.0541687 
51 0 0.039856 0.986328 0.0328674 0.0270844 
50 0 0.553223 0.560547 0.0343628 0.0437622 
49 0 0.472656 0.416748 0.0418091 0.0583191 
46 0 0.486816 0.864746 0.0292969 0.0401001 
43 0 0.569336 0.103149 0.0296936 0.0353394 
42 0 0.30127 0.250732 0.0351562 0.0412903 
41 0 0.262451 0.364258 0.0310516 0.0406189 
34 0 0.583496 0.121887 0.0316467 0.0395813 
32 0 0.243774 0.154175 0.0318298 0.0377502 
30 0 0.962402 0.890625 0.0343628 0.0364685 
29 0 0.0116882 0.773926 0.0233765 0.0380249 
27 0 0.234375 0.578125 0.0316467 0.0437622 
26 0 0.128906 0.199951 0.0395508 0.0541687 
23 0 0.655273 0.203125 0.0328064 0.0397034 
22 0 0.283691 0.221924 0.0353394 0.0402222 
21 0 0.0828247 0.807129 0.0309601 0.0395813 
20 0 0.495361 0.749023 0.042572 0.0505066 
19 0 0.0890503 0.963379 0.0281219 0.0390625 
18 0 0.830566 0.435303 0.0328064 0.0416565 
17 0 0.192993 0.84668 0.0359497 0.0437622 
14 0 0.84668 0.755371 0.03125 0.0437622 
13 0 0.864746 0.412598 0.0328064 0.0416565 
12 0 0.936035 0.210205 0.0429688 0.0588684 
8 0 0.831055 0.983398 0.0273438 0.0333252 
7 0 0.709473 0.633301 0.03125 0.0385437 
6 0 0.839844 0.860352 0.0265656 0.0385437 
5 0 0.854004 0.229126 0.0453186 0.0536499 
4 0 0.602539 0.212524 0.0304718 0.0371094 
3 0 0.766602 0.0959473 0.0304718 0.0377502 
2 0 0.238281 0.858398 0.03302 0.0406189 
1 0 0.631348 0.60498 0.03125 0.0411377 
