493 0 0.638184 0.422852 0.0390625 0.0458374 
435 0 0.762695 0.0417175 0.0343628 0.0457764 
416 0 0.662109 0.496338 0.0343628 0.0426941 
412 1 0.818848 0.114502 0.0328064 0.0384216 
398 0 0.577148 0.1521 0.0300751 0.0360718 
386 0 0.311279 0.19165 0.0357361 0.0416565 
281 0 0.362793 0.0396423 0.0353394 0.0453796 
245 0 0.260986 0.440674 0.03125 0.0395813 
236 0 0.722656 0.774902 0.0296936 0.0333252 
178 0 0.496826 0.0240631 0.038269 0.0440063 
122 0 0.65332 0.211182 0.0339966 0.0402222 
55 0 0.0132828 0.990723 0.0265656 0.0192719 
54 0 0.992188 0.408691 0.015625 0.0499878 
51 0 0.0404358 0.986328 0.032135 0.0239563 
50 0 0.550781 0.564453 0.0328064 0.0416565 
49 0 0.471191 0.421875 0.039856 0.0565186 
46 0 0.486816 0.864746 0.0296936 0.0416565 
45 0 0.541504 0.985352 0.0328064 0.0286407 
43 0 0.567871 0.104248 0.0292969 0.0345154 
42 0 0.302246 0.24585 0.0365295 0.0418091 
41 0 0.259277 0.36499 0.0314331 0.0408936 
34 0 0.583496 0.121887 0.0320435 0.0395813 
32 0 0.244507 0.154175 0.0318298 0.0343628 
30 0 0.959961 0.898926 0.0343628 0.0364685 
29 0 0.0101242 0.776855 0.0203705 0.0375061 
27 0 0.233643 0.577148 0.0322266 0.0458374 
26 0 0.130127 0.199219 0.0380859 0.0520935 
22 0 0.280518 0.223999 0.0328064 0.039856 
21 0 0.0836182 0.806152 0.0296936 0.0375061 
20 0 0.493652 0.749023 0.0402222 0.0479126 
19 0 0.0898438 0.963379 0.0296936 0.0395813 
18 0 0.831055 0.436523 0.0351562 0.0432434 
17 0 0.192383 0.84668 0.0348511 0.0437622 
14 0 0.846191 0.754395 0.0328064 0.0458374 
13 0 0.864746 0.414062 0.0328064 0.04245 
12 0 0.936035 0.209351 0.0406189 0.0559998 
8 0 0.831055 0.983398 0.0281219 0.0333252 
7 0 0.709473 0.633301 0.03125 0.0411377 
6 0 0.838867 0.860352 0.0281219 0.0375061 
5 0 0.853027 0.231201 0.0437622 0.0536499 
4 0 0.602539 0.213501 0.0292969 0.035553 
3 0 0.765625 0.0978394 0.0304718 0.0401001 
2 0 0.238525 0.858398 0.0335999 0.0421753 
1 0 0.628906 0.60498 0.0308533 0.0406189 
