246 0 0.979004 0.860352 0.0296936 0.0375061 
245 0 0.264893 0.435303 0.0304718 0.0375061 
244 0 0.743652 0.779785 0.0261688 0.0333252 
242 0 0.991211 0.677734 0.014061 0.046875 
236 0 0.739258 0.758789 0.026947 0.0364685 
226 0 0.333496 0.437012 0.0332031 0.0403748 
221 0 0.0398254 0.375977 0.0354004 0.046875 
208 0 0.308594 0.344727 0.0226593 0.0270844 
178 0 0.493652 0.0156708 0.03125 0.0315857 
142 0 0.637695 0.419678 0.0347595 0.0479126 
122 0 0.664062 0.16748 0.0343628 0.0389404 
119 0 0.628906 0.804199 0.0359497 0.0416565 
55 0 0.012001 0.989746 0.0245667 0.0208282 
54 0 0.993652 0.411377 0.0124969 0.046875 
51 0 0.0400391 0.985352 0.0323486 0.0291595 
50 0 0.581055 0.507324 0.03125 0.0393372 
49 0 0.492188 0.4021 0.03125 0.0414124 
46 0 0.48584 0.865723 0.0324097 0.0380249 
45 0 0.558594 0.921875 0.0304718 0.0348816 
44 0 0.578613 0.150146 0.0304718 0.0365295 
43 0 0.567383 0.103149 0.0304718 0.0385437 
42 0 0.220703 0.178101 0.0275421 0.0372314 
41 0 0.299316 0.319824 0.0302734 0.0395813 
40 0 0.541992 0.985352 0.0335999 0.0291595 
39 0 0.757812 0.453369 0.0308533 0.0385437 
35 0 0.00876617 0.277588 0.0178986 0.0471497 
34 0 0.584473 0.12085 0.03125 0.0411377 
32 0 0.27417 0.119812 0.0300751 0.0380859 
31 0 0.157471 0.342773 0.0327148 0.0387878 
30 0 0.986816 0.811523 0.0265656 0.0380249 
29 0 0.0205841 0.741699 0.0303192 0.0437622 
27 0 0.233643 0.577148 0.0292969 0.0416565 
26 0 0.13208 0.194702 0.0331116 0.0434875 
22 0 0.283203 0.217651 0.033783 0.0403748 
21 0 0.0836182 0.806152 0.0296936 0.0375061 
20 0 0.506348 0.733398 0.0410156 0.0541687 
19 0 0.0888672 0.964355 0.0302734 0.0375061 
18 0 0.828125 0.434814 0.0343628 0.0429688 
17 0 0.193726 0.84375 0.0315552 0.0385437 
16 0 0.268066 0.461426 0.0294952 0.0367126 
14 0 0.851562 0.75 0.0343628 0.0458374 
13 0 0.867188 0.409424 0.0328064 0.0440063 
12 0 0.935059 0.206909 0.0406189 0.0575562 
8 0 0.834961 0.97168 0.0296936 0.0385437 
7 0 0.708496 0.633301 0.0316467 0.0411377 
6 0 0.845215 0.84668 0.0281219 0.0343628 
5 0 0.853027 0.229126 0.046875 0.0541687 
4 0 0.602539 0.211304 0.0308533 0.0395813 
3 0 0.772461 0.0750732 0.0316467 0.0410461 
2 0 0.240601 0.854004 0.03125 0.0416565 
1 0 0.633789 0.571777 0.0296936 0.0395813 
