778 0 0.973633 0.865234 0.0242157 0.0291595 
776 0 0.189209 0.805176 0.0286102 0.0401001 
775 0 0.62793 0.802246 0.0343628 0.0416565 
773 0 0.563477 0.1604 0.0265656 0.0333252 
772 0 0.192139 0.848145 0.0344849 0.0432434 
760 0 0.974121 0.0306091 0.0265656 0.0360413 
752 0 0.409424 0.217285 0.035553 0.0447998 
744 0 0.308594 0.195557 0.0279236 0.0325623 
735 0 0.786133 0.243408 0.0316467 0.0387878 
725 0 0.745117 0.911621 0.0320435 0.0401001 
684 0 0.741211 0.13855 0.0292969 0.0354309 
681 0 0.626465 0.0156403 0.0285187 0.0312805 
677 0 0.716309 0.787598 0.0265656 0.0333252 
662 0 0.993164 0.683105 0.014061 0.0333252 
655 0 0.225586 0.479004 0.0238342 0.0302124 
639 0 0.93457 0.206299 0.0375061 0.0502625 
602 0 0.637695 0.418701 0.0367126 0.0463562 
584 0 0.578125 0.148926 0.0281219 0.0354309 
569 0 0.601562 0.209351 0.03125 0.0436096 
506 0 0.507812 0.03125 0.0249939 0.0332642 
435 0 0.709473 0.146851 0.0316467 0.0419312 
416 0 0.861816 0.4104 0.0296936 0.0375061 
281 0 0.354004 0.0697632 0.0261688 0.0311584 
245 0 0.260986 0.434326 0.0281219 0.0354309 
178 0 0.47583 0.0532532 0.0265656 0.0388489 
122 0 0.624023 0.240601 0.0320435 0.0395813 
55 0 0.013382 0.989746 0.0273895 0.0208282 
54 0 0.989258 0.413574 0.0210876 0.0471497 
51 0 0.0429077 0.985352 0.0355835 0.0291595 
50 0 0.502441 0.612305 0.0339966 0.0458374 
49 0 0.456299 0.4646 0.0343628 0.0411377 
46 0 0.487549 0.861328 0.03125 0.0401001 
45 0 0.541992 0.986328 0.03125 0.0270844 
43 0 0.571289 0.102112 0.026947 0.0333252 
42 0 0.246094 0.199463 0.0316467 0.038147 
41 0 0.221924 0.398438 0.03125 0.044281 
34 0 0.583496 0.12085 0.0328064 0.0375061 
32 0 0.210938 0.18335 0.0283203 0.0333252 
27 0 0.235962 0.567871 0.03125 0.0479126 
26 0 0.129639 0.195801 0.0341797 0.0455627 
22 0 0.264893 0.262451 0.0359497 0.0460815 
21 0 0.0842896 0.803223 0.0318298 0.0395813 
19 0 0.100952 0.96875 0.0357056 0.0426941 
18 0 0.82666 0.431152 0.0320435 0.0375061 
14 0 0.842285 0.771484 0.0335999 0.0416565 
8 0 0.823242 0.987305 0.0281219 0.0249939 
7 0 0.708496 0.630371 0.0328064 0.0426941 
6 0 0.832031 0.870605 0.0296936 0.0375061 
5 0 0.851562 0.234375 0.0406189 0.0479126 
2 0 0.236694 0.857422 0.0328064 0.0437622 
1 0 0.630371 0.616699 0.0296936 0.0401001 
