343 0 0.00703049 0.301025 0.0140381 0.0481873 
340 0 0.310547 0.192749 0.0296936 0.0369873 
339 2 0.697266 0.0145798 0.0320435 0.0290375 
308 0 0.335449 0.0104523 0.0333862 0.0207977 
288 0 0.374268 0.0135651 0.0296936 0.027298 
280 0 0.657227 0.92627 0.0421753 0.049469 
260 0 0.51709 0.013443 0.0285187 0.0261383 
253 0 0.274658 0.183594 0.03302 0.0376282 
247 0 0.261719 0.438477 0.0328064 0.0395813 
238 0 0.727539 0.770996 0.0300751 0.0369873 
227 0 0.155518 0.534668 0.0311584 0.0393372 
176 0 0.503906 0.0196228 0.0304718 0.0347595 
140 0 0.638184 0.421875 0.0390625 0.0484314 
55 0 0.0131836 0.990723 0.0260315 0.0187531 
54 0 0.994629 0.413086 0.0109406 0.0466003 
51 0 0.0393372 0.985352 0.0332642 0.0291595 
50 0 0.569336 0.525879 0.0328064 0.0395813 
49 0 0.48291 0.405762 0.0367126 0.0440063 
46 0 0.487549 0.864746 0.0316467 0.0416565 
45 0 0.541992 0.95459 0.0281219 0.0322876 
43 0 0.569336 0.103149 0.0296936 0.0354309 
42 0 0.229248 0.190186 0.0298767 0.0416565 
41 0 0.283691 0.335449 0.0265656 0.0369873 
40 0 0.540527 0.986328 0.0371094 0.0270844 
39 0 0.742188 0.1875 0.03125 0.037384 
34 0 0.584473 0.12085 0.0343628 0.0416565 
32 0 0.266602 0.129517 0.0304718 0.0404968 
31 0 0.0420837 0.134399 0.0307617 0.0366516 
30 0 0.975098 0.84375 0.0335999 0.0416565 
29 0 0.0179443 0.757324 0.0264587 0.0395813 
27 0 0.235107 0.578125 0.0326233 0.0463562 
26 0 0.131226 0.198975 0.0343628 0.0437622 
23 0 0.660156 0.182251 0.0367126 0.0412903 
22 0 0.283691 0.219849 0.035553 0.0429688 
21 0 0.0836182 0.806152 0.0296936 0.0375061 
20 0 0.496826 0.739746 0.0429688 0.0505066 
19 0 0.088562 0.964355 0.0318298 0.0401001 
18 0 0.829102 0.434326 0.0328064 0.0401001 
17 0 0.192139 0.844727 0.0343628 0.0437622 
16 0 0.459473 0.461914 0.035553 0.0507812 
14 0 0.850098 0.753418 0.0343628 0.0458374 
13 0 0.865723 0.412598 0.0320435 0.0416565 
12 0 0.936523 0.209351 0.0390625 0.0570374 
8 0 0.832031 0.978516 0.0296936 0.0364685 
7 0 0.708496 0.633301 0.0328064 0.0416565 
6 0 0.842773 0.854004 0.0265656 0.0333252 
5 0 0.853027 0.229126 0.0445251 0.0541687 
4 0 0.602539 0.2146 0.0316467 0.0375061 
3 0 0.771973 0.0802002 0.03125 0.0395508 
2 0 0.239868 0.856445 0.0328064 0.0416565 
1 0 0.629883 0.584473 0.0324097 0.0395813 
343 0 0.00703049 0.301025 0.0140381 0.0481873 
340 0 0.310547 0.192749 0.0296936 0.0369873 
339 2 0.697266 0.0145798 0.0320435 0.0290375 
308 0 0.335449 0.0104523 0.0333862 0.0207977 
288 0 0.374268 0.0135651 0.0296936 0.027298 
280 0 0.657227 0.92627 0.0421753 0.049469 
260 0 0.51709 0.013443 0.0285187 0.0261383 
253 0 0.274658 0.183594 0.03302 0.0376282 
247 0 0.261719 0.438477 0.0328064 0.0395813 
238 0 0.727539 0.770996 0.0300751 0.0369873 
227 0 0.155518 0.534668 0.0311584 0.0393372 
176 0 0.503906 0.0196228 0.0304718 0.0347595 
140 0 0.638184 0.421875 0.0390625 0.0484314 
55 0 0.0131836 0.990723 0.0260315 0.0187531 
54 0 0.994629 0.413086 0.0109406 0.0466003 
51 0 0.0393372 0.985352 0.0332642 0.0291595 
50 0 0.569336 0.525879 0.0328064 0.0395813 
49 0 0.48291 0.405762 0.0367126 0.0440063 
46 0 0.487549 0.864746 0.0316467 0.0416565 
45 0 0.541992 0.95459 0.0281219 0.0322876 
43 0 0.569336 0.103149 0.0296936 0.0354309 
42 0 0.229248 0.190186 0.0298767 0.0416565 
41 0 0.283691 0.335449 0.0265656 0.0369873 
40 0 0.540527 0.986328 0.0371094 0.0270844 
39 0 0.742188 0.1875 0.03125 0.037384 
34 0 0.584473 0.12085 0.0343628 0.0416565 
32 0 0.266602 0.129517 0.0304718 0.0404968 
31 0 0.0420837 0.134399 0.0307617 0.0366516 
30 0 0.975098 0.84375 0.0335999 0.0416565 
29 0 0.0179443 0.757324 0.0264587 0.0395813 
27 0 0.235107 0.578125 0.0326233 0.0463562 
26 0 0.131226 0.198975 0.0343628 0.0437622 
23 0 0.660156 0.182251 0.0367126 0.0412903 
22 0 0.283691 0.219849 0.035553 0.0429688 
21 0 0.0836182 0.806152 0.0296936 0.0375061 
20 0 0.496826 0.739746 0.0429688 0.0505066 
19 0 0.088562 0.964355 0.0318298 0.0401001 
18 0 0.829102 0.434326 0.0328064 0.0401001 
17 0 0.192139 0.844727 0.0343628 0.0437622 
16 0 0.459473 0.461914 0.035553 0.0507812 
14 0 0.850098 0.753418 0.0343628 0.0458374 
13 0 0.865723 0.412598 0.0320435 0.0416565 
12 0 0.936523 0.209351 0.0390625 0.0570374 
8 0 0.832031 0.978516 0.0296936 0.0364685 
7 0 0.708496 0.633301 0.0328064 0.0416565 
6 0 0.842773 0.854004 0.0265656 0.0333252 
5 0 0.853027 0.229126 0.0445251 0.0541687 
4 0 0.602539 0.2146 0.0316467 0.0375061 
3 0 0.771973 0.0802002 0.03125 0.0395508 
2 0 0.239868 0.856445 0.0328064 0.0416565 
1 0 0.629883 0.584473 0.0324097 0.0395813 
