361 0 0.98584 0.338623 0.0265656 0.0414124 
358 0 0.778809 0.00837708 0.0379028 0.0172729 
355 0 0.265625 0.276855 0.0296936 0.040741 
353 0 0.628906 0.804199 0.0359497 0.0416565 
348 0 0.0374451 0.386475 0.0375061 0.0510559 
343 0 0.00624847 0.309082 0.0123749 0.0458374 
288 0 0.372559 0.0176544 0.0290985 0.0307007 
280 0 0.657227 0.928223 0.0421753 0.0510559 
260 0 0.514648 0.0135498 0.0296936 0.0268097 
247 0 0.261719 0.438477 0.0328064 0.0401001 
238 0 0.726562 0.772949 0.0296936 0.0359497 
227 0 0.144287 0.527832 0.0333862 0.0437622 
176 0 0.503906 0.0197906 0.0296936 0.0354309 
140 0 0.638184 0.421387 0.0394592 0.0476685 
55 0 0.014061 0.989746 0.0281677 0.0208282 
54 0 0.993652 0.408447 0.0124969 0.0466003 
51 0 0.0390625 0.985352 0.0343628 0.0291595 
50 0 0.568848 0.530762 0.03125 0.0390625 
49 0 0.480469 0.409424 0.0363159 0.0481873 
46 0 0.48584 0.864746 0.0332031 0.0447998 
45 0 0.539062 0.961426 0.0285187 0.0348816 
43 0 0.569336 0.103149 0.0296936 0.0354919 
42 0 0.240479 0.186035 0.0316467 0.039856 
41 0 0.282471 0.338623 0.0271454 0.0385437 
40 0 0.541992 0.985352 0.0343628 0.0291595 
39 0 0.72998 0.150879 0.0328064 0.0406799 
34 0 0.583496 0.121094 0.0324097 0.0410767 
32 0 0.262207 0.131592 0.0314331 0.039856 
31 0 0.0369263 0.0644531 0.0310059 0.0404663 
30 0 0.975098 0.851074 0.0375061 0.0499878 
29 0 0.0163879 0.76123 0.026535 0.0395813 
27 0 0.235107 0.578125 0.0300751 0.0437622 
26 0 0.129639 0.197998 0.0375061 0.0463562 
23 0 0.658691 0.185425 0.0359497 0.0416565 
22 0 0.282715 0.219604 0.0347595 0.0408936 
21 0 0.0836182 0.805176 0.0297852 0.0395813 
20 0 0.496826 0.740723 0.0437622 0.0520935 
19 0 0.0890503 0.964355 0.0315857 0.0416565 
18 0 0.829102 0.434814 0.0328064 0.04245 
17 0 0.192139 0.845703 0.0343628 0.0416565 
16 0 0.478027 0.489502 0.0332031 0.0447998 
14 0 0.849121 0.75293 0.0343628 0.0447998 
13 0 0.864746 0.412598 0.0328064 0.0421753 
12 0 0.936035 0.210449 0.0375061 0.0544128 
8 0 0.831055 0.97998 0.0289001 0.0359497 
7 0 0.709473 0.633301 0.03125 0.0390625 
6 0 0.842285 0.854492 0.0281219 0.0385437 
5 0 0.851562 0.229126 0.0437622 0.0528564 
4 0 0.603027 0.2146 0.0324097 0.0416565 
3 0 0.771973 0.0822754 0.0320435 0.0396423 
2 0 0.239014 0.858398 0.0341797 0.044281 
1 0 0.629883 0.585449 0.0320435 0.0416565 
361 0 0.98584 0.338623 0.0265656 0.0414124 
358 0 0.778809 0.00837708 0.0379028 0.0172729 
355 0 0.265625 0.276855 0.0296936 0.040741 
353 0 0.628906 0.804199 0.0359497 0.0416565 
348 0 0.0374451 0.386475 0.0375061 0.0510559 
343 0 0.00624847 0.309082 0.0123749 0.0458374 
288 0 0.372559 0.0176544 0.0290985 0.0307007 
280 0 0.657227 0.928223 0.0421753 0.0510559 
260 0 0.514648 0.0135498 0.0296936 0.0268097 
247 0 0.261719 0.438477 0.0328064 0.0401001 
238 0 0.726562 0.772949 0.0296936 0.0359497 
227 0 0.144287 0.527832 0.0333862 0.0437622 
176 0 0.503906 0.0197906 0.0296936 0.0354309 
140 0 0.638184 0.421387 0.0394592 0.0476685 
55 0 0.014061 0.989746 0.0281677 0.0208282 
54 0 0.993652 0.408447 0.0124969 0.0466003 
51 0 0.0390625 0.985352 0.0343628 0.0291595 
50 0 0.568848 0.530762 0.03125 0.0390625 
49 0 0.480469 0.409424 0.0363159 0.0481873 
46 0 0.48584 0.864746 0.0332031 0.0447998 
45 0 0.539062 0.961426 0.0285187 0.0348816 
43 0 0.569336 0.103149 0.0296936 0.0354919 
42 0 0.240479 0.186035 0.0316467 0.039856 
41 0 0.282471 0.338623 0.0271454 0.0385437 
40 0 0.541992 0.985352 0.0343628 0.0291595 
39 0 0.72998 0.150879 0.0328064 0.0406799 
34 0 0.583496 0.121094 0.0324097 0.0410767 
32 0 0.262207 0.131592 0.0314331 0.039856 
31 0 0.0369263 0.0644531 0.0310059 0.0404663 
30 0 0.975098 0.851074 0.0375061 0.0499878 
29 0 0.0163879 0.76123 0.026535 0.0395813 
27 0 0.235107 0.578125 0.0300751 0.0437622 
26 0 0.129639 0.197998 0.0375061 0.0463562 
23 0 0.658691 0.185425 0.0359497 0.0416565 
22 0 0.282715 0.219604 0.0347595 0.0408936 
21 0 0.0836182 0.805176 0.0297852 0.0395813 
20 0 0.496826 0.740723 0.0437622 0.0520935 
19 0 0.0890503 0.964355 0.0315857 0.0416565 
18 0 0.829102 0.434814 0.0328064 0.04245 
17 0 0.192139 0.845703 0.0343628 0.0416565 
16 0 0.478027 0.489502 0.0332031 0.0447998 
14 0 0.849121 0.75293 0.0343628 0.0447998 
13 0 0.864746 0.412598 0.0328064 0.0421753 
12 0 0.936035 0.210449 0.0375061 0.0544128 
8 0 0.831055 0.97998 0.0289001 0.0359497 
7 0 0.709473 0.633301 0.03125 0.0390625 
6 0 0.842285 0.854492 0.0281219 0.0385437 
5 0 0.851562 0.229126 0.0437622 0.0528564 
4 0 0.603027 0.2146 0.0324097 0.0416565 
3 0 0.771973 0.0822754 0.0320435 0.0396423 
2 0 0.239014 0.858398 0.0341797 0.044281 
1 0 0.629883 0.585449 0.0320435 0.0416565 
