85 0 0.595215 0.584473 0.0320435 0.0416565 
76 0 0.629883 0.805176 0.0343628 0.0421753 
59 0 0.577637 0.825195 0.0320435 0.0375061 
56 0 0.563965 0.161377 0.0277405 0.0343628 
55 0 0.0127716 0.990723 0.0259247 0.0187531 
54 0 0.994629 0.407227 0.0109406 0.0489502 
53 0 0.00467682 0.0946655 0.00933075 0.0466919 
51 0 0.0422058 0.983398 0.0308075 0.0291595 
50 0 0.585938 0.487549 0.0343628 0.0421753 
49 0 0.500977 0.386475 0.0296936 0.035675 
48 0 0.743164 0.744629 0.0273438 0.0354309 
47 0 0.119934 0.255127 0.0341797 0.0418091 
46 0 0.486816 0.865723 0.0296936 0.0395813 
45 0 0.583496 0.879395 0.0316467 0.0359497 
44 0 0.579102 0.150635 0.0285187 0.033844 
43 0 0.567383 0.101685 0.03125 0.038208 
42 0 0.200195 0.137329 0.0282288 0.0401611 
41 0 0.314941 0.30835 0.0265656 0.038269 
40 0 0.541504 0.986328 0.0328064 0.0276031 
39 0 0.742188 0.771973 0.0277405 0.0359497 
38 0 0.0938721 0.504883 0.0331421 0.0426941 
37 0 0.943848 0.744141 0.03125 0.0385437 
35 0 0.0163879 0.228394 0.0327759 0.0430908 
34 0 0.584473 0.122925 0.0300751 0.0377502 
32 0 0.305664 0.101013 0.0277405 0.0354919 
31 0 0.330566 0.66748 0.0314331 0.0421753 
30 0 0.988281 0.774902 0.0234375 0.0369873 
29 0 0.0283966 0.728027 0.0323792 0.0437622 
27 0 0.239014 0.579102 0.0285187 0.0421753 
26 0 0.133057 0.194824 0.0317383 0.0437622 
25 0 0.621094 0.344238 0.0300751 0.0408936 
24 0 0.272217 0.413574 0.0306702 0.0390625 
23 0 0.669434 0.140381 0.0379028 0.0439453 
22 0 0.282227 0.216675 0.0332031 0.0408936 
21 0 0.0836182 0.805176 0.0294495 0.0354309 
20 0 0.512207 0.72168 0.039856 0.0479126 
19 0 0.0891113 0.963379 0.0309601 0.0395813 
18 0 0.828125 0.43335 0.0335999 0.0419312 
17 0 0.19165 0.844727 0.0307617 0.0364685 
16 0 0.389648 0.194214 0.0277405 0.0351562 
15 0 0.0453186 0.362061 0.0351257 0.0429688 
14 0 0.854004 0.749023 0.0328064 0.0437622 
13 0 0.868652 0.408447 0.0304718 0.0416565 
12 0 0.935059 0.20752 0.0390625 0.0524597 
9 0 0.636719 0.420898 0.0328064 0.0458374 
8 0 0.836914 0.963379 0.0296936 0.0395813 
7 0 0.707031 0.639648 0.0296936 0.0375061 
6 0 0.847656 0.837402 0.0265656 0.0375061 
5 0 0.853027 0.227051 0.0460815 0.0544128 
4 0 0.601562 0.211426 0.0343628 0.0441284 
3 0 0.772461 0.0645752 0.0304718 0.038269 
2 0 0.242432 0.85498 0.0304718 0.0385437 
1 0 0.645996 0.5625 0.0281219 0.0354309 
85 0 0.595215 0.584473 0.0320435 0.0416565 
76 0 0.629883 0.805176 0.0343628 0.0421753 
59 0 0.577637 0.825195 0.0320435 0.0375061 
56 0 0.563965 0.161377 0.0277405 0.0343628 
55 0 0.0127716 0.990723 0.0259247 0.0187531 
54 0 0.994629 0.407227 0.0109406 0.0489502 
53 0 0.00467682 0.0946655 0.00933075 0.0466919 
51 0 0.0422058 0.983398 0.0308075 0.0291595 
50 0 0.585938 0.487549 0.0343628 0.0421753 
49 0 0.500977 0.386475 0.0296936 0.035675 
48 0 0.743164 0.744629 0.0273438 0.0354309 
47 0 0.119934 0.255127 0.0341797 0.0418091 
46 0 0.486816 0.865723 0.0296936 0.0395813 
45 0 0.583496 0.879395 0.0316467 0.0359497 
44 0 0.579102 0.150635 0.0285187 0.033844 
43 0 0.567383 0.101685 0.03125 0.038208 
42 0 0.200195 0.137329 0.0282288 0.0401611 
41 0 0.314941 0.30835 0.0265656 0.038269 
40 0 0.541504 0.986328 0.0328064 0.0276031 
39 0 0.742188 0.771973 0.0277405 0.0359497 
38 0 0.0938721 0.504883 0.0331421 0.0426941 
37 0 0.943848 0.744141 0.03125 0.0385437 
35 0 0.0163879 0.228394 0.0327759 0.0430908 
34 0 0.584473 0.122925 0.0300751 0.0377502 
32 0 0.305664 0.101013 0.0277405 0.0354919 
31 0 0.330566 0.66748 0.0314331 0.0421753 
30 0 0.988281 0.774902 0.0234375 0.0369873 
29 0 0.0283966 0.728027 0.0323792 0.0437622 
27 0 0.239014 0.579102 0.0285187 0.0421753 
26 0 0.133057 0.194824 0.0317383 0.0437622 
25 0 0.621094 0.344238 0.0300751 0.0408936 
24 0 0.272217 0.413574 0.0306702 0.0390625 
23 0 0.669434 0.140381 0.0379028 0.0439453 
22 0 0.282227 0.216675 0.0332031 0.0408936 
21 0 0.0836182 0.805176 0.0294495 0.0354309 
20 0 0.512207 0.72168 0.039856 0.0479126 
19 0 0.0891113 0.963379 0.0309601 0.0395813 
18 0 0.828125 0.43335 0.0335999 0.0419312 
17 0 0.19165 0.844727 0.0307617 0.0364685 
16 0 0.389648 0.194214 0.0277405 0.0351562 
15 0 0.0453186 0.362061 0.0351257 0.0429688 
14 0 0.854004 0.749023 0.0328064 0.0437622 
13 0 0.868652 0.408447 0.0304718 0.0416565 
12 0 0.935059 0.20752 0.0390625 0.0524597 
9 0 0.636719 0.420898 0.0328064 0.0458374 
8 0 0.836914 0.963379 0.0296936 0.0395813 
7 0 0.707031 0.639648 0.0296936 0.0375061 
6 0 0.847656 0.837402 0.0265656 0.0375061 
5 0 0.853027 0.227051 0.0460815 0.0544128 
4 0 0.601562 0.211426 0.0343628 0.0441284 
3 0 0.772461 0.0645752 0.0304718 0.038269 
2 0 0.242432 0.85498 0.0304718 0.0385437 
1 0 0.645996 0.5625 0.0281219 0.0354309 
85 0 0.595215 0.584473 0.0320435 0.0416565 
76 0 0.629883 0.805176 0.0343628 0.0421753 
59 0 0.577637 0.825195 0.0320435 0.0375061 
56 0 0.563965 0.161377 0.0277405 0.0343628 
55 0 0.0127716 0.990723 0.0259247 0.0187531 
54 0 0.994629 0.407227 0.0109406 0.0489502 
53 0 0.00467682 0.0946655 0.00933075 0.0466919 
51 0 0.0422058 0.983398 0.0308075 0.0291595 
50 0 0.585938 0.487549 0.0343628 0.0421753 
49 0 0.500977 0.386475 0.0296936 0.035675 
48 0 0.743164 0.744629 0.0273438 0.0354309 
47 0 0.119934 0.255127 0.0341797 0.0418091 
46 0 0.486816 0.865723 0.0296936 0.0395813 
45 0 0.583496 0.879395 0.0316467 0.0359497 
44 0 0.579102 0.150635 0.0285187 0.033844 
43 0 0.567383 0.101685 0.03125 0.038208 
42 0 0.200195 0.137329 0.0282288 0.0401611 
41 0 0.314941 0.30835 0.0265656 0.038269 
40 0 0.541504 0.986328 0.0328064 0.0276031 
39 0 0.742188 0.771973 0.0277405 0.0359497 
38 0 0.0938721 0.504883 0.0331421 0.0426941 
37 0 0.943848 0.744141 0.03125 0.0385437 
35 0 0.0163879 0.228394 0.0327759 0.0430908 
34 0 0.584473 0.122925 0.0300751 0.0377502 
32 0 0.305664 0.101013 0.0277405 0.0354919 
31 0 0.330566 0.66748 0.0314331 0.0421753 
30 0 0.988281 0.774902 0.0234375 0.0369873 
29 0 0.0283966 0.728027 0.0323792 0.0437622 
27 0 0.239014 0.579102 0.0285187 0.0421753 
26 0 0.133057 0.194824 0.0317383 0.0437622 
25 0 0.621094 0.344238 0.0300751 0.0408936 
24 0 0.272217 0.413574 0.0306702 0.0390625 
23 0 0.669434 0.140381 0.0379028 0.0439453 
22 0 0.282227 0.216675 0.0332031 0.0408936 
21 0 0.0836182 0.805176 0.0294495 0.0354309 
20 0 0.512207 0.72168 0.039856 0.0479126 
19 0 0.0891113 0.963379 0.0309601 0.0395813 
18 0 0.828125 0.43335 0.0335999 0.0419312 
17 0 0.19165 0.844727 0.0307617 0.0364685 
16 0 0.389648 0.194214 0.0277405 0.0351562 
15 0 0.0453186 0.362061 0.0351257 0.0429688 
14 0 0.854004 0.749023 0.0328064 0.0437622 
13 0 0.868652 0.408447 0.0304718 0.0416565 
12 0 0.935059 0.20752 0.0390625 0.0524597 
9 0 0.636719 0.420898 0.0328064 0.0458374 
8 0 0.836914 0.963379 0.0296936 0.0395813 
7 0 0.707031 0.639648 0.0296936 0.0375061 
6 0 0.847656 0.837402 0.0265656 0.0375061 
5 0 0.853027 0.227051 0.0460815 0.0544128 
4 0 0.601562 0.211426 0.0343628 0.0441284 
3 0 0.772461 0.0645752 0.0304718 0.038269 
2 0 0.242432 0.85498 0.0304718 0.0385437 
1 0 0.645996 0.5625 0.0281219 0.0354309 
85 0 0.595215 0.584473 0.0320435 0.0416565 
76 0 0.629883 0.805176 0.0343628 0.0421753 
59 0 0.577637 0.825195 0.0320435 0.0375061 
56 0 0.563965 0.161377 0.0277405 0.0343628 
55 0 0.0127716 0.990723 0.0259247 0.0187531 
54 0 0.994629 0.407227 0.0109406 0.0489502 
53 0 0.00467682 0.0946655 0.00933075 0.0466919 
51 0 0.0422058 0.983398 0.0308075 0.0291595 
50 0 0.585938 0.487549 0.0343628 0.0421753 
49 0 0.500977 0.386475 0.0296936 0.035675 
48 0 0.743164 0.744629 0.0273438 0.0354309 
47 0 0.119934 0.255127 0.0341797 0.0418091 
46 0 0.486816 0.865723 0.0296936 0.0395813 
45 0 0.583496 0.879395 0.0316467 0.0359497 
44 0 0.579102 0.150635 0.0285187 0.033844 
43 0 0.567383 0.101685 0.03125 0.038208 
42 0 0.200195 0.137329 0.0282288 0.0401611 
41 0 0.314941 0.30835 0.0265656 0.038269 
40 0 0.541504 0.986328 0.0328064 0.0276031 
39 0 0.742188 0.771973 0.0277405 0.0359497 
38 0 0.0938721 0.504883 0.0331421 0.0426941 
37 0 0.943848 0.744141 0.03125 0.0385437 
35 0 0.0163879 0.228394 0.0327759 0.0430908 
34 0 0.584473 0.122925 0.0300751 0.0377502 
32 0 0.305664 0.101013 0.0277405 0.0354919 
31 0 0.330566 0.66748 0.0314331 0.0421753 
30 0 0.988281 0.774902 0.0234375 0.0369873 
29 0 0.0283966 0.728027 0.0323792 0.0437622 
27 0 0.239014 0.579102 0.0285187 0.0421753 
26 0 0.133057 0.194824 0.0317383 0.0437622 
25 0 0.621094 0.344238 0.0300751 0.0408936 
24 0 0.272217 0.413574 0.0306702 0.0390625 
23 0 0.669434 0.140381 0.0379028 0.0439453 
22 0 0.282227 0.216675 0.0332031 0.0408936 
21 0 0.0836182 0.805176 0.0294495 0.0354309 
20 0 0.512207 0.72168 0.039856 0.0479126 
19 0 0.0891113 0.963379 0.0309601 0.0395813 
18 0 0.828125 0.43335 0.0335999 0.0419312 
17 0 0.19165 0.844727 0.0307617 0.0364685 
16 0 0.389648 0.194214 0.0277405 0.0351562 
15 0 0.0453186 0.362061 0.0351257 0.0429688 
14 0 0.854004 0.749023 0.0328064 0.0437622 
13 0 0.868652 0.408447 0.0304718 0.0416565 
12 0 0.935059 0.20752 0.0390625 0.0524597 
9 0 0.636719 0.420898 0.0328064 0.0458374 
8 0 0.836914 0.963379 0.0296936 0.0395813 
7 0 0.707031 0.639648 0.0296936 0.0375061 
6 0 0.847656 0.837402 0.0265656 0.0375061 
5 0 0.853027 0.227051 0.0460815 0.0544128 
4 0 0.601562 0.211426 0.0343628 0.0441284 
3 0 0.772461 0.0645752 0.0304718 0.038269 
2 0 0.242432 0.85498 0.0304718 0.0385437 
1 0 0.645996 0.5625 0.0281219 0.0354309 
85 0 0.595215 0.584473 0.0320435 0.0416565 
76 0 0.629883 0.805176 0.0343628 0.0421753 
59 0 0.577637 0.825195 0.0320435 0.0375061 
56 0 0.563965 0.161377 0.0277405 0.0343628 
55 0 0.0127716 0.990723 0.0259247 0.0187531 
54 0 0.994629 0.407227 0.0109406 0.0489502 
53 0 0.00467682 0.0946655 0.00933075 0.0466919 
51 0 0.0422058 0.983398 0.0308075 0.0291595 
50 0 0.585938 0.487549 0.0343628 0.0421753 
49 0 0.500977 0.386475 0.0296936 0.035675 
48 0 0.743164 0.744629 0.0273438 0.0354309 
47 0 0.119934 0.255127 0.0341797 0.0418091 
46 0 0.486816 0.865723 0.0296936 0.0395813 
45 0 0.583496 0.879395 0.0316467 0.0359497 
44 0 0.579102 0.150635 0.0285187 0.033844 
43 0 0.567383 0.101685 0.03125 0.038208 
42 0 0.200195 0.137329 0.0282288 0.0401611 
41 0 0.314941 0.30835 0.0265656 0.038269 
40 0 0.541504 0.986328 0.0328064 0.0276031 
39 0 0.742188 0.771973 0.0277405 0.0359497 
38 0 0.0938721 0.504883 0.0331421 0.0426941 
37 0 0.943848 0.744141 0.03125 0.0385437 
35 0 0.0163879 0.228394 0.0327759 0.0430908 
34 0 0.584473 0.122925 0.0300751 0.0377502 
32 0 0.305664 0.101013 0.0277405 0.0354919 
31 0 0.330566 0.66748 0.0314331 0.0421753 
30 0 0.988281 0.774902 0.0234375 0.0369873 
29 0 0.0283966 0.728027 0.0323792 0.0437622 
27 0 0.239014 0.579102 0.0285187 0.0421753 
26 0 0.133057 0.194824 0.0317383 0.0437622 
25 0 0.621094 0.344238 0.0300751 0.0408936 
24 0 0.272217 0.413574 0.0306702 0.0390625 
23 0 0.669434 0.140381 0.0379028 0.0439453 
22 0 0.282227 0.216675 0.0332031 0.0408936 
21 0 0.0836182 0.805176 0.0294495 0.0354309 
20 0 0.512207 0.72168 0.039856 0.0479126 
19 0 0.0891113 0.963379 0.0309601 0.0395813 
18 0 0.828125 0.43335 0.0335999 0.0419312 
17 0 0.19165 0.844727 0.0307617 0.0364685 
16 0 0.389648 0.194214 0.0277405 0.0351562 
15 0 0.0453186 0.362061 0.0351257 0.0429688 
14 0 0.854004 0.749023 0.0328064 0.0437622 
13 0 0.868652 0.408447 0.0304718 0.0416565 
12 0 0.935059 0.20752 0.0390625 0.0524597 
9 0 0.636719 0.420898 0.0328064 0.0458374 
8 0 0.836914 0.963379 0.0296936 0.0395813 
7 0 0.707031 0.639648 0.0296936 0.0375061 
6 0 0.847656 0.837402 0.0265656 0.0375061 
5 0 0.853027 0.227051 0.0460815 0.0544128 
4 0 0.601562 0.211426 0.0343628 0.0441284 
3 0 0.772461 0.0645752 0.0304718 0.038269 
2 0 0.242432 0.85498 0.0304718 0.0385437 
1 0 0.645996 0.5625 0.0281219 0.0354309 
