408 0 0.654785 0.928223 0.0406189 0.0520935 
406 0 0.774902 0.0178528 0.0351562 0.0312805 
404 0 0.281006 0.389404 0.0261688 0.0302124 
399 0 0.638184 0.421875 0.0390625 0.0484314 
398 0 0.57666 0.1521 0.0285187 0.0345154 
396 0 0.469482 0.46875 0.0332031 0.0487061 
394 0 0.616211 0.579102 0.0328064 0.0453186 
386 0 0.311035 0.189575 0.0320435 0.0375061 
383 0 0.0292511 0.107239 0.0328064 0.0416565 
343 0 0.0797119 0.301025 0.0370483 0.0473938 
333 0 0.00546646 0.327148 0.0109406 0.046875 
281 0 0.365723 0.0280609 0.033783 0.0386658 
258 0 0.513184 0.0155334 0.0265656 0.0264435 
245 0 0.260254 0.438721 0.0343628 0.0416565 
236 0 0.725586 0.772949 0.0292969 0.0359497 
178 0 0.500977 0.0225983 0.0328064 0.0383606 
122 0 0.655273 0.192749 0.0359497 0.0404968 
55 0 0.0132675 0.989746 0.0267334 0.0197906 
54 0 0.992188 0.408691 0.015625 0.0541687 
51 0 0.0390625 0.986328 0.0343628 0.0260468 
50 0 0.564941 0.530762 0.0300751 0.0380249 
49 0 0.478027 0.412598 0.0375061 0.0492249 
46 0 0.48584 0.865723 0.0304718 0.0437622 
45 0 0.532715 0.984375 0.0347595 0.0328064 
43 0 0.569336 0.103149 0.0289001 0.0354309 
42 0 0.268555 0.232178 0.0375061 0.0432434 
41 0 0.273193 0.353027 0.0285187 0.0395813 
39 0 0.652344 0.0747681 0.0328064 0.037384 
34 0 0.583496 0.12085 0.0320435 0.0375671 
32 0 0.248657 0.145874 0.0316467 0.0376282 
30 0 0.973633 0.862793 0.0367126 0.0416565 
29 0 0.0147934 0.770996 0.0260773 0.0411377 
27 0 0.234375 0.578125 0.0308533 0.0437622 
26 0 0.130249 0.198975 0.0388794 0.0510559 
22 0 0.283691 0.218018 0.0343628 0.040741 
21 0 0.0838623 0.806152 0.0314941 0.0401001 
20 0 0.496094 0.743652 0.0421753 0.0499878 
19 0 0.0891724 0.964355 0.0303192 0.0395813 
18 0 0.830566 0.436035 0.0328064 0.0408936 
17 0 0.193115 0.845703 0.0363159 0.0458374 
16 0 0.0680542 0.55127 0.0323181 0.0377502 
14 0 0.84668 0.755371 0.0320435 0.0437622 
13 0 0.864258 0.412598 0.0335999 0.0421753 
12 0 0.929688 0.209595 0.038269 0.0503845 
8 0 0.831055 0.983398 0.0281219 0.0333252 
7 0 0.709473 0.634277 0.03125 0.0385437 
6 0 0.841309 0.857422 0.0265656 0.0395813 
5 0 0.852539 0.229126 0.0421753 0.0505066 
4 0 0.602539 0.2146 0.0304718 0.0385437 
3 0 0.768555 0.0889282 0.0316467 0.0403748 
2 0 0.239868 0.857422 0.0328064 0.0421753 
1 0 0.629883 0.592285 0.0320435 0.0406189 
