621 0 0.563965 0.1604 0.0281219 0.0333252 
602 0 0.637695 0.420898 0.0343628 0.0450439 
584 0 0.578125 0.150024 0.03125 0.0375061 
569 0 0.601562 0.209839 0.03125 0.0402222 
550 2 0.0101547 0.72998 0.0203094 0.0406189 
533 0 0.959473 0.475098 0.0289001 0.0377502 
506 0 0.504883 0.0208435 0.0273438 0.0332336 
503 0 0.991211 0.68457 0.014061 0.0437622 
435 0 0.73877 0.0862427 0.0375061 0.0421448 
416 0 0.8125 0.368164 0.0320435 0.0408936 
281 0 0.357666 0.0563049 0.0285187 0.0369873 
245 0 0.259277 0.4375 0.0335999 0.0375061 
236 0 0.71875 0.782227 0.0289001 0.0348816 
178 0 0.483643 0.0427551 0.0285187 0.0394592 
122 0 0.635254 0.235718 0.0359497 0.0421753 
55 0 0.014061 0.990723 0.0249481 0.0187531 
54 0 0.990723 0.410156 0.0187531 0.0531311 
51 0 0.0414734 0.986816 0.0290527 0.0239563 
50 0 0.53125 0.592773 0.0300751 0.0401001 
49 0 0.460205 0.431152 0.038269 0.0536499 
46 0 0.486816 0.862305 0.0296936 0.0411377 
45 0 0.541992 0.986328 0.03125 0.0270844 
43 0 0.569336 0.104187 0.0300751 0.0372314 
42 0 0.313721 0.223999 0.03302 0.039856 
41 0 0.244141 0.372559 0.0281219 0.0380249 
34 0 0.583008 0.12085 0.0347595 0.0417175 
32 0 0.238647 0.169922 0.0308533 0.0351562 
30 0 0.94043 0.941895 0.03125 0.0375061 
29 0 0.00622559 0.799805 0.0122833 0.0380249 
27 0 0.234009 0.576172 0.028717 0.0437622 
26 0 0.129883 0.19812 0.0352478 0.0467529 
22 0 0.273926 0.23645 0.0322266 0.0395813 
21 0 0.0843506 0.805176 0.0281219 0.0354309 
20 0 0.490723 0.751953 0.0418091 0.0473938 
19 0 0.0898438 0.962402 0.0298767 0.0385437 
18 0 0.829102 0.434326 0.03125 0.0390625 
17 0 0.192017 0.845703 0.0335083 0.0416565 
14 0 0.842285 0.75293 0.0343628 0.0473938 
13 0 0.864258 0.413574 0.0335999 0.0426941 
12 0 0.936035 0.209106 0.0406189 0.0552063 
8 0 0.823242 0.98877 0.0249939 0.0229187 
7 0 0.708496 0.631348 0.0328064 0.0416565 
6 0 0.834473 0.868652 0.0257874 0.0385437 
5 0 0.851562 0.235474 0.0414124 0.0502625 
3 0 0.757812 0.0999756 0.0332031 0.0372314 
2 0 0.237061 0.857422 0.0302734 0.0395813 
1 0 0.630371 0.611328 0.0328064 0.0395813 
