246 0 0.979004 0.861328 0.0281219 0.0354309 
245 0 0.266113 0.434814 0.0320435 0.0416565 
244 0 0.750977 0.809082 0.0300751 0.0364685 
236 0 0.733398 0.763672 0.0273438 0.0348816 
226 0 0.349609 0.423096 0.0345764 0.0437622 
221 0 0.0389404 0.375244 0.0350952 0.0463562 
178 0 0.495605 0.0139008 0.0320435 0.0285797 
142 0 0.637695 0.419678 0.0343628 0.0479126 
122 0 0.663086 0.169556 0.0335999 0.0391846 
119 0 0.628906 0.804199 0.0359497 0.0416565 
55 0 0.0125122 0.989746 0.0249939 0.0208282 
54 0 0.994629 0.407471 0.0109406 0.0479126 
51 0 0.039856 0.985352 0.0328064 0.0286407 
50 0 0.57959 0.508301 0.03125 0.0375061 
49 0 0.491455 0.402832 0.0308533 0.0421753 
46 0 0.48584 0.864746 0.0328064 0.0416565 
45 0 0.557129 0.924805 0.0308533 0.0348816 
44 0 0.577148 0.150024 0.0304718 0.0375061 
43 0 0.566406 0.103516 0.0304718 0.0393982 
42 0 0.220337 0.175049 0.028717 0.038147 
41 0 0.296143 0.320312 0.0298767 0.0408936 
40 0 0.541504 0.984863 0.0359497 0.0302124 
39 0 0.771484 0.426025 0.03125 0.039856 
35 0 0.00938416 0.279541 0.0186462 0.0467529 
34 0 0.583496 0.120178 0.0328064 0.0411377 
32 0 0.272705 0.12085 0.0304718 0.0376892 
31 0 0.182861 0.324463 0.0316467 0.0393372 
30 0 0.984375 0.813477 0.0304718 0.0401001 
29 0 0.0210876 0.743652 0.0296936 0.0426941 
27 0 0.234375 0.576172 0.03125 0.0437622 
26 0 0.132812 0.194824 0.0341797 0.0437622 
22 0 0.282715 0.21875 0.0343628 0.0420532 
21 0 0.0836182 0.806152 0.0296936 0.0375061 
20 0 0.503906 0.734375 0.042572 0.0536499 
19 0 0.0890503 0.964355 0.0310516 0.0380249 
18 0 0.828125 0.434326 0.0320435 0.0395813 
17 0 0.19165 0.84375 0.0319214 0.0416565 
16 0 0.243774 0.460449 0.0318298 0.0385437 
14 0 0.852539 0.749023 0.0359497 0.0453186 
13 0 0.867188 0.40918 0.0320435 0.0432434 
12 0 0.936035 0.209351 0.039856 0.0569153 
8 0 0.834961 0.973145 0.0296936 0.0390625 
7 0 0.708496 0.632324 0.0308533 0.0395813 
6 0 0.84375 0.84668 0.0281219 0.0354309 
5 0 0.852539 0.229126 0.0453186 0.0541687 
4 0 0.603027 0.212769 0.0320435 0.0410156 
3 0 0.773438 0.0739746 0.03125 0.0396423 
2 0 0.240601 0.854004 0.0314331 0.0416565 
1 0 0.633789 0.57373 0.0296936 0.0406189 
