848 0 0.637695 0.415527 0.0375061 0.0513 
834 0 0.62793 0.802246 0.0343628 0.0416565 
825 0 0.96875 0.876953 0.0234375 0.0333252 
818 0 0.186523 0.71875 0.0331116 0.0416565 
815 0 0.561035 0.15979 0.0281219 0.0369873 
814 0 0.188232 0.853027 0.0357361 0.0447998 
801 0 0.96875 0.0437622 0.0257874 0.0366516 
791 0 0.407715 0.216797 0.0343628 0.0408936 
784 0 0.307129 0.196045 0.0265656 0.0334778 
775 0 0.800781 0.408936 0.0296936 0.0364685 
765 0 0.668945 0.985352 0.0324097 0.0328064 
724 0 0.734375 0.157349 0.0300751 0.0391846 
721 0 0.622559 0.017746 0.0308533 0.0349731 
716 0 0.713867 0.787598 0.03125 0.0375061 
701 0 0.992188 0.681152 0.015625 0.0375061 
694 0 0.221069 0.487549 0.0234375 0.0294342 
674 0 0.936035 0.206299 0.0367126 0.0497437 
615 0 0.577148 0.148926 0.0296936 0.0354309 
604 0 0.601074 0.208374 0.0296936 0.0416565 
534 0 0.506836 0.0322876 0.0265656 0.0353394 
464 0 0.704102 0.158447 0.0343628 0.0453186 
459 0 0.540527 0.985352 0.0343628 0.0291595 
444 0 0.861816 0.408447 0.0296936 0.0380249 
288 0 0.35083 0.0750122 0.0265656 0.0325317 
247 0 0.261719 0.431152 0.0265656 0.0369873 
176 0 0.474121 0.0552063 0.026947 0.0395813 
55 0 0.0124664 0.98877 0.0253143 0.0229187 
54 0 0.989746 0.414551 0.0203094 0.0460815 
51 0 0.0429688 0.983398 0.0359192 0.0317688 
50 0 0.487061 0.618652 0.0320435 0.0447998 
49 0 0.453857 0.476074 0.0363159 0.039856 
46 0 0.486816 0.861328 0.0351562 0.0437622 
43 0 0.570312 0.102112 0.0281219 0.0334778 
42 0 0.190063 0.256836 0.0325317 0.0402222 
41 0 0.21167 0.408447 0.0266571 0.0416565 
34 0 0.583984 0.120056 0.0320435 0.0390625 
32 0 0.205444 0.195801 0.0296936 0.0371094 
27 0 0.235962 0.564453 0.0318298 0.0463562 
26 0 0.129639 0.195801 0.03125 0.0416565 
23 0 0.624023 0.23999 0.0328064 0.0401001 
22 0 0.257812 0.272949 0.0343628 0.0416565 
21 0 0.0836182 0.802246 0.0298309 0.0375061 
19 0 0.0999756 0.98877 0.0313416 0.0229187 
18 0 0.82666 0.432861 0.0289001 0.0346375 
14 0 0.834961 0.785645 0.0359497 0.0458374 
8 0 0.823242 0.987305 0.0281219 0.0249939 
7 0 0.708496 0.629395 0.0328064 0.0416565 
6 0 0.831055 0.869629 0.0304718 0.0395813 
5 0 0.852539 0.231323 0.0437622 0.0523376 
2 0 0.236694 0.857422 0.0328064 0.0453186 
1 0 0.631348 0.615723 0.03125 0.0406189 
848 0 0.637695 0.415527 0.0375061 0.0513 
834 0 0.62793 0.802246 0.0343628 0.0416565 
825 0 0.96875 0.876953 0.0234375 0.0333252 
818 0 0.186523 0.71875 0.0331116 0.0416565 
815 0 0.561035 0.15979 0.0281219 0.0369873 
814 0 0.188232 0.853027 0.0357361 0.0447998 
801 0 0.96875 0.0437622 0.0257874 0.0366516 
791 0 0.407715 0.216797 0.0343628 0.0408936 
784 0 0.307129 0.196045 0.0265656 0.0334778 
775 0 0.800781 0.408936 0.0296936 0.0364685 
765 0 0.668945 0.985352 0.0324097 0.0328064 
724 0 0.734375 0.157349 0.0300751 0.0391846 
721 0 0.622559 0.017746 0.0308533 0.0349731 
716 0 0.713867 0.787598 0.03125 0.0375061 
701 0 0.992188 0.681152 0.015625 0.0375061 
694 0 0.221069 0.487549 0.0234375 0.0294342 
674 0 0.936035 0.206299 0.0367126 0.0497437 
615 0 0.577148 0.148926 0.0296936 0.0354309 
604 0 0.601074 0.208374 0.0296936 0.0416565 
534 0 0.506836 0.0322876 0.0265656 0.0353394 
464 0 0.704102 0.158447 0.0343628 0.0453186 
459 0 0.540527 0.985352 0.0343628 0.0291595 
444 0 0.861816 0.408447 0.0296936 0.0380249 
288 0 0.35083 0.0750122 0.0265656 0.0325317 
247 0 0.261719 0.431152 0.0265656 0.0369873 
176 0 0.474121 0.0552063 0.026947 0.0395813 
55 0 0.0124664 0.98877 0.0253143 0.0229187 
54 0 0.989746 0.414551 0.0203094 0.0460815 
51 0 0.0429688 0.983398 0.0359192 0.0317688 
50 0 0.487061 0.618652 0.0320435 0.0447998 
49 0 0.453857 0.476074 0.0363159 0.039856 
46 0 0.486816 0.861328 0.0351562 0.0437622 
43 0 0.570312 0.102112 0.0281219 0.0334778 
42 0 0.190063 0.256836 0.0325317 0.0402222 
41 0 0.21167 0.408447 0.0266571 0.0416565 
34 0 0.583984 0.120056 0.0320435 0.0390625 
32 0 0.205444 0.195801 0.0296936 0.0371094 
27 0 0.235962 0.564453 0.0318298 0.0463562 
26 0 0.129639 0.195801 0.03125 0.0416565 
23 0 0.624023 0.23999 0.0328064 0.0401001 
22 0 0.257812 0.272949 0.0343628 0.0416565 
21 0 0.0836182 0.802246 0.0298309 0.0375061 
19 0 0.0999756 0.98877 0.0313416 0.0229187 
18 0 0.82666 0.432861 0.0289001 0.0346375 
14 0 0.834961 0.785645 0.0359497 0.0458374 
8 0 0.823242 0.987305 0.0281219 0.0249939 
7 0 0.708496 0.629395 0.0328064 0.0416565 
6 0 0.831055 0.869629 0.0304718 0.0395813 
5 0 0.852539 0.231323 0.0437622 0.0523376 
2 0 0.236694 0.857422 0.0328064 0.0453186 
1 0 0.631348 0.615723 0.03125 0.0406189 
