657 0 0.564941 0.162476 0.0265656 0.0328064 
655 0 0.245361 0.449463 0.0249939 0.0304718 
647 0 0.993164 0.68457 0.014061 0.0395813 
640 0 0.989746 0.00937653 0.0203094 0.0187836 
639 0 0.936035 0.208374 0.0375061 0.0497437 
636 0 0.927246 0.377686 0.0328064 0.0414124 
626 0 0.141846 0.947754 0.0277405 0.0375061 
602 0 0.636719 0.418701 0.0359497 0.0466003 
584 0 0.578125 0.14917 0.0304718 0.0376282 
569 0 0.602539 0.209595 0.0296936 0.040741 
533 0 0.907715 0.586914 0.0296936 0.0385437 
506 0 0.504883 0.0250092 0.0273438 0.0372009 
435 0 0.729004 0.102966 0.0339966 0.0401611 
416 0 0.859375 0.411377 0.03125 0.0395813 
281 0 0.357422 0.0625 0.0290985 0.0374756 
245 0 0.262207 0.436523 0.0294952 0.0361938 
236 0 0.717773 0.78125 0.0296936 0.0333252 
178 0 0.481201 0.0479126 0.0281219 0.0375061 
122 0 0.628906 0.23999 0.0332031 0.0395813 
55 0 0.0132828 0.990723 0.0265198 0.0187531 
54 0 0.990723 0.413574 0.0187531 0.0520935 
51 0 0.0405884 0.987305 0.0342407 0.0249939 
50 0 0.522461 0.603027 0.0328064 0.0437622 
49 0 0.460938 0.440674 0.0351562 0.0453186 
46 0 0.486816 0.86377 0.0296936 0.0395813 
45 0 0.541992 0.986328 0.03125 0.0270844 
43 0 0.568848 0.102722 0.0281219 0.0380859 
42 0 0.308594 0.224243 0.03302 0.0404968 
41 0 0.237305 0.37915 0.0296936 0.0406189 
34 0 0.583496 0.12085 0.0328064 0.0418701 
32 0 0.237305 0.177124 0.0308533 0.0334778 
30 0 0.932617 0.961426 0.03125 0.0380249 
29 0 0.00545502 0.810547 0.0110703 0.0375061 
27 0 0.235962 0.57373 0.0289001 0.0421753 
26 0 0.129639 0.198364 0.0338745 0.044281 
22 0 0.269531 0.240601 0.0326233 0.0387878 
21 0 0.0843506 0.804199 0.028717 0.0375061 
20 0 0.489746 0.756348 0.0394592 0.0416565 
19 0 0.0882568 0.962402 0.0296936 0.0375061 
18 0 0.82666 0.43335 0.0343628 0.0416565 
17 0 0.191406 0.845703 0.0328064 0.0416565 
14 0 0.84082 0.754395 0.0343628 0.0499878 
8 0 0.823242 0.98877 0.0281219 0.0223999 
7 0 0.709473 0.630371 0.0304718 0.0385437 
6 0 0.833496 0.873047 0.0265656 0.0369873 
5 0 0.850586 0.236572 0.0390625 0.0463562 
3 0 0.756836 0.106323 0.0320435 0.0412903 
2 0 0.236694 0.858398 0.0296936 0.0416565 
1 0 0.631836 0.612305 0.0296936 0.0390625 
