768 0 0.483643 0.758301 0.0386658 0.0458374 
765 0 0.851562 0.790527 0.0304718 0.0369873 
764 0 0.563477 0.160156 0.0261688 0.033844 
758 1 0.078125 0.900879 0.0322876 0.0380249 
724 0 0.770996 0.0933228 0.0292969 0.0360718 
721 0 0.632812 0.0117416 0.0308533 0.0231323 
716 0 0.71582 0.785645 0.0281219 0.0343628 
701 0 0.992188 0.683105 0.015625 0.0375061 
694 0 0.232788 0.466553 0.0218811 0.0294342 
675 0 0.98291 0.0187836 0.0281219 0.0334778 
674 0 0.936035 0.205933 0.0367126 0.0522156 
661 0 0.144287 0.854004 0.0306702 0.0401001 
635 0 0.636719 0.417725 0.0390625 0.0479126 
615 0 0.578125 0.148926 0.0281219 0.0354309 
604 0 0.602539 0.209351 0.0296936 0.0430908 
534 0 0.508789 0.0290833 0.0265656 0.0372009 
464 0 0.717285 0.12915 0.0304718 0.0374451 
459 0 0.541992 0.985352 0.0320435 0.0276031 
444 0 0.860352 0.4104 0.0296936 0.0375061 
288 0 0.356201 0.0679932 0.0281219 0.0350342 
247 0 0.261719 0.432373 0.0296936 0.0395813 
176 0 0.478027 0.0520935 0.0273438 0.0375977 
55 0 0.0127792 0.989746 0.0261536 0.0208282 
54 0 0.989258 0.411621 0.0226593 0.0453186 
51 0 0.0421753 0.985352 0.0343628 0.0281219 
50 0 0.511719 0.608398 0.0320435 0.0447998 
49 0 0.458496 0.449219 0.0363159 0.0484314 
46 0 0.488281 0.86377 0.0296936 0.0395813 
43 0 0.570312 0.102112 0.0304718 0.0361938 
42 0 0.291992 0.215332 0.0339966 0.0391846 
41 0 0.227295 0.387451 0.0298767 0.0408936 
34 0 0.583008 0.12146 0.03125 0.038208 
32 0 0.224976 0.171875 0.0316467 0.0354309 
30 0 0.916992 0.986328 0.03125 0.0270844 
27 0 0.235962 0.570801 0.0306702 0.044281 
26 0 0.129517 0.19751 0.0347595 0.0453186 
23 0 0.627441 0.240601 0.0332031 0.0395813 
22 0 0.266846 0.248169 0.0349731 0.0406189 
21 0 0.0843506 0.803223 0.0341797 0.0401001 
19 0 0.0892334 0.963379 0.0319824 0.0406189 
18 0 0.827148 0.433838 0.0328064 0.0408936 
17 0 0.190674 0.84668 0.034668 0.0437622 
14 0 0.837402 0.754395 0.03125 0.0463562 
8 0 0.823242 0.98877 0.0281219 0.0229187 
7 0 0.709473 0.630371 0.03125 0.0395813 
6 0 0.832031 0.87207 0.0265656 0.0354309 
5 0 0.851562 0.23645 0.039856 0.0471497 
3 0 0.751465 0.115601 0.03125 0.0390015 
2 0 0.237915 0.857422 0.0318298 0.0453186 
1 0 0.630371 0.615723 0.0296936 0.0395813 
768 0 0.483643 0.758301 0.0386658 0.0458374 
765 0 0.851562 0.790527 0.0304718 0.0369873 
764 0 0.563477 0.160156 0.0261688 0.033844 
758 1 0.078125 0.900879 0.0322876 0.0380249 
724 0 0.770996 0.0933228 0.0292969 0.0360718 
721 0 0.632812 0.0117416 0.0308533 0.0231323 
716 0 0.71582 0.785645 0.0281219 0.0343628 
701 0 0.992188 0.683105 0.015625 0.0375061 
694 0 0.232788 0.466553 0.0218811 0.0294342 
675 0 0.98291 0.0187836 0.0281219 0.0334778 
674 0 0.936035 0.205933 0.0367126 0.0522156 
661 0 0.144287 0.854004 0.0306702 0.0401001 
635 0 0.636719 0.417725 0.0390625 0.0479126 
615 0 0.578125 0.148926 0.0281219 0.0354309 
604 0 0.602539 0.209351 0.0296936 0.0430908 
534 0 0.508789 0.0290833 0.0265656 0.0372009 
464 0 0.717285 0.12915 0.0304718 0.0374451 
459 0 0.541992 0.985352 0.0320435 0.0276031 
444 0 0.860352 0.4104 0.0296936 0.0375061 
288 0 0.356201 0.0679932 0.0281219 0.0350342 
247 0 0.261719 0.432373 0.0296936 0.0395813 
176 0 0.478027 0.0520935 0.0273438 0.0375977 
55 0 0.0127792 0.989746 0.0261536 0.0208282 
54 0 0.989258 0.411621 0.0226593 0.0453186 
51 0 0.0421753 0.985352 0.0343628 0.0281219 
50 0 0.511719 0.608398 0.0320435 0.0447998 
49 0 0.458496 0.449219 0.0363159 0.0484314 
46 0 0.488281 0.86377 0.0296936 0.0395813 
43 0 0.570312 0.102112 0.0304718 0.0361938 
42 0 0.291992 0.215332 0.0339966 0.0391846 
41 0 0.227295 0.387451 0.0298767 0.0408936 
34 0 0.583008 0.12146 0.03125 0.038208 
32 0 0.224976 0.171875 0.0316467 0.0354309 
30 0 0.916992 0.986328 0.03125 0.0270844 
27 0 0.235962 0.570801 0.0306702 0.044281 
26 0 0.129517 0.19751 0.0347595 0.0453186 
23 0 0.627441 0.240601 0.0332031 0.0395813 
22 0 0.266846 0.248169 0.0349731 0.0406189 
21 0 0.0843506 0.803223 0.0341797 0.0401001 
19 0 0.0892334 0.963379 0.0319824 0.0406189 
18 0 0.827148 0.433838 0.0328064 0.0408936 
17 0 0.190674 0.84668 0.034668 0.0437622 
14 0 0.837402 0.754395 0.03125 0.0463562 
8 0 0.823242 0.98877 0.0281219 0.0229187 
7 0 0.709473 0.630371 0.03125 0.0395813 
6 0 0.832031 0.87207 0.0265656 0.0354309 
5 0 0.851562 0.23645 0.039856 0.0471497 
3 0 0.751465 0.115601 0.03125 0.0390015 
2 0 0.237915 0.857422 0.0318298 0.0453186 
1 0 0.630371 0.615723 0.0296936 0.0395813 
