315 0 0.993652 0.422852 0.0124969 0.0458374 
314 0 0.00689697 0.29541 0.0133514 0.0492249 
313 0 0.577148 0.1521 0.0296936 0.033844 
310 0 0.990723 0.681152 0.0164032 0.046875 
308 0 0.3396 0.00938416 0.0304718 0.0180817 
304 0 0.0179749 0.984375 0.0298615 0.0270844 
297 0 0.312012 0.190308 0.0302734 0.0365906 
288 0 0.373047 0.0125427 0.0285187 0.0250549 
280 0 0.65625 0.927246 0.0406189 0.049469 
260 0 0.518555 0.0125275 0.0285187 0.0248871 
253 0 0.3125 0.129028 0.0302734 0.0386658 
248 0 0.978027 0.861816 0.0281219 0.0364685 
247 0 0.261719 0.438477 0.0326233 0.0395813 
246 0 0.804688 0.990723 0.0273438 0.0249939 
238 0 0.728027 0.77002 0.0292969 0.0354309 
227 0 0.165283 0.523438 0.0328979 0.0403748 
221 0 0.0382385 0.38501 0.0366821 0.0497437 
176 0 0.495361 0.0215149 0.0281219 0.0367126 
140 0 0.638184 0.421143 0.0363159 0.0463562 
117 0 0.628906 0.804199 0.0359497 0.0416565 
55 0 0.0127792 0.989746 0.0260925 0.0208282 
54 0 0.994629 0.408447 0.0109406 0.0499878 
51 0 0.039032 0.985352 0.0339355 0.0291595 
50 0 0.571777 0.523926 0.0343628 0.0395813 
49 0 0.488281 0.405273 0.0296936 0.0395813 
46 0 0.484375 0.866211 0.038269 0.0479126 
45 0 0.545898 0.947754 0.0292969 0.0317688 
43 0 0.569336 0.102112 0.0296936 0.0374451 
42 0 0.228516 0.182373 0.0294952 0.0393372 
41 0 0.286377 0.329346 0.028717 0.0406189 
40 0 0.540527 0.985352 0.0367126 0.0291595 
39 0 0.751465 0.252686 0.0304718 0.0375061 
34 0 0.583496 0.119934 0.0328064 0.0390625 
32 0 0.260254 0.126099 0.0298767 0.0392456 
31 0 0.0872192 0.169312 0.029541 0.0414124 
30 0 0.979492 0.836426 0.03125 0.0385437 
29 0 0.0187531 0.75293 0.0281219 0.0437622 
27 0 0.235596 0.578125 0.0322266 0.0453186 
26 0 0.131226 0.198975 0.0343628 0.0444031 
23 0 0.661621 0.178955 0.035553 0.0420532 
22 0 0.282471 0.219849 0.033783 0.0402222 
21 0 0.0836182 0.806152 0.0296936 0.0375061 
20 0 0.499268 0.739746 0.0429688 0.0499878 
19 0 0.0882568 0.96582 0.0328064 0.0395813 
18 0 0.829102 0.434814 0.0328064 0.0408936 
17 0 0.192139 0.84375 0.0343628 0.0432434 
16 0 0.423828 0.421875 0.0335999 0.0440063 
14 0 0.849121 0.750977 0.0328064 0.0437622 
13 0 0.865723 0.411377 0.03125 0.0401001 
12 0 0.936523 0.209351 0.0390625 0.0559998 
8 0 0.833008 0.976074 0.0281219 0.0343628 
7 0 0.708496 0.634277 0.0316467 0.0395813 
6 0 0.84375 0.853027 0.0249939 0.0354309 
5 0 0.853027 0.229126 0.0445251 0.053894 
4 0 0.602539 0.2146 0.0304718 0.0375061 
3 0 0.771973 0.078125 0.0324097 0.0395813 
2 0 0.240601 0.854004 0.0308533 0.0401001 
1 0 0.631348 0.58252 0.0304718 0.0395813 
315 0 0.993652 0.422852 0.0124969 0.0458374 
314 0 0.00689697 0.29541 0.0133514 0.0492249 
313 0 0.577148 0.1521 0.0296936 0.033844 
310 0 0.990723 0.681152 0.0164032 0.046875 
308 0 0.3396 0.00938416 0.0304718 0.0180817 
304 0 0.0179749 0.984375 0.0298615 0.0270844 
297 0 0.312012 0.190308 0.0302734 0.0365906 
288 0 0.373047 0.0125427 0.0285187 0.0250549 
280 0 0.65625 0.927246 0.0406189 0.049469 
260 0 0.518555 0.0125275 0.0285187 0.0248871 
253 0 0.3125 0.129028 0.0302734 0.0386658 
248 0 0.978027 0.861816 0.0281219 0.0364685 
247 0 0.261719 0.438477 0.0326233 0.0395813 
246 0 0.804688 0.990723 0.0273438 0.0249939 
238 0 0.728027 0.77002 0.0292969 0.0354309 
227 0 0.165283 0.523438 0.0328979 0.0403748 
221 0 0.0382385 0.38501 0.0366821 0.0497437 
176 0 0.495361 0.0215149 0.0281219 0.0367126 
140 0 0.638184 0.421143 0.0363159 0.0463562 
117 0 0.628906 0.804199 0.0359497 0.0416565 
55 0 0.0127792 0.989746 0.0260925 0.0208282 
54 0 0.994629 0.408447 0.0109406 0.0499878 
51 0 0.039032 0.985352 0.0339355 0.0291595 
50 0 0.571777 0.523926 0.0343628 0.0395813 
49 0 0.488281 0.405273 0.0296936 0.0395813 
46 0 0.484375 0.866211 0.038269 0.0479126 
45 0 0.545898 0.947754 0.0292969 0.0317688 
43 0 0.569336 0.102112 0.0296936 0.0374451 
42 0 0.228516 0.182373 0.0294952 0.0393372 
41 0 0.286377 0.329346 0.028717 0.0406189 
40 0 0.540527 0.985352 0.0367126 0.0291595 
39 0 0.751465 0.252686 0.0304718 0.0375061 
34 0 0.583496 0.119934 0.0328064 0.0390625 
32 0 0.260254 0.126099 0.0298767 0.0392456 
31 0 0.0872192 0.169312 0.029541 0.0414124 
30 0 0.979492 0.836426 0.03125 0.0385437 
29 0 0.0187531 0.75293 0.0281219 0.0437622 
27 0 0.235596 0.578125 0.0322266 0.0453186 
26 0 0.131226 0.198975 0.0343628 0.0444031 
23 0 0.661621 0.178955 0.035553 0.0420532 
22 0 0.282471 0.219849 0.033783 0.0402222 
21 0 0.0836182 0.806152 0.0296936 0.0375061 
20 0 0.499268 0.739746 0.0429688 0.0499878 
19 0 0.0882568 0.96582 0.0328064 0.0395813 
18 0 0.829102 0.434814 0.0328064 0.0408936 
17 0 0.192139 0.84375 0.0343628 0.0432434 
16 0 0.423828 0.421875 0.0335999 0.0440063 
14 0 0.849121 0.750977 0.0328064 0.0437622 
13 0 0.865723 0.411377 0.03125 0.0401001 
12 0 0.936523 0.209351 0.0390625 0.0559998 
8 0 0.833008 0.976074 0.0281219 0.0343628 
7 0 0.708496 0.634277 0.0316467 0.0395813 
6 0 0.84375 0.853027 0.0249939 0.0354309 
5 0 0.853027 0.229126 0.0445251 0.053894 
4 0 0.602539 0.2146 0.0304718 0.0375061 
3 0 0.771973 0.078125 0.0324097 0.0395813 
2 0 0.240601 0.854004 0.0308533 0.0401001 
1 0 0.631348 0.58252 0.0304718 0.0395813 
