272 0 0.657227 0.923828 0.0394592 0.049469 
260 0 0.522461 0.0104065 0.0261688 0.0205536 
256 0 0.366455 0.0880127 0.0283203 0.0344543 
253 0 0.430176 0.0440674 0.0351562 0.0413513 
248 0 0.978027 0.862305 0.0281219 0.0390625 
247 0 0.264893 0.4375 0.0324097 0.0395813 
246 0 0.774902 0.864746 0.0296936 0.0380249 
238 0 0.735352 0.764648 0.0289001 0.0359497 
227 0 0.208374 0.480469 0.0317383 0.0411377 
221 0 0.038208 0.37915 0.0334473 0.0453186 
176 0 0.497559 0.0148392 0.0285187 0.030838 
140 0 0.636719 0.420898 0.035553 0.0458374 
117 0 0.628906 0.804199 0.0359497 0.0416565 
55 0 0.0117035 0.990723 0.0235291 0.0192719 
54 0 0.994629 0.408447 0.0109406 0.049469 
51 0 0.0403442 0.985352 0.0323792 0.0291595 
50 0 0.577637 0.513672 0.0328064 0.0395813 
49 0 0.490723 0.403809 0.0300751 0.0406189 
46 0 0.483643 0.86377 0.0359497 0.0453186 
45 0 0.553223 0.932129 0.0292969 0.03125 
44 0 0.578125 0.150024 0.0281219 0.0333862 
43 0 0.567383 0.103149 0.0300751 0.0394592 
42 0 0.217529 0.183228 0.0275421 0.0385437 
41 0 0.291748 0.322998 0.028717 0.0411377 
40 0 0.540527 0.985352 0.0347595 0.0291595 
39 0 0.78418 0.360352 0.0308533 0.0414124 
35 0 0.00538635 0.258545 0.0129852 0.0449219 
34 0 0.583496 0.119812 0.0316467 0.0395813 
32 0 0.268799 0.122925 0.0304718 0.0378113 
31 0 0.15625 0.273438 0.0296936 0.0412903 
30 0 0.983398 0.821777 0.0296936 0.0380249 
29 0 0.0202942 0.745605 0.0311584 0.0458374 
27 0 0.235962 0.578125 0.0306702 0.0437622 
26 0 0.132324 0.196655 0.0349731 0.0459595 
23 0 0.661621 0.172607 0.035553 0.0402222 
22 0 0.282715 0.217651 0.0343628 0.042572 
21 0 0.0836182 0.806152 0.0296936 0.0375061 
20 0 0.501953 0.737305 0.0437622 0.0536499 
19 0 0.0890503 0.964355 0.03125 0.0380249 
18 0 0.828125 0.434326 0.0320435 0.0395813 
17 0 0.192139 0.844727 0.03125 0.0385437 
16 0 0.380371 0.457275 0.03302 0.0429688 
14 0 0.851562 0.75 0.0359497 0.0458374 
13 0 0.865723 0.4104 0.0304718 0.0411377 
12 0 0.936035 0.210449 0.0406189 0.058075 
8 0 0.833496 0.975098 0.0296936 0.0375061 
7 0 0.708496 0.633301 0.0328064 0.0406189 
6 0 0.842773 0.849121 0.0265656 0.0343628 
5 0 0.853027 0.229126 0.046875 0.0541687 
4 0 0.603027 0.213379 0.03125 0.0390625 
3 0 0.772461 0.0758057 0.0320435 0.0413818 
2 0 0.241455 0.854004 0.0322266 0.0416565 
1 0 0.632812 0.577148 0.03125 0.0390625 
272 0 0.657227 0.923828 0.0394592 0.049469 
260 0 0.522461 0.0104065 0.0261688 0.0205536 
256 0 0.366455 0.0880127 0.0283203 0.0344543 
253 0 0.430176 0.0440674 0.0351562 0.0413513 
248 0 0.978027 0.862305 0.0281219 0.0390625 
247 0 0.264893 0.4375 0.0324097 0.0395813 
246 0 0.774902 0.864746 0.0296936 0.0380249 
238 0 0.735352 0.764648 0.0289001 0.0359497 
227 0 0.208374 0.480469 0.0317383 0.0411377 
221 0 0.038208 0.37915 0.0334473 0.0453186 
176 0 0.497559 0.0148392 0.0285187 0.030838 
140 0 0.636719 0.420898 0.035553 0.0458374 
117 0 0.628906 0.804199 0.0359497 0.0416565 
55 0 0.0117035 0.990723 0.0235291 0.0192719 
54 0 0.994629 0.408447 0.0109406 0.049469 
51 0 0.0403442 0.985352 0.0323792 0.0291595 
50 0 0.577637 0.513672 0.0328064 0.0395813 
49 0 0.490723 0.403809 0.0300751 0.0406189 
46 0 0.483643 0.86377 0.0359497 0.0453186 
45 0 0.553223 0.932129 0.0292969 0.03125 
44 0 0.578125 0.150024 0.0281219 0.0333862 
43 0 0.567383 0.103149 0.0300751 0.0394592 
42 0 0.217529 0.183228 0.0275421 0.0385437 
41 0 0.291748 0.322998 0.028717 0.0411377 
40 0 0.540527 0.985352 0.0347595 0.0291595 
39 0 0.78418 0.360352 0.0308533 0.0414124 
35 0 0.00538635 0.258545 0.0129852 0.0449219 
34 0 0.583496 0.119812 0.0316467 0.0395813 
32 0 0.268799 0.122925 0.0304718 0.0378113 
31 0 0.15625 0.273438 0.0296936 0.0412903 
30 0 0.983398 0.821777 0.0296936 0.0380249 
29 0 0.0202942 0.745605 0.0311584 0.0458374 
27 0 0.235962 0.578125 0.0306702 0.0437622 
26 0 0.132324 0.196655 0.0349731 0.0459595 
23 0 0.661621 0.172607 0.035553 0.0402222 
22 0 0.282715 0.217651 0.0343628 0.042572 
21 0 0.0836182 0.806152 0.0296936 0.0375061 
20 0 0.501953 0.737305 0.0437622 0.0536499 
19 0 0.0890503 0.964355 0.03125 0.0380249 
18 0 0.828125 0.434326 0.0320435 0.0395813 
17 0 0.192139 0.844727 0.03125 0.0385437 
16 0 0.380371 0.457275 0.03302 0.0429688 
14 0 0.851562 0.75 0.0359497 0.0458374 
13 0 0.865723 0.4104 0.0304718 0.0411377 
12 0 0.936035 0.210449 0.0406189 0.058075 
8 0 0.833496 0.975098 0.0296936 0.0375061 
7 0 0.708496 0.633301 0.0328064 0.0406189 
6 0 0.842773 0.849121 0.0265656 0.0343628 
5 0 0.853027 0.229126 0.046875 0.0541687 
4 0 0.603027 0.213379 0.03125 0.0390625 
3 0 0.772461 0.0758057 0.0320435 0.0413818 
2 0 0.241455 0.854004 0.0322266 0.0416565 
1 0 0.632812 0.577148 0.03125 0.0390625 
