735 0 0.486328 0.759766 0.0390625 0.0447998 
731 0 0.26416 0.891602 0.0281219 0.0286407 
724 0 0.737305 0.0732422 0.0273438 0.0394592 
721 0 0.634277 0.0104141 0.0308533 0.0208282 
716 0 0.71582 0.785645 0.0281219 0.0343628 
714 0 0.110718 0.918945 0.0332947 0.0426941 
701 0 0.990723 0.68457 0.0148468 0.0369873 
694 0 0.233154 0.462158 0.021286 0.025528 
675 0 0.98291 0.0166931 0.0273438 0.0298767 
674 0 0.936523 0.208862 0.0390625 0.0528564 
661 0 0.144775 0.896973 0.0317383 0.0401001 
635 0 0.635742 0.418213 0.0375061 0.0466003 
615 0 0.578125 0.148926 0.0285187 0.0350342 
604 0 0.602539 0.210449 0.0296936 0.0415344 
562 0 0.864258 0.744629 0.0304718 0.0390625 
534 0 0.508789 0.0281219 0.0257874 0.0354309 
464 0 0.717773 0.125 0.0296936 0.0369873 
459 0 0.541992 0.986328 0.03125 0.0270844 
444 0 0.860352 0.4104 0.0296936 0.0375061 
288 0 0.356201 0.0681152 0.0290985 0.0368042 
247 0 0.260742 0.43335 0.0289001 0.0380249 
176 0 0.478027 0.050354 0.0277405 0.0360107 
55 0 0.0131989 0.989746 0.0257568 0.0208282 
54 0 0.990723 0.412598 0.0187531 0.0536499 
51 0 0.0421753 0.985352 0.0342102 0.0276031 
50 0 0.512695 0.606445 0.03125 0.044281 
49 0 0.458496 0.445801 0.0359497 0.049469 
46 0 0.488281 0.86377 0.0296936 0.0395813 
43 0 0.569336 0.102112 0.0296936 0.0334778 
42 0 0.296143 0.212646 0.0359497 0.0416565 
41 0 0.228882 0.38623 0.03125 0.0411377 
34 0 0.584473 0.120972 0.0316467 0.0369873 
32 0 0.226807 0.171875 0.0332031 0.035675 
30 0 0.918945 0.983887 0.0304718 0.0322876 
27 0 0.235107 0.570801 0.0302734 0.0453186 
26 0 0.129639 0.197754 0.0341797 0.0447998 
23 0 0.627441 0.240601 0.0328064 0.0395813 
22 0 0.26709 0.24585 0.0343628 0.0415344 
21 0 0.0843506 0.804199 0.0343628 0.0416565 
19 0 0.0898438 0.964355 0.0334473 0.0416565 
18 0 0.82666 0.43335 0.0335999 0.0414124 
17 0 0.189819 0.84668 0.0356445 0.044281 
14 0 0.837402 0.754395 0.03125 0.0458374 
8 0 0.823242 0.98877 0.0281219 0.0229187 
7 0 0.709473 0.630371 0.0324097 0.0395813 
6 0 0.833008 0.87207 0.0257874 0.0354309 
5 0 0.851562 0.237061 0.0406189 0.0473938 
3 0 0.751465 0.114563 0.0300751 0.0368347 
2 0 0.237549 0.857422 0.03125 0.0437622 
1 0 0.631348 0.615723 0.0281219 0.0395813 
735 0 0.486328 0.759766 0.0390625 0.0447998 
731 0 0.26416 0.891602 0.0281219 0.0286407 
724 0 0.737305 0.0732422 0.0273438 0.0394592 
721 0 0.634277 0.0104141 0.0308533 0.0208282 
716 0 0.71582 0.785645 0.0281219 0.0343628 
714 0 0.110718 0.918945 0.0332947 0.0426941 
701 0 0.990723 0.68457 0.0148468 0.0369873 
694 0 0.233154 0.462158 0.021286 0.025528 
675 0 0.98291 0.0166931 0.0273438 0.0298767 
674 0 0.936523 0.208862 0.0390625 0.0528564 
661 0 0.144775 0.896973 0.0317383 0.0401001 
635 0 0.635742 0.418213 0.0375061 0.0466003 
615 0 0.578125 0.148926 0.0285187 0.0350342 
604 0 0.602539 0.210449 0.0296936 0.0415344 
562 0 0.864258 0.744629 0.0304718 0.0390625 
534 0 0.508789 0.0281219 0.0257874 0.0354309 
464 0 0.717773 0.125 0.0296936 0.0369873 
459 0 0.541992 0.986328 0.03125 0.0270844 
444 0 0.860352 0.4104 0.0296936 0.0375061 
288 0 0.356201 0.0681152 0.0290985 0.0368042 
247 0 0.260742 0.43335 0.0289001 0.0380249 
176 0 0.478027 0.050354 0.0277405 0.0360107 
55 0 0.0131989 0.989746 0.0257568 0.0208282 
54 0 0.990723 0.412598 0.0187531 0.0536499 
51 0 0.0421753 0.985352 0.0342102 0.0276031 
50 0 0.512695 0.606445 0.03125 0.044281 
49 0 0.458496 0.445801 0.0359497 0.049469 
46 0 0.488281 0.86377 0.0296936 0.0395813 
43 0 0.569336 0.102112 0.0296936 0.0334778 
42 0 0.296143 0.212646 0.0359497 0.0416565 
41 0 0.228882 0.38623 0.03125 0.0411377 
34 0 0.584473 0.120972 0.0316467 0.0369873 
32 0 0.226807 0.171875 0.0332031 0.035675 
30 0 0.918945 0.983887 0.0304718 0.0322876 
27 0 0.235107 0.570801 0.0302734 0.0453186 
26 0 0.129639 0.197754 0.0341797 0.0447998 
23 0 0.627441 0.240601 0.0328064 0.0395813 
22 0 0.26709 0.24585 0.0343628 0.0415344 
21 0 0.0843506 0.804199 0.0343628 0.0416565 
19 0 0.0898438 0.964355 0.0334473 0.0416565 
18 0 0.82666 0.43335 0.0335999 0.0414124 
17 0 0.189819 0.84668 0.0356445 0.044281 
14 0 0.837402 0.754395 0.03125 0.0458374 
8 0 0.823242 0.98877 0.0281219 0.0229187 
7 0 0.709473 0.630371 0.0324097 0.0395813 
6 0 0.833008 0.87207 0.0257874 0.0354309 
5 0 0.851562 0.237061 0.0406189 0.0473938 
3 0 0.751465 0.114563 0.0300751 0.0368347 
2 0 0.237549 0.857422 0.03125 0.0437622 
1 0 0.631348 0.615723 0.0281219 0.0395813 
