338 0 0.0380859 0.383789 0.0367432 0.0497437 
333 0 0.00631714 0.301025 0.0130997 0.0455627 
281 0 0.373535 0.0154266 0.0300751 0.0292969 
276 0 0.657227 0.927246 0.0421753 0.0499878 
258 0 0.516602 0.0135651 0.0300751 0.0270691 
245 0 0.261719 0.4375 0.0328064 0.0406189 
236 0 0.726562 0.772949 0.0304718 0.0343628 
226 0 0.466309 0.478027 0.0371094 0.0484314 
178 0 0.504883 0.0197906 0.03125 0.0352783 
142 0 0.638184 0.421875 0.0390625 0.0479126 
122 0 0.658691 0.185303 0.0359497 0.0416565 
55 0 0.0139923 0.989746 0.0273895 0.0197906 
54 0 0.993652 0.408447 0.0124969 0.0497437 
51 0 0.0390625 0.985352 0.0339661 0.0291595 
50 0 0.569336 0.52832 0.0324097 0.0395813 
49 0 0.481934 0.407227 0.0359497 0.0466003 
46 0 0.486816 0.86377 0.0304718 0.0421753 
45 0 0.540527 0.956055 0.0281219 0.0333252 
43 0 0.568848 0.104065 0.0304718 0.0364075 
42 0 0.234009 0.186401 0.0310516 0.0391846 
41 0 0.283691 0.335938 0.0263672 0.0367126 
40 0 0.541992 0.985352 0.0351562 0.0281219 
39 0 0.743164 0.169189 0.0292969 0.0364685 
34 0 0.583496 0.12085 0.0335999 0.0416565 
32 0 0.262451 0.12915 0.0292969 0.0379028 
31 0 0.0577087 0.105591 0.0305634 0.040741 
30 0 0.975586 0.84668 0.0343628 0.0447998 
29 0 0.0174561 0.758301 0.026947 0.0406189 
27 0 0.235107 0.579102 0.03125 0.0458374 
26 0 0.130127 0.197998 0.0356445 0.0447998 
22 0 0.281982 0.218506 0.0333862 0.0408936 
21 0 0.0836182 0.805176 0.0296936 0.0385437 
20 0 0.497559 0.740723 0.0437622 0.0510559 
19 0 0.0882568 0.964355 0.0328064 0.0416565 
18 0 0.829102 0.435303 0.0328064 0.0411377 
17 0 0.192261 0.845703 0.033783 0.0426941 
16 0 0.15564 0.530762 0.0333862 0.0419312 
14 0 0.850098 0.754395 0.0343628 0.0458374 
13 0 0.865723 0.413086 0.0335999 0.0429688 
12 0 0.936035 0.210449 0.039856 0.0570374 
8 0 0.831055 0.978027 0.0281219 0.0354309 
7 0 0.709473 0.634277 0.0320435 0.0411377 
6 0 0.842285 0.854004 0.0265656 0.0359497 
5 0 0.852539 0.229126 0.0453186 0.0544128 
4 0 0.602539 0.2146 0.0320435 0.0395813 
3 0 0.770996 0.0811157 0.0324097 0.0405579 
2 0 0.239868 0.857422 0.0328064 0.0426941 
1 0 0.630371 0.585449 0.0320435 0.0406189 
