500 2 0.183594 0.939453 0.029007 0.0333252 
493 0 0.638184 0.42334 0.0386658 0.0466003 
435 0 0.760742 0.0449219 0.0351562 0.0444031 
416 0 0.69043 0.499023 0.0332031 0.0403748 
412 1 0.833008 0.0941772 0.0335999 0.0411377 
398 0 0.57666 0.1521 0.0292969 0.0337219 
386 0 0.311035 0.192749 0.0347595 0.0434875 
281 0 0.363281 0.0415955 0.0328064 0.0428772 
245 0 0.260986 0.44165 0.03125 0.0385437 
236 0 0.722656 0.774902 0.0296936 0.0333252 
178 0 0.498047 0.0259552 0.0375061 0.0439148 
122 0 0.651855 0.212524 0.0343628 0.0385437 
55 0 0.0132599 0.989746 0.0262756 0.0197906 
54 0 0.992188 0.407227 0.015625 0.0520935 
51 0 0.039856 0.986328 0.0328064 0.0260468 
50 0 0.549805 0.56543 0.0339966 0.0426941 
49 0 0.471924 0.424072 0.0406189 0.0565186 
46 0 0.486816 0.864746 0.0296936 0.0416565 
45 0 0.540527 0.985352 0.0332031 0.0291595 
43 0 0.569336 0.106262 0.0296936 0.0366516 
42 0 0.30835 0.24585 0.0371094 0.0421753 
41 0 0.258545 0.367676 0.0302734 0.0403748 
34 0 0.583496 0.120789 0.0332031 0.0412903 
32 0 0.244507 0.154297 0.0322266 0.0364685 
30 0 0.959473 0.901855 0.0343628 0.0375061 
29 0 0.0101471 0.780273 0.0201874 0.0385437 
27 0 0.234375 0.577148 0.03125 0.0458374 
26 0 0.129639 0.199341 0.0392456 0.0544128 
22 0 0.280518 0.224976 0.0353394 0.0412903 
21 0 0.0838013 0.805176 0.0299835 0.0385437 
20 0 0.494141 0.749512 0.0414124 0.0479126 
19 0 0.0891113 0.963379 0.0307617 0.0395813 
18 0 0.830566 0.435791 0.0359497 0.0421753 
17 0 0.192749 0.84668 0.0351562 0.0437622 
14 0 0.846191 0.75293 0.0328064 0.0479126 
13 0 0.864258 0.413574 0.0343628 0.0437622 
12 0 0.936035 0.209351 0.0406189 0.0572815 
8 0 0.830566 0.984375 0.0265656 0.0317688 
7 0 0.708496 0.633301 0.0328064 0.0416565 
6 0 0.838379 0.861328 0.0265656 0.0359497 
5 0 0.852539 0.231201 0.0421753 0.0541687 
4 0 0.601562 0.213501 0.0281219 0.0354309 
3 0 0.765625 0.0976562 0.0285187 0.0374451 
2 0 0.238647 0.858398 0.0333862 0.0416565 
1 0 0.629395 0.605957 0.0289001 0.0364685 
