744 0 0.307861 0.195068 0.0248108 0.0328064 
735 0 0.783691 0.173218 0.0304718 0.0385437 
725 0 0.811035 0.856445 0.0292969 0.0390625 
724 0 0.563965 0.159912 0.0261688 0.0350342 
718 1 0.0175171 0.850098 0.0322876 0.0426941 
684 0 0.744141 0.130615 0.0281219 0.0364685 
681 0 0.628906 0.0135727 0.0296936 0.026947 
677 0 0.716797 0.788574 0.0257874 0.0328064 
662 0 0.992188 0.682129 0.0148468 0.0354309 
655 0 0.230469 0.474854 0.0234375 0.0307312 
639 0 0.936035 0.207275 0.0375061 0.0522156 
626 0 0.180664 0.844727 0.0340881 0.0437622 
602 0 0.638184 0.42041 0.0371094 0.0471497 
584 0 0.578125 0.149292 0.0281219 0.0369873 
569 0 0.601562 0.210449 0.0300751 0.0419312 
506 0 0.508789 0.03125 0.0265656 0.0375061 
435 0 0.712402 0.138306 0.03125 0.0423279 
416 0 0.86084 0.409424 0.0296936 0.0359497 
281 0 0.355713 0.069519 0.0285187 0.0348816 
245 0 0.260986 0.432861 0.0285187 0.0387878 
178 0 0.476562 0.0531311 0.026947 0.0395813 
122 0 0.625977 0.240601 0.0339966 0.0395813 
55 0 0.0140762 0.989746 0.0281525 0.0208282 
54 0 0.989258 0.413086 0.0210876 0.0455627 
51 0 0.0432739 0.986328 0.0349426 0.0276031 
50 0 0.507812 0.609375 0.0335999 0.0479126 
49 0 0.457764 0.457764 0.0343628 0.0460815 
46 0 0.487549 0.861816 0.03125 0.0395813 
45 0 0.541504 0.986328 0.0316467 0.0270844 
43 0 0.571289 0.102417 0.0296936 0.0350342 
42 0 0.280029 0.20166 0.0314331 0.0403748 
41 0 0.225586 0.390869 0.0304718 0.0416565 
34 0 0.583008 0.12085 0.0328064 0.0375061 
32 0 0.217407 0.175049 0.0300751 0.0334778 
30 0 0.911133 0.990723 0.0289001 0.0187531 
27 0 0.236572 0.569336 0.0308533 0.0458374 
26 0 0.129639 0.197144 0.0343628 0.0460815 
22 0 0.26709 0.253662 0.0335999 0.0440063 
21 0 0.0838623 0.803223 0.0342712 0.0437622 
19 0 0.086731 0.961426 0.0359802 0.0447998 
18 0 0.82666 0.431152 0.0320435 0.0385437 
14 0 0.828125 0.759277 0.0320435 0.0432434 
8 0 0.823242 0.98877 0.0273438 0.0229187 
7 0 0.709473 0.630371 0.03125 0.0395813 
6 0 0.833008 0.870605 0.0281219 0.0359497 
5 0 0.851562 0.235474 0.0414124 0.0499878 
2 0 0.237549 0.856445 0.03125 0.0453186 
1 0 0.630371 0.616699 0.0296936 0.0416565 
