428 2 0.696777 0.0135422 0.03125 0.0270538 
427 0 0.639648 0.419678 0.039856 0.0523376 
416 0 0.640625 0.572754 0.0285187 0.0348816 
412 1 0.904785 0.218018 0.0328064 0.0394592 
411 0 0.992188 0.679199 0.0132828 0.0458374 
404 0 0.278809 0.395752 0.0267639 0.0330811 
398 0 0.577148 0.153076 0.0281219 0.0351562 
386 0 0.311768 0.189575 0.0333862 0.0375061 
343 0 0.032135 0.290527 0.0353699 0.04245 
281 0 0.365723 0.0313416 0.0353394 0.0415039 
258 0 0.513184 0.0163116 0.0265656 0.0276337 
245 0 0.260986 0.439697 0.0343628 0.0416565 
236 0 0.725098 0.773926 0.0308533 0.0354309 
178 0 0.500488 0.0229187 0.0328064 0.0375671 
122 0 0.65625 0.195801 0.0351562 0.0416565 
55 0 0.0135651 0.990723 0.0275574 0.0203094 
54 0 0.992188 0.409424 0.015625 0.0526123 
51 0 0.039856 0.986328 0.0328674 0.025528 
50 0 0.561035 0.539551 0.0343628 0.0411377 
49 0 0.476562 0.412598 0.0375061 0.0499878 
46 0 0.486816 0.864746 0.0296936 0.0416565 
45 0 0.52832 0.987305 0.0359497 0.0265656 
43 0 0.569336 0.103149 0.0296936 0.0354309 
42 0 0.277832 0.23877 0.0369263 0.0375061 
41 0 0.270996 0.357178 0.0296936 0.0395813 
39 0 0.625977 0.0603333 0.0332031 0.0378113 
34 0 0.583496 0.121887 0.0320435 0.0387878 
32 0 0.246704 0.149902 0.0320435 0.0357361 
30 0 0.970215 0.868652 0.0367126 0.0411377 
29 0 0.0133514 0.770996 0.0242157 0.0385437 
27 0 0.234741 0.578125 0.0322266 0.0437622 
26 0 0.129639 0.198975 0.0399475 0.0515747 
22 0 0.283691 0.217285 0.0347595 0.0385437 
21 0 0.0834961 0.805176 0.0303192 0.0380249 
20 0 0.495361 0.744629 0.0410156 0.0479126 
19 0 0.0899048 0.964355 0.0295868 0.0375061 
18 0 0.82959 0.436279 0.03125 0.0395813 
17 0 0.192139 0.845703 0.0375061 0.0473938 
16 0 0.053772 0.543945 0.03302 0.0432434 
14 0 0.846191 0.755371 0.0328064 0.0437622 
13 0 0.864746 0.413574 0.0328064 0.0437622 
12 0 0.936035 0.207886 0.0351562 0.0492249 
8 0 0.831055 0.983398 0.0281219 0.0333252 
7 0 0.708496 0.633301 0.0324097 0.0411377 
6 0 0.84082 0.859375 0.0281219 0.0380249 
5 0 0.853027 0.229126 0.0437622 0.0499878 
4 0 0.603027 0.213745 0.03125 0.0385437 
3 0 0.768555 0.0912476 0.03125 0.0395203 
2 0 0.239868 0.856934 0.03302 0.0406189 
1 0 0.631348 0.59668 0.0320435 0.0380249 
