834 0 0.62793 0.80127 0.0343628 0.0406189 
825 0 0.96875 0.875488 0.0249939 0.0343628 
818 0 0.194946 0.711426 0.0317383 0.0447998 
815 0 0.561035 0.160156 0.0281219 0.0352783 
814 0 0.192993 0.85498 0.0359497 0.0479126 
801 0 0.969727 0.0407104 0.0234375 0.0358582 
791 0 0.407715 0.217651 0.0341797 0.0432434 
784 0 0.307129 0.196899 0.0265656 0.0343628 
775 0 0.785156 0.394287 0.0292969 0.0380249 
765 0 0.681152 0.978027 0.0316467 0.0348816 
724 0 0.734863 0.155151 0.0273438 0.0352783 
721 0 0.623535 0.0166779 0.0300751 0.0333252 
716 0 0.714844 0.788574 0.0296936 0.0354309 
701 0 0.993164 0.680176 0.014061 0.0354309 
694 0 0.221924 0.48584 0.0248108 0.0304718 
674 0 0.935059 0.205566 0.0359497 0.0492249 
615 0 0.578125 0.14856 0.0285187 0.0340576 
604 0 0.601562 0.208618 0.0292969 0.0430908 
534 0 0.506836 0.0333557 0.0265656 0.0328674 
464 0 0.70459 0.157349 0.03125 0.0394592 
459 0 0.541504 0.985352 0.0320435 0.0291595 
444 0 0.861816 0.4104 0.0296936 0.038269 
288 0 0.351562 0.0730591 0.0277405 0.03302 
247 0 0.260986 0.431152 0.0281219 0.0375061 
176 0 0.474121 0.0551147 0.0265656 0.0384827 
55 0 0.0140533 0.98877 0.0281525 0.0229187 
54 0 0.989746 0.414551 0.0203094 0.0466003 
51 0 0.0429077 0.984375 0.0353088 0.03125 
50 0 0.489014 0.616699 0.03125 0.0416565 
49 0 0.45459 0.471924 0.0375061 0.039856 
46 0 0.486816 0.861328 0.0335999 0.0426941 
43 0 0.569336 0.102112 0.0273438 0.0333252 
42 0 0.198608 0.246338 0.032135 0.039978 
41 0 0.213257 0.40625 0.0266571 0.0416565 
34 0 0.583496 0.12085 0.0300751 0.0378113 
32 0 0.206299 0.195557 0.0311584 0.0360718 
27 0 0.235107 0.56543 0.0328064 0.049469 
26 0 0.128906 0.196655 0.0328064 0.0428467 
23 0 0.624023 0.240234 0.0328064 0.038269 
22 0 0.258545 0.270752 0.035553 0.0416565 
21 0 0.0843506 0.803223 0.0316772 0.0411377 
19 0 0.101746 0.986328 0.0333862 0.0281219 
18 0 0.827148 0.431396 0.0296936 0.0359497 
14 0 0.834961 0.783203 0.0359497 0.044281 
8 0 0.823242 0.987305 0.0273438 0.0249939 
7 0 0.708496 0.629395 0.0324097 0.0416565 
6 0 0.831055 0.869629 0.03125 0.0395813 
5 0 0.851562 0.233276 0.0414124 0.0485535 
2 0 0.236328 0.856934 0.0318298 0.0447998 
1 0 0.631836 0.615723 0.0296936 0.0395813 
834 0 0.62793 0.80127 0.0343628 0.0406189 
825 0 0.96875 0.875488 0.0249939 0.0343628 
818 0 0.194946 0.711426 0.0317383 0.0447998 
815 0 0.561035 0.160156 0.0281219 0.0352783 
814 0 0.192993 0.85498 0.0359497 0.0479126 
801 0 0.969727 0.0407104 0.0234375 0.0358582 
791 0 0.407715 0.217651 0.0341797 0.0432434 
784 0 0.307129 0.196899 0.0265656 0.0343628 
775 0 0.785156 0.394287 0.0292969 0.0380249 
765 0 0.681152 0.978027 0.0316467 0.0348816 
724 0 0.734863 0.155151 0.0273438 0.0352783 
721 0 0.623535 0.0166779 0.0300751 0.0333252 
716 0 0.714844 0.788574 0.0296936 0.0354309 
701 0 0.993164 0.680176 0.014061 0.0354309 
694 0 0.221924 0.48584 0.0248108 0.0304718 
674 0 0.935059 0.205566 0.0359497 0.0492249 
615 0 0.578125 0.14856 0.0285187 0.0340576 
604 0 0.601562 0.208618 0.0292969 0.0430908 
534 0 0.506836 0.0333557 0.0265656 0.0328674 
464 0 0.70459 0.157349 0.03125 0.0394592 
459 0 0.541504 0.985352 0.0320435 0.0291595 
444 0 0.861816 0.4104 0.0296936 0.038269 
288 0 0.351562 0.0730591 0.0277405 0.03302 
247 0 0.260986 0.431152 0.0281219 0.0375061 
176 0 0.474121 0.0551147 0.0265656 0.0384827 
55 0 0.0140533 0.98877 0.0281525 0.0229187 
54 0 0.989746 0.414551 0.0203094 0.0466003 
51 0 0.0429077 0.984375 0.0353088 0.03125 
50 0 0.489014 0.616699 0.03125 0.0416565 
49 0 0.45459 0.471924 0.0375061 0.039856 
46 0 0.486816 0.861328 0.0335999 0.0426941 
43 0 0.569336 0.102112 0.0273438 0.0333252 
42 0 0.198608 0.246338 0.032135 0.039978 
41 0 0.213257 0.40625 0.0266571 0.0416565 
34 0 0.583496 0.12085 0.0300751 0.0378113 
32 0 0.206299 0.195557 0.0311584 0.0360718 
27 0 0.235107 0.56543 0.0328064 0.049469 
26 0 0.128906 0.196655 0.0328064 0.0428467 
23 0 0.624023 0.240234 0.0328064 0.038269 
22 0 0.258545 0.270752 0.035553 0.0416565 
21 0 0.0843506 0.803223 0.0316772 0.0411377 
19 0 0.101746 0.986328 0.0333862 0.0281219 
18 0 0.827148 0.431396 0.0296936 0.0359497 
14 0 0.834961 0.783203 0.0359497 0.044281 
8 0 0.823242 0.987305 0.0273438 0.0249939 
7 0 0.708496 0.629395 0.0324097 0.0416565 
6 0 0.831055 0.869629 0.03125 0.0395813 
5 0 0.851562 0.233276 0.0414124 0.0485535 
2 0 0.236328 0.856934 0.0318298 0.0447998 
1 0 0.631836 0.615723 0.0296936 0.0395813 
