467 0 0.57666 0.112366 0.0332031 0.0383606 
463 0 0.469971 0.467773 0.0335999 0.0476685 
435 0 0.766602 0.0313416 0.0328064 0.0418701 
416 0 0.662109 0.505859 0.0320435 0.0432434 
412 1 0.87793 0.136475 0.0289001 0.0391846 
411 0 0.990723 0.681152 0.015625 0.0426941 
398 0 0.577148 0.153198 0.0292969 0.0348816 
386 0 0.310059 0.190674 0.0328064 0.0394592 
281 0 0.364746 0.0355225 0.0328064 0.0416565 
245 0 0.260986 0.44165 0.0343628 0.0419312 
236 0 0.723633 0.775879 0.03125 0.0359497 
178 0 0.498535 0.0245972 0.0371094 0.0417786 
122 0 0.65625 0.201172 0.0343628 0.0432434 
55 0 0.0133667 0.989746 0.0271301 0.0208282 
54 0 0.992188 0.408447 0.015625 0.0549622 
51 0 0.0397339 0.986328 0.0332031 0.0270844 
50 0 0.554688 0.557129 0.0335999 0.0421753 
49 0 0.475098 0.416748 0.0343628 0.0450439 
46 0 0.486816 0.864746 0.0300751 0.0411377 
45 0 0.540039 0.986328 0.0359497 0.0270844 
43 0 0.569336 0.104187 0.0277405 0.0337219 
42 0 0.296387 0.246094 0.035553 0.0394592 
41 0 0.26416 0.361572 0.0285187 0.0390625 
39 0 0.549316 0.0117493 0.0300751 0.022171 
34 0 0.584473 0.121887 0.0320435 0.039856 
32 0 0.243774 0.154053 0.0324097 0.038269 
30 0 0.963867 0.88623 0.0343628 0.0380249 
29 0 0.0124969 0.772949 0.0224304 0.0375061 
27 0 0.235107 0.578125 0.0328064 0.0437622 
26 0 0.129517 0.199951 0.0397339 0.0541687 
22 0 0.282715 0.219116 0.0339966 0.0426941 
21 0 0.083313 0.807129 0.0315552 0.0395813 
20 0 0.494629 0.749023 0.0421753 0.0520935 
19 0 0.0890503 0.964355 0.0281219 0.0375061 
18 0 0.830566 0.436523 0.0328064 0.0406189 
17 0 0.192383 0.845703 0.0354614 0.0432434 
16 0 0.00540161 0.590332 0.0147858 0.0395813 
14 0 0.847656 0.755371 0.0328064 0.0437622 
13 0 0.864746 0.412598 0.0328064 0.0416565 
12 0 0.935059 0.208618 0.0390625 0.0545654 
8 0 0.831055 0.983398 0.0281219 0.0333252 
7 0 0.708496 0.632324 0.0316467 0.0401001 
6 0 0.839844 0.859375 0.0265656 0.0380249 
5 0 0.853027 0.22998 0.0429688 0.049469 
4 0 0.602539 0.214478 0.0296936 0.0367126 
3 0 0.768066 0.0955811 0.0308533 0.0384827 
2 0 0.239868 0.857422 0.0333862 0.0406189 
1 0 0.629883 0.60498 0.0300751 0.0406189 
