774 0 0.613281 0.826172 0.0328064 0.0401001 
770 0 0.62793 0.802246 0.0343628 0.0375061 
765 0 0.833008 0.802246 0.0281219 0.0348816 
764 0 0.563477 0.159912 0.0265656 0.0342407 
758 1 0.0789795 0.841309 0.031311 0.0426941 
724 0 0.75 0.12146 0.0347595 0.0419312 
721 0 0.631348 0.0118408 0.0289001 0.0243988 
716 0 0.716309 0.785645 0.026947 0.0333252 
701 0 0.992188 0.683105 0.015625 0.0375061 
694 0 0.231201 0.46875 0.0218811 0.0294342 
675 0 0.98291 0.0194397 0.0281219 0.0340576 
674 0 0.936035 0.207275 0.0375061 0.0518188 
661 0 0.176025 0.862305 0.0328979 0.0390625 
635 0 0.637695 0.417725 0.0379028 0.0479126 
615 0 0.578125 0.14978 0.0281219 0.0363159 
604 0 0.602539 0.209351 0.0296936 0.0437622 
534 0 0.508789 0.0302277 0.0265656 0.0356445 
464 0 0.714844 0.130981 0.0304718 0.0388794 
459 0 0.541504 0.986328 0.0320435 0.0270844 
444 0 0.860352 0.4104 0.0296936 0.0375061 
288 0 0.355713 0.0697632 0.0292969 0.0352173 
247 0 0.260742 0.43335 0.0296936 0.0380249 
176 0 0.476562 0.0531311 0.0277405 0.0395508 
55 0 0.0132828 0.989746 0.0264587 0.0208282 
54 0 0.989258 0.4104 0.0226593 0.046875 
51 0 0.0421753 0.985352 0.0345764 0.0291595 
50 0 0.510742 0.608398 0.0332031 0.046875 
49 0 0.458984 0.450928 0.0351562 0.0458374 
46 0 0.487549 0.86377 0.0308533 0.0395813 
43 0 0.569336 0.102112 0.0308533 0.0375061 
42 0 0.288574 0.211426 0.0335999 0.039856 
41 0 0.227905 0.387451 0.0292969 0.0416565 
34 0 0.582031 0.120911 0.0328064 0.0379028 
32 0 0.222412 0.172974 0.0292969 0.0333252 
30 0 0.915039 0.98877 0.03125 0.0244751 
27 0 0.235962 0.571777 0.03125 0.044281 
26 0 0.129639 0.196655 0.0343628 0.0472717 
23 0 0.626465 0.240601 0.0324097 0.0395813 
22 0 0.26709 0.250244 0.0343628 0.0414124 
21 0 0.0843506 0.803223 0.0314331 0.0395813 
19 0 0.0875244 0.963379 0.0307617 0.0395813 
18 0 0.82666 0.432373 0.0343628 0.0395813 
17 0 0.191406 0.84668 0.0332031 0.0411377 
14 0 0.833008 0.754395 0.03125 0.0426941 
8 0 0.824219 0.989746 0.0265656 0.0208282 
7 0 0.709473 0.630371 0.03125 0.0395813 
6 0 0.833008 0.87207 0.0273438 0.0354309 
5 0 0.851562 0.235474 0.0406189 0.0464783 
2 0 0.237549 0.857422 0.03125 0.0437622 
1 0 0.630371 0.617188 0.0296936 0.0395813 
774 0 0.613281 0.826172 0.0328064 0.0401001 
770 0 0.62793 0.802246 0.0343628 0.0375061 
765 0 0.833008 0.802246 0.0281219 0.0348816 
764 0 0.563477 0.159912 0.0265656 0.0342407 
758 1 0.0789795 0.841309 0.031311 0.0426941 
724 0 0.75 0.12146 0.0347595 0.0419312 
721 0 0.631348 0.0118408 0.0289001 0.0243988 
716 0 0.716309 0.785645 0.026947 0.0333252 
701 0 0.992188 0.683105 0.015625 0.0375061 
694 0 0.231201 0.46875 0.0218811 0.0294342 
675 0 0.98291 0.0194397 0.0281219 0.0340576 
674 0 0.936035 0.207275 0.0375061 0.0518188 
661 0 0.176025 0.862305 0.0328979 0.0390625 
635 0 0.637695 0.417725 0.0379028 0.0479126 
615 0 0.578125 0.14978 0.0281219 0.0363159 
604 0 0.602539 0.209351 0.0296936 0.0437622 
534 0 0.508789 0.0302277 0.0265656 0.0356445 
464 0 0.714844 0.130981 0.0304718 0.0388794 
459 0 0.541504 0.986328 0.0320435 0.0270844 
444 0 0.860352 0.4104 0.0296936 0.0375061 
288 0 0.355713 0.0697632 0.0292969 0.0352173 
247 0 0.260742 0.43335 0.0296936 0.0380249 
176 0 0.476562 0.0531311 0.0277405 0.0395508 
55 0 0.0132828 0.989746 0.0264587 0.0208282 
54 0 0.989258 0.4104 0.0226593 0.046875 
51 0 0.0421753 0.985352 0.0345764 0.0291595 
50 0 0.510742 0.608398 0.0332031 0.046875 
49 0 0.458984 0.450928 0.0351562 0.0458374 
46 0 0.487549 0.86377 0.0308533 0.0395813 
43 0 0.569336 0.102112 0.0308533 0.0375061 
42 0 0.288574 0.211426 0.0335999 0.039856 
41 0 0.227905 0.387451 0.0292969 0.0416565 
34 0 0.582031 0.120911 0.0328064 0.0379028 
32 0 0.222412 0.172974 0.0292969 0.0333252 
30 0 0.915039 0.98877 0.03125 0.0244751 
27 0 0.235962 0.571777 0.03125 0.044281 
26 0 0.129639 0.196655 0.0343628 0.0472717 
23 0 0.626465 0.240601 0.0324097 0.0395813 
22 0 0.26709 0.250244 0.0343628 0.0414124 
21 0 0.0843506 0.803223 0.0314331 0.0395813 
19 0 0.0875244 0.963379 0.0307617 0.0395813 
18 0 0.82666 0.432373 0.0343628 0.0395813 
17 0 0.191406 0.84668 0.0332031 0.0411377 
14 0 0.833008 0.754395 0.03125 0.0426941 
8 0 0.824219 0.989746 0.0265656 0.0208282 
7 0 0.709473 0.630371 0.03125 0.0395813 
6 0 0.833008 0.87207 0.0273438 0.0354309 
5 0 0.851562 0.235474 0.0406189 0.0464783 
2 0 0.237549 0.857422 0.03125 0.0437622 
1 0 0.630371 0.617188 0.0296936 0.0395813 
