704 0 0.563477 0.162231 0.0265656 0.033844 
701 0 0.992188 0.683105 0.0124969 0.0416565 
694 0 0.242188 0.450928 0.0249939 0.03125 
693 0 0.628906 0.803223 0.0328064 0.0395813 
675 0 0.987305 0.0114899 0.0257874 0.0230865 
674 0 0.936035 0.20874 0.039856 0.0515747 
671 0 0.942383 0.364014 0.0335999 0.0414124 
661 0 0.141357 0.942871 0.0270538 0.0380249 
635 0 0.635742 0.418457 0.0367126 0.0463562 
615 0 0.578125 0.14917 0.0285187 0.0357361 
604 0 0.602539 0.210449 0.0296936 0.0415344 
562 0 0.890625 0.598633 0.0328064 0.0395813 
534 0 0.505371 0.0248871 0.0265656 0.0361023 
464 0 0.726562 0.107422 0.0339966 0.0393982 
459 0 0.541992 0.986328 0.03125 0.0270844 
444 0 0.85791 0.408447 0.03125 0.0416565 
288 0 0.356201 0.0646362 0.0289001 0.0371399 
247 0 0.260254 0.436523 0.0296936 0.0354309 
238 0 0.717285 0.783203 0.0281219 0.033844 
176 0 0.481201 0.0500183 0.0281219 0.0376892 
55 0 0.0132828 0.990723 0.0265656 0.0187531 
54 0 0.989746 0.413086 0.0187531 0.0528564 
51 0 0.0409241 0.986816 0.0333252 0.0260468 
50 0 0.519531 0.604004 0.0328064 0.0426941 
49 0 0.460205 0.441162 0.0363159 0.0489502 
46 0 0.487549 0.86377 0.03125 0.0385437 
43 0 0.568848 0.102112 0.03125 0.0375671 
42 0 0.304443 0.223267 0.0316467 0.0387878 
41 0 0.235107 0.378418 0.0296936 0.0406189 
34 0 0.583008 0.120728 0.0320435 0.0386047 
32 0 0.236694 0.176025 0.0296936 0.0321655 
30 0 0.928711 0.966797 0.0328064 0.0375061 
29 0 0.00469208 0.811523 0.00952148 0.0354309 
27 0 0.235107 0.57373 0.0296936 0.0421753 
26 0 0.130493 0.197876 0.0326233 0.0416565 
23 0 0.62793 0.239624 0.03125 0.0380249 
22 0 0.268799 0.242676 0.0335999 0.0397034 
21 0 0.0842896 0.804199 0.0300751 0.0375061 
20 0 0.487549 0.759277 0.0386658 0.0437622 
19 0 0.0889893 0.962402 0.0299835 0.0375061 
18 0 0.82666 0.43335 0.0343628 0.0411377 
17 0 0.191406 0.846191 0.0328064 0.0406189 
14 0 0.838867 0.75293 0.0343628 0.0489502 
8 0 0.823242 0.98877 0.0281219 0.0229187 
7 0 0.709473 0.630371 0.03125 0.0395813 
6 0 0.833496 0.87207 0.0265656 0.0395813 
5 0 0.851562 0.235107 0.0429688 0.0496216 
3 0 0.756348 0.1073 0.03125 0.0395813 
2 0 0.236694 0.858398 0.0296936 0.0416565 
1 0 0.631348 0.61377 0.0304718 0.0395813 
704 0 0.563477 0.162231 0.0265656 0.033844 
701 0 0.992188 0.683105 0.0124969 0.0416565 
694 0 0.242188 0.450928 0.0249939 0.03125 
693 0 0.628906 0.803223 0.0328064 0.0395813 
675 0 0.987305 0.0114899 0.0257874 0.0230865 
674 0 0.936035 0.20874 0.039856 0.0515747 
671 0 0.942383 0.364014 0.0335999 0.0414124 
661 0 0.141357 0.942871 0.0270538 0.0380249 
635 0 0.635742 0.418457 0.0367126 0.0463562 
615 0 0.578125 0.14917 0.0285187 0.0357361 
604 0 0.602539 0.210449 0.0296936 0.0415344 
562 0 0.890625 0.598633 0.0328064 0.0395813 
534 0 0.505371 0.0248871 0.0265656 0.0361023 
464 0 0.726562 0.107422 0.0339966 0.0393982 
459 0 0.541992 0.986328 0.03125 0.0270844 
444 0 0.85791 0.408447 0.03125 0.0416565 
288 0 0.356201 0.0646362 0.0289001 0.0371399 
247 0 0.260254 0.436523 0.0296936 0.0354309 
238 0 0.717285 0.783203 0.0281219 0.033844 
176 0 0.481201 0.0500183 0.0281219 0.0376892 
55 0 0.0132828 0.990723 0.0265656 0.0187531 
54 0 0.989746 0.413086 0.0187531 0.0528564 
51 0 0.0409241 0.986816 0.0333252 0.0260468 
50 0 0.519531 0.604004 0.0328064 0.0426941 
49 0 0.460205 0.441162 0.0363159 0.0489502 
46 0 0.487549 0.86377 0.03125 0.0385437 
43 0 0.568848 0.102112 0.03125 0.0375671 
42 0 0.304443 0.223267 0.0316467 0.0387878 
41 0 0.235107 0.378418 0.0296936 0.0406189 
34 0 0.583008 0.120728 0.0320435 0.0386047 
32 0 0.236694 0.176025 0.0296936 0.0321655 
30 0 0.928711 0.966797 0.0328064 0.0375061 
29 0 0.00469208 0.811523 0.00952148 0.0354309 
27 0 0.235107 0.57373 0.0296936 0.0421753 
26 0 0.130493 0.197876 0.0326233 0.0416565 
23 0 0.62793 0.239624 0.03125 0.0380249 
22 0 0.268799 0.242676 0.0335999 0.0397034 
21 0 0.0842896 0.804199 0.0300751 0.0375061 
20 0 0.487549 0.759277 0.0386658 0.0437622 
19 0 0.0889893 0.962402 0.0299835 0.0375061 
18 0 0.82666 0.43335 0.0343628 0.0411377 
17 0 0.191406 0.846191 0.0328064 0.0406189 
14 0 0.838867 0.75293 0.0343628 0.0489502 
8 0 0.823242 0.98877 0.0281219 0.0229187 
7 0 0.709473 0.630371 0.03125 0.0395813 
6 0 0.833496 0.87207 0.0265656 0.0395813 
5 0 0.851562 0.235107 0.0429688 0.0496216 
3 0 0.756348 0.1073 0.03125 0.0395813 
2 0 0.236694 0.858398 0.0296936 0.0416565 
1 0 0.631348 0.61377 0.0304718 0.0395813 
