191 0 0.0436401 0.36499 0.0343628 0.04245 
184 0 0.00679779 0.394775 0.0170441 0.0403748 
178 0 0.503906 0.0114899 0.0316467 0.0226593 
172 0 0.991211 0.679199 0.014061 0.0458374 
150 0 0.985352 0.86377 0.0265656 0.0380249 
142 0 0.637695 0.419189 0.0347595 0.0455627 
122 0 0.666504 0.150513 0.0335999 0.0380249 
121 0 0.743164 0.756348 0.0273438 0.0364685 
119 0 0.630371 0.805176 0.0359497 0.0432434 
87 0 0.246704 0.472412 0.0281219 0.0335999 
76 0 0.810059 0.82373 0.0328064 0.0395813 
56 0 0.563477 0.159546 0.0265656 0.0343628 
55 0 0.0124664 0.990723 0.024704 0.0187531 
54 0 0.993652 0.408447 0.0117188 0.0497437 
51 0 0.0406189 0.983398 0.03125 0.0291595 
50 0 0.588379 0.49585 0.0332031 0.0411377 
49 0 0.497314 0.391602 0.0320435 0.0375061 
47 0 0.218994 0.318848 0.0308533 0.0380249 
46 0 0.486816 0.865723 0.0296936 0.0395813 
45 0 0.570312 0.892578 0.0304718 0.0343628 
44 0 0.578125 0.151123 0.0304718 0.0346375 
43 0 0.568848 0.102722 0.0281219 0.0361328 
42 0 0.217163 0.169312 0.026947 0.0357971 
41 0 0.311035 0.311279 0.0275421 0.0380249 
40 0 0.541504 0.985352 0.0324097 0.0291595 
39 0 0.763672 0.611328 0.03125 0.0390625 
35 0 0.0129776 0.252197 0.0261993 0.0420532 
34 0 0.584473 0.122925 0.03125 0.0414124 
32 0 0.294189 0.106262 0.0285187 0.0368347 
31 0 0.248779 0.52002 0.0290985 0.0364685 
30 0 0.988281 0.789551 0.0234375 0.0375061 
29 0 0.0268097 0.736328 0.0284424 0.0401001 
27 0 0.240601 0.571777 0.0277405 0.0395813 
26 0 0.132446 0.196899 0.03302 0.0440063 
24 0 0.269531 0.419189 0.0298767 0.0372314 
23 0 0.61084 0.0565796 0.0281219 0.0403442 
22 0 0.283203 0.217407 0.0322266 0.039978 
21 0 0.0828247 0.805176 0.0281219 0.0354309 
20 0 0.510742 0.729004 0.0418091 0.049469 
19 0 0.0888672 0.963379 0.0306702 0.0385437 
18 0 0.828125 0.43335 0.0343628 0.0411377 
17 0 0.191528 0.844727 0.0322266 0.0395813 
16 0 0.346436 0.360107 0.0310516 0.0380249 
14 0 0.853027 0.749023 0.0343628 0.0437622 
13 0 0.868652 0.409424 0.03125 0.0395813 
12 0 0.936035 0.209351 0.0406189 0.0561218 
8 0 0.836914 0.964355 0.0296936 0.0375061 
7 0 0.708496 0.637695 0.0292969 0.0369873 
6 0 0.847656 0.838379 0.0265656 0.0354309 
5 0 0.853027 0.228149 0.046875 0.0561218 
4 0 0.603027 0.213501 0.03125 0.0432434 
3 0 0.770996 0.0701904 0.0296936 0.0361328 
2 0 0.242188 0.856445 0.0304718 0.0416565 
1 0 0.646973 0.561523 0.03125 0.0411377 
