210 0 0.882812 0.867676 0.0320435 0.0406189 
208 0 0.308105 0.343018 0.0209045 0.0276031 
206 0 0.992188 0.679199 0.0132828 0.046875 
201 0 0.0207062 0.361816 0.0335388 0.044281 
192 0 0.696289 0.626465 0.03125 0.0375061 
176 0 0.500977 0.0125046 0.0335999 0.0250854 
140 0 0.63623 0.420898 0.0359497 0.0505066 
120 0 0.604004 0.0230255 0.0308533 0.040802 
119 0 0.743164 0.756348 0.0261688 0.0343628 
117 0 0.629883 0.804199 0.0367126 0.0416565 
85 0 0.126221 0.351074 0.0304718 0.0387878 
56 0 0.563965 0.162231 0.0277405 0.0345154 
55 0 0.0124969 0.990723 0.0252228 0.0187531 
54 0 0.993652 0.4104 0.0124969 0.0492249 
51 0 0.040863 0.984375 0.0322266 0.03125 
50 0 0.584961 0.500977 0.0320435 0.0395813 
49 0 0.494629 0.393799 0.0328064 0.0416565 
47 0 0.266357 0.360352 0.0316467 0.0403748 
46 0 0.486816 0.865723 0.0300751 0.0385437 
45 0 0.566406 0.901855 0.0292969 0.0333252 
44 0 0.577148 0.150024 0.0308533 0.0375061 
43 0 0.567871 0.103149 0.0304718 0.038208 
42 0 0.220337 0.172974 0.0285187 0.0375061 
41 0 0.306396 0.313477 0.0273438 0.0354309 
40 0 0.541504 0.985352 0.0328064 0.0291595 
39 0 0.765137 0.563477 0.0335999 0.0401001 
35 0 0.0116959 0.258301 0.023407 0.0438843 
34 0 0.584961 0.122253 0.0320435 0.0413513 
32 0 0.28833 0.111572 0.0292969 0.0371704 
31 0 0.221436 0.480713 0.03302 0.0387878 
30 0 0.989746 0.79248 0.0203094 0.0348816 
29 0 0.0226135 0.72998 0.0324097 0.0432434 
27 0 0.235962 0.57373 0.0308533 0.0432434 
26 0 0.13208 0.196533 0.0319214 0.04245 
24 0 0.26709 0.420898 0.03125 0.039856 
23 0 0.667969 0.154175 0.0347595 0.0406189 
22 0 0.282715 0.217285 0.0332031 0.0408936 
21 0 0.0836182 0.806152 0.0295868 0.0375061 
20 0 0.509277 0.72998 0.0414124 0.0515747 
19 0 0.0888672 0.964355 0.0309143 0.0375061 
18 0 0.828125 0.433838 0.0343628 0.0408936 
17 0 0.191406 0.844727 0.0328064 0.0395813 
16 0 0.313232 0.397461 0.0298767 0.0393372 
14 0 0.851562 0.749023 0.0343628 0.0447998 
13 0 0.868652 0.408447 0.03125 0.0416565 
12 0 0.936035 0.210449 0.0414124 0.0585938 
8 0 0.835938 0.967773 0.0281219 0.0359497 
7 0 0.709473 0.635254 0.0316467 0.0375061 
6 0 0.84668 0.842773 0.0304718 0.0364685 
5 0 0.853027 0.229126 0.0445251 0.053772 
4 0 0.601562 0.211182 0.0343628 0.0484314 
3 0 0.772461 0.0718994 0.0328064 0.0396729 
2 0 0.242188 0.857422 0.03125 0.0432434 
1 0 0.646973 0.567871 0.0308533 0.0406189 
210 0 0.882812 0.867676 0.0320435 0.0406189 
208 0 0.308105 0.343018 0.0209045 0.0276031 
206 0 0.992188 0.679199 0.0132828 0.046875 
201 0 0.0207062 0.361816 0.0335388 0.044281 
192 0 0.696289 0.626465 0.03125 0.0375061 
176 0 0.500977 0.0125046 0.0335999 0.0250854 
140 0 0.63623 0.420898 0.0359497 0.0505066 
120 0 0.604004 0.0230255 0.0308533 0.040802 
119 0 0.743164 0.756348 0.0261688 0.0343628 
117 0 0.629883 0.804199 0.0367126 0.0416565 
85 0 0.126221 0.351074 0.0304718 0.0387878 
56 0 0.563965 0.162231 0.0277405 0.0345154 
55 0 0.0124969 0.990723 0.0252228 0.0187531 
54 0 0.993652 0.4104 0.0124969 0.0492249 
51 0 0.040863 0.984375 0.0322266 0.03125 
50 0 0.584961 0.500977 0.0320435 0.0395813 
49 0 0.494629 0.393799 0.0328064 0.0416565 
47 0 0.266357 0.360352 0.0316467 0.0403748 
46 0 0.486816 0.865723 0.0300751 0.0385437 
45 0 0.566406 0.901855 0.0292969 0.0333252 
44 0 0.577148 0.150024 0.0308533 0.0375061 
43 0 0.567871 0.103149 0.0304718 0.038208 
42 0 0.220337 0.172974 0.0285187 0.0375061 
41 0 0.306396 0.313477 0.0273438 0.0354309 
40 0 0.541504 0.985352 0.0328064 0.0291595 
39 0 0.765137 0.563477 0.0335999 0.0401001 
35 0 0.0116959 0.258301 0.023407 0.0438843 
34 0 0.584961 0.122253 0.0320435 0.0413513 
32 0 0.28833 0.111572 0.0292969 0.0371704 
31 0 0.221436 0.480713 0.03302 0.0387878 
30 0 0.989746 0.79248 0.0203094 0.0348816 
29 0 0.0226135 0.72998 0.0324097 0.0432434 
27 0 0.235962 0.57373 0.0308533 0.0432434 
26 0 0.13208 0.196533 0.0319214 0.04245 
24 0 0.26709 0.420898 0.03125 0.039856 
23 0 0.667969 0.154175 0.0347595 0.0406189 
22 0 0.282715 0.217285 0.0332031 0.0408936 
21 0 0.0836182 0.806152 0.0295868 0.0375061 
20 0 0.509277 0.72998 0.0414124 0.0515747 
19 0 0.0888672 0.964355 0.0309143 0.0375061 
18 0 0.828125 0.433838 0.0343628 0.0408936 
17 0 0.191406 0.844727 0.0328064 0.0395813 
16 0 0.313232 0.397461 0.0298767 0.0393372 
14 0 0.851562 0.749023 0.0343628 0.0447998 
13 0 0.868652 0.408447 0.03125 0.0416565 
12 0 0.936035 0.210449 0.0414124 0.0585938 
8 0 0.835938 0.967773 0.0281219 0.0359497 
7 0 0.709473 0.635254 0.0316467 0.0375061 
6 0 0.84668 0.842773 0.0304718 0.0364685 
5 0 0.853027 0.229126 0.0445251 0.053772 
4 0 0.601562 0.211182 0.0343628 0.0484314 
3 0 0.772461 0.0718994 0.0328064 0.0396729 
2 0 0.242188 0.857422 0.03125 0.0432434 
1 0 0.646973 0.567871 0.0308533 0.0406189 
