783 0 0.970215 0.869629 0.0234375 0.03125 
776 0 0.20874 0.751953 0.0315552 0.0447998 
775 0 0.62793 0.802246 0.0343628 0.0416565 
773 0 0.561523 0.160034 0.0285187 0.0385437 
772 0 0.192627 0.856445 0.0375977 0.049469 
760 0 0.973633 0.0341492 0.0296936 0.0419312 
752 0 0.408691 0.217041 0.0359497 0.0445251 
744 0 0.307861 0.195801 0.0281219 0.0329285 
735 0 0.797852 0.317139 0.0316467 0.038269 
725 0 0.714844 0.935547 0.0300751 0.0385437 
684 0 0.73584 0.148926 0.03125 0.0388794 
681 0 0.624023 0.015625 0.0296936 0.0312805 
677 0 0.714844 0.787598 0.0285187 0.0333252 
662 0 0.992188 0.682129 0.0124969 0.0354309 
655 0 0.224243 0.482178 0.0261688 0.03125 
639 0 0.935059 0.206299 0.0359497 0.0458374 
584 0 0.577637 0.14856 0.0296936 0.0366516 
569 0 0.601562 0.209351 0.0308533 0.0444031 
506 0 0.506836 0.0312347 0.0257874 0.0336914 
435 0 0.705566 0.154175 0.0328064 0.0420532 
416 0 0.86084 0.409424 0.03125 0.0390625 
281 0 0.353027 0.0708618 0.0281219 0.0326538 
245 0 0.260986 0.432373 0.0281219 0.0390625 
178 0 0.474121 0.0541687 0.0257874 0.0375061 
122 0 0.625 0.240601 0.03125 0.0395813 
55 0 0.0148544 0.98877 0.0297546 0.0218811 
54 0 0.989746 0.413574 0.0203094 0.0473938 
51 0 0.0416565 0.984375 0.0363159 0.03125 
50 0 0.496094 0.614746 0.0320435 0.0447998 
49 0 0.45459 0.466553 0.0343628 0.0411377 
46 0 0.487549 0.862305 0.03125 0.0416565 
45 0 0.541504 0.985352 0.0328064 0.0291595 
43 0 0.570312 0.102112 0.0281219 0.0333252 
42 0 0.220337 0.222168 0.0302734 0.035675 
41 0 0.217163 0.4021 0.0310516 0.0429688 
34 0 0.584473 0.119812 0.03125 0.0391235 
32 0 0.208374 0.188599 0.029007 0.0345154 
27 0 0.234985 0.566895 0.0351562 0.0499878 
26 0 0.129639 0.196533 0.033783 0.04245 
22 0 0.260254 0.265625 0.035553 0.0436096 
21 0 0.0836182 0.802246 0.0326233 0.0416565 
19 0 0.105652 0.983398 0.030365 0.0333252 
18 0 0.82666 0.431152 0.03125 0.0375061 
14 0 0.838379 0.776855 0.0359497 0.0453186 
8 0 0.823242 0.987305 0.0273438 0.0249939 
7 0 0.708496 0.630371 0.0328064 0.0426941 
6 0 0.831055 0.870605 0.0281219 0.0364685 
5 0 0.851562 0.2323 0.0437622 0.0477905 
2 0 0.236694 0.856445 0.0324097 0.0447998 
1 0 0.630371 0.615723 0.0296936 0.0395813 
