799 0 0.483643 0.76123 0.0390625 0.0432434 
793 0 0.978027 0.0240021 0.0281219 0.0358276 
791 0 0.408691 0.217651 0.0359497 0.0445251 
784 0 0.307861 0.194824 0.0251923 0.0313721 
775 0 0.778809 0.193604 0.0300751 0.0377502 
765 0 0.772949 0.874023 0.0296936 0.0380249 
758 1 0.0087738 0.819336 0.0207977 0.0395813 
724 0 0.743652 0.133423 0.0300751 0.0375671 
721 0 0.628906 0.0135422 0.0296936 0.0271149 
716 0 0.71582 0.787598 0.0249939 0.0333252 
701 0 0.992188 0.68457 0.015625 0.0354309 
694 0 0.228882 0.475098 0.0234375 0.0291595 
674 0 0.936523 0.208374 0.0390625 0.053894 
635 0 0.637695 0.420898 0.0367126 0.0463562 
615 0 0.578125 0.148926 0.0281219 0.0354309 
604 0 0.600586 0.210449 0.0296936 0.0416565 
534 0 0.508789 0.0323181 0.0265656 0.0353699 
464 0 0.711914 0.142212 0.0316467 0.042511 
459 0 0.541504 0.985352 0.0328064 0.0276031 
444 0 0.861816 0.4104 0.0296936 0.0375061 
288 0 0.35498 0.0697632 0.028717 0.0354309 
247 0 0.260986 0.43335 0.0281219 0.0375061 
176 0 0.476562 0.0531616 0.0281219 0.0395203 
55 0 0.0132828 0.989746 0.0266113 0.0203094 
54 0 0.989258 0.41333 0.0218811 0.0463562 
51 0 0.0429688 0.98584 0.033783 0.0281219 
50 0 0.506836 0.610352 0.0328064 0.046875 
49 0 0.457031 0.459473 0.0328064 0.0437622 
46 0 0.487549 0.862305 0.03125 0.0416565 
43 0 0.571289 0.102112 0.0296936 0.0340576 
42 0 0.273438 0.197754 0.0324097 0.04245 
41 0 0.224976 0.391602 0.0285187 0.0416565 
34 0 0.583008 0.121887 0.0335999 0.0395813 
32 0 0.21521 0.177124 0.0302734 0.0334778 
30 0 0.90918 0.990723 0.03125 0.0187531 
27 0 0.236084 0.568848 0.0304718 0.0447998 
26 0 0.129639 0.196655 0.0343628 0.0462341 
23 0 0.625977 0.240601 0.0328064 0.039856 
22 0 0.26709 0.256348 0.0343628 0.0457153 
21 0 0.0843506 0.803223 0.0311584 0.0395813 
19 0 0.086731 0.961426 0.0351562 0.0437622 
18 0 0.82666 0.431152 0.03125 0.0377502 
14 0 0.842285 0.767578 0.0335999 0.0401001 
8 0 0.823242 0.98877 0.0281219 0.0229187 
7 0 0.708496 0.631348 0.0328064 0.0411377 
6 0 0.832031 0.869629 0.0296936 0.0395813 
5 0 0.851562 0.235107 0.0406189 0.0496216 
2 0 0.237549 0.856445 0.03125 0.0447998 
1 0 0.630371 0.615723 0.0296936 0.0395813 
799 0 0.483643 0.76123 0.0390625 0.0432434 
793 0 0.978027 0.0240021 0.0281219 0.0358276 
791 0 0.408691 0.217651 0.0359497 0.0445251 
784 0 0.307861 0.194824 0.0251923 0.0313721 
775 0 0.778809 0.193604 0.0300751 0.0377502 
765 0 0.772949 0.874023 0.0296936 0.0380249 
758 1 0.0087738 0.819336 0.0207977 0.0395813 
724 0 0.743652 0.133423 0.0300751 0.0375671 
721 0 0.628906 0.0135422 0.0296936 0.0271149 
716 0 0.71582 0.787598 0.0249939 0.0333252 
701 0 0.992188 0.68457 0.015625 0.0354309 
694 0 0.228882 0.475098 0.0234375 0.0291595 
674 0 0.936523 0.208374 0.0390625 0.053894 
635 0 0.637695 0.420898 0.0367126 0.0463562 
615 0 0.578125 0.148926 0.0281219 0.0354309 
604 0 0.600586 0.210449 0.0296936 0.0416565 
534 0 0.508789 0.0323181 0.0265656 0.0353699 
464 0 0.711914 0.142212 0.0316467 0.042511 
459 0 0.541504 0.985352 0.0328064 0.0276031 
444 0 0.861816 0.4104 0.0296936 0.0375061 
288 0 0.35498 0.0697632 0.028717 0.0354309 
247 0 0.260986 0.43335 0.0281219 0.0375061 
176 0 0.476562 0.0531616 0.0281219 0.0395203 
55 0 0.0132828 0.989746 0.0266113 0.0203094 
54 0 0.989258 0.41333 0.0218811 0.0463562 
51 0 0.0429688 0.98584 0.033783 0.0281219 
50 0 0.506836 0.610352 0.0328064 0.046875 
49 0 0.457031 0.459473 0.0328064 0.0437622 
46 0 0.487549 0.862305 0.03125 0.0416565 
43 0 0.571289 0.102112 0.0296936 0.0340576 
42 0 0.273438 0.197754 0.0324097 0.04245 
41 0 0.224976 0.391602 0.0285187 0.0416565 
34 0 0.583008 0.121887 0.0335999 0.0395813 
32 0 0.21521 0.177124 0.0302734 0.0334778 
30 0 0.90918 0.990723 0.03125 0.0187531 
27 0 0.236084 0.568848 0.0304718 0.0447998 
26 0 0.129639 0.196655 0.0343628 0.0462341 
23 0 0.625977 0.240601 0.0328064 0.039856 
22 0 0.26709 0.256348 0.0343628 0.0457153 
21 0 0.0843506 0.803223 0.0311584 0.0395813 
19 0 0.086731 0.961426 0.0351562 0.0437622 
18 0 0.82666 0.431152 0.03125 0.0377502 
14 0 0.842285 0.767578 0.0335999 0.0401001 
8 0 0.823242 0.98877 0.0281219 0.0229187 
7 0 0.708496 0.631348 0.0328064 0.0411377 
6 0 0.832031 0.869629 0.0296936 0.0395813 
5 0 0.851562 0.235107 0.0406189 0.0496216 
2 0 0.237549 0.856445 0.03125 0.0447998 
1 0 0.630371 0.615723 0.0296936 0.0395813 
