152 0 0.307861 0.342773 0.0218811 0.0270844 
149 0 0.984375 0.868652 0.0257874 0.0333252 
140 0 0.637207 0.420654 0.0335999 0.0473938 
120 0 0.628906 0.131958 0.0285187 0.035675 
119 0 0.743164 0.749023 0.0265656 0.0322876 
117 0 0.62793 0.803223 0.0363159 0.0432434 
85 0 0.388184 0.543457 0.0326233 0.0403748 
76 0 0.709961 0.786621 0.0316467 0.0390625 
56 0 0.562988 0.1604 0.0273438 0.0332031 
55 0 0.0135651 0.990723 0.0255585 0.0187531 
54 0 0.993652 0.40918 0.0124969 0.0499878 
51 0 0.041687 0.984375 0.0284729 0.0270844 
50 0 0.588379 0.492188 0.0328064 0.0403748 
49 0 0.499268 0.390137 0.0296936 0.038269 
47 0 0.179932 0.261963 0.0328064 0.0402222 
46 0 0.486816 0.865723 0.0292969 0.0395813 
45 0 0.574219 0.885254 0.0320435 0.0328064 
44 0 0.578125 0.151001 0.0281219 0.03125 
43 0 0.567383 0.102112 0.03125 0.0375671 
42 0 0.213135 0.158813 0.0276337 0.0395813 
41 0 0.3125 0.309814 0.0275421 0.038269 
40 0 0.541504 0.985352 0.0328064 0.0291595 
39 0 0.779297 0.688477 0.0328064 0.0390625 
38 0 0.00794983 0.581055 0.0201263 0.0406189 
37 0 0.975098 0.842773 0.0273438 0.0354309 
35 0 0.0164032 0.240601 0.0323792 0.0438843 
34 0 0.584473 0.121887 0.03125 0.0396423 
32 0 0.299316 0.105896 0.0308533 0.0390625 
31 0 0.259277 0.575684 0.0302734 0.0406189 
30 0 0.987305 0.785645 0.0242157 0.0364685 
29 0 0.0281219 0.729004 0.0312042 0.0416565 
27 0 0.237915 0.577148 0.028717 0.0411377 
26 0 0.132812 0.195801 0.0338745 0.0455627 
25 0 0.647461 0.455811 0.0289001 0.038269 
24 0 0.271973 0.414551 0.0310516 0.0375061 
23 0 0.666504 0.137085 0.0351562 0.0405579 
22 0 0.282715 0.216675 0.0339966 0.0416565 
21 0 0.0828247 0.805176 0.0281219 0.0354309 
20 0 0.512695 0.725098 0.0394592 0.0458374 
19 0 0.0893555 0.963379 0.0292969 0.0395813 
18 0 0.828125 0.434082 0.0320435 0.0401001 
17 0 0.192139 0.844727 0.03125 0.0385437 
16 0 0.36377 0.290039 0.028717 0.0367126 
14 0 0.854004 0.749023 0.0328064 0.0416565 
13 0 0.869629 0.408447 0.0296936 0.0416565 
12 0 0.935059 0.209106 0.0406189 0.0548096 
8 0 0.836914 0.964355 0.0296936 0.0380249 
7 0 0.708496 0.635254 0.0296936 0.0380249 
6 0 0.848633 0.838379 0.0273438 0.0354309 
5 0 0.852539 0.228149 0.0453186 0.0562439 
4 0 0.601562 0.212524 0.03125 0.0411377 
3 0 0.772461 0.0696411 0.0289001 0.0350952 
2 0 0.241943 0.85498 0.0300751 0.0395813 
1 0 0.646973 0.5625 0.0277405 0.0375061 
152 0 0.307861 0.342773 0.0218811 0.0270844 
149 0 0.984375 0.868652 0.0257874 0.0333252 
140 0 0.637207 0.420654 0.0335999 0.0473938 
120 0 0.628906 0.131958 0.0285187 0.035675 
119 0 0.743164 0.749023 0.0265656 0.0322876 
117 0 0.62793 0.803223 0.0363159 0.0432434 
85 0 0.388184 0.543457 0.0326233 0.0403748 
76 0 0.709961 0.786621 0.0316467 0.0390625 
56 0 0.562988 0.1604 0.0273438 0.0332031 
55 0 0.0135651 0.990723 0.0255585 0.0187531 
54 0 0.993652 0.40918 0.0124969 0.0499878 
51 0 0.041687 0.984375 0.0284729 0.0270844 
50 0 0.588379 0.492188 0.0328064 0.0403748 
49 0 0.499268 0.390137 0.0296936 0.038269 
47 0 0.179932 0.261963 0.0328064 0.0402222 
46 0 0.486816 0.865723 0.0292969 0.0395813 
45 0 0.574219 0.885254 0.0320435 0.0328064 
44 0 0.578125 0.151001 0.0281219 0.03125 
43 0 0.567383 0.102112 0.03125 0.0375671 
42 0 0.213135 0.158813 0.0276337 0.0395813 
41 0 0.3125 0.309814 0.0275421 0.038269 
40 0 0.541504 0.985352 0.0328064 0.0291595 
39 0 0.779297 0.688477 0.0328064 0.0390625 
38 0 0.00794983 0.581055 0.0201263 0.0406189 
37 0 0.975098 0.842773 0.0273438 0.0354309 
35 0 0.0164032 0.240601 0.0323792 0.0438843 
34 0 0.584473 0.121887 0.03125 0.0396423 
32 0 0.299316 0.105896 0.0308533 0.0390625 
31 0 0.259277 0.575684 0.0302734 0.0406189 
30 0 0.987305 0.785645 0.0242157 0.0364685 
29 0 0.0281219 0.729004 0.0312042 0.0416565 
27 0 0.237915 0.577148 0.028717 0.0411377 
26 0 0.132812 0.195801 0.0338745 0.0455627 
25 0 0.647461 0.455811 0.0289001 0.038269 
24 0 0.271973 0.414551 0.0310516 0.0375061 
23 0 0.666504 0.137085 0.0351562 0.0405579 
22 0 0.282715 0.216675 0.0339966 0.0416565 
21 0 0.0828247 0.805176 0.0281219 0.0354309 
20 0 0.512695 0.725098 0.0394592 0.0458374 
19 0 0.0893555 0.963379 0.0292969 0.0395813 
18 0 0.828125 0.434082 0.0320435 0.0401001 
17 0 0.192139 0.844727 0.03125 0.0385437 
16 0 0.36377 0.290039 0.028717 0.0367126 
14 0 0.854004 0.749023 0.0328064 0.0416565 
13 0 0.869629 0.408447 0.0296936 0.0416565 
12 0 0.935059 0.209106 0.0406189 0.0548096 
8 0 0.836914 0.964355 0.0296936 0.0380249 
7 0 0.708496 0.635254 0.0296936 0.0380249 
6 0 0.848633 0.838379 0.0273438 0.0354309 
5 0 0.852539 0.228149 0.0453186 0.0562439 
4 0 0.601562 0.212524 0.03125 0.0411377 
3 0 0.772461 0.0696411 0.0289001 0.0350952 
2 0 0.241943 0.85498 0.0300751 0.0395813 
1 0 0.646973 0.5625 0.0277405 0.0375061 
152 0 0.307861 0.342773 0.0218811 0.0270844 
149 0 0.984375 0.868652 0.0257874 0.0333252 
140 0 0.637207 0.420654 0.0335999 0.0473938 
120 0 0.628906 0.131958 0.0285187 0.035675 
119 0 0.743164 0.749023 0.0265656 0.0322876 
117 0 0.62793 0.803223 0.0363159 0.0432434 
85 0 0.388184 0.543457 0.0326233 0.0403748 
76 0 0.709961 0.786621 0.0316467 0.0390625 
56 0 0.562988 0.1604 0.0273438 0.0332031 
55 0 0.0135651 0.990723 0.0255585 0.0187531 
54 0 0.993652 0.40918 0.0124969 0.0499878 
51 0 0.041687 0.984375 0.0284729 0.0270844 
50 0 0.588379 0.492188 0.0328064 0.0403748 
49 0 0.499268 0.390137 0.0296936 0.038269 
47 0 0.179932 0.261963 0.0328064 0.0402222 
46 0 0.486816 0.865723 0.0292969 0.0395813 
45 0 0.574219 0.885254 0.0320435 0.0328064 
44 0 0.578125 0.151001 0.0281219 0.03125 
43 0 0.567383 0.102112 0.03125 0.0375671 
42 0 0.213135 0.158813 0.0276337 0.0395813 
41 0 0.3125 0.309814 0.0275421 0.038269 
40 0 0.541504 0.985352 0.0328064 0.0291595 
39 0 0.779297 0.688477 0.0328064 0.0390625 
38 0 0.00794983 0.581055 0.0201263 0.0406189 
37 0 0.975098 0.842773 0.0273438 0.0354309 
35 0 0.0164032 0.240601 0.0323792 0.0438843 
34 0 0.584473 0.121887 0.03125 0.0396423 
32 0 0.299316 0.105896 0.0308533 0.0390625 
31 0 0.259277 0.575684 0.0302734 0.0406189 
30 0 0.987305 0.785645 0.0242157 0.0364685 
29 0 0.0281219 0.729004 0.0312042 0.0416565 
27 0 0.237915 0.577148 0.028717 0.0411377 
26 0 0.132812 0.195801 0.0338745 0.0455627 
25 0 0.647461 0.455811 0.0289001 0.038269 
24 0 0.271973 0.414551 0.0310516 0.0375061 
23 0 0.666504 0.137085 0.0351562 0.0405579 
22 0 0.282715 0.216675 0.0339966 0.0416565 
21 0 0.0828247 0.805176 0.0281219 0.0354309 
20 0 0.512695 0.725098 0.0394592 0.0458374 
19 0 0.0893555 0.963379 0.0292969 0.0395813 
18 0 0.828125 0.434082 0.0320435 0.0401001 
17 0 0.192139 0.844727 0.03125 0.0385437 
16 0 0.36377 0.290039 0.028717 0.0367126 
14 0 0.854004 0.749023 0.0328064 0.0416565 
13 0 0.869629 0.408447 0.0296936 0.0416565 
12 0 0.935059 0.209106 0.0406189 0.0548096 
8 0 0.836914 0.964355 0.0296936 0.0380249 
7 0 0.708496 0.635254 0.0296936 0.0380249 
6 0 0.848633 0.838379 0.0273438 0.0354309 
5 0 0.852539 0.228149 0.0453186 0.0562439 
4 0 0.601562 0.212524 0.03125 0.0411377 
3 0 0.772461 0.0696411 0.0289001 0.0350952 
2 0 0.241943 0.85498 0.0300751 0.0395813 
1 0 0.646973 0.5625 0.0277405 0.0375061 
152 0 0.307861 0.342773 0.0218811 0.0270844 
149 0 0.984375 0.868652 0.0257874 0.0333252 
140 0 0.637207 0.420654 0.0335999 0.0473938 
120 0 0.628906 0.131958 0.0285187 0.035675 
119 0 0.743164 0.749023 0.0265656 0.0322876 
117 0 0.62793 0.803223 0.0363159 0.0432434 
85 0 0.388184 0.543457 0.0326233 0.0403748 
76 0 0.709961 0.786621 0.0316467 0.0390625 
56 0 0.562988 0.1604 0.0273438 0.0332031 
55 0 0.0135651 0.990723 0.0255585 0.0187531 
54 0 0.993652 0.40918 0.0124969 0.0499878 
51 0 0.041687 0.984375 0.0284729 0.0270844 
50 0 0.588379 0.492188 0.0328064 0.0403748 
49 0 0.499268 0.390137 0.0296936 0.038269 
47 0 0.179932 0.261963 0.0328064 0.0402222 
46 0 0.486816 0.865723 0.0292969 0.0395813 
45 0 0.574219 0.885254 0.0320435 0.0328064 
44 0 0.578125 0.151001 0.0281219 0.03125 
43 0 0.567383 0.102112 0.03125 0.0375671 
42 0 0.213135 0.158813 0.0276337 0.0395813 
41 0 0.3125 0.309814 0.0275421 0.038269 
40 0 0.541504 0.985352 0.0328064 0.0291595 
39 0 0.779297 0.688477 0.0328064 0.0390625 
38 0 0.00794983 0.581055 0.0201263 0.0406189 
37 0 0.975098 0.842773 0.0273438 0.0354309 
35 0 0.0164032 0.240601 0.0323792 0.0438843 
34 0 0.584473 0.121887 0.03125 0.0396423 
32 0 0.299316 0.105896 0.0308533 0.0390625 
31 0 0.259277 0.575684 0.0302734 0.0406189 
30 0 0.987305 0.785645 0.0242157 0.0364685 
29 0 0.0281219 0.729004 0.0312042 0.0416565 
27 0 0.237915 0.577148 0.028717 0.0411377 
26 0 0.132812 0.195801 0.0338745 0.0455627 
25 0 0.647461 0.455811 0.0289001 0.038269 
24 0 0.271973 0.414551 0.0310516 0.0375061 
23 0 0.666504 0.137085 0.0351562 0.0405579 
22 0 0.282715 0.216675 0.0339966 0.0416565 
21 0 0.0828247 0.805176 0.0281219 0.0354309 
20 0 0.512695 0.725098 0.0394592 0.0458374 
19 0 0.0893555 0.963379 0.0292969 0.0395813 
18 0 0.828125 0.434082 0.0320435 0.0401001 
17 0 0.192139 0.844727 0.03125 0.0385437 
16 0 0.36377 0.290039 0.028717 0.0367126 
14 0 0.854004 0.749023 0.0328064 0.0416565 
13 0 0.869629 0.408447 0.0296936 0.0416565 
12 0 0.935059 0.209106 0.0406189 0.0548096 
8 0 0.836914 0.964355 0.0296936 0.0380249 
7 0 0.708496 0.635254 0.0296936 0.0380249 
6 0 0.848633 0.838379 0.0273438 0.0354309 
5 0 0.852539 0.228149 0.0453186 0.0562439 
4 0 0.601562 0.212524 0.03125 0.0411377 
3 0 0.772461 0.0696411 0.0289001 0.0350952 
2 0 0.241943 0.85498 0.0300751 0.0395813 
1 0 0.646973 0.5625 0.0277405 0.0375061 
