235 0 0.976562 0.860352 0.0273438 0.0333252 
232 0 0.990723 0.680176 0.015625 0.0484314 
226 0 0.314941 0.399414 0.0302734 0.0364685 
223 0 0.737305 0.711426 0.0308533 0.0411377 
221 0 0.039032 0.373291 0.034729 0.0426941 
210 0 0.956055 0.955078 0.0304718 0.0369873 
208 0 0.307861 0.34375 0.0214844 0.0286407 
178 0 0.497559 0.0145721 0.0320435 0.0284271 
142 0 0.636719 0.420898 0.0359497 0.0499878 
122 0 0.665527 0.161743 0.035553 0.040741 
119 0 0.629883 0.804199 0.0343628 0.0421753 
87 0 0.0259247 0.247681 0.0282745 0.0365906 
55 0 0.0125122 0.990723 0.0249939 0.0187531 
54 0 0.993652 0.409424 0.0117188 0.0479126 
51 0 0.0406189 0.984375 0.03125 0.0270844 
50 0 0.583496 0.505371 0.0339966 0.0395813 
49 0 0.49292 0.398926 0.0328064 0.039856 
46 0 0.487061 0.865723 0.0304718 0.0354309 
45 0 0.561523 0.913574 0.0296936 0.0343628 
44 0 0.578125 0.151123 0.03125 0.0351562 
43 0 0.567871 0.103149 0.0328064 0.0396423 
42 0 0.219482 0.181763 0.0267639 0.0386658 
41 0 0.300781 0.31665 0.0294952 0.0375061 
40 0 0.541992 0.985352 0.0335999 0.0291595 
39 0 0.768555 0.502441 0.0332031 0.044281 
35 0 0.00988007 0.272705 0.0194244 0.039978 
34 0 0.584961 0.121887 0.0328064 0.0400391 
32 0 0.279053 0.117432 0.0289001 0.0367737 
31 0 0.193115 0.400146 0.0295868 0.033844 
30 0 0.988281 0.805176 0.0234375 0.0364685 
29 0 0.0210876 0.73877 0.0297394 0.0426941 
27 0 0.234375 0.578125 0.0285187 0.0416565 
26 0 0.133545 0.194824 0.0327148 0.0432434 
24 0 0.26709 0.43042 0.0308533 0.0364685 
23 0 0.563477 0.00920105 0.0300751 0.0196381 
22 0 0.282715 0.218628 0.033783 0.0411377 
21 0 0.0836182 0.806152 0.0295868 0.0369873 
20 0 0.507812 0.72998 0.0406189 0.0520935 
19 0 0.088501 0.964355 0.0301208 0.0375061 
18 0 0.829102 0.434326 0.0328064 0.0411377 
17 0 0.192749 0.844727 0.0317383 0.0385437 
16 0 0.283936 0.415527 0.0302734 0.0364685 
14 0 0.851562 0.75 0.0343628 0.0458374 
13 0 0.868164 0.408936 0.0328064 0.04245 
12 0 0.936035 0.210205 0.0406189 0.0575562 
8 0 0.835938 0.969727 0.0281219 0.0369873 
7 0 0.708008 0.633301 0.03125 0.0385437 
6 0 0.845215 0.844727 0.0281219 0.0354309 
5 0 0.854004 0.229126 0.0453186 0.0541687 
4 0 0.602539 0.212769 0.0324097 0.0401001 
3 0 0.773438 0.0739746 0.03125 0.0397034 
2 0 0.241455 0.855957 0.0296936 0.0385437 
1 0 0.635254 0.570801 0.0300751 0.0411377 
