714 0 0.408691 0.215576 0.0359497 0.0520935 
710 0 0.628418 0.802246 0.0351562 0.0375061 
684 0 0.732422 0.0838623 0.0281219 0.0372314 
681 0 0.633789 0.0104141 0.0304718 0.0207672 
677 0 0.71582 0.785645 0.026947 0.0333252 
662 0 0.992188 0.683105 0.0148468 0.0375061 
655 0 0.232788 0.465332 0.0222626 0.0291595 
640 0 0.98291 0.0177765 0.0273438 0.031189 
626 0 0.134399 0.892578 0.034668 0.0453186 
602 0 0.636719 0.417725 0.0390625 0.0481873 
584 0 0.579102 0.150269 0.0285187 0.0353394 
569 0 0.602539 0.210449 0.0296936 0.0416565 
506 0 0.507812 0.0281372 0.0249939 0.0353699 
435 0 0.717773 0.127808 0.0296936 0.037384 
416 0 0.860352 0.4104 0.0296936 0.0375061 
281 0 0.356201 0.067688 0.0281219 0.0354614 
245 0 0.261719 0.43335 0.0292969 0.0372314 
178 0 0.478027 0.0507202 0.0281219 0.0365906 
122 0 0.627441 0.240601 0.0328064 0.0395813 
55 0 0.0132904 0.989746 0.026535 0.0208282 
54 0 0.990723 0.410889 0.0187531 0.053894 
51 0 0.0428772 0.986328 0.0336914 0.0276031 
50 0 0.512695 0.60498 0.0304718 0.0437622 
49 0 0.458984 0.446777 0.0367126 0.0481873 
46 0 0.488281 0.86377 0.0296936 0.0395813 
45 0 0.541992 0.986328 0.0316467 0.0270844 
43 0 0.569336 0.102112 0.0292969 0.0333252 
42 0 0.29541 0.217651 0.033783 0.0390625 
41 0 0.228882 0.386475 0.0298767 0.0401001 
34 0 0.584473 0.122192 0.0308533 0.0363159 
32 0 0.226562 0.171875 0.03125 0.0354309 
30 0 0.918945 0.984375 0.0320435 0.03125 
27 0 0.235962 0.570801 0.0306702 0.044281 
26 0 0.129639 0.196899 0.0343628 0.0440063 
22 0 0.26709 0.246948 0.0343628 0.039856 
21 0 0.0842896 0.803711 0.0339355 0.0406189 
19 0 0.0882568 0.962402 0.0328979 0.0416565 
18 0 0.827148 0.434082 0.0328064 0.0401001 
17 0 0.190063 0.848145 0.0356445 0.0453186 
14 0 0.838867 0.75293 0.0335999 0.0463562 
8 0 0.823242 0.98877 0.0281219 0.0229187 
7 0 0.709961 0.631348 0.0328064 0.0416565 
6 0 0.833008 0.87207 0.0249939 0.0354309 
5 0 0.851562 0.23584 0.0406189 0.0479126 
3 0 0.751465 0.114563 0.0300751 0.0372925 
2 0 0.238281 0.856445 0.0322266 0.0458374 
1 0 0.630371 0.615723 0.0300751 0.0395813 
