783 0 0.971191 0.868652 0.0234375 0.0317688 
776 0 0.2146 0.753418 0.0315552 0.0458374 
775 0 0.62793 0.802246 0.0343628 0.0416565 
773 0 0.562988 0.159302 0.0281219 0.0385437 
772 0 0.193115 0.85498 0.0368042 0.049469 
760 0 0.973633 0.0337219 0.0289001 0.0409241 
752 0 0.408691 0.217651 0.0359497 0.044281 
744 0 0.307861 0.19519 0.0279236 0.0325623 
735 0 0.795898 0.319824 0.0316467 0.0387878 
725 0 0.714355 0.94043 0.0304718 0.0401001 
684 0 0.73584 0.147949 0.0308533 0.0380859 
681 0 0.624023 0.015625 0.0296936 0.0312805 
677 0 0.71582 0.787598 0.0292969 0.0333252 
662 0 0.992188 0.682129 0.0132828 0.0348816 
655 0 0.224243 0.482178 0.025589 0.03125 
639 0 0.93457 0.206299 0.0367126 0.0458374 
584 0 0.578613 0.147949 0.0296936 0.0369263 
569 0 0.601562 0.208618 0.03125 0.0449219 
506 0 0.506836 0.0312805 0.0253906 0.0340576 
435 0 0.705566 0.153931 0.0335999 0.0423279 
416 0 0.86084 0.409424 0.03125 0.038269 
281 0 0.353027 0.071167 0.0281219 0.0320129 
245 0 0.260986 0.432373 0.0281219 0.038269 
178 0 0.475098 0.0541687 0.0257874 0.0375061 
122 0 0.625 0.240601 0.03125 0.0395813 
55 0 0.0148544 0.98877 0.0297089 0.021347 
54 0 0.990723 0.413574 0.0195312 0.046875 
51 0 0.0421448 0.984375 0.0359497 0.03125 
50 0 0.496826 0.61377 0.03125 0.044281 
49 0 0.45459 0.466064 0.0339966 0.0408936 
46 0 0.487549 0.862305 0.03125 0.0416565 
45 0 0.541504 0.985352 0.0328064 0.0291595 
43 0 0.570312 0.102112 0.0281219 0.0333252 
42 0 0.224243 0.222046 0.0302734 0.0359497 
41 0 0.217163 0.4021 0.0306702 0.044281 
34 0 0.584473 0.11969 0.0320435 0.0387268 
32 0 0.207764 0.188232 0.0288086 0.0337219 
27 0 0.235107 0.566895 0.0349731 0.0499878 
26 0 0.128906 0.195801 0.0333862 0.0421753 
22 0 0.260986 0.265869 0.0353394 0.0434875 
21 0 0.0836182 0.802246 0.0323792 0.0406189 
19 0 0.105774 0.983398 0.0304718 0.0333252 
18 0 0.82666 0.431152 0.03125 0.0375061 
14 0 0.838379 0.776855 0.0359497 0.0458374 
8 0 0.823242 0.987305 0.0281219 0.0249939 
7 0 0.708496 0.630371 0.0328064 0.0426941 
6 0 0.831055 0.870605 0.0281219 0.0359497 
5 0 0.851562 0.2323 0.0437622 0.0477905 
2 0 0.236694 0.856445 0.0318298 0.044281 
1 0 0.630371 0.615723 0.0296936 0.0395813 
