744 0 0.307861 0.195557 0.0248108 0.0329285 
735 0 0.783691 0.171997 0.0300751 0.038269 
725 0 0.8125 0.858398 0.0289001 0.0385437 
724 0 0.563965 0.159546 0.0257874 0.0351562 
718 1 0.0150146 0.84668 0.0315857 0.0426941 
684 0 0.743652 0.130371 0.0281219 0.0361328 
681 0 0.628906 0.0135727 0.0296936 0.0269928 
677 0 0.716309 0.788574 0.0257874 0.0322876 
662 0 0.991211 0.682129 0.014061 0.0354309 
655 0 0.230469 0.475098 0.0234375 0.0302124 
639 0 0.936035 0.207275 0.0375061 0.0522156 
626 0 0.18103 0.845703 0.0342712 0.0432434 
602 0 0.638184 0.420898 0.0367126 0.046875 
584 0 0.578125 0.149048 0.0281219 0.0365295 
569 0 0.601562 0.210449 0.0304718 0.0419312 
506 0 0.508789 0.03125 0.0265656 0.0375061 
435 0 0.712402 0.138428 0.03125 0.0426331 
416 0 0.86084 0.409424 0.0296936 0.035675 
281 0 0.355469 0.0697021 0.028717 0.0350647 
245 0 0.260986 0.43335 0.0285187 0.0387878 
178 0 0.476562 0.0531311 0.0273438 0.0395813 
122 0 0.625977 0.240601 0.0335999 0.0395813 
55 0 0.0140762 0.989746 0.0281525 0.0208282 
54 0 0.989746 0.413574 0.0203094 0.0450439 
51 0 0.042572 0.986328 0.0347595 0.0276031 
50 0 0.507812 0.609375 0.0335999 0.0479126 
49 0 0.457764 0.45752 0.0343628 0.0453186 
46 0 0.487549 0.861328 0.03125 0.0395813 
45 0 0.541504 0.986328 0.0320435 0.0270844 
43 0 0.571289 0.102844 0.0296936 0.0350952 
42 0 0.279785 0.201294 0.0314331 0.0401001 
41 0 0.22583 0.391357 0.0302734 0.0416565 
34 0 0.583008 0.12085 0.0328064 0.0375061 
32 0 0.217163 0.175049 0.0304718 0.0334778 
30 0 0.911133 0.990723 0.0289001 0.0187531 
27 0 0.236694 0.568848 0.0306702 0.0458374 
26 0 0.129639 0.197021 0.0353394 0.0466003 
22 0 0.266602 0.25415 0.0335999 0.0444031 
21 0 0.0841675 0.803223 0.0334473 0.0437622 
19 0 0.086731 0.961426 0.0359802 0.0458374 
18 0 0.82666 0.431885 0.0320435 0.0377502 
14 0 0.827148 0.759277 0.0328064 0.0426941 
8 0 0.823242 0.98877 0.0273438 0.0229187 
7 0 0.709473 0.630371 0.03125 0.0395813 
6 0 0.833008 0.870605 0.0281219 0.0364685 
5 0 0.851562 0.235474 0.0414124 0.0499878 
2 0 0.237549 0.856445 0.03125 0.0458374 
1 0 0.630371 0.616699 0.0296936 0.0416565 
