786 0 0.637695 0.414551 0.0379028 0.0499878 
783 0 0.969727 0.870605 0.0234375 0.0328064 
776 0 0.200439 0.732422 0.0305634 0.0421753 
773 0 0.561035 0.161499 0.0281219 0.0365906 
772 0 0.192871 0.85498 0.0365295 0.0479126 
760 0 0.974121 0.0377502 0.0281219 0.0383911 
752 0 0.407715 0.217285 0.0343628 0.0447998 
744 0 0.307861 0.197632 0.0281219 0.0345154 
735 0 0.789062 0.35791 0.0281219 0.0372314 
725 0 0.708496 0.958496 0.0300751 0.0406189 
684 0 0.734375 0.150024 0.03125 0.0376282 
681 0 0.623535 0.015625 0.03125 0.0312805 
677 0 0.71582 0.787598 0.0281219 0.0333252 
662 0 0.993164 0.682129 0.014061 0.0354309 
655 0 0.222656 0.484375 0.0244141 0.0325623 
639 0 0.936035 0.206299 0.0367126 0.0499878 
584 0 0.578125 0.147949 0.0281219 0.0341187 
569 0 0.601562 0.20874 0.0308533 0.0445251 
506 0 0.506836 0.0324097 0.0253906 0.032196 
435 0 0.70459 0.155151 0.0332031 0.0432434 
416 0 0.86084 0.409424 0.0289001 0.0354309 
281 0 0.352295 0.0722656 0.0267639 0.0319519 
245 0 0.260498 0.432373 0.0271454 0.0390625 
178 0 0.47583 0.0544128 0.0265656 0.0380554 
122 0 0.625 0.240601 0.03125 0.0395813 
55 0 0.0148468 0.98877 0.0297394 0.0229187 
54 0 0.989258 0.414307 0.0195312 0.0479126 
51 0 0.0421448 0.984375 0.037384 0.03125 
50 0 0.493652 0.615234 0.03125 0.0416565 
49 0 0.453857 0.469238 0.0359497 0.0403748 
46 0 0.486816 0.861328 0.0320435 0.0406189 
45 0 0.541504 0.985352 0.0328064 0.0291595 
43 0 0.570312 0.102112 0.0281219 0.0333252 
42 0 0.213867 0.228394 0.0307617 0.0371094 
41 0 0.216797 0.403809 0.0279236 0.0421753 
34 0 0.584473 0.120728 0.0320435 0.0384827 
32 0 0.208252 0.190308 0.028717 0.0352783 
27 0 0.235107 0.566895 0.0328064 0.0505066 
26 0 0.129639 0.196655 0.0341797 0.0428467 
22 0 0.259277 0.266602 0.0345764 0.0416565 
21 0 0.0836182 0.802246 0.0326233 0.0411377 
19 0 0.105469 0.984375 0.029541 0.03125 
18 0 0.82666 0.431152 0.0304718 0.0375061 
14 0 0.836914 0.779297 0.0359497 0.0458374 
8 0 0.824219 0.98877 0.0265656 0.0229187 
7 0 0.708496 0.629395 0.0328064 0.0416565 
6 0 0.832031 0.870605 0.0296936 0.0385437 
5 0 0.851562 0.232178 0.0437622 0.0507812 
2 0 0.235962 0.856445 0.03125 0.0453186 
1 0 0.630371 0.615723 0.0296936 0.0395813 
