125 0 0.795898 0.01548 0.0332031 0.0260773 
120 0 0.649414 0.141846 0.0273438 0.0341187 
119 0 0.743164 0.748047 0.0296936 0.0364685 
117 0 0.614746 0.829102 0.0343628 0.044281 
115 0 0.819336 0.637695 0.0234375 0.0302124 
85 0 0.539062 0.556152 0.0316467 0.0411377 
76 0 0.631348 0.803223 0.0386658 0.0463562 
56 0 0.5625 0.1604 0.0273438 0.0333252 
55 0 0.0140762 0.990723 0.0250244 0.0187531 
54 0 0.994629 0.407227 0.0109406 0.0479126 
53 0 0.00389099 0.095459 0.00775909 0.0426331 
51 0 0.0427246 0.983398 0.0288391 0.0286407 
50 0 0.585938 0.488525 0.0343628 0.0408936 
49 0 0.500488 0.389648 0.0304718 0.0367126 
47 0 0.12439 0.308105 0.0283203 0.0416565 
46 0 0.486816 0.865723 0.0296936 0.0395813 
45 0 0.583008 0.880371 0.03125 0.0348816 
44 0 0.578125 0.151001 0.0281219 0.0324097 
43 0 0.567383 0.101013 0.03125 0.0395813 
42 0 0.201538 0.144531 0.0271454 0.0387878 
41 0 0.313232 0.307373 0.0267639 0.0395813 
40 0 0.541504 0.985352 0.0328064 0.0276031 
39 0 0.764648 0.73877 0.0292969 0.0369873 
38 0 0.0253601 0.45874 0.032135 0.0419312 
37 0 0.96582 0.773438 0.0328064 0.0395813 
35 0 0.015625 0.234497 0.03125 0.0437622 
34 0 0.584473 0.121887 0.03125 0.0395813 
32 0 0.303467 0.102722 0.028717 0.0380859 
31 0 0.304199 0.619629 0.0332031 0.0447998 
30 0 0.988281 0.776855 0.0234375 0.0375061 
29 0 0.0281219 0.729004 0.0314331 0.0432434 
27 0 0.238647 0.578125 0.0290985 0.0437622 
26 0 0.132812 0.195679 0.0328064 0.0445251 
25 0 0.640625 0.390625 0.0296936 0.038269 
24 0 0.272217 0.413574 0.0302734 0.0395813 
23 0 0.667969 0.134155 0.0304718 0.0353394 
22 0 0.282715 0.217041 0.0339966 0.0401001 
21 0 0.0828247 0.805176 0.0282745 0.0354309 
20 0 0.511719 0.723145 0.0414124 0.046875 
19 0 0.0890503 0.963379 0.0302277 0.0390625 
18 0 0.828125 0.43335 0.0343628 0.0421753 
17 0 0.192017 0.844238 0.0301819 0.0364685 
16 0 0.35498 0.207764 0.0306702 0.0350342 
15 0 0.0444946 0.361572 0.0329895 0.0395813 
14 0 0.854004 0.749023 0.0328064 0.0437622 
13 0 0.868652 0.408447 0.03125 0.0416565 
12 0 0.935059 0.209351 0.0390625 0.0520935 
9 0 0.638184 0.421875 0.0304718 0.0406189 
8 0 0.836914 0.964355 0.0296936 0.0380249 
7 0 0.707031 0.638672 0.0296936 0.0395813 
6 0 0.84668 0.838379 0.0281219 0.0354309 
5 0 0.853027 0.228149 0.0460815 0.0558472 
4 0 0.601562 0.211792 0.0308533 0.0426941 
3 0 0.772461 0.0697632 0.0296936 0.0361328 
2 0 0.242798 0.854004 0.0300751 0.0406189 
1 0 0.646973 0.5625 0.0281219 0.0364685 
125 0 0.795898 0.01548 0.0332031 0.0260773 
120 0 0.649414 0.141846 0.0273438 0.0341187 
119 0 0.743164 0.748047 0.0296936 0.0364685 
117 0 0.614746 0.829102 0.0343628 0.044281 
115 0 0.819336 0.637695 0.0234375 0.0302124 
85 0 0.539062 0.556152 0.0316467 0.0411377 
76 0 0.631348 0.803223 0.0386658 0.0463562 
56 0 0.5625 0.1604 0.0273438 0.0333252 
55 0 0.0140762 0.990723 0.0250244 0.0187531 
54 0 0.994629 0.407227 0.0109406 0.0479126 
53 0 0.00389099 0.095459 0.00775909 0.0426331 
51 0 0.0427246 0.983398 0.0288391 0.0286407 
50 0 0.585938 0.488525 0.0343628 0.0408936 
49 0 0.500488 0.389648 0.0304718 0.0367126 
47 0 0.12439 0.308105 0.0283203 0.0416565 
46 0 0.486816 0.865723 0.0296936 0.0395813 
45 0 0.583008 0.880371 0.03125 0.0348816 
44 0 0.578125 0.151001 0.0281219 0.0324097 
43 0 0.567383 0.101013 0.03125 0.0395813 
42 0 0.201538 0.144531 0.0271454 0.0387878 
41 0 0.313232 0.307373 0.0267639 0.0395813 
40 0 0.541504 0.985352 0.0328064 0.0276031 
39 0 0.764648 0.73877 0.0292969 0.0369873 
38 0 0.0253601 0.45874 0.032135 0.0419312 
37 0 0.96582 0.773438 0.0328064 0.0395813 
35 0 0.015625 0.234497 0.03125 0.0437622 
34 0 0.584473 0.121887 0.03125 0.0395813 
32 0 0.303467 0.102722 0.028717 0.0380859 
31 0 0.304199 0.619629 0.0332031 0.0447998 
30 0 0.988281 0.776855 0.0234375 0.0375061 
29 0 0.0281219 0.729004 0.0314331 0.0432434 
27 0 0.238647 0.578125 0.0290985 0.0437622 
26 0 0.132812 0.195679 0.0328064 0.0445251 
25 0 0.640625 0.390625 0.0296936 0.038269 
24 0 0.272217 0.413574 0.0302734 0.0395813 
23 0 0.667969 0.134155 0.0304718 0.0353394 
22 0 0.282715 0.217041 0.0339966 0.0401001 
21 0 0.0828247 0.805176 0.0282745 0.0354309 
20 0 0.511719 0.723145 0.0414124 0.046875 
19 0 0.0890503 0.963379 0.0302277 0.0390625 
18 0 0.828125 0.43335 0.0343628 0.0421753 
17 0 0.192017 0.844238 0.0301819 0.0364685 
16 0 0.35498 0.207764 0.0306702 0.0350342 
15 0 0.0444946 0.361572 0.0329895 0.0395813 
14 0 0.854004 0.749023 0.0328064 0.0437622 
13 0 0.868652 0.408447 0.03125 0.0416565 
12 0 0.935059 0.209351 0.0390625 0.0520935 
9 0 0.638184 0.421875 0.0304718 0.0406189 
8 0 0.836914 0.964355 0.0296936 0.0380249 
7 0 0.707031 0.638672 0.0296936 0.0395813 
6 0 0.84668 0.838379 0.0281219 0.0354309 
5 0 0.853027 0.228149 0.0460815 0.0558472 
4 0 0.601562 0.211792 0.0308533 0.0426941 
3 0 0.772461 0.0697632 0.0296936 0.0361328 
2 0 0.242798 0.854004 0.0300751 0.0406189 
1 0 0.646973 0.5625 0.0281219 0.0364685 
125 0 0.795898 0.01548 0.0332031 0.0260773 
120 0 0.649414 0.141846 0.0273438 0.0341187 
119 0 0.743164 0.748047 0.0296936 0.0364685 
117 0 0.614746 0.829102 0.0343628 0.044281 
115 0 0.819336 0.637695 0.0234375 0.0302124 
85 0 0.539062 0.556152 0.0316467 0.0411377 
76 0 0.631348 0.803223 0.0386658 0.0463562 
56 0 0.5625 0.1604 0.0273438 0.0333252 
55 0 0.0140762 0.990723 0.0250244 0.0187531 
54 0 0.994629 0.407227 0.0109406 0.0479126 
53 0 0.00389099 0.095459 0.00775909 0.0426331 
51 0 0.0427246 0.983398 0.0288391 0.0286407 
50 0 0.585938 0.488525 0.0343628 0.0408936 
49 0 0.500488 0.389648 0.0304718 0.0367126 
47 0 0.12439 0.308105 0.0283203 0.0416565 
46 0 0.486816 0.865723 0.0296936 0.0395813 
45 0 0.583008 0.880371 0.03125 0.0348816 
44 0 0.578125 0.151001 0.0281219 0.0324097 
43 0 0.567383 0.101013 0.03125 0.0395813 
42 0 0.201538 0.144531 0.0271454 0.0387878 
41 0 0.313232 0.307373 0.0267639 0.0395813 
40 0 0.541504 0.985352 0.0328064 0.0276031 
39 0 0.764648 0.73877 0.0292969 0.0369873 
38 0 0.0253601 0.45874 0.032135 0.0419312 
37 0 0.96582 0.773438 0.0328064 0.0395813 
35 0 0.015625 0.234497 0.03125 0.0437622 
34 0 0.584473 0.121887 0.03125 0.0395813 
32 0 0.303467 0.102722 0.028717 0.0380859 
31 0 0.304199 0.619629 0.0332031 0.0447998 
30 0 0.988281 0.776855 0.0234375 0.0375061 
29 0 0.0281219 0.729004 0.0314331 0.0432434 
27 0 0.238647 0.578125 0.0290985 0.0437622 
26 0 0.132812 0.195679 0.0328064 0.0445251 
25 0 0.640625 0.390625 0.0296936 0.038269 
24 0 0.272217 0.413574 0.0302734 0.0395813 
23 0 0.667969 0.134155 0.0304718 0.0353394 
22 0 0.282715 0.217041 0.0339966 0.0401001 
21 0 0.0828247 0.805176 0.0282745 0.0354309 
20 0 0.511719 0.723145 0.0414124 0.046875 
19 0 0.0890503 0.963379 0.0302277 0.0390625 
18 0 0.828125 0.43335 0.0343628 0.0421753 
17 0 0.192017 0.844238 0.0301819 0.0364685 
16 0 0.35498 0.207764 0.0306702 0.0350342 
15 0 0.0444946 0.361572 0.0329895 0.0395813 
14 0 0.854004 0.749023 0.0328064 0.0437622 
13 0 0.868652 0.408447 0.03125 0.0416565 
12 0 0.935059 0.209351 0.0390625 0.0520935 
9 0 0.638184 0.421875 0.0304718 0.0406189 
8 0 0.836914 0.964355 0.0296936 0.0380249 
7 0 0.707031 0.638672 0.0296936 0.0395813 
6 0 0.84668 0.838379 0.0281219 0.0354309 
5 0 0.853027 0.228149 0.0460815 0.0558472 
4 0 0.601562 0.211792 0.0308533 0.0426941 
3 0 0.772461 0.0697632 0.0296936 0.0361328 
2 0 0.242798 0.854004 0.0300751 0.0406189 
1 0 0.646973 0.5625 0.0281219 0.0364685 
125 0 0.795898 0.01548 0.0332031 0.0260773 
120 0 0.649414 0.141846 0.0273438 0.0341187 
119 0 0.743164 0.748047 0.0296936 0.0364685 
117 0 0.614746 0.829102 0.0343628 0.044281 
115 0 0.819336 0.637695 0.0234375 0.0302124 
85 0 0.539062 0.556152 0.0316467 0.0411377 
76 0 0.631348 0.803223 0.0386658 0.0463562 
56 0 0.5625 0.1604 0.0273438 0.0333252 
55 0 0.0140762 0.990723 0.0250244 0.0187531 
54 0 0.994629 0.407227 0.0109406 0.0479126 
53 0 0.00389099 0.095459 0.00775909 0.0426331 
51 0 0.0427246 0.983398 0.0288391 0.0286407 
50 0 0.585938 0.488525 0.0343628 0.0408936 
49 0 0.500488 0.389648 0.0304718 0.0367126 
47 0 0.12439 0.308105 0.0283203 0.0416565 
46 0 0.486816 0.865723 0.0296936 0.0395813 
45 0 0.583008 0.880371 0.03125 0.0348816 
44 0 0.578125 0.151001 0.0281219 0.0324097 
43 0 0.567383 0.101013 0.03125 0.0395813 
42 0 0.201538 0.144531 0.0271454 0.0387878 
41 0 0.313232 0.307373 0.0267639 0.0395813 
40 0 0.541504 0.985352 0.0328064 0.0276031 
39 0 0.764648 0.73877 0.0292969 0.0369873 
38 0 0.0253601 0.45874 0.032135 0.0419312 
37 0 0.96582 0.773438 0.0328064 0.0395813 
35 0 0.015625 0.234497 0.03125 0.0437622 
34 0 0.584473 0.121887 0.03125 0.0395813 
32 0 0.303467 0.102722 0.028717 0.0380859 
31 0 0.304199 0.619629 0.0332031 0.0447998 
30 0 0.988281 0.776855 0.0234375 0.0375061 
29 0 0.0281219 0.729004 0.0314331 0.0432434 
27 0 0.238647 0.578125 0.0290985 0.0437622 
26 0 0.132812 0.195679 0.0328064 0.0445251 
25 0 0.640625 0.390625 0.0296936 0.038269 
24 0 0.272217 0.413574 0.0302734 0.0395813 
23 0 0.667969 0.134155 0.0304718 0.0353394 
22 0 0.282715 0.217041 0.0339966 0.0401001 
21 0 0.0828247 0.805176 0.0282745 0.0354309 
20 0 0.511719 0.723145 0.0414124 0.046875 
19 0 0.0890503 0.963379 0.0302277 0.0390625 
18 0 0.828125 0.43335 0.0343628 0.0421753 
17 0 0.192017 0.844238 0.0301819 0.0364685 
16 0 0.35498 0.207764 0.0306702 0.0350342 
15 0 0.0444946 0.361572 0.0329895 0.0395813 
14 0 0.854004 0.749023 0.0328064 0.0437622 
13 0 0.868652 0.408447 0.03125 0.0416565 
12 0 0.935059 0.209351 0.0390625 0.0520935 
9 0 0.638184 0.421875 0.0304718 0.0406189 
8 0 0.836914 0.964355 0.0296936 0.0380249 
7 0 0.707031 0.638672 0.0296936 0.0395813 
6 0 0.84668 0.838379 0.0281219 0.0354309 
5 0 0.853027 0.228149 0.0460815 0.0558472 
4 0 0.601562 0.211792 0.0308533 0.0426941 
3 0 0.772461 0.0697632 0.0296936 0.0361328 
2 0 0.242798 0.854004 0.0300751 0.0406189 
1 0 0.646973 0.5625 0.0281219 0.0364685 
