776 0 0.192505 0.806152 0.028717 0.0406189 
775 0 0.62793 0.802246 0.0343628 0.0416565 
773 0 0.563477 0.1604 0.0265656 0.0335999 
772 0 0.190796 0.84668 0.0351562 0.0432434 
760 0 0.975098 0.030304 0.0249939 0.035553 
752 0 0.408691 0.217407 0.035553 0.044281 
744 0 0.308594 0.194824 0.026947 0.0315247 
735 0 0.780273 0.258057 0.0281219 0.0384216 
725 0 0.752441 0.90918 0.0308533 0.0375061 
684 0 0.742188 0.139771 0.0292969 0.0354919 
681 0 0.627441 0.0156708 0.0296936 0.0310059 
677 0 0.716309 0.787598 0.026947 0.0333252 
662 0 0.993164 0.683105 0.014061 0.0343628 
655 0 0.226196 0.479248 0.0232391 0.0291595 
639 0 0.93457 0.206299 0.0375061 0.0503845 
602 0 0.637207 0.419678 0.0375061 0.0471497 
584 0 0.578125 0.148926 0.0281219 0.0353394 
569 0 0.602539 0.209717 0.0296936 0.0414124 
506 0 0.507812 0.03125 0.0249939 0.0332642 
435 0 0.709473 0.146606 0.0324097 0.0423279 
416 0 0.861816 0.4104 0.0296936 0.0367126 
281 0 0.354736 0.0704346 0.0253906 0.0305634 
245 0 0.260986 0.434326 0.0281219 0.0354309 
178 0 0.47583 0.0532532 0.0265656 0.0390625 
122 0 0.625 0.240601 0.03125 0.0395813 
55 0 0.0140839 0.989746 0.0279236 0.0208282 
54 0 0.989258 0.414551 0.0218811 0.0458374 
51 0 0.0429688 0.985352 0.0357666 0.0291595 
50 0 0.50293 0.611328 0.0335999 0.0479126 
49 0 0.456299 0.462402 0.0332031 0.0416565 
46 0 0.487549 0.861328 0.03125 0.0395813 
45 0 0.541992 0.986328 0.0320435 0.0270844 
43 0 0.570312 0.102112 0.0281219 0.0334778 
42 0 0.253174 0.201904 0.0318298 0.0380249 
41 0 0.221924 0.396973 0.0304718 0.0437622 
34 0 0.583496 0.12085 0.0328064 0.0375671 
32 0 0.21167 0.18335 0.0296936 0.0332031 
27 0 0.235962 0.568848 0.03125 0.0458374 
26 0 0.129639 0.196777 0.0343628 0.0447998 
22 0 0.264404 0.261475 0.0345764 0.0446472 
21 0 0.0836182 0.803711 0.0328064 0.0406189 
19 0 0.0946045 0.964355 0.0361328 0.0447998 
18 0 0.82666 0.431152 0.0320435 0.0375061 
14 0 0.842773 0.772949 0.0343628 0.0432434 
8 0 0.824219 0.987305 0.0265656 0.0249939 
7 0 0.708496 0.630371 0.0328064 0.0426941 
6 0 0.831055 0.869629 0.0304718 0.0395813 
5 0 0.851562 0.234863 0.0406189 0.0475159 
2 0 0.237061 0.857422 0.03302 0.044281 
1 0 0.630371 0.615723 0.0292969 0.0395813 
