127 0 0.782715 0.0161438 0.0332031 0.0332031 
122 0 0.666992 0.134399 0.0328064 0.0387878 
121 0 0.743164 0.748047 0.0304718 0.0359497 
119 0 0.629883 0.802246 0.0359497 0.0411377 
117 0 0.818848 0.637695 0.0226593 0.0291595 
87 0 0.51709 0.5625 0.0316467 0.0390625 
76 0 0.645996 0.833008 0.0332031 0.0416565 
56 0 0.5625 0.1604 0.0281219 0.0333252 
55 0 0.014061 0.990723 0.0249939 0.0187531 
54 0 0.993652 0.408447 0.0117188 0.0497437 
53 0 0.00389671 0.0969238 0.00774384 0.0429688 
51 0 0.0425415 0.984375 0.0281219 0.0270844 
50 0 0.584961 0.488525 0.0339966 0.039856 
49 0 0.5 0.388428 0.03125 0.0361938 
47 0 0.134521 0.313477 0.0296936 0.0377502 
46 0 0.486816 0.865723 0.0296936 0.0395813 
45 0 0.582031 0.87793 0.0300751 0.0343628 
44 0 0.578125 0.150146 0.0281219 0.0325623 
43 0 0.567383 0.101318 0.03125 0.039978 
42 0 0.207275 0.139526 0.0285187 0.0377502 
41 0 0.312744 0.307373 0.0273438 0.0395813 
40 0 0.541504 0.985352 0.0328064 0.0276031 
39 0 0.764648 0.720215 0.0285187 0.0395813 
38 0 0.0337524 0.495605 0.0303497 0.0416565 
37 0 0.95459 0.793945 0.0296936 0.0380249 
35 0 0.015625 0.235718 0.031311 0.042572 
34 0 0.584473 0.121887 0.03125 0.0395813 
32 0 0.30249 0.102844 0.0292969 0.0385437 
31 0 0.28125 0.629395 0.0335999 0.0395813 
30 0 0.986816 0.779297 0.0249939 0.0375061 
29 0 0.0281219 0.729004 0.0312805 0.0416565 
27 0 0.239014 0.578125 0.0294952 0.044281 
26 0 0.133057 0.195068 0.0316467 0.0436096 
25 0 0.629395 0.414307 0.03125 0.0437622 
24 0 0.272705 0.413574 0.0302734 0.0375061 
23 0 0.644531 0.157837 0.03125 0.0367126 
22 0 0.282227 0.217651 0.0332031 0.0395813 
21 0 0.0828247 0.805176 0.0280762 0.0354309 
20 0 0.510742 0.723145 0.0402222 0.0458374 
19 0 0.0890503 0.963867 0.0300293 0.0385437 
18 0 0.827148 0.43335 0.0328064 0.0421753 
17 0 0.191406 0.84375 0.0296936 0.0375061 
16 0 0.359375 0.232788 0.0302734 0.0387878 
15 0 0.0445251 0.360352 0.0328369 0.039856 
14 0 0.854004 0.749023 0.0328064 0.0437622 
13 0 0.868652 0.408447 0.03125 0.0416565 
12 0 0.936035 0.20874 0.039856 0.0526123 
8 0 0.836914 0.963379 0.0296936 0.0390625 
7 0 0.707031 0.638672 0.0296936 0.0395813 
6 0 0.84668 0.838379 0.0281219 0.0354309 
5 0 0.852539 0.228149 0.0453186 0.0562439 
4 0 0.601562 0.213257 0.03125 0.0423279 
3 0 0.772461 0.0698853 0.0296936 0.0354614 
2 0 0.24292 0.85498 0.0296936 0.0401001 
1 0 0.646973 0.561523 0.0281219 0.0369873 
