222 0 0.992188 0.67627 0.0132828 0.0479126 
221 0 0.04245 0.37085 0.0374451 0.049469 
220 0 0.564941 0.158569 0.0273438 0.0335999 
219 0 0.992188 0.438477 0.0164032 0.0460815 
210 0 0.90625 0.896973 0.0304718 0.0395813 
208 0 0.307373 0.344727 0.0236359 0.0304718 
202 0 0.00748444 0.320801 0.0159149 0.0414124 
178 0 0.5 0.014595 0.0343628 0.0284271 
142 0 0.636719 0.421875 0.0359497 0.0487061 
122 0 0.666992 0.157349 0.0367126 0.0430908 
119 0 0.628906 0.805176 0.0351562 0.0437622 
87 0 0.0761719 0.33374 0.0315857 0.0390625 
55 0 0.0124893 0.989746 0.0247803 0.0208282 
54 0 0.994629 0.4104 0.0109406 0.0466003 
51 0 0.0406189 0.985352 0.0310822 0.0291595 
50 0 0.584961 0.501465 0.0320435 0.0387878 
49 0 0.493652 0.396973 0.03125 0.0395813 
47 0 0.266846 0.408936 0.0290985 0.0406189 
46 0 0.486816 0.865723 0.0296936 0.0354309 
45 0 0.564941 0.90625 0.0292969 0.0322876 
44 0 0.577148 0.150391 0.0304718 0.0367126 
43 0 0.567383 0.103149 0.03125 0.039917 
42 0 0.220093 0.173462 0.0285187 0.0368347 
41 0 0.306152 0.315918 0.0279236 0.0380249 
40 0 0.541992 0.986328 0.0328064 0.0270844 
39 0 0.770508 0.531738 0.0343628 0.0453186 
35 0 0.0102158 0.261963 0.0211487 0.0419312 
34 0 0.584961 0.12085 0.0316467 0.0406189 
32 0 0.284424 0.114563 0.0283203 0.0367737 
31 0 0.221436 0.430176 0.0306702 0.0372314 
30 0 0.989746 0.798828 0.0203094 0.0369873 
29 0 0.0210724 0.733398 0.0328674 0.0458374 
27 0 0.235596 0.577148 0.0290985 0.0416565 
26 0 0.132324 0.195801 0.033783 0.0451965 
24 0 0.268066 0.424561 0.0304718 0.0395813 
23 0 0.592773 0.0151215 0.0300751 0.0311584 
22 0 0.283691 0.218628 0.0322266 0.0406189 
21 0 0.0836182 0.806152 0.0296936 0.0380249 
20 0 0.507812 0.72998 0.0429688 0.0520935 
19 0 0.0890503 0.964355 0.0310516 0.0375061 
18 0 0.828125 0.434326 0.0343628 0.04245 
17 0 0.192871 0.844727 0.0318298 0.0395813 
16 0 0.297852 0.38501 0.03125 0.0411377 
14 0 0.851562 0.748047 0.0343628 0.0453186 
13 0 0.868652 0.409424 0.0320435 0.0437622 
12 0 0.936035 0.208618 0.0406189 0.0592346 
8 0 0.836914 0.96875 0.0296936 0.0375061 
7 0 0.708008 0.634277 0.0343628 0.0432434 
6 0 0.847656 0.842773 0.0281219 0.0348816 
5 0 0.853027 0.229126 0.0437622 0.0541687 
4 0 0.600098 0.212524 0.0320435 0.0416565 
3 0 0.773438 0.0740356 0.03125 0.0396118 
2 0 0.240967 0.856445 0.0316467 0.0421753 
1 0 0.637695 0.564453 0.0308533 0.0401001 
