648 2 0.0101547 0.73877 0.0202332 0.0390625 
647 0 0.993164 0.68457 0.014061 0.0395813 
644 0 0.629883 0.803223 0.0343628 0.0395813 
640 0 0.991211 0.00936127 0.0171814 0.0186462 
639 0 0.936035 0.207153 0.0375061 0.0505066 
636 0 0.899902 0.409424 0.0296936 0.0387878 
626 0 0.140869 0.954102 0.0277405 0.0375061 
602 0 0.636719 0.419189 0.0359497 0.0466003 
584 0 0.579102 0.150024 0.0296936 0.0375061 
569 0 0.602539 0.210449 0.0304718 0.0416565 
533 0 0.93457 0.5625 0.0289001 0.0375061 
506 0 0.506836 0.0239716 0.0265656 0.0353699 
435 0 0.731445 0.0986938 0.0339966 0.0408325 
416 0 0.864258 0.414062 0.03125 0.0414124 
281 0 0.35791 0.0615234 0.0281219 0.035553 
245 0 0.26123 0.4375 0.0306702 0.0375061 
236 0 0.718262 0.78125 0.0304718 0.0348816 
178 0 0.481201 0.0480042 0.0281219 0.0369873 
122 0 0.631348 0.238525 0.0320435 0.0395813 
55 0 0.0134506 0.990723 0.0259247 0.0187531 
54 0 0.990723 0.413574 0.0187531 0.0526123 
51 0 0.0415955 0.987305 0.0323486 0.0249939 
50 0 0.524902 0.599121 0.0324097 0.0432434 
49 0 0.462402 0.442139 0.0367126 0.0513 
46 0 0.486816 0.86377 0.0296936 0.0395813 
45 0 0.541992 0.98584 0.0320435 0.0281219 
43 0 0.571289 0.104065 0.0300751 0.0372314 
42 0 0.3125 0.224121 0.03302 0.0403748 
41 0 0.239014 0.378174 0.0279236 0.0395813 
34 0 0.583008 0.120911 0.0335999 0.0423279 
32 0 0.237549 0.177124 0.03125 0.0332031 
30 0 0.936035 0.956055 0.0343628 0.0375061 
29 0 0.00626373 0.810547 0.0123138 0.0385437 
27 0 0.235107 0.575195 0.0296936 0.0416565 
26 0 0.129639 0.197998 0.0343628 0.0447998 
22 0 0.270996 0.23938 0.0324097 0.040741 
21 0 0.0846558 0.804199 0.0292511 0.0375061 
20 0 0.490723 0.756348 0.0406189 0.0458374 
19 0 0.0882568 0.962402 0.0298767 0.0375061 
18 0 0.827148 0.43335 0.0359497 0.0419312 
17 0 0.191406 0.845703 0.0328064 0.0416565 
14 0 0.84082 0.754395 0.0343628 0.0499878 
8 0 0.823242 0.98877 0.0281219 0.0229187 
7 0 0.709473 0.631348 0.03125 0.0406189 
6 0 0.833496 0.873047 0.0265656 0.0375061 
5 0 0.851562 0.235107 0.0421753 0.0488281 
3 0 0.756836 0.104126 0.0304718 0.0377502 
2 0 0.236694 0.858398 0.0300751 0.0416565 
1 0 0.631348 0.612305 0.03125 0.0401001 
