758 1 0.11853 0.875977 0.0338745 0.0401001 
750 0 0.62793 0.802246 0.0339966 0.0375061 
724 0 0.752441 0.0899658 0.03125 0.0361328 
721 0 0.633789 0.0111008 0.0316467 0.0213928 
716 0 0.71582 0.785645 0.0281219 0.033844 
701 0 0.992188 0.683105 0.015625 0.0375061 
694 0 0.232788 0.465332 0.0224609 0.0291595 
675 0 0.98291 0.017746 0.0281219 0.0313721 
674 0 0.936035 0.207153 0.038269 0.0520935 
661 0 0.137817 0.872559 0.0320435 0.0406189 
635 0 0.635254 0.417725 0.0390625 0.0479126 
615 0 0.578125 0.148926 0.0281219 0.0351562 
604 0 0.602539 0.210449 0.0296936 0.0416565 
534 0 0.508789 0.0288086 0.0265656 0.0359497 
464 0 0.717285 0.128174 0.0300751 0.0386658 
459 0 0.541992 0.986328 0.0316467 0.0270844 
444 0 0.860352 0.4104 0.0296936 0.0375061 
288 0 0.356201 0.067749 0.0281219 0.035675 
247 0 0.261719 0.43335 0.0296936 0.0375061 
176 0 0.478027 0.0521545 0.0281219 0.0374146 
55 0 0.0132904 0.990723 0.0265808 0.0203094 
54 0 0.990723 0.412598 0.0195312 0.0481873 
51 0 0.0429993 0.986328 0.032959 0.0270844 
50 0 0.512695 0.607422 0.03125 0.0437622 
49 0 0.458496 0.446777 0.0367126 0.0484314 
46 0 0.488281 0.86377 0.0296936 0.0395813 
43 0 0.569336 0.102112 0.0296936 0.0333252 
42 0 0.293701 0.212524 0.033783 0.0420532 
41 0 0.228882 0.386475 0.0296936 0.0395813 
34 0 0.583496 0.122925 0.0316467 0.0369873 
32 0 0.225952 0.171875 0.0316467 0.0354309 
30 0 0.916992 0.985352 0.03125 0.0296936 
27 0 0.235962 0.571777 0.03125 0.044281 
26 0 0.129639 0.197876 0.0343628 0.0453186 
23 0 0.626953 0.240601 0.0328064 0.0395813 
22 0 0.266357 0.247925 0.035553 0.0410156 
21 0 0.0848999 0.803223 0.0335083 0.0411377 
19 0 0.0896606 0.962402 0.0334473 0.0416565 
18 0 0.828125 0.434326 0.0335999 0.0395813 
17 0 0.190674 0.84668 0.0347595 0.0447998 
14 0 0.837402 0.757324 0.0335999 0.0479126 
8 0 0.824219 0.98877 0.0265656 0.0229187 
7 0 0.709473 0.630371 0.03125 0.0395813 
6 0 0.833008 0.87207 0.0249939 0.0354309 
5 0 0.851562 0.23645 0.039856 0.0479126 
3 0 0.752441 0.11554 0.0320435 0.0386658 
2 0 0.237549 0.856445 0.0326233 0.0458374 
1 0 0.631348 0.615723 0.0292969 0.0395813 
758 1 0.11853 0.875977 0.0338745 0.0401001 
750 0 0.62793 0.802246 0.0339966 0.0375061 
724 0 0.752441 0.0899658 0.03125 0.0361328 
721 0 0.633789 0.0111008 0.0316467 0.0213928 
716 0 0.71582 0.785645 0.0281219 0.033844 
701 0 0.992188 0.683105 0.015625 0.0375061 
694 0 0.232788 0.465332 0.0224609 0.0291595 
675 0 0.98291 0.017746 0.0281219 0.0313721 
674 0 0.936035 0.207153 0.038269 0.0520935 
661 0 0.137817 0.872559 0.0320435 0.0406189 
635 0 0.635254 0.417725 0.0390625 0.0479126 
615 0 0.578125 0.148926 0.0281219 0.0351562 
604 0 0.602539 0.210449 0.0296936 0.0416565 
534 0 0.508789 0.0288086 0.0265656 0.0359497 
464 0 0.717285 0.128174 0.0300751 0.0386658 
459 0 0.541992 0.986328 0.0316467 0.0270844 
444 0 0.860352 0.4104 0.0296936 0.0375061 
288 0 0.356201 0.067749 0.0281219 0.035675 
247 0 0.261719 0.43335 0.0296936 0.0375061 
176 0 0.478027 0.0521545 0.0281219 0.0374146 
55 0 0.0132904 0.990723 0.0265808 0.0203094 
54 0 0.990723 0.412598 0.0195312 0.0481873 
51 0 0.0429993 0.986328 0.032959 0.0270844 
50 0 0.512695 0.607422 0.03125 0.0437622 
49 0 0.458496 0.446777 0.0367126 0.0484314 
46 0 0.488281 0.86377 0.0296936 0.0395813 
43 0 0.569336 0.102112 0.0296936 0.0333252 
42 0 0.293701 0.212524 0.033783 0.0420532 
41 0 0.228882 0.386475 0.0296936 0.0395813 
34 0 0.583496 0.122925 0.0316467 0.0369873 
32 0 0.225952 0.171875 0.0316467 0.0354309 
30 0 0.916992 0.985352 0.03125 0.0296936 
27 0 0.235962 0.571777 0.03125 0.044281 
26 0 0.129639 0.197876 0.0343628 0.0453186 
23 0 0.626953 0.240601 0.0328064 0.0395813 
22 0 0.266357 0.247925 0.035553 0.0410156 
21 0 0.0848999 0.803223 0.0335083 0.0411377 
19 0 0.0896606 0.962402 0.0334473 0.0416565 
18 0 0.828125 0.434326 0.0335999 0.0395813 
17 0 0.190674 0.84668 0.0347595 0.0447998 
14 0 0.837402 0.757324 0.0335999 0.0479126 
8 0 0.824219 0.98877 0.0265656 0.0229187 
7 0 0.709473 0.630371 0.03125 0.0395813 
6 0 0.833008 0.87207 0.0249939 0.0354309 
5 0 0.851562 0.23645 0.039856 0.0479126 
3 0 0.752441 0.11554 0.0320435 0.0386658 
2 0 0.237549 0.856445 0.0326233 0.0458374 
1 0 0.631348 0.615723 0.0292969 0.0395813 
