253 0 0.479248 0.0132599 0.0265656 0.0239105 
248 0 0.978027 0.861328 0.0289001 0.0354309 
247 0 0.266357 0.436523 0.0324097 0.039856 
246 0 0.750977 0.817871 0.0308533 0.0395813 
238 0 0.734863 0.76416 0.0265656 0.0343628 
227 0 0.232422 0.45459 0.0320435 0.0367126 
221 0 0.0380554 0.375977 0.0354004 0.0471497 
176 0 0.496094 0.0155106 0.0289001 0.0270538 
140 0 0.637695 0.419434 0.0343628 0.0473938 
117 0 0.628906 0.804199 0.0359497 0.0411377 
55 0 0.0117188 0.989746 0.0239258 0.0208282 
54 0 0.994629 0.408447 0.0109406 0.049469 
51 0 0.039856 0.984375 0.0328064 0.0281219 
50 0 0.57959 0.508301 0.03125 0.0375061 
49 0 0.491455 0.403076 0.0296936 0.0375061 
46 0 0.485596 0.86377 0.0328064 0.0421753 
45 0 0.557129 0.924805 0.0296936 0.0333252 
44 0 0.578125 0.150024 0.0289001 0.0346375 
43 0 0.566406 0.10321 0.0296936 0.0390625 
42 0 0.221069 0.175537 0.0275421 0.0371094 
41 0 0.294434 0.318848 0.0298767 0.0408936 
40 0 0.541504 0.985352 0.0359497 0.0302124 
39 0 0.759277 0.415039 0.0285187 0.0375061 
35 0 0.00859833 0.276611 0.0177307 0.0455627 
34 0 0.584473 0.119812 0.0320435 0.0401001 
32 0 0.271973 0.12085 0.0306702 0.0375061 
31 0 0.174561 0.30249 0.0299835 0.038269 
30 0 0.984375 0.814453 0.0304718 0.0416565 
29 0 0.0210724 0.743652 0.0298309 0.0416565 
27 0 0.235107 0.576172 0.0300751 0.0437622 
26 0 0.132812 0.195435 0.0343628 0.0432434 
23 0 0.663086 0.1698 0.0328064 0.0390625 
22 0 0.282715 0.217651 0.0343628 0.0404968 
21 0 0.0836182 0.806152 0.0296936 0.0375061 
20 0 0.503906 0.734375 0.0421753 0.0520935 
19 0 0.088562 0.964355 0.0308075 0.0375061 
18 0 0.829102 0.435059 0.0328064 0.0401001 
17 0 0.192139 0.84375 0.0316467 0.0395813 
16 0 0.359375 0.42749 0.0322266 0.0411377 
14 0 0.852539 0.75 0.0359497 0.0458374 
13 0 0.867188 0.408447 0.0320435 0.0429688 
12 0 0.936035 0.208496 0.0406189 0.0575562 
8 0 0.834473 0.973145 0.0281219 0.0375061 
7 0 0.709473 0.632324 0.0308533 0.0390625 
6 0 0.84375 0.848145 0.0273438 0.0343628 
5 0 0.853027 0.229126 0.046875 0.0541687 
4 0 0.604004 0.213745 0.0308533 0.0394592 
3 0 0.773438 0.0750122 0.03125 0.0409241 
2 0 0.240601 0.854004 0.03125 0.0416565 
1 0 0.633789 0.57373 0.0296936 0.0395813 
253 0 0.479248 0.0132599 0.0265656 0.0239105 
248 0 0.978027 0.861328 0.0289001 0.0354309 
247 0 0.266357 0.436523 0.0324097 0.039856 
246 0 0.750977 0.817871 0.0308533 0.0395813 
238 0 0.734863 0.76416 0.0265656 0.0343628 
227 0 0.232422 0.45459 0.0320435 0.0367126 
221 0 0.0380554 0.375977 0.0354004 0.0471497 
176 0 0.496094 0.0155106 0.0289001 0.0270538 
140 0 0.637695 0.419434 0.0343628 0.0473938 
117 0 0.628906 0.804199 0.0359497 0.0411377 
55 0 0.0117188 0.989746 0.0239258 0.0208282 
54 0 0.994629 0.408447 0.0109406 0.049469 
51 0 0.039856 0.984375 0.0328064 0.0281219 
50 0 0.57959 0.508301 0.03125 0.0375061 
49 0 0.491455 0.403076 0.0296936 0.0375061 
46 0 0.485596 0.86377 0.0328064 0.0421753 
45 0 0.557129 0.924805 0.0296936 0.0333252 
44 0 0.578125 0.150024 0.0289001 0.0346375 
43 0 0.566406 0.10321 0.0296936 0.0390625 
42 0 0.221069 0.175537 0.0275421 0.0371094 
41 0 0.294434 0.318848 0.0298767 0.0408936 
40 0 0.541504 0.985352 0.0359497 0.0302124 
39 0 0.759277 0.415039 0.0285187 0.0375061 
35 0 0.00859833 0.276611 0.0177307 0.0455627 
34 0 0.584473 0.119812 0.0320435 0.0401001 
32 0 0.271973 0.12085 0.0306702 0.0375061 
31 0 0.174561 0.30249 0.0299835 0.038269 
30 0 0.984375 0.814453 0.0304718 0.0416565 
29 0 0.0210724 0.743652 0.0298309 0.0416565 
27 0 0.235107 0.576172 0.0300751 0.0437622 
26 0 0.132812 0.195435 0.0343628 0.0432434 
23 0 0.663086 0.1698 0.0328064 0.0390625 
22 0 0.282715 0.217651 0.0343628 0.0404968 
21 0 0.0836182 0.806152 0.0296936 0.0375061 
20 0 0.503906 0.734375 0.0421753 0.0520935 
19 0 0.088562 0.964355 0.0308075 0.0375061 
18 0 0.829102 0.435059 0.0328064 0.0401001 
17 0 0.192139 0.84375 0.0316467 0.0395813 
16 0 0.359375 0.42749 0.0322266 0.0411377 
14 0 0.852539 0.75 0.0359497 0.0458374 
13 0 0.867188 0.408447 0.0320435 0.0429688 
12 0 0.936035 0.208496 0.0406189 0.0575562 
8 0 0.834473 0.973145 0.0281219 0.0375061 
7 0 0.709473 0.632324 0.0308533 0.0390625 
6 0 0.84375 0.848145 0.0273438 0.0343628 
5 0 0.853027 0.229126 0.046875 0.0541687 
4 0 0.604004 0.213745 0.0308533 0.0394592 
3 0 0.773438 0.0750122 0.03125 0.0409241 
2 0 0.240601 0.854004 0.03125 0.0416565 
1 0 0.633789 0.57373 0.0296936 0.0395813 
