240 0 0.977539 0.860352 0.03125 0.0375061 
238 0 0.740234 0.756836 0.0320435 0.0406189 
227 0 0.255859 0.411377 0.0294952 0.035675 
221 0 0.0400391 0.374268 0.0376892 0.0489502 
210 0 0.989746 0.950684 0.0234375 0.0375061 
208 0 0.307129 0.344727 0.0234375 0.0273438 
176 0 0.496826 0.0156174 0.0320435 0.0304871 
140 0 0.637207 0.420166 0.0359497 0.0484314 
117 0 0.629883 0.804199 0.0367126 0.044281 
55 0 0.0118027 0.989746 0.0242157 0.0208282 
54 0 0.994629 0.408447 0.0109406 0.0458374 
51 0 0.0398254 0.984375 0.0327759 0.0270844 
50 0 0.582031 0.507324 0.0328064 0.0387878 
49 0 0.492188 0.399902 0.0316467 0.0416565 
46 0 0.48584 0.865723 0.03125 0.0348816 
45 0 0.560059 0.91748 0.0296936 0.0343628 
44 0 0.578613 0.150024 0.0296936 0.0375061 
43 0 0.567871 0.104187 0.0296936 0.0379028 
42 0 0.221069 0.179199 0.0271454 0.0385437 
41 0 0.300537 0.31958 0.0304718 0.0390625 
40 0 0.541504 0.985352 0.0328064 0.0291595 
39 0 0.760742 0.474365 0.0324097 0.0419312 
35 0 0.0088501 0.276855 0.0192413 0.0449219 
34 0 0.584473 0.12146 0.03125 0.0426331 
32 0 0.275391 0.119385 0.03125 0.038208 
31 0 0.190674 0.349121 0.0296936 0.0406189 
30 0 0.98584 0.80957 0.0273438 0.0359497 
29 0 0.0213776 0.739746 0.0306854 0.0426941 
27 0 0.235107 0.578125 0.0294952 0.0426941 
26 0 0.132202 0.195557 0.033783 0.0453186 
24 0 0.265625 0.433594 0.028717 0.033844 
23 0 0.665039 0.164551 0.0359497 0.0411377 
22 0 0.282715 0.21875 0.0343628 0.04245 
21 0 0.0836182 0.806152 0.0296936 0.0375061 
20 0 0.506348 0.731445 0.0418091 0.0531311 
19 0 0.0882568 0.964355 0.0296936 0.0375061 
18 0 0.828125 0.435303 0.0343628 0.0411377 
17 0 0.192139 0.844727 0.0313416 0.0395813 
16 0 0.309814 0.45166 0.0294952 0.0408936 
14 0 0.851562 0.749023 0.0375061 0.0473938 
13 0 0.868164 0.407227 0.0328064 0.0432434 
12 0 0.936035 0.209351 0.0375061 0.0562439 
8 0 0.835938 0.970703 0.0289001 0.0375061 
7 0 0.708496 0.633301 0.0296936 0.0375061 
6 0 0.844727 0.845215 0.0296936 0.0364685 
5 0 0.852539 0.229248 0.0453186 0.0533752 
4 0 0.600098 0.209595 0.0316467 0.0430908 
3 0 0.773438 0.0747681 0.03125 0.040741 
2 0 0.240967 0.854004 0.0302734 0.0401001 
1 0 0.634277 0.571777 0.0304718 0.0411377 
240 0 0.977539 0.860352 0.03125 0.0375061 
238 0 0.740234 0.756836 0.0320435 0.0406189 
227 0 0.255859 0.411377 0.0294952 0.035675 
221 0 0.0400391 0.374268 0.0376892 0.0489502 
210 0 0.989746 0.950684 0.0234375 0.0375061 
208 0 0.307129 0.344727 0.0234375 0.0273438 
176 0 0.496826 0.0156174 0.0320435 0.0304871 
140 0 0.637207 0.420166 0.0359497 0.0484314 
117 0 0.629883 0.804199 0.0367126 0.044281 
55 0 0.0118027 0.989746 0.0242157 0.0208282 
54 0 0.994629 0.408447 0.0109406 0.0458374 
51 0 0.0398254 0.984375 0.0327759 0.0270844 
50 0 0.582031 0.507324 0.0328064 0.0387878 
49 0 0.492188 0.399902 0.0316467 0.0416565 
46 0 0.48584 0.865723 0.03125 0.0348816 
45 0 0.560059 0.91748 0.0296936 0.0343628 
44 0 0.578613 0.150024 0.0296936 0.0375061 
43 0 0.567871 0.104187 0.0296936 0.0379028 
42 0 0.221069 0.179199 0.0271454 0.0385437 
41 0 0.300537 0.31958 0.0304718 0.0390625 
40 0 0.541504 0.985352 0.0328064 0.0291595 
39 0 0.760742 0.474365 0.0324097 0.0419312 
35 0 0.0088501 0.276855 0.0192413 0.0449219 
34 0 0.584473 0.12146 0.03125 0.0426331 
32 0 0.275391 0.119385 0.03125 0.038208 
31 0 0.190674 0.349121 0.0296936 0.0406189 
30 0 0.98584 0.80957 0.0273438 0.0359497 
29 0 0.0213776 0.739746 0.0306854 0.0426941 
27 0 0.235107 0.578125 0.0294952 0.0426941 
26 0 0.132202 0.195557 0.033783 0.0453186 
24 0 0.265625 0.433594 0.028717 0.033844 
23 0 0.665039 0.164551 0.0359497 0.0411377 
22 0 0.282715 0.21875 0.0343628 0.04245 
21 0 0.0836182 0.806152 0.0296936 0.0375061 
20 0 0.506348 0.731445 0.0418091 0.0531311 
19 0 0.0882568 0.964355 0.0296936 0.0375061 
18 0 0.828125 0.435303 0.0343628 0.0411377 
17 0 0.192139 0.844727 0.0313416 0.0395813 
16 0 0.309814 0.45166 0.0294952 0.0408936 
14 0 0.851562 0.749023 0.0375061 0.0473938 
13 0 0.868164 0.407227 0.0328064 0.0432434 
12 0 0.936035 0.209351 0.0375061 0.0562439 
8 0 0.835938 0.970703 0.0289001 0.0375061 
7 0 0.708496 0.633301 0.0296936 0.0375061 
6 0 0.844727 0.845215 0.0296936 0.0364685 
5 0 0.852539 0.229248 0.0453186 0.0533752 
4 0 0.600098 0.209595 0.0316467 0.0430908 
3 0 0.773438 0.0747681 0.03125 0.040741 
2 0 0.240967 0.854004 0.0302734 0.0401001 
1 0 0.634277 0.571777 0.0304718 0.0411377 
