595 0 0.493408 0.0261688 0.03125 0.0359497 
594 0 0.705566 0.44165 0.0265656 0.0346375 
592 0 0.25708 0.428223 0.0263672 0.0341187 
588 0 0.629883 0.803223 0.0351562 0.046875 
579 2 0.0136871 0.725586 0.0239563 0.0364685 
569 0 0.563477 0.161499 0.0296936 0.035553 
562 0 0.981445 0.359863 0.0281219 0.038269 
547 0 0.638184 0.421875 0.0367126 0.0437622 
535 0 0.991211 0.683105 0.014061 0.0416565 
534 0 0.500977 0.0170288 0.0328064 0.0348206 
464 0 0.753418 0.0691528 0.0320435 0.0369873 
459 0 0.540527 0.985352 0.0335999 0.0296936 
444 0 0.758301 0.446289 0.0328064 0.0377502 
439 1 0.743164 0.0382996 0.0316467 0.0372925 
423 0 0.577148 0.150146 0.0328064 0.038269 
288 0 0.359375 0.0500793 0.0289001 0.0376282 
247 0 0.262451 0.440186 0.0310516 0.0361938 
238 0 0.720215 0.780273 0.0292969 0.0343628 
176 0 0.486816 0.0392456 0.0296936 0.0389404 
55 0 0.0130157 0.990723 0.0257874 0.0187531 
54 0 0.991211 0.410889 0.0171814 0.0515747 
51 0 0.0404053 0.987305 0.032074 0.0249939 
50 0 0.540039 0.580078 0.0335999 0.0437622 
49 0 0.467285 0.429199 0.038269 0.0546875 
46 0 0.48584 0.864746 0.03125 0.0416565 
43 0 0.568848 0.10553 0.0300751 0.0375061 
42 0 0.311279 0.231567 0.0353394 0.0397034 
41 0 0.25 0.371826 0.0283203 0.0395813 
34 0 0.583008 0.121216 0.0343628 0.0429688 
32 0 0.243774 0.15564 0.0308533 0.0341187 
30 0 0.949219 0.921875 0.0343628 0.0354309 
29 0 0.00778961 0.790527 0.0158997 0.0395813 
27 0 0.233643 0.577148 0.0296936 0.0416565 
26 0 0.130005 0.198975 0.0386658 0.0520935 
23 0 0.64209 0.229126 0.0351562 0.0418091 
22 0 0.274902 0.231201 0.0318298 0.0375061 
21 0 0.0843506 0.804199 0.0281219 0.0369873 
20 0 0.491455 0.75 0.0402222 0.046875 
19 0 0.0890503 0.962402 0.03125 0.0416565 
18 0 0.82959 0.43457 0.0335999 0.0416565 
17 0 0.192139 0.845703 0.0343628 0.0416565 
14 0 0.84375 0.755371 0.0343628 0.0479126 
13 0 0.864258 0.413574 0.0343628 0.0434875 
12 0 0.936035 0.208374 0.039856 0.0583191 
8 0 0.825195 0.986328 0.0281219 0.0270844 
7 0 0.709473 0.632324 0.0320435 0.0395813 
6 0 0.837402 0.866699 0.0273438 0.0432434 
5 0 0.851562 0.235474 0.0406189 0.0499878 
4 0 0.601562 0.211426 0.03125 0.0395813 
3 0 0.760742 0.101013 0.03125 0.0358582 
2 0 0.239014 0.857422 0.0308533 0.0395813 
1 0 0.631348 0.608398 0.0308533 0.0411377 
595 0 0.493408 0.0261688 0.03125 0.0359497 
594 0 0.705566 0.44165 0.0265656 0.0346375 
592 0 0.25708 0.428223 0.0263672 0.0341187 
588 0 0.629883 0.803223 0.0351562 0.046875 
579 2 0.0136871 0.725586 0.0239563 0.0364685 
569 0 0.563477 0.161499 0.0296936 0.035553 
562 0 0.981445 0.359863 0.0281219 0.038269 
547 0 0.638184 0.421875 0.0367126 0.0437622 
535 0 0.991211 0.683105 0.014061 0.0416565 
534 0 0.500977 0.0170288 0.0328064 0.0348206 
464 0 0.753418 0.0691528 0.0320435 0.0369873 
459 0 0.540527 0.985352 0.0335999 0.0296936 
444 0 0.758301 0.446289 0.0328064 0.0377502 
439 1 0.743164 0.0382996 0.0316467 0.0372925 
423 0 0.577148 0.150146 0.0328064 0.038269 
288 0 0.359375 0.0500793 0.0289001 0.0376282 
247 0 0.262451 0.440186 0.0310516 0.0361938 
238 0 0.720215 0.780273 0.0292969 0.0343628 
176 0 0.486816 0.0392456 0.0296936 0.0389404 
55 0 0.0130157 0.990723 0.0257874 0.0187531 
54 0 0.991211 0.410889 0.0171814 0.0515747 
51 0 0.0404053 0.987305 0.032074 0.0249939 
50 0 0.540039 0.580078 0.0335999 0.0437622 
49 0 0.467285 0.429199 0.038269 0.0546875 
46 0 0.48584 0.864746 0.03125 0.0416565 
43 0 0.568848 0.10553 0.0300751 0.0375061 
42 0 0.311279 0.231567 0.0353394 0.0397034 
41 0 0.25 0.371826 0.0283203 0.0395813 
34 0 0.583008 0.121216 0.0343628 0.0429688 
32 0 0.243774 0.15564 0.0308533 0.0341187 
30 0 0.949219 0.921875 0.0343628 0.0354309 
29 0 0.00778961 0.790527 0.0158997 0.0395813 
27 0 0.233643 0.577148 0.0296936 0.0416565 
26 0 0.130005 0.198975 0.0386658 0.0520935 
23 0 0.64209 0.229126 0.0351562 0.0418091 
22 0 0.274902 0.231201 0.0318298 0.0375061 
21 0 0.0843506 0.804199 0.0281219 0.0369873 
20 0 0.491455 0.75 0.0402222 0.046875 
19 0 0.0890503 0.962402 0.03125 0.0416565 
18 0 0.82959 0.43457 0.0335999 0.0416565 
17 0 0.192139 0.845703 0.0343628 0.0416565 
14 0 0.84375 0.755371 0.0343628 0.0479126 
13 0 0.864258 0.413574 0.0343628 0.0434875 
12 0 0.936035 0.208374 0.039856 0.0583191 
8 0 0.825195 0.986328 0.0281219 0.0270844 
7 0 0.709473 0.632324 0.0320435 0.0395813 
6 0 0.837402 0.866699 0.0273438 0.0432434 
5 0 0.851562 0.235474 0.0406189 0.0499878 
4 0 0.601562 0.211426 0.03125 0.0395813 
3 0 0.760742 0.101013 0.03125 0.0358582 
2 0 0.239014 0.857422 0.0308533 0.0395813 
1 0 0.631348 0.608398 0.0308533 0.0411377 
