783 0 0.969727 0.870605 0.0234375 0.0333252 
776 0 0.201538 0.737305 0.030365 0.0416565 
773 0 0.561035 0.160645 0.0277405 0.0372314 
772 0 0.192993 0.85498 0.0363159 0.0479126 
760 0 0.974121 0.0357971 0.0281219 0.0398254 
752 0 0.407715 0.217041 0.0345764 0.0432434 
744 0 0.307129 0.196411 0.0277405 0.0345154 
735 0 0.79541 0.350342 0.0296936 0.0385437 
725 0 0.707031 0.951172 0.0308533 0.0390625 
684 0 0.734375 0.150024 0.03125 0.0376282 
681 0 0.623535 0.015625 0.0308533 0.031311 
677 0 0.715332 0.787598 0.0281219 0.0333252 
662 0 0.993164 0.682129 0.014061 0.0354309 
655 0 0.223389 0.483398 0.0261688 0.0333252 
639 0 0.935059 0.206299 0.0359497 0.049469 
584 0 0.578125 0.148193 0.0289001 0.0366516 
569 0 0.601074 0.209106 0.0296936 0.0447998 
506 0 0.506836 0.0333557 0.0265656 0.0333252 
435 0 0.705566 0.154175 0.0328064 0.0419312 
416 0 0.86084 0.409424 0.0289001 0.0361938 
281 0 0.352295 0.0718994 0.0265656 0.0314331 
245 0 0.260254 0.432373 0.0275421 0.0385437 
178 0 0.475098 0.0544128 0.0273438 0.0386353 
122 0 0.625 0.240601 0.0328064 0.0395813 
55 0 0.0148544 0.989746 0.0297546 0.0218811 
54 0 0.989258 0.413574 0.0210876 0.0479126 
51 0 0.0421753 0.984375 0.0374451 0.03125 
50 0 0.493652 0.615723 0.0320435 0.0416565 
49 0 0.453857 0.467529 0.0351562 0.0406189 
46 0 0.487549 0.862305 0.03125 0.0416565 
45 0 0.541504 0.986328 0.0328064 0.0286407 
43 0 0.570312 0.102112 0.0281219 0.0333252 
42 0 0.212158 0.220947 0.0308533 0.0354309 
41 0 0.216064 0.4021 0.0294952 0.0421753 
34 0 0.583496 0.119934 0.0328064 0.0385437 
32 0 0.207764 0.188599 0.0288086 0.0350342 
27 0 0.235107 0.566895 0.0333862 0.0505066 
26 0 0.128906 0.195801 0.0328979 0.0421753 
22 0 0.259766 0.266602 0.0353394 0.0421753 
21 0 0.0836182 0.802246 0.0328674 0.0416565 
19 0 0.105469 0.984375 0.0296326 0.03125 
18 0 0.82666 0.431152 0.03125 0.0375061 
14 0 0.836914 0.779297 0.0359497 0.0458374 
8 0 0.824219 0.98877 0.0265656 0.0229187 
7 0 0.708496 0.629395 0.0328064 0.0416565 
6 0 0.831055 0.869629 0.0289001 0.0395813 
5 0 0.851562 0.231567 0.0437622 0.0492249 
2 0 0.236572 0.85498 0.0304718 0.0432434 
1 0 0.631348 0.615723 0.0289001 0.0395813 
