694 0 0.245117 0.448975 0.0246124 0.03125 
693 0 0.629883 0.803223 0.0343628 0.0385437 
685 0 0.993164 0.68457 0.014061 0.0395813 
675 0 0.989746 0.00937653 0.0203094 0.0187836 
674 0 0.936035 0.20752 0.0375061 0.0499878 
671 0 0.915527 0.392822 0.0304718 0.0411377 
661 0 0.139282 0.95166 0.0272522 0.0354309 
635 0 0.636719 0.418213 0.0359497 0.0466003 
615 0 0.579102 0.148926 0.0300751 0.0369873 
604 0 0.602051 0.210449 0.0304718 0.0416565 
562 0 0.907715 0.572754 0.0335999 0.0401001 
534 0 0.505371 0.0250397 0.0277405 0.0369263 
464 0 0.729492 0.102966 0.0343628 0.0395203 
459 0 0.541992 0.986328 0.03125 0.0270844 
444 0 0.86084 0.415039 0.0320435 0.0406189 
288 0 0.356934 0.062561 0.0289001 0.0372925 
247 0 0.26123 0.4375 0.0308533 0.0375061 
238 0 0.718262 0.78125 0.0304718 0.0333252 
176 0 0.481201 0.0481873 0.0281219 0.0379028 
55 0 0.0132904 0.990723 0.0262909 0.0187531 
54 0 0.991211 0.412598 0.0171814 0.0510559 
51 0 0.0408325 0.987793 0.0335083 0.0239563 
50 0 0.522461 0.601074 0.0324097 0.0437622 
49 0 0.46167 0.441162 0.0371094 0.0497437 
46 0 0.487549 0.86377 0.0316467 0.0395813 
43 0 0.569336 0.103821 0.0289001 0.0380249 
42 0 0.310059 0.221924 0.0328064 0.039978 
41 0 0.237549 0.378174 0.0283203 0.0395813 
34 0 0.583496 0.120728 0.0332031 0.0423889 
32 0 0.237549 0.17688 0.03125 0.0341187 
30 0 0.932617 0.960449 0.0304718 0.0375061 
29 0 0.00615692 0.810547 0.011734 0.0375061 
27 0 0.235107 0.57373 0.0292969 0.0437622 
26 0 0.130615 0.198975 0.033783 0.0441284 
23 0 0.629883 0.239624 0.0339966 0.0415344 
22 0 0.268799 0.239624 0.0316467 0.0380249 
21 0 0.0838623 0.804199 0.0289612 0.0375061 
20 0 0.490723 0.756836 0.0406189 0.0426941 
19 0 0.0882568 0.962402 0.029541 0.0375061 
18 0 0.82666 0.43335 0.0343628 0.0416565 
17 0 0.191406 0.845703 0.0328064 0.0416565 
14 0 0.84082 0.754395 0.0335999 0.0499878 
8 0 0.823242 0.98877 0.0281219 0.0229187 
7 0 0.709961 0.631348 0.0304718 0.0385437 
6 0 0.833496 0.873047 0.0265656 0.0375061 
5 0 0.851562 0.235107 0.0406189 0.0473938 
3 0 0.756348 0.105286 0.03125 0.0394592 
2 0 0.236694 0.858398 0.0300751 0.0416565 
1 0 0.631836 0.612305 0.0296936 0.0406189 
694 0 0.245117 0.448975 0.0246124 0.03125 
693 0 0.629883 0.803223 0.0343628 0.0385437 
685 0 0.993164 0.68457 0.014061 0.0395813 
675 0 0.989746 0.00937653 0.0203094 0.0187836 
674 0 0.936035 0.20752 0.0375061 0.0499878 
671 0 0.915527 0.392822 0.0304718 0.0411377 
661 0 0.139282 0.95166 0.0272522 0.0354309 
635 0 0.636719 0.418213 0.0359497 0.0466003 
615 0 0.579102 0.148926 0.0300751 0.0369873 
604 0 0.602051 0.210449 0.0304718 0.0416565 
562 0 0.907715 0.572754 0.0335999 0.0401001 
534 0 0.505371 0.0250397 0.0277405 0.0369263 
464 0 0.729492 0.102966 0.0343628 0.0395203 
459 0 0.541992 0.986328 0.03125 0.0270844 
444 0 0.86084 0.415039 0.0320435 0.0406189 
288 0 0.356934 0.062561 0.0289001 0.0372925 
247 0 0.26123 0.4375 0.0308533 0.0375061 
238 0 0.718262 0.78125 0.0304718 0.0333252 
176 0 0.481201 0.0481873 0.0281219 0.0379028 
55 0 0.0132904 0.990723 0.0262909 0.0187531 
54 0 0.991211 0.412598 0.0171814 0.0510559 
51 0 0.0408325 0.987793 0.0335083 0.0239563 
50 0 0.522461 0.601074 0.0324097 0.0437622 
49 0 0.46167 0.441162 0.0371094 0.0497437 
46 0 0.487549 0.86377 0.0316467 0.0395813 
43 0 0.569336 0.103821 0.0289001 0.0380249 
42 0 0.310059 0.221924 0.0328064 0.039978 
41 0 0.237549 0.378174 0.0283203 0.0395813 
34 0 0.583496 0.120728 0.0332031 0.0423889 
32 0 0.237549 0.17688 0.03125 0.0341187 
30 0 0.932617 0.960449 0.0304718 0.0375061 
29 0 0.00615692 0.810547 0.011734 0.0375061 
27 0 0.235107 0.57373 0.0292969 0.0437622 
26 0 0.130615 0.198975 0.033783 0.0441284 
23 0 0.629883 0.239624 0.0339966 0.0415344 
22 0 0.268799 0.239624 0.0316467 0.0380249 
21 0 0.0838623 0.804199 0.0289612 0.0375061 
20 0 0.490723 0.756836 0.0406189 0.0426941 
19 0 0.0882568 0.962402 0.029541 0.0375061 
18 0 0.82666 0.43335 0.0343628 0.0416565 
17 0 0.191406 0.845703 0.0328064 0.0416565 
14 0 0.84082 0.754395 0.0335999 0.0499878 
8 0 0.823242 0.98877 0.0281219 0.0229187 
7 0 0.709961 0.631348 0.0304718 0.0385437 
6 0 0.833496 0.873047 0.0265656 0.0375061 
5 0 0.851562 0.235107 0.0406189 0.0473938 
3 0 0.756348 0.105286 0.03125 0.0394592 
2 0 0.236694 0.858398 0.0300751 0.0416565 
1 0 0.631836 0.612305 0.0296936 0.0406189 
