783 0 0.970215 0.870605 0.0234375 0.0322876 
776 0 0.205811 0.748047 0.0310516 0.0437622 
775 0 0.62793 0.801758 0.0339966 0.0395813 
773 0 0.561523 0.160156 0.0273438 0.0375061 
772 0 0.192993 0.855957 0.0385742 0.0499878 
760 0 0.973633 0.0342102 0.0289001 0.0415649 
752 0 0.408691 0.216919 0.0359497 0.0449219 
744 0 0.307861 0.195557 0.0281219 0.0324097 
735 0 0.803223 0.322998 0.0316467 0.0377502 
725 0 0.713867 0.932617 0.0304718 0.0375061 
684 0 0.735352 0.148682 0.0308533 0.0389404 
681 0 0.625 0.015625 0.0292969 0.0312805 
677 0 0.713867 0.787598 0.0281219 0.0333252 
662 0 0.992188 0.682129 0.0132828 0.0348816 
655 0 0.224243 0.483398 0.0265656 0.0322876 
639 0 0.936035 0.206909 0.0367126 0.0463562 
584 0 0.578125 0.148926 0.0289001 0.0359497 
569 0 0.600586 0.209351 0.0304718 0.0440063 
506 0 0.506836 0.0314941 0.0261688 0.0330505 
435 0 0.705566 0.154175 0.0328064 0.0418091 
416 0 0.86084 0.40918 0.0304718 0.0380249 
281 0 0.353027 0.0714722 0.0281219 0.0325317 
245 0 0.260986 0.432373 0.0281219 0.0393372 
178 0 0.474121 0.0541687 0.0265656 0.0375061 
122 0 0.625977 0.240601 0.0320435 0.0395813 
55 0 0.0148544 0.989746 0.0297546 0.021347 
54 0 0.989746 0.413574 0.0203094 0.0479126 
51 0 0.0426636 0.984375 0.0359802 0.03125 
50 0 0.496094 0.615234 0.0324097 0.0447998 
49 0 0.45459 0.466553 0.0343628 0.0414124 
46 0 0.487549 0.862305 0.03125 0.0416565 
45 0 0.541504 0.985352 0.0328064 0.0291595 
43 0 0.570312 0.102112 0.0281219 0.0333252 
42 0 0.217163 0.222168 0.0308533 0.0354309 
41 0 0.216553 0.4021 0.0308533 0.0421753 
34 0 0.584473 0.119141 0.0316467 0.0388794 
32 0 0.207764 0.188599 0.0285187 0.0350342 
27 0 0.234985 0.566895 0.0351562 0.0499878 
26 0 0.129639 0.195923 0.0341797 0.044281 
22 0 0.260254 0.265625 0.0357361 0.0436096 
21 0 0.0836182 0.803223 0.0327759 0.0411377 
19 0 0.106262 0.983398 0.0308533 0.0333252 
18 0 0.82666 0.431152 0.03125 0.0375061 
14 0 0.837402 0.77832 0.0351562 0.0447998 
8 0 0.823242 0.98877 0.0281219 0.0244751 
7 0 0.708496 0.629395 0.0328064 0.0426941 
6 0 0.831055 0.869629 0.0289001 0.0385437 
5 0 0.850098 0.231567 0.0437622 0.0472717 
2 0 0.235962 0.856934 0.0314331 0.0447998 
1 0 0.630371 0.615723 0.0296936 0.0395813 
