671 0 0.864746 0.390625 0.0296936 0.038269 
666 0 0.992188 0.685547 0.015625 0.0416565 
663 0 0.564941 0.161499 0.0292969 0.035675 
661 0 0.143188 0.977051 0.0304718 0.0364685 
660 0 0.414795 0.990723 0.0328064 0.0187531 
635 0 0.635742 0.419678 0.0335999 0.044281 
615 0 0.578125 0.150024 0.03125 0.0375061 
604 0 0.601562 0.210449 0.03125 0.0416565 
579 2 0.00865936 0.729004 0.0176697 0.0369873 
562 0 0.924805 0.521973 0.0367126 0.0434875 
534 0 0.506348 0.0219116 0.026947 0.0350342 
464 0 0.733398 0.0907593 0.0351562 0.0431519 
459 0 0.541504 0.985352 0.0328064 0.0291595 
444 0 0.868652 0.41748 0.0343628 0.0411377 
288 0 0.358643 0.0587158 0.0300751 0.0382996 
247 0 0.26123 0.4375 0.0322266 0.0377502 
238 0 0.719727 0.782227 0.0292969 0.0348816 
176 0 0.48291 0.0458679 0.0281219 0.0376282 
55 0 0.014122 0.990723 0.0267792 0.0187531 
54 0 0.989258 0.413574 0.0179749 0.0541687 
51 0 0.0413818 0.987305 0.032074 0.0249939 
50 0 0.52832 0.59668 0.0316467 0.0432434 
49 0 0.460938 0.438965 0.038269 0.0559998 
46 0 0.486816 0.86377 0.0320435 0.0406189 
43 0 0.568848 0.103149 0.0300751 0.0395203 
42 0 0.310547 0.220215 0.0347595 0.0403748 
41 0 0.241455 0.375977 0.0296936 0.0401001 
34 0 0.583008 0.119812 0.0343628 0.0437622 
32 0 0.237305 0.17395 0.0316467 0.0354309 
30 0 0.9375 0.94873 0.0304718 0.0354309 
29 0 0.00571823 0.807129 0.011879 0.0395813 
27 0 0.235107 0.575195 0.0296936 0.0447998 
26 0 0.129639 0.197876 0.0342712 0.0455627 
23 0 0.632812 0.237549 0.0343628 0.0416565 
22 0 0.270996 0.238525 0.0335999 0.039856 
21 0 0.0843506 0.805176 0.0281219 0.0354309 
20 0 0.490723 0.751953 0.0410156 0.0463562 
19 0 0.0890503 0.962402 0.0281677 0.0375061 
18 0 0.829102 0.434326 0.0328064 0.0403748 
17 0 0.191406 0.845703 0.0328064 0.0390625 
14 0 0.841309 0.753418 0.0328064 0.046875 
8 0 0.823242 0.98877 0.0281219 0.0229187 
7 0 0.709473 0.631348 0.03125 0.0416565 
6 0 0.834473 0.870605 0.0249939 0.0375061 
5 0 0.852539 0.234375 0.0421753 0.0520935 
3 0 0.759277 0.102783 0.03125 0.038269 
2 0 0.236694 0.858398 0.0294952 0.0416565 
1 0 0.631348 0.610352 0.0281219 0.0375061 
671 0 0.864746 0.390625 0.0296936 0.038269 
666 0 0.992188 0.685547 0.015625 0.0416565 
663 0 0.564941 0.161499 0.0292969 0.035675 
661 0 0.143188 0.977051 0.0304718 0.0364685 
660 0 0.414795 0.990723 0.0328064 0.0187531 
635 0 0.635742 0.419678 0.0335999 0.044281 
615 0 0.578125 0.150024 0.03125 0.0375061 
604 0 0.601562 0.210449 0.03125 0.0416565 
579 2 0.00865936 0.729004 0.0176697 0.0369873 
562 0 0.924805 0.521973 0.0367126 0.0434875 
534 0 0.506348 0.0219116 0.026947 0.0350342 
464 0 0.733398 0.0907593 0.0351562 0.0431519 
459 0 0.541504 0.985352 0.0328064 0.0291595 
444 0 0.868652 0.41748 0.0343628 0.0411377 
288 0 0.358643 0.0587158 0.0300751 0.0382996 
247 0 0.26123 0.4375 0.0322266 0.0377502 
238 0 0.719727 0.782227 0.0292969 0.0348816 
176 0 0.48291 0.0458679 0.0281219 0.0376282 
55 0 0.014122 0.990723 0.0267792 0.0187531 
54 0 0.989258 0.413574 0.0179749 0.0541687 
51 0 0.0413818 0.987305 0.032074 0.0249939 
50 0 0.52832 0.59668 0.0316467 0.0432434 
49 0 0.460938 0.438965 0.038269 0.0559998 
46 0 0.486816 0.86377 0.0320435 0.0406189 
43 0 0.568848 0.103149 0.0300751 0.0395203 
42 0 0.310547 0.220215 0.0347595 0.0403748 
41 0 0.241455 0.375977 0.0296936 0.0401001 
34 0 0.583008 0.119812 0.0343628 0.0437622 
32 0 0.237305 0.17395 0.0316467 0.0354309 
30 0 0.9375 0.94873 0.0304718 0.0354309 
29 0 0.00571823 0.807129 0.011879 0.0395813 
27 0 0.235107 0.575195 0.0296936 0.0447998 
26 0 0.129639 0.197876 0.0342712 0.0455627 
23 0 0.632812 0.237549 0.0343628 0.0416565 
22 0 0.270996 0.238525 0.0335999 0.039856 
21 0 0.0843506 0.805176 0.0281219 0.0354309 
20 0 0.490723 0.751953 0.0410156 0.0463562 
19 0 0.0890503 0.962402 0.0281677 0.0375061 
18 0 0.829102 0.434326 0.0328064 0.0403748 
17 0 0.191406 0.845703 0.0328064 0.0390625 
14 0 0.841309 0.753418 0.0328064 0.046875 
8 0 0.823242 0.98877 0.0281219 0.0229187 
7 0 0.709473 0.631348 0.03125 0.0416565 
6 0 0.834473 0.870605 0.0249939 0.0375061 
5 0 0.852539 0.234375 0.0421753 0.0520935 
3 0 0.759277 0.102783 0.03125 0.038269 
2 0 0.236694 0.858398 0.0294952 0.0416565 
1 0 0.631348 0.610352 0.0281219 0.0375061 
