220 0 0.564941 0.159058 0.0281219 0.0342407 
219 0 0.992188 0.438721 0.0164032 0.0447998 
210 0 0.90332 0.900391 0.0304718 0.0385437 
208 0 0.307129 0.344482 0.0230408 0.0302124 
202 0 0.0072937 0.322754 0.0160065 0.0401001 
178 0 0.5 0.0145035 0.0343628 0.0281219 
142 0 0.636719 0.421387 0.0359497 0.0487061 
122 0 0.666992 0.157349 0.0367126 0.0428467 
119 0 0.628906 0.805176 0.0351562 0.0437622 
87 0 0.0853271 0.33374 0.0311584 0.0390625 
55 0 0.0124664 0.989746 0.0246887 0.0203094 
54 0 0.994629 0.408447 0.0109406 0.0463562 
51 0 0.0406494 0.985352 0.0310059 0.0291595 
50 0 0.584473 0.501953 0.0320435 0.0385437 
49 0 0.493652 0.396973 0.03125 0.0395813 
47 0 0.26709 0.407227 0.028717 0.0403748 
46 0 0.486816 0.865723 0.0296936 0.0354309 
45 0 0.563965 0.90625 0.0292969 0.0317688 
44 0 0.577148 0.151001 0.0304718 0.0362549 
43 0 0.567383 0.10321 0.03125 0.039978 
42 0 0.219727 0.174194 0.0289001 0.0365906 
41 0 0.306152 0.315918 0.0277405 0.0375061 
40 0 0.541992 0.986328 0.0328064 0.0270844 
39 0 0.770996 0.532227 0.0335999 0.044281 
35 0 0.0104141 0.262695 0.0214844 0.0414124 
34 0 0.585449 0.12085 0.0320435 0.0417175 
32 0 0.284424 0.114502 0.0285187 0.0364685 
31 0 0.226929 0.426025 0.0304718 0.0387878 
30 0 0.989746 0.797852 0.0203094 0.0369873 
29 0 0.0210724 0.733398 0.0328674 0.0458374 
27 0 0.235962 0.577148 0.0289001 0.0416565 
26 0 0.132812 0.195801 0.0341797 0.0449219 
24 0 0.268066 0.425537 0.0294952 0.0393372 
23 0 0.597168 0.0149155 0.0296936 0.0311432 
22 0 0.283203 0.218384 0.0322266 0.0401001 
21 0 0.0836182 0.805176 0.0296936 0.0385437 
20 0 0.507812 0.72998 0.0429688 0.0520935 
19 0 0.0890503 0.964355 0.0310059 0.0375061 
18 0 0.828125 0.43457 0.0343628 0.0416565 
17 0 0.192749 0.844727 0.0317383 0.0395813 
16 0 0.299072 0.382812 0.0304718 0.039856 
14 0 0.851562 0.748535 0.0335999 0.0447998 
13 0 0.868652 0.409424 0.0320435 0.0437622 
12 0 0.936035 0.208984 0.0406189 0.0596313 
8 0 0.835938 0.96875 0.0289001 0.0375061 
7 0 0.709473 0.635254 0.0343628 0.0437622 
6 0 0.847656 0.842773 0.0281219 0.0348816 
5 0 0.853027 0.229126 0.0437622 0.0541687 
4 0 0.600098 0.212524 0.0324097 0.0418091 
3 0 0.773438 0.0739746 0.03125 0.0395508 
2 0 0.241821 0.857422 0.0318298 0.0421753 
1 0 0.637695 0.56543 0.0304718 0.0395813 
