560 0 0.182129 0.94043 0.026947 0.0354309 
557 0 0.566406 0.160156 0.0296936 0.0346375 
555 0 0.629883 0.804199 0.0343628 0.0416565 
554 0 0.181396 0.94043 0.0292053 0.0364685 
547 0 0.637695 0.422852 0.0375061 0.0466003 
542 0 0.575195 0.11145 0.0343628 0.0406799 
535 0 0.990723 0.682129 0.015625 0.0437622 
534 0 0.500977 0.0171661 0.0335999 0.0355225 
464 0 0.754883 0.0563049 0.0324097 0.0423584 
459 0 0.540527 0.984375 0.0332031 0.0302124 
444 0 0.687988 0.449463 0.0304718 0.0390625 
439 1 0.787598 0.0587463 0.0308533 0.0375671 
423 0 0.579102 0.151978 0.0304718 0.0343628 
410 0 0.309814 0.192749 0.0310516 0.0395813 
288 0 0.361816 0.0469055 0.0328064 0.0403137 
247 0 0.260254 0.440674 0.0304718 0.0354309 
238 0 0.721191 0.776855 0.0289001 0.0333252 
176 0 0.491455 0.0323486 0.0328064 0.0396423 
55 0 0.0124664 0.989746 0.025177 0.0208282 
54 0 0.990723 0.408936 0.0179749 0.055481 
51 0 0.0405884 0.987305 0.0317993 0.0244751 
50 0 0.544434 0.57373 0.0351562 0.0437622 
49 0 0.470215 0.426025 0.0406189 0.0562439 
46 0 0.48584 0.86377 0.03125 0.0437622 
43 0 0.567871 0.104797 0.0296936 0.0365906 
42 0 0.302246 0.240601 0.0361328 0.0438843 
41 0 0.254639 0.369385 0.0277405 0.0377502 
34 0 0.583008 0.121643 0.0343628 0.0419922 
32 0 0.243774 0.154053 0.03125 0.0346375 
30 0 0.95459 0.910645 0.0343628 0.0364685 
29 0 0.00856018 0.785645 0.0173187 0.033844 
27 0 0.233643 0.577148 0.0296936 0.0416565 
26 0 0.128906 0.198975 0.0388794 0.0522156 
23 0 0.645996 0.221558 0.035553 0.0408936 
22 0 0.277344 0.227905 0.0328064 0.0384216 
21 0 0.0843506 0.806152 0.0282745 0.0375061 
20 0 0.493652 0.748047 0.0394592 0.0499878 
19 0 0.0898438 0.963379 0.0296936 0.0395813 
18 0 0.82959 0.435303 0.0343628 0.0416565 
17 0 0.192383 0.845703 0.0339966 0.0416565 
14 0 0.845215 0.754395 0.0335999 0.0463562 
13 0 0.864258 0.413574 0.0335999 0.0437622 
12 0 0.936035 0.209717 0.039856 0.0575562 
8 0 0.828125 0.985352 0.0273438 0.0296936 
7 0 0.709473 0.632324 0.03125 0.0395813 
6 0 0.836914 0.864746 0.0265656 0.0411377 
5 0 0.852539 0.234253 0.0421753 0.0510559 
4 0 0.601562 0.212524 0.03125 0.0375061 
3 0 0.764648 0.0999756 0.0308533 0.0383606 
2 0 0.238281 0.858398 0.0310516 0.0416565 
1 0 0.628906 0.60498 0.0289001 0.0406189 
560 0 0.182129 0.94043 0.026947 0.0354309 
557 0 0.566406 0.160156 0.0296936 0.0346375 
555 0 0.629883 0.804199 0.0343628 0.0416565 
554 0 0.181396 0.94043 0.0292053 0.0364685 
547 0 0.637695 0.422852 0.0375061 0.0466003 
542 0 0.575195 0.11145 0.0343628 0.0406799 
535 0 0.990723 0.682129 0.015625 0.0437622 
534 0 0.500977 0.0171661 0.0335999 0.0355225 
464 0 0.754883 0.0563049 0.0324097 0.0423584 
459 0 0.540527 0.984375 0.0332031 0.0302124 
444 0 0.687988 0.449463 0.0304718 0.0390625 
439 1 0.787598 0.0587463 0.0308533 0.0375671 
423 0 0.579102 0.151978 0.0304718 0.0343628 
410 0 0.309814 0.192749 0.0310516 0.0395813 
288 0 0.361816 0.0469055 0.0328064 0.0403137 
247 0 0.260254 0.440674 0.0304718 0.0354309 
238 0 0.721191 0.776855 0.0289001 0.0333252 
176 0 0.491455 0.0323486 0.0328064 0.0396423 
55 0 0.0124664 0.989746 0.025177 0.0208282 
54 0 0.990723 0.408936 0.0179749 0.055481 
51 0 0.0405884 0.987305 0.0317993 0.0244751 
50 0 0.544434 0.57373 0.0351562 0.0437622 
49 0 0.470215 0.426025 0.0406189 0.0562439 
46 0 0.48584 0.86377 0.03125 0.0437622 
43 0 0.567871 0.104797 0.0296936 0.0365906 
42 0 0.302246 0.240601 0.0361328 0.0438843 
41 0 0.254639 0.369385 0.0277405 0.0377502 
34 0 0.583008 0.121643 0.0343628 0.0419922 
32 0 0.243774 0.154053 0.03125 0.0346375 
30 0 0.95459 0.910645 0.0343628 0.0364685 
29 0 0.00856018 0.785645 0.0173187 0.033844 
27 0 0.233643 0.577148 0.0296936 0.0416565 
26 0 0.128906 0.198975 0.0388794 0.0522156 
23 0 0.645996 0.221558 0.035553 0.0408936 
22 0 0.277344 0.227905 0.0328064 0.0384216 
21 0 0.0843506 0.806152 0.0282745 0.0375061 
20 0 0.493652 0.748047 0.0394592 0.0499878 
19 0 0.0898438 0.963379 0.0296936 0.0395813 
18 0 0.82959 0.435303 0.0343628 0.0416565 
17 0 0.192383 0.845703 0.0339966 0.0416565 
14 0 0.845215 0.754395 0.0335999 0.0463562 
13 0 0.864258 0.413574 0.0335999 0.0437622 
12 0 0.936035 0.209717 0.039856 0.0575562 
8 0 0.828125 0.985352 0.0273438 0.0296936 
7 0 0.709473 0.632324 0.03125 0.0395813 
6 0 0.836914 0.864746 0.0265656 0.0411377 
5 0 0.852539 0.234253 0.0421753 0.0510559 
4 0 0.601562 0.212524 0.03125 0.0375061 
3 0 0.764648 0.0999756 0.0308533 0.0383606 
2 0 0.238281 0.858398 0.0310516 0.0416565 
1 0 0.628906 0.60498 0.0289001 0.0406189 
