735 0 0.767578 0.140381 0.0320435 0.0427856 
734 0 0.612305 0.826172 0.0332031 0.0395813 
730 0 0.62793 0.802246 0.0343628 0.0375061 
725 0 0.832031 0.80127 0.0281219 0.0354309 
724 0 0.563477 0.160767 0.0265656 0.0346375 
718 1 0.0760498 0.841797 0.03125 0.0421753 
684 0 0.75 0.121338 0.0347595 0.0418701 
681 0 0.631348 0.0122604 0.0289001 0.0245667 
677 0 0.716309 0.786621 0.0265656 0.033844 
662 0 0.992188 0.683105 0.015625 0.0375061 
655 0 0.231201 0.46875 0.0218811 0.0294342 
640 0 0.98291 0.0196991 0.0281219 0.0344543 
639 0 0.936035 0.2052 0.0367126 0.0514221 
626 0 0.177368 0.861816 0.0338745 0.0406189 
602 0 0.637695 0.417725 0.0375061 0.0479126 
584 0 0.578125 0.149902 0.0281219 0.0366516 
569 0 0.602539 0.209351 0.0296936 0.0437622 
506 0 0.508789 0.0302277 0.0265656 0.0355835 
435 0 0.714844 0.130493 0.0300751 0.0390015 
416 0 0.860352 0.4104 0.0296936 0.0375061 
281 0 0.355957 0.0697632 0.0289001 0.0352173 
245 0 0.26123 0.432861 0.0298767 0.038269 
178 0 0.477051 0.0524292 0.0273438 0.0390015 
122 0 0.626465 0.240601 0.0320435 0.0395813 
55 0 0.0132904 0.989746 0.0264893 0.0208282 
54 0 0.989258 0.4104 0.0218811 0.0463562 
51 0 0.0421753 0.986328 0.0345459 0.0286407 
50 0 0.510742 0.60791 0.0335999 0.046875 
49 0 0.458496 0.451904 0.0347595 0.0458374 
46 0 0.487549 0.862305 0.0300751 0.0401001 
45 0 0.541992 0.986328 0.0320435 0.0270844 
43 0 0.570312 0.102112 0.0308533 0.0375061 
42 0 0.28833 0.212769 0.0335999 0.0397034 
41 0 0.227539 0.387451 0.0292969 0.0416565 
34 0 0.582031 0.121521 0.0328064 0.0384216 
32 0 0.222656 0.172974 0.0294952 0.0333252 
30 0 0.914062 0.987305 0.03125 0.0244751 
27 0 0.235962 0.570801 0.03125 0.0432434 
26 0 0.129639 0.196899 0.0343628 0.0475159 
22 0 0.266846 0.24939 0.033783 0.0408936 
21 0 0.0843506 0.803223 0.0314331 0.0395813 
19 0 0.0875244 0.962402 0.0309143 0.0401001 
18 0 0.82666 0.432373 0.0343628 0.0395813 
17 0 0.191895 0.84668 0.0333862 0.0421753 
14 0 0.833008 0.754395 0.0304718 0.0426941 
8 0 0.824219 0.989746 0.0265656 0.0208282 
7 0 0.709473 0.630371 0.03125 0.0395813 
6 0 0.833008 0.870605 0.0273438 0.0359497 
5 0 0.851562 0.236084 0.0406189 0.046875 
2 0 0.237549 0.857422 0.03125 0.0437622 
1 0 0.630371 0.617676 0.0296936 0.0395813 
