359 0 0.990723 0.679199 0.0164032 0.0463562 
347 0 0.989258 0.289551 0.0187531 0.044281 
344 0 0.778809 0.00904846 0.035553 0.0174866 
343 0 0.2229 0.279785 0.038269 0.0441284 
342 0 0.629883 0.804199 0.0375061 0.0416565 
333 0 0.00623703 0.310303 0.0125275 0.0458374 
281 0 0.371582 0.0198669 0.0290985 0.0316772 
276 0 0.65625 0.928223 0.0433655 0.0520935 
258 0 0.514648 0.0135498 0.0289001 0.0271301 
245 0 0.261719 0.438477 0.0332031 0.0408936 
236 0 0.725586 0.773926 0.0300751 0.0354309 
226 0 0.505859 0.457031 0.0328064 0.0437622 
178 0 0.503906 0.0197906 0.0296936 0.0354309 
142 0 0.638184 0.421875 0.0390625 0.0479126 
122 0 0.657715 0.186401 0.0343628 0.0397034 
55 0 0.0138702 0.989746 0.0277405 0.0208282 
54 0 0.993652 0.407715 0.0124969 0.0481873 
51 0 0.0390625 0.985352 0.0343628 0.0291595 
50 0 0.567383 0.533203 0.03125 0.0375061 
49 0 0.480469 0.4104 0.0339966 0.0466003 
46 0 0.486816 0.864746 0.0328064 0.0426941 
45 0 0.537598 0.964355 0.0285187 0.0333252 
43 0 0.568848 0.103149 0.0292969 0.0354309 
42 0 0.241821 0.192139 0.0310516 0.0402222 
41 0 0.279785 0.340576 0.0281219 0.039856 
40 0 0.54248 0.985352 0.0335999 0.0276031 
39 0 0.731445 0.122803 0.03125 0.0414124 
34 0 0.583496 0.121765 0.0328064 0.0387878 
32 0 0.255615 0.133911 0.0300751 0.0368347 
31 0 0.0144196 0.0514526 0.030304 0.0403137 
30 0 0.973633 0.853027 0.038269 0.0489502 
29 0 0.0156097 0.764648 0.0281067 0.0426941 
27 0 0.235107 0.578125 0.0308533 0.0447998 
26 0 0.130249 0.199219 0.0365295 0.0481873 
22 0 0.287598 0.217529 0.0369263 0.039856 
21 0 0.0836182 0.805176 0.0301819 0.0395813 
20 0 0.497314 0.740723 0.0429688 0.0510559 
19 0 0.0890503 0.96582 0.03125 0.0411377 
18 0 0.829102 0.435303 0.0328064 0.0416565 
17 0 0.192139 0.845703 0.0344849 0.0432434 
16 0 0.138672 0.525879 0.0349731 0.0445251 
14 0 0.848633 0.754395 0.0343628 0.0458374 
13 0 0.864746 0.412598 0.0328064 0.0416565 
12 0 0.935059 0.210449 0.0390625 0.0542908 
8 0 0.830566 0.97998 0.0296936 0.0354309 
7 0 0.709473 0.633301 0.03125 0.0375061 
6 0 0.842285 0.856445 0.0281219 0.0380249 
5 0 0.853027 0.229858 0.0437622 0.0507812 
4 0 0.602539 0.213745 0.0304718 0.0389404 
3 0 0.771973 0.0822754 0.03125 0.0390015 
2 0 0.239258 0.859375 0.0339966 0.044281 
1 0 0.629883 0.585449 0.03125 0.0416565 
