660 0 0.416748 0.991699 0.0304718 0.0166626 
659 0 0.248779 0.438477 0.0224609 0.0304718 
657 0 0.309082 0.188721 0.0271454 0.0361938 
635 0 0.635742 0.420898 0.0351562 0.0458374 
615 0 0.579102 0.150879 0.0304718 0.0369263 
604 0 0.600586 0.211182 0.0300751 0.0397034 
579 2 0.00922394 0.72998 0.0190735 0.0390625 
562 0 0.932617 0.489014 0.0335999 0.04245 
535 0 0.992188 0.685547 0.0148468 0.0416565 
534 0 0.505371 0.0222778 0.026947 0.0343323 
464 0 0.735352 0.0843506 0.0347595 0.0397644 
459 0 0.541992 0.986328 0.03125 0.0276031 
444 0 0.845215 0.379883 0.0335999 0.0406189 
288 0 0.356934 0.0584106 0.0298767 0.0376282 
247 0 0.261963 0.4375 0.0328064 0.0375061 
238 0 0.719727 0.78125 0.0296936 0.0359497 
176 0 0.48291 0.0448608 0.0281219 0.0396118 
55 0 0.0148697 0.990723 0.0263214 0.0187531 
54 0 0.990723 0.409912 0.0164032 0.0505066 
51 0 0.0414124 0.98877 0.0296173 0.0234375 
50 0 0.529785 0.59375 0.03125 0.0416565 
49 0 0.461426 0.432861 0.0390625 0.0533752 
46 0 0.48584 0.86377 0.03125 0.0411377 
43 0 0.569336 0.102905 0.0308533 0.0387878 
42 0 0.314453 0.221924 0.0326233 0.0397034 
41 0 0.24353 0.374023 0.0277405 0.0395813 
34 0 0.583008 0.12085 0.0343628 0.0419922 
32 0 0.237915 0.171875 0.0308533 0.0352783 
30 0 0.939941 0.944824 0.0296936 0.0354309 
29 0 0.0062561 0.803223 0.0124588 0.0395813 
27 0 0.234741 0.576172 0.0290985 0.0432434 
26 0 0.131226 0.197876 0.0345764 0.0458374 
23 0 0.634277 0.237549 0.0343628 0.0420532 
22 0 0.272705 0.237549 0.0328064 0.0411377 
21 0 0.0843506 0.805176 0.0281219 0.0354309 
20 0 0.490723 0.751953 0.0437622 0.046875 
19 0 0.0898438 0.962402 0.0300751 0.0375061 
18 0 0.829102 0.434326 0.0328064 0.0395813 
17 0 0.191406 0.844727 0.0328064 0.0411377 
14 0 0.842285 0.754395 0.0335999 0.046875 
13 0 0.864258 0.414551 0.0320435 0.0416565 
12 0 0.936035 0.208374 0.0406189 0.053772 
8 0 0.822754 0.98877 0.0265656 0.0229187 
7 0 0.709473 0.631348 0.03125 0.0416565 
6 0 0.834961 0.870605 0.0265656 0.0375061 
3 0 0.758789 0.0993652 0.0320435 0.0403137 
2 0 0.236694 0.858398 0.0296936 0.0416565 
1 0 0.631348 0.610352 0.0308533 0.0385437 
660 0 0.416748 0.991699 0.0304718 0.0166626 
659 0 0.248779 0.438477 0.0224609 0.0304718 
657 0 0.309082 0.188721 0.0271454 0.0361938 
635 0 0.635742 0.420898 0.0351562 0.0458374 
615 0 0.579102 0.150879 0.0304718 0.0369263 
604 0 0.600586 0.211182 0.0300751 0.0397034 
579 2 0.00922394 0.72998 0.0190735 0.0390625 
562 0 0.932617 0.489014 0.0335999 0.04245 
535 0 0.992188 0.685547 0.0148468 0.0416565 
534 0 0.505371 0.0222778 0.026947 0.0343323 
464 0 0.735352 0.0843506 0.0347595 0.0397644 
459 0 0.541992 0.986328 0.03125 0.0276031 
444 0 0.845215 0.379883 0.0335999 0.0406189 
288 0 0.356934 0.0584106 0.0298767 0.0376282 
247 0 0.261963 0.4375 0.0328064 0.0375061 
238 0 0.719727 0.78125 0.0296936 0.0359497 
176 0 0.48291 0.0448608 0.0281219 0.0396118 
55 0 0.0148697 0.990723 0.0263214 0.0187531 
54 0 0.990723 0.409912 0.0164032 0.0505066 
51 0 0.0414124 0.98877 0.0296173 0.0234375 
50 0 0.529785 0.59375 0.03125 0.0416565 
49 0 0.461426 0.432861 0.0390625 0.0533752 
46 0 0.48584 0.86377 0.03125 0.0411377 
43 0 0.569336 0.102905 0.0308533 0.0387878 
42 0 0.314453 0.221924 0.0326233 0.0397034 
41 0 0.24353 0.374023 0.0277405 0.0395813 
34 0 0.583008 0.12085 0.0343628 0.0419922 
32 0 0.237915 0.171875 0.0308533 0.0352783 
30 0 0.939941 0.944824 0.0296936 0.0354309 
29 0 0.0062561 0.803223 0.0124588 0.0395813 
27 0 0.234741 0.576172 0.0290985 0.0432434 
26 0 0.131226 0.197876 0.0345764 0.0458374 
23 0 0.634277 0.237549 0.0343628 0.0420532 
22 0 0.272705 0.237549 0.0328064 0.0411377 
21 0 0.0843506 0.805176 0.0281219 0.0354309 
20 0 0.490723 0.751953 0.0437622 0.046875 
19 0 0.0898438 0.962402 0.0300751 0.0375061 
18 0 0.829102 0.434326 0.0328064 0.0395813 
17 0 0.191406 0.844727 0.0328064 0.0411377 
14 0 0.842285 0.754395 0.0335999 0.046875 
13 0 0.864258 0.414551 0.0320435 0.0416565 
12 0 0.936035 0.208374 0.0406189 0.053772 
8 0 0.822754 0.98877 0.0265656 0.0229187 
7 0 0.709473 0.631348 0.03125 0.0416565 
6 0 0.834961 0.870605 0.0265656 0.0375061 
3 0 0.758789 0.0993652 0.0320435 0.0403137 
2 0 0.236694 0.858398 0.0296936 0.0416565 
1 0 0.631348 0.610352 0.0308533 0.0385437 
