465 0 0.628906 0.804199 0.035553 0.0421753 
464 0 0.770508 0.0210571 0.0339966 0.0360107 
463 0 0.653809 0.927246 0.0421753 0.0541687 
459 0 0.540527 0.98877 0.0308533 0.0234375 
444 0 0.657227 0.568359 0.0292969 0.0354309 
439 1 0.90332 0.193604 0.0320435 0.0419312 
438 0 0.992188 0.679199 0.0132828 0.0453186 
431 0 0.278809 0.393799 0.0248108 0.0304718 
423 0 0.577148 0.152954 0.0265656 0.0343628 
410 0 0.310303 0.190552 0.0308533 0.0372314 
355 0 0.0359497 0.262207 0.0338745 0.0462341 
288 0 0.365723 0.03125 0.0345764 0.0411377 
260 0 0.513184 0.0166626 0.0265656 0.0284729 
247 0 0.260986 0.439697 0.0343628 0.0416565 
238 0 0.725098 0.773926 0.03125 0.0354309 
227 0 0.0371399 0.558105 0.0334473 0.0401001 
176 0 0.5 0.0229187 0.0335999 0.0375671 
55 0 0.0140533 0.989746 0.02771 0.0208282 
54 0 0.993164 0.408936 0.014061 0.0528564 
51 0 0.0391235 0.986328 0.0335388 0.0265656 
50 0 0.558594 0.541504 0.0335999 0.0411377 
49 0 0.477051 0.413574 0.0367126 0.0481873 
46 0 0.486816 0.864746 0.0296936 0.0416565 
45 0 0.525879 0.987305 0.0332031 0.0249939 
43 0 0.569336 0.103149 0.0296936 0.0354309 
42 0 0.282227 0.247437 0.0343628 0.0379028 
41 0 0.270264 0.359375 0.0285187 0.0393372 
39 0 0.620117 0.0549927 0.0316467 0.0365295 
34 0 0.584473 0.12085 0.0324097 0.0395813 
32 0 0.246094 0.151001 0.0296936 0.0345154 
30 0 0.970215 0.869629 0.0351562 0.0411377 
29 0 0.014061 0.771973 0.0249023 0.0395813 
27 0 0.235107 0.578125 0.0328064 0.044281 
26 0 0.129639 0.199219 0.0384827 0.0505066 
23 0 0.65625 0.196899 0.0359497 0.0432434 
22 0 0.282715 0.219849 0.0341797 0.0389404 
21 0 0.0835571 0.807129 0.0315552 0.0390625 
20 0 0.496826 0.744629 0.0410156 0.0484314 
19 0 0.0890503 0.964355 0.0309143 0.0375061 
18 0 0.82959 0.435303 0.03125 0.0406189 
17 0 0.192139 0.84668 0.0372009 0.0463562 
14 0 0.84668 0.755371 0.03125 0.0437622 
13 0 0.864258 0.413574 0.0343628 0.0434875 
12 0 0.936035 0.208374 0.0367126 0.0526123 
8 0 0.831055 0.983398 0.0281219 0.0333252 
7 0 0.709473 0.634277 0.0316467 0.0395813 
6 0 0.84082 0.859375 0.0265656 0.0375061 
5 0 0.853027 0.22937 0.0437622 0.049469 
4 0 0.603027 0.214355 0.03125 0.0384216 
3 0 0.768066 0.0906372 0.0324097 0.0397644 
2 0 0.239502 0.857422 0.0326233 0.0395813 
1 0 0.629883 0.599121 0.0316467 0.0401001 
465 0 0.628906 0.804199 0.035553 0.0421753 
464 0 0.770508 0.0210571 0.0339966 0.0360107 
463 0 0.653809 0.927246 0.0421753 0.0541687 
459 0 0.540527 0.98877 0.0308533 0.0234375 
444 0 0.657227 0.568359 0.0292969 0.0354309 
439 1 0.90332 0.193604 0.0320435 0.0419312 
438 0 0.992188 0.679199 0.0132828 0.0453186 
431 0 0.278809 0.393799 0.0248108 0.0304718 
423 0 0.577148 0.152954 0.0265656 0.0343628 
410 0 0.310303 0.190552 0.0308533 0.0372314 
355 0 0.0359497 0.262207 0.0338745 0.0462341 
288 0 0.365723 0.03125 0.0345764 0.0411377 
260 0 0.513184 0.0166626 0.0265656 0.0284729 
247 0 0.260986 0.439697 0.0343628 0.0416565 
238 0 0.725098 0.773926 0.03125 0.0354309 
227 0 0.0371399 0.558105 0.0334473 0.0401001 
176 0 0.5 0.0229187 0.0335999 0.0375671 
55 0 0.0140533 0.989746 0.02771 0.0208282 
54 0 0.993164 0.408936 0.014061 0.0528564 
51 0 0.0391235 0.986328 0.0335388 0.0265656 
50 0 0.558594 0.541504 0.0335999 0.0411377 
49 0 0.477051 0.413574 0.0367126 0.0481873 
46 0 0.486816 0.864746 0.0296936 0.0416565 
45 0 0.525879 0.987305 0.0332031 0.0249939 
43 0 0.569336 0.103149 0.0296936 0.0354309 
42 0 0.282227 0.247437 0.0343628 0.0379028 
41 0 0.270264 0.359375 0.0285187 0.0393372 
39 0 0.620117 0.0549927 0.0316467 0.0365295 
34 0 0.584473 0.12085 0.0324097 0.0395813 
32 0 0.246094 0.151001 0.0296936 0.0345154 
30 0 0.970215 0.869629 0.0351562 0.0411377 
29 0 0.014061 0.771973 0.0249023 0.0395813 
27 0 0.235107 0.578125 0.0328064 0.044281 
26 0 0.129639 0.199219 0.0384827 0.0505066 
23 0 0.65625 0.196899 0.0359497 0.0432434 
22 0 0.282715 0.219849 0.0341797 0.0389404 
21 0 0.0835571 0.807129 0.0315552 0.0390625 
20 0 0.496826 0.744629 0.0410156 0.0484314 
19 0 0.0890503 0.964355 0.0309143 0.0375061 
18 0 0.82959 0.435303 0.03125 0.0406189 
17 0 0.192139 0.84668 0.0372009 0.0463562 
14 0 0.84668 0.755371 0.03125 0.0437622 
13 0 0.864258 0.413574 0.0343628 0.0434875 
12 0 0.936035 0.208374 0.0367126 0.0526123 
8 0 0.831055 0.983398 0.0281219 0.0333252 
7 0 0.709473 0.634277 0.0316467 0.0395813 
6 0 0.84082 0.859375 0.0265656 0.0375061 
5 0 0.853027 0.22937 0.0437622 0.049469 
4 0 0.603027 0.214355 0.03125 0.0384216 
3 0 0.768066 0.0906372 0.0324097 0.0397644 
2 0 0.239502 0.857422 0.0326233 0.0395813 
1 0 0.629883 0.599121 0.0316467 0.0401001 
