606 0 0.493652 0.0271301 0.0335999 0.0386963 
602 0 0.708008 0.447754 0.0277405 0.0380249 
596 0 0.575195 0.11145 0.0335999 0.0395813 
579 2 0.0130157 0.726074 0.0257874 0.0359497 
562 0 0.967285 0.365723 0.0320435 0.0390625 
547 0 0.638184 0.421875 0.0359497 0.0437622 
535 0 0.990723 0.683105 0.014061 0.0406189 
534 0 0.502441 0.0176849 0.0328064 0.0350647 
464 0 0.747559 0.0670776 0.0339966 0.0409241 
459 0 0.541504 0.985352 0.0335999 0.0291595 
444 0 0.761719 0.406982 0.0300751 0.0406189 
439 1 0.754883 0.0103683 0.0289001 0.0251007 
423 0 0.577148 0.150757 0.0320435 0.0371094 
288 0 0.359375 0.0511169 0.0281219 0.0351868 
247 0 0.26123 0.438477 0.0304718 0.0354309 
238 0 0.719727 0.78125 0.0296936 0.0333252 
176 0 0.487549 0.0385437 0.0304718 0.039093 
55 0 0.0130386 0.989746 0.0259705 0.0197906 
54 0 0.991211 0.409424 0.0171814 0.0520935 
51 0 0.0398865 0.986328 0.0325928 0.0270844 
50 0 0.538086 0.581055 0.0328064 0.0426941 
49 0 0.467285 0.430176 0.0375061 0.0515747 
46 0 0.48584 0.864746 0.03125 0.0426941 
43 0 0.568848 0.104187 0.0289001 0.0337219 
42 0 0.308594 0.231323 0.0332031 0.0385437 
41 0 0.248657 0.371826 0.0300751 0.0395813 
34 0 0.583008 0.121765 0.0332031 0.0419312 
32 0 0.24292 0.15625 0.0298767 0.0333252 
30 0 0.947754 0.924805 0.0328064 0.0369873 
29 0 0.00780487 0.791504 0.0155869 0.0406189 
27 0 0.232788 0.577148 0.0281219 0.0416565 
26 0 0.129639 0.199585 0.0374146 0.0513 
23 0 0.641602 0.230225 0.0332031 0.0394592 
22 0 0.275879 0.231201 0.03302 0.0380249 
21 0 0.0843506 0.804199 0.0282745 0.0375061 
20 0 0.490723 0.751953 0.0429688 0.0453186 
19 0 0.0890503 0.962891 0.03125 0.0426941 
18 0 0.82959 0.434326 0.0320435 0.0395813 
17 0 0.191406 0.84668 0.0356445 0.0437622 
14 0 0.84375 0.755371 0.0335999 0.0479126 
13 0 0.864746 0.413574 0.0328064 0.0434875 
12 0 0.936035 0.209351 0.039856 0.0596313 
8 0 0.825195 0.986328 0.0281219 0.0270844 
7 0 0.709473 0.632324 0.03125 0.0395813 
6 0 0.835938 0.865723 0.0281219 0.0426941 
5 0 0.851562 0.234863 0.0406189 0.0502625 
3 0 0.760254 0.0999756 0.0304718 0.0375061 
2 0 0.238281 0.858398 0.0302734 0.0416565 
1 0 0.631348 0.610352 0.03125 0.0432434 
606 0 0.493652 0.0271301 0.0335999 0.0386963 
602 0 0.708008 0.447754 0.0277405 0.0380249 
596 0 0.575195 0.11145 0.0335999 0.0395813 
579 2 0.0130157 0.726074 0.0257874 0.0359497 
562 0 0.967285 0.365723 0.0320435 0.0390625 
547 0 0.638184 0.421875 0.0359497 0.0437622 
535 0 0.990723 0.683105 0.014061 0.0406189 
534 0 0.502441 0.0176849 0.0328064 0.0350647 
464 0 0.747559 0.0670776 0.0339966 0.0409241 
459 0 0.541504 0.985352 0.0335999 0.0291595 
444 0 0.761719 0.406982 0.0300751 0.0406189 
439 1 0.754883 0.0103683 0.0289001 0.0251007 
423 0 0.577148 0.150757 0.0320435 0.0371094 
288 0 0.359375 0.0511169 0.0281219 0.0351868 
247 0 0.26123 0.438477 0.0304718 0.0354309 
238 0 0.719727 0.78125 0.0296936 0.0333252 
176 0 0.487549 0.0385437 0.0304718 0.039093 
55 0 0.0130386 0.989746 0.0259705 0.0197906 
54 0 0.991211 0.409424 0.0171814 0.0520935 
51 0 0.0398865 0.986328 0.0325928 0.0270844 
50 0 0.538086 0.581055 0.0328064 0.0426941 
49 0 0.467285 0.430176 0.0375061 0.0515747 
46 0 0.48584 0.864746 0.03125 0.0426941 
43 0 0.568848 0.104187 0.0289001 0.0337219 
42 0 0.308594 0.231323 0.0332031 0.0385437 
41 0 0.248657 0.371826 0.0300751 0.0395813 
34 0 0.583008 0.121765 0.0332031 0.0419312 
32 0 0.24292 0.15625 0.0298767 0.0333252 
30 0 0.947754 0.924805 0.0328064 0.0369873 
29 0 0.00780487 0.791504 0.0155869 0.0406189 
27 0 0.232788 0.577148 0.0281219 0.0416565 
26 0 0.129639 0.199585 0.0374146 0.0513 
23 0 0.641602 0.230225 0.0332031 0.0394592 
22 0 0.275879 0.231201 0.03302 0.0380249 
21 0 0.0843506 0.804199 0.0282745 0.0375061 
20 0 0.490723 0.751953 0.0429688 0.0453186 
19 0 0.0890503 0.962891 0.03125 0.0426941 
18 0 0.82959 0.434326 0.0320435 0.0395813 
17 0 0.191406 0.84668 0.0356445 0.0437622 
14 0 0.84375 0.755371 0.0335999 0.0479126 
13 0 0.864746 0.413574 0.0328064 0.0434875 
12 0 0.936035 0.209351 0.039856 0.0596313 
8 0 0.825195 0.986328 0.0281219 0.0270844 
7 0 0.709473 0.632324 0.03125 0.0395813 
6 0 0.835938 0.865723 0.0281219 0.0426941 
5 0 0.851562 0.234863 0.0406189 0.0502625 
3 0 0.760254 0.0999756 0.0304718 0.0375061 
2 0 0.238281 0.858398 0.0302734 0.0416565 
1 0 0.631348 0.610352 0.03125 0.0432434 
