304 0 0.0171814 0.984375 0.0285645 0.0270844 
297 0 0.311035 0.188721 0.0283203 0.0359497 
294 0 0.00727463 0.282715 0.0147247 0.0458374 
288 0 0.372559 0.0115128 0.0265656 0.0232544 
285 0 0.57666 0.106262 0.0375061 0.0498657 
280 0 0.655273 0.92627 0.0402222 0.0489502 
260 0 0.520508 0.0114594 0.0281219 0.0229492 
253 0 0.317627 0.0806885 0.0333862 0.0377808 
248 0 0.978027 0.861328 0.0281219 0.0364685 
247 0 0.262939 0.438232 0.0306702 0.0385437 
246 0 0.81543 0.968262 0.0281219 0.0395813 
238 0 0.729492 0.767578 0.0285187 0.0359497 
227 0 0.173462 0.524414 0.0335083 0.0411377 
221 0 0.0372009 0.381592 0.0336914 0.0473938 
176 0 0.497559 0.0218048 0.0296936 0.0363159 
140 0 0.636719 0.421631 0.0359497 0.0473938 
117 0 0.628906 0.804199 0.0359497 0.0416565 
55 0 0.0132675 0.989746 0.026535 0.0192719 
54 0 0.994629 0.407227 0.0109406 0.0492249 
51 0 0.039856 0.985352 0.0328064 0.0291595 
50 0 0.573242 0.521973 0.0316467 0.0393372 
49 0 0.48877 0.405273 0.0289001 0.0395813 
46 0 0.483887 0.866699 0.038269 0.0463562 
45 0 0.54834 0.943848 0.0281219 0.0328064 
43 0 0.568848 0.103149 0.0281219 0.035553 
42 0 0.225342 0.186401 0.0283203 0.0391846 
41 0 0.289062 0.328125 0.0275421 0.0387878 
40 0 0.541504 0.985352 0.0359497 0.0291595 
39 0 0.777344 0.26416 0.0335999 0.0416565 
34 0 0.583496 0.119812 0.0328064 0.0397644 
32 0 0.262451 0.126221 0.0304718 0.0387878 
31 0 0.0809937 0.209595 0.030365 0.0389404 
30 0 0.981445 0.83252 0.0304718 0.0395813 
29 0 0.0193481 0.750977 0.0290833 0.0426941 
27 0 0.234741 0.579102 0.0302734 0.044281 
26 0 0.13208 0.197998 0.0339966 0.0447998 
23 0 0.661621 0.177368 0.035553 0.040741 
22 0 0.282715 0.217651 0.0335999 0.039856 
21 0 0.0836182 0.806152 0.0296936 0.0375061 
20 0 0.499268 0.73877 0.042572 0.0479126 
19 0 0.0882568 0.964355 0.0328064 0.0401001 
18 0 0.82959 0.434326 0.0335999 0.0416565 
17 0 0.192505 0.844727 0.0333862 0.0421753 
16 0 0.414062 0.431396 0.0302734 0.0416565 
14 0 0.850586 0.750977 0.0359497 0.0437622 
13 0 0.865723 0.4104 0.0335999 0.0416565 
12 0 0.936035 0.210327 0.0406189 0.0572815 
8 0 0.834473 0.976562 0.0265656 0.0343628 
7 0 0.709473 0.634277 0.0320435 0.0411377 
6 0 0.842773 0.853027 0.0265656 0.0343628 
5 0 0.852539 0.22876 0.0453186 0.0531311 
4 0 0.604004 0.215332 0.0296936 0.0363159 
3 0 0.772461 0.078125 0.0328064 0.0394592 
2 0 0.240967 0.853027 0.0318298 0.0437622 
1 0 0.632812 0.580078 0.0308533 0.0385437 
304 0 0.0171814 0.984375 0.0285645 0.0270844 
297 0 0.311035 0.188721 0.0283203 0.0359497 
294 0 0.00727463 0.282715 0.0147247 0.0458374 
288 0 0.372559 0.0115128 0.0265656 0.0232544 
285 0 0.57666 0.106262 0.0375061 0.0498657 
280 0 0.655273 0.92627 0.0402222 0.0489502 
260 0 0.520508 0.0114594 0.0281219 0.0229492 
253 0 0.317627 0.0806885 0.0333862 0.0377808 
248 0 0.978027 0.861328 0.0281219 0.0364685 
247 0 0.262939 0.438232 0.0306702 0.0385437 
246 0 0.81543 0.968262 0.0281219 0.0395813 
238 0 0.729492 0.767578 0.0285187 0.0359497 
227 0 0.173462 0.524414 0.0335083 0.0411377 
221 0 0.0372009 0.381592 0.0336914 0.0473938 
176 0 0.497559 0.0218048 0.0296936 0.0363159 
140 0 0.636719 0.421631 0.0359497 0.0473938 
117 0 0.628906 0.804199 0.0359497 0.0416565 
55 0 0.0132675 0.989746 0.026535 0.0192719 
54 0 0.994629 0.407227 0.0109406 0.0492249 
51 0 0.039856 0.985352 0.0328064 0.0291595 
50 0 0.573242 0.521973 0.0316467 0.0393372 
49 0 0.48877 0.405273 0.0289001 0.0395813 
46 0 0.483887 0.866699 0.038269 0.0463562 
45 0 0.54834 0.943848 0.0281219 0.0328064 
43 0 0.568848 0.103149 0.0281219 0.035553 
42 0 0.225342 0.186401 0.0283203 0.0391846 
41 0 0.289062 0.328125 0.0275421 0.0387878 
40 0 0.541504 0.985352 0.0359497 0.0291595 
39 0 0.777344 0.26416 0.0335999 0.0416565 
34 0 0.583496 0.119812 0.0328064 0.0397644 
32 0 0.262451 0.126221 0.0304718 0.0387878 
31 0 0.0809937 0.209595 0.030365 0.0389404 
30 0 0.981445 0.83252 0.0304718 0.0395813 
29 0 0.0193481 0.750977 0.0290833 0.0426941 
27 0 0.234741 0.579102 0.0302734 0.044281 
26 0 0.13208 0.197998 0.0339966 0.0447998 
23 0 0.661621 0.177368 0.035553 0.040741 
22 0 0.282715 0.217651 0.0335999 0.039856 
21 0 0.0836182 0.806152 0.0296936 0.0375061 
20 0 0.499268 0.73877 0.042572 0.0479126 
19 0 0.0882568 0.964355 0.0328064 0.0401001 
18 0 0.82959 0.434326 0.0335999 0.0416565 
17 0 0.192505 0.844727 0.0333862 0.0421753 
16 0 0.414062 0.431396 0.0302734 0.0416565 
14 0 0.850586 0.750977 0.0359497 0.0437622 
13 0 0.865723 0.4104 0.0335999 0.0416565 
12 0 0.936035 0.210327 0.0406189 0.0572815 
8 0 0.834473 0.976562 0.0265656 0.0343628 
7 0 0.709473 0.634277 0.0320435 0.0411377 
6 0 0.842773 0.853027 0.0265656 0.0343628 
5 0 0.852539 0.22876 0.0453186 0.0531311 
4 0 0.604004 0.215332 0.0296936 0.0363159 
3 0 0.772461 0.078125 0.0328064 0.0394592 
2 0 0.240967 0.853027 0.0318298 0.0437622 
1 0 0.632812 0.580078 0.0308533 0.0385437 
