302 0 0.989746 0.679199 0.0171814 0.046875 
300 0 0.339844 0.00837708 0.03125 0.0166779 
288 0 0.311279 0.189209 0.0283203 0.0359497 
281 0 0.373535 0.0116043 0.028717 0.0237885 
276 0 0.65625 0.92627 0.039856 0.0484314 
258 0 0.518555 0.0118179 0.0273438 0.0237579 
251 0 0.315674 0.112122 0.0326233 0.039856 
246 0 0.978027 0.862305 0.0296936 0.0369873 
245 0 0.262451 0.438477 0.03125 0.0395813 
244 0 0.808594 0.97998 0.0277405 0.0359497 
236 0 0.729004 0.767578 0.0292969 0.0354309 
226 0 0.42627 0.424561 0.0351562 0.0434875 
221 0 0.038147 0.381348 0.0350647 0.0484314 
178 0 0.495361 0.0218048 0.0292969 0.0361938 
142 0 0.637695 0.421631 0.0367126 0.0484314 
122 0 0.661133 0.178955 0.0343628 0.0406189 
119 0 0.628906 0.804199 0.0359497 0.0416565 
55 0 0.0130844 0.990723 0.0262756 0.0192719 
54 0 0.994629 0.408447 0.0109406 0.049469 
51 0 0.039856 0.985352 0.0328064 0.0291595 
50 0 0.571777 0.522949 0.0339966 0.0414124 
49 0 0.488281 0.404541 0.0296936 0.0401001 
46 0 0.481934 0.866699 0.0390625 0.0458374 
45 0 0.546875 0.944824 0.0281219 0.0317688 
43 0 0.569336 0.102356 0.0289001 0.0365295 
42 0 0.223877 0.185181 0.0285187 0.0391846 
41 0 0.287598 0.328369 0.0279236 0.0390625 
40 0 0.540527 0.985352 0.0343628 0.0291595 
39 0 0.756836 0.258057 0.0324097 0.040741 
34 0 0.583496 0.119812 0.0328064 0.0401001 
32 0 0.260254 0.126953 0.0304718 0.0384827 
31 0 0.0738525 0.191162 0.0296936 0.0394592 
30 0 0.979492 0.834473 0.03125 0.0385437 
29 0 0.0187378 0.752441 0.0281982 0.0426941 
27 0 0.235962 0.579102 0.03125 0.0458374 
26 0 0.131226 0.198975 0.0344849 0.0441284 
22 0 0.282715 0.21875 0.0335999 0.039856 
21 0 0.0836182 0.805176 0.0296936 0.0385437 
20 0 0.498535 0.73877 0.0437622 0.0489502 
19 0 0.0882568 0.96582 0.0328674 0.0411377 
18 0 0.82959 0.435303 0.0343628 0.0408936 
17 0 0.192139 0.844727 0.0343628 0.0437622 
16 0 0.167358 0.52832 0.0328064 0.0408936 
14 0 0.850586 0.751465 0.0359497 0.0447998 
13 0 0.865723 0.4104 0.03125 0.0416565 
12 0 0.936035 0.210205 0.039856 0.0575562 
8 0 0.833496 0.977051 0.0265656 0.0333252 
7 0 0.709473 0.633301 0.0324097 0.0416565 
6 0 0.842773 0.853027 0.0265656 0.0354309 
5 0 0.852539 0.229126 0.0453186 0.053894 
4 0 0.602539 0.2146 0.0308533 0.0368347 
3 0 0.772461 0.078125 0.0328064 0.0395813 
2 0 0.241455 0.854004 0.0310516 0.0416565 
1 0 0.631836 0.58252 0.0308533 0.0395813 
