388 0 0.410156 0.216675 0.0419922 0.0544128 
386 0 0.312012 0.190796 0.0326233 0.0385437 
385 0 0.653809 0.92627 0.0414124 0.0515747 
383 0 0.111694 0.0132294 0.036377 0.0287476 
377 0 0.639648 0.42041 0.039856 0.0518188 
374 0 0.990723 0.680176 0.0148468 0.0479126 
358 0 0.469238 0.466064 0.0328064 0.0481873 
347 0 0.948242 0.255615 0.0343628 0.0446472 
344 0 0.777344 0.0125427 0.0324097 0.0247955 
343 0 0.129517 0.278809 0.0391541 0.0483093 
333 0 0.00623703 0.321777 0.0125275 0.0473938 
281 0 0.36792 0.0229492 0.0328064 0.0372314 
258 0 0.513184 0.0156403 0.0285187 0.0271149 
245 0 0.260498 0.438477 0.0353394 0.0437622 
236 0 0.725586 0.773926 0.0296936 0.0354309 
178 0 0.503906 0.0219116 0.0304718 0.035675 
122 0 0.657227 0.192017 0.0367126 0.0434875 
55 0 0.0142593 0.989746 0.0284729 0.0208282 
54 0 0.992188 0.408447 0.015625 0.0515747 
51 0 0.0390625 0.986328 0.0343628 0.0270844 
50 0 0.563965 0.538574 0.038269 0.0450439 
49 0 0.479004 0.411377 0.038269 0.0513 
46 0 0.48584 0.865234 0.0343628 0.0447998 
45 0 0.532715 0.976074 0.0324097 0.0343628 
43 0 0.569336 0.103149 0.0296936 0.0354309 
42 0 0.256348 0.218994 0.0347595 0.0441284 
41 0 0.276611 0.3479 0.0308533 0.0414124 
40 0 0.541016 0.986328 0.0328064 0.0260468 
39 0 0.698242 0.088562 0.0320435 0.0415344 
34 0 0.584473 0.121094 0.03125 0.038269 
32 0 0.251465 0.143799 0.0357361 0.0404358 
30 0 0.973633 0.859375 0.0375061 0.0437622 
29 0 0.0140381 0.77002 0.025238 0.0401001 
27 0 0.235107 0.578125 0.0328064 0.0447998 
26 0 0.130493 0.198975 0.0392456 0.0527344 
22 0 0.284424 0.21875 0.0349731 0.0420532 
21 0 0.0844116 0.805176 0.0310516 0.0395813 
20 0 0.497559 0.743652 0.0441284 0.0499878 
19 0 0.0890503 0.964355 0.03125 0.0416565 
18 0 0.82959 0.435303 0.0343628 0.0416565 
17 0 0.192627 0.845703 0.0365295 0.0458374 
16 0 0.105347 0.538574 0.0349121 0.0416565 
14 0 0.848633 0.755371 0.0343628 0.0437622 
13 0 0.864258 0.412598 0.0335999 0.0421753 
12 0 0.936035 0.208374 0.0406189 0.0548096 
8 0 0.831055 0.981445 0.0281219 0.0333252 
7 0 0.709961 0.633301 0.0316467 0.0406189 
6 0 0.841309 0.857422 0.0265656 0.0385437 
5 0 0.853027 0.229126 0.0437622 0.0518188 
4 0 0.602539 0.214355 0.0324097 0.0402222 
3 0 0.769531 0.086853 0.0316467 0.0377502 
2 0 0.239868 0.856445 0.0322266 0.0421753 
1 0 0.62793 0.59082 0.0324097 0.0421753 
