538 2 0.696777 0.0145798 0.03125 0.0285187 
536 0 0.569336 0.159058 0.0304718 0.037384 
535 0 0.989746 0.683105 0.0171814 0.0416565 
534 0 0.504883 0.0166779 0.035553 0.0341492 
464 0 0.759277 0.0489197 0.0343628 0.0440674 
459 0 0.541504 0.985352 0.0328064 0.0291595 
444 0 0.705566 0.512695 0.0332031 0.0403748 
439 1 0.820312 0.0803833 0.0304718 0.0372009 
423 0 0.577148 0.153076 0.0296936 0.0354309 
288 0 0.362549 0.0418091 0.0333862 0.0422974 
247 0 0.260986 0.44165 0.03125 0.0375061 
238 0 0.722656 0.774902 0.0296936 0.0333252 
176 0 0.496094 0.0288696 0.0367126 0.0430298 
55 0 0.0132065 0.989746 0.0263214 0.0208282 
54 0 0.992188 0.407227 0.0164032 0.0533752 
51 0 0.039856 0.986328 0.0328064 0.0270844 
50 0 0.547852 0.569824 0.0363159 0.044281 
49 0 0.470215 0.424072 0.039856 0.0567627 
46 0 0.486816 0.864746 0.0296936 0.0416565 
43 0 0.568848 0.105713 0.0304718 0.0375671 
42 0 0.306152 0.246826 0.0361328 0.0430908 
41 0 0.25708 0.368408 0.0300751 0.0395813 
34 0 0.583008 0.121887 0.0343628 0.0434875 
32 0 0.243774 0.153198 0.0316467 0.0364685 
30 0 0.958496 0.904297 0.0328064 0.0364685 
29 0 0.0101471 0.780273 0.019989 0.0395813 
27 0 0.233154 0.578125 0.0302734 0.0437622 
26 0 0.12915 0.199951 0.0402222 0.0544128 
23 0 0.650879 0.215576 0.0359497 0.039978 
22 0 0.279785 0.226074 0.0347595 0.0402222 
21 0 0.083313 0.805664 0.030426 0.0385437 
20 0 0.494629 0.748047 0.0414124 0.0489502 
19 0 0.0890503 0.963379 0.03125 0.0395813 
18 0 0.830566 0.435303 0.0359497 0.04245 
17 0 0.192993 0.84668 0.0360413 0.044281 
14 0 0.846191 0.75293 0.0328064 0.0479126 
13 0 0.864258 0.413574 0.0343628 0.0437622 
12 0 0.936523 0.209595 0.0390625 0.0583191 
8 0 0.82959 0.984375 0.0289001 0.0328064 
7 0 0.708496 0.633301 0.0324097 0.0416565 
6 0 0.838379 0.861328 0.0265656 0.0369873 
5 0 0.852539 0.232666 0.0406189 0.0515747 
4 0 0.601074 0.212158 0.0296936 0.035675 
3 0 0.764648 0.0979004 0.0289001 0.0375061 
2 0 0.238647 0.857422 0.0333862 0.044281 
1 0 0.629883 0.604492 0.0304718 0.0385437 
538 2 0.696777 0.0145798 0.03125 0.0285187 
536 0 0.569336 0.159058 0.0304718 0.037384 
535 0 0.989746 0.683105 0.0171814 0.0416565 
534 0 0.504883 0.0166779 0.035553 0.0341492 
464 0 0.759277 0.0489197 0.0343628 0.0440674 
459 0 0.541504 0.985352 0.0328064 0.0291595 
444 0 0.705566 0.512695 0.0332031 0.0403748 
439 1 0.820312 0.0803833 0.0304718 0.0372009 
423 0 0.577148 0.153076 0.0296936 0.0354309 
288 0 0.362549 0.0418091 0.0333862 0.0422974 
247 0 0.260986 0.44165 0.03125 0.0375061 
238 0 0.722656 0.774902 0.0296936 0.0333252 
176 0 0.496094 0.0288696 0.0367126 0.0430298 
55 0 0.0132065 0.989746 0.0263214 0.0208282 
54 0 0.992188 0.407227 0.0164032 0.0533752 
51 0 0.039856 0.986328 0.0328064 0.0270844 
50 0 0.547852 0.569824 0.0363159 0.044281 
49 0 0.470215 0.424072 0.039856 0.0567627 
46 0 0.486816 0.864746 0.0296936 0.0416565 
43 0 0.568848 0.105713 0.0304718 0.0375671 
42 0 0.306152 0.246826 0.0361328 0.0430908 
41 0 0.25708 0.368408 0.0300751 0.0395813 
34 0 0.583008 0.121887 0.0343628 0.0434875 
32 0 0.243774 0.153198 0.0316467 0.0364685 
30 0 0.958496 0.904297 0.0328064 0.0364685 
29 0 0.0101471 0.780273 0.019989 0.0395813 
27 0 0.233154 0.578125 0.0302734 0.0437622 
26 0 0.12915 0.199951 0.0402222 0.0544128 
23 0 0.650879 0.215576 0.0359497 0.039978 
22 0 0.279785 0.226074 0.0347595 0.0402222 
21 0 0.083313 0.805664 0.030426 0.0385437 
20 0 0.494629 0.748047 0.0414124 0.0489502 
19 0 0.0890503 0.963379 0.03125 0.0395813 
18 0 0.830566 0.435303 0.0359497 0.04245 
17 0 0.192993 0.84668 0.0360413 0.044281 
14 0 0.846191 0.75293 0.0328064 0.0479126 
13 0 0.864258 0.413574 0.0343628 0.0437622 
12 0 0.936523 0.209595 0.0390625 0.0583191 
8 0 0.82959 0.984375 0.0289001 0.0328064 
7 0 0.708496 0.633301 0.0324097 0.0416565 
6 0 0.838379 0.861328 0.0265656 0.0369873 
5 0 0.852539 0.232666 0.0406189 0.0515747 
4 0 0.601074 0.212158 0.0296936 0.035675 
3 0 0.764648 0.0979004 0.0289001 0.0375061 
2 0 0.238647 0.857422 0.0333862 0.044281 
1 0 0.629883 0.604492 0.0304718 0.0385437 
