430 0 0.539062 0.98877 0.03125 0.0234375 
416 0 0.647461 0.566895 0.0296936 0.0348816 
412 1 0.90918 0.206543 0.0320435 0.039978 
411 0 0.991211 0.679199 0.014061 0.0458374 
404 0 0.278809 0.395752 0.0265656 0.0330811 
398 0 0.577148 0.152222 0.0277405 0.0343628 
386 0 0.311035 0.189819 0.0322266 0.0371094 
343 0 0.0354614 0.274902 0.0351868 0.0469971 
281 0 0.365723 0.0302429 0.0347595 0.0402222 
258 0 0.51416 0.0156708 0.0261688 0.0274353 
245 0 0.260986 0.439697 0.0343628 0.0416565 
236 0 0.725098 0.773926 0.03125 0.0359497 
178 0 0.500977 0.022934 0.0324097 0.0375366 
122 0 0.65625 0.195801 0.0347595 0.0416565 
55 0 0.0134659 0.989746 0.0271759 0.0208282 
54 0 0.992188 0.408936 0.015625 0.0528564 
51 0 0.039856 0.986328 0.0328064 0.0260468 
50 0 0.560059 0.540527 0.0335999 0.0401001 
49 0 0.477295 0.413574 0.0367126 0.0487061 
46 0 0.486816 0.864746 0.0296936 0.0416565 
45 0 0.525879 0.987305 0.0332031 0.025528 
43 0 0.569336 0.103149 0.0300751 0.0354309 
42 0 0.279785 0.24585 0.0363159 0.038147 
41 0 0.270996 0.359131 0.0296936 0.0385437 
39 0 0.62207 0.0534973 0.0328064 0.0374451 
34 0 0.583496 0.121643 0.0328064 0.0397644 
32 0 0.246094 0.150024 0.0302734 0.0339966 
30 0 0.969727 0.870605 0.0359497 0.0421753 
29 0 0.0140533 0.771973 0.024765 0.0385437 
27 0 0.234741 0.578125 0.0322266 0.0437622 
26 0 0.129639 0.198975 0.0402222 0.0516968 
22 0 0.282959 0.218628 0.0347595 0.038269 
21 0 0.0838013 0.806152 0.0301819 0.0375061 
20 0 0.495361 0.743652 0.0406189 0.0489502 
19 0 0.0893555 0.964355 0.0300751 0.0375061 
18 0 0.82959 0.435791 0.03125 0.0385437 
17 0 0.192993 0.845703 0.0363159 0.0458374 
16 0 0.0426636 0.547852 0.033844 0.0411377 
14 0 0.84668 0.755371 0.0328064 0.044281 
13 0 0.864746 0.413574 0.0328064 0.0437622 
12 0 0.9375 0.20813 0.0351562 0.0492249 
8 0 0.831055 0.983398 0.0281219 0.0333252 
7 0 0.708984 0.634277 0.0320435 0.0406189 
6 0 0.84082 0.859375 0.0281219 0.0390625 
5 0 0.853027 0.229126 0.0437622 0.0499878 
4 0 0.603027 0.213501 0.03125 0.0393372 
3 0 0.768555 0.0899658 0.0335999 0.0401611 
2 0 0.239624 0.857422 0.0332031 0.0395813 
1 0 0.629883 0.59668 0.0316467 0.0380249 
