368 0 0.310059 0.19165 0.0335999 0.0394592 
367 0 0.990723 0.679199 0.0164032 0.046875 
361 0 0.993652 0.30249 0.0164032 0.0502625 
358 0 0.779785 0.0083313 0.0371094 0.0167542 
355 0 0.239502 0.269043 0.0369263 0.0449219 
353 0 0.629883 0.804199 0.0367126 0.0421753 
343 0 0.00627518 0.310303 0.0129852 0.0460815 
288 0 0.371826 0.0188141 0.0289001 0.0332031 
280 0 0.655273 0.928223 0.042572 0.0520935 
260 0 0.515625 0.0135498 0.0285187 0.0271301 
247 0 0.260986 0.439697 0.0343628 0.0416565 
238 0 0.726074 0.771973 0.0304718 0.0364685 
227 0 0.135254 0.528809 0.0339966 0.044281 
176 0 0.503906 0.0197906 0.0296936 0.0354309 
140 0 0.638184 0.421875 0.0390625 0.0471497 
55 0 0.014061 0.989746 0.0281219 0.0208282 
54 0 0.993652 0.408447 0.0117188 0.0479126 
51 0 0.0390625 0.985352 0.0343628 0.0291595 
50 0 0.567383 0.532227 0.0316467 0.0387878 
49 0 0.479736 0.409424 0.035553 0.0484314 
46 0 0.48584 0.865723 0.0335999 0.0432434 
45 0 0.537598 0.962891 0.0285187 0.0343628 
43 0 0.569336 0.103149 0.0296936 0.0354309 
42 0 0.239868 0.197144 0.0296936 0.0403748 
41 0 0.280762 0.3396 0.0285187 0.0411377 
40 0 0.541992 0.985352 0.0339966 0.0286407 
39 0 0.730469 0.137573 0.0332031 0.0396423 
34 0 0.583496 0.121643 0.0324097 0.039856 
32 0 0.258301 0.132324 0.0324097 0.039856 
31 0 0.0264893 0.0487976 0.0316772 0.0391235 
30 0 0.973633 0.852051 0.038269 0.0510559 
29 0 0.015625 0.762695 0.0278778 0.0411377 
27 0 0.235596 0.579102 0.0314331 0.0447998 
26 0 0.130249 0.197998 0.0374146 0.046875 
23 0 0.657715 0.186035 0.035553 0.0408936 
22 0 0.286621 0.216431 0.0357361 0.0393372 
21 0 0.0841675 0.806152 0.0308075 0.0401001 
20 0 0.498047 0.740723 0.0437622 0.0505066 
19 0 0.0890503 0.964355 0.0314026 0.0416565 
18 0 0.82959 0.435303 0.0335999 0.0416565 
17 0 0.192749 0.845703 0.0352478 0.044281 
16 0 0.507812 0.475586 0.0351562 0.0429688 
14 0 0.849121 0.754395 0.0328064 0.0458374 
13 0 0.864746 0.412598 0.0328064 0.0416565 
12 0 0.935059 0.209106 0.0390625 0.053009 
8 0 0.830566 0.97998 0.0296936 0.0354309 
7 0 0.709473 0.633301 0.03125 0.0385437 
6 0 0.842285 0.854004 0.0281219 0.0369873 
5 0 0.852539 0.228882 0.0421753 0.0516968 
4 0 0.603027 0.213745 0.03125 0.0410156 
3 0 0.771973 0.0822754 0.0316467 0.0392761 
2 0 0.239014 0.859375 0.0343628 0.0437622 
1 0 0.629883 0.585449 0.03125 0.0416565 
368 0 0.310059 0.19165 0.0335999 0.0394592 
367 0 0.990723 0.679199 0.0164032 0.046875 
361 0 0.993652 0.30249 0.0164032 0.0502625 
358 0 0.779785 0.0083313 0.0371094 0.0167542 
355 0 0.239502 0.269043 0.0369263 0.0449219 
353 0 0.629883 0.804199 0.0367126 0.0421753 
343 0 0.00627518 0.310303 0.0129852 0.0460815 
288 0 0.371826 0.0188141 0.0289001 0.0332031 
280 0 0.655273 0.928223 0.042572 0.0520935 
260 0 0.515625 0.0135498 0.0285187 0.0271301 
247 0 0.260986 0.439697 0.0343628 0.0416565 
238 0 0.726074 0.771973 0.0304718 0.0364685 
227 0 0.135254 0.528809 0.0339966 0.044281 
176 0 0.503906 0.0197906 0.0296936 0.0354309 
140 0 0.638184 0.421875 0.0390625 0.0471497 
55 0 0.014061 0.989746 0.0281219 0.0208282 
54 0 0.993652 0.408447 0.0117188 0.0479126 
51 0 0.0390625 0.985352 0.0343628 0.0291595 
50 0 0.567383 0.532227 0.0316467 0.0387878 
49 0 0.479736 0.409424 0.035553 0.0484314 
46 0 0.48584 0.865723 0.0335999 0.0432434 
45 0 0.537598 0.962891 0.0285187 0.0343628 
43 0 0.569336 0.103149 0.0296936 0.0354309 
42 0 0.239868 0.197144 0.0296936 0.0403748 
41 0 0.280762 0.3396 0.0285187 0.0411377 
40 0 0.541992 0.985352 0.0339966 0.0286407 
39 0 0.730469 0.137573 0.0332031 0.0396423 
34 0 0.583496 0.121643 0.0324097 0.039856 
32 0 0.258301 0.132324 0.0324097 0.039856 
31 0 0.0264893 0.0487976 0.0316772 0.0391235 
30 0 0.973633 0.852051 0.038269 0.0510559 
29 0 0.015625 0.762695 0.0278778 0.0411377 
27 0 0.235596 0.579102 0.0314331 0.0447998 
26 0 0.130249 0.197998 0.0374146 0.046875 
23 0 0.657715 0.186035 0.035553 0.0408936 
22 0 0.286621 0.216431 0.0357361 0.0393372 
21 0 0.0841675 0.806152 0.0308075 0.0401001 
20 0 0.498047 0.740723 0.0437622 0.0505066 
19 0 0.0890503 0.964355 0.0314026 0.0416565 
18 0 0.82959 0.435303 0.0335999 0.0416565 
17 0 0.192749 0.845703 0.0352478 0.044281 
16 0 0.507812 0.475586 0.0351562 0.0429688 
14 0 0.849121 0.754395 0.0328064 0.0458374 
13 0 0.864746 0.412598 0.0328064 0.0416565 
12 0 0.935059 0.209106 0.0390625 0.053009 
8 0 0.830566 0.97998 0.0296936 0.0354309 
7 0 0.709473 0.633301 0.03125 0.0385437 
6 0 0.842285 0.854004 0.0281219 0.0369873 
5 0 0.852539 0.228882 0.0421753 0.0516968 
4 0 0.603027 0.213745 0.03125 0.0410156 
3 0 0.771973 0.0822754 0.0316467 0.0392761 
2 0 0.239014 0.859375 0.0343628 0.0437622 
1 0 0.629883 0.585449 0.03125 0.0416565 
