443 0 0.979492 0.86377 0.0257874 0.0354309 
435 0 0.768555 0.0250854 0.0343628 0.0413208 
416 0 0.65625 0.538086 0.0324097 0.0434875 
412 1 0.895996 0.185669 0.03125 0.038147 
411 0 0.990723 0.681152 0.0148468 0.0458374 
398 0 0.578125 0.153076 0.0281219 0.0348816 
386 0 0.313232 0.190674 0.0367126 0.0416565 
343 0 0.00549698 0.242065 0.0131683 0.0455627 
281 0 0.365723 0.0312805 0.0343628 0.0411377 
258 0 0.512695 0.0156174 0.0281219 0.0270996 
245 0 0.260986 0.440674 0.0343628 0.0432434 
236 0 0.723633 0.774902 0.03125 0.0369873 
178 0 0.499268 0.0239716 0.0351562 0.0396729 
122 0 0.655273 0.197632 0.0359497 0.0432434 
55 0 0.0140762 0.989746 0.0279541 0.0208282 
54 0 0.992188 0.407715 0.015625 0.0549622 
51 0 0.0393066 0.986328 0.0335999 0.0270844 
50 0 0.557617 0.545898 0.0324097 0.0426941 
49 0 0.476562 0.414551 0.035553 0.0460815 
46 0 0.486816 0.864746 0.0304718 0.0416565 
45 0 0.538574 0.987305 0.0367126 0.0239563 
43 0 0.569336 0.104065 0.0300751 0.0370483 
42 0 0.29126 0.250488 0.0332031 0.0387878 
41 0 0.269531 0.360352 0.0296936 0.0419312 
39 0 0.588867 0.0601501 0.0308533 0.0360718 
34 0 0.583984 0.12085 0.0328064 0.0408936 
32 0 0.244507 0.154297 0.0328064 0.0377502 
30 0 0.96582 0.875977 0.0359497 0.0390625 
29 0 0.0130844 0.771973 0.0239258 0.0380249 
27 0 0.235107 0.578125 0.0328064 0.0447998 
26 0 0.128906 0.199951 0.0391541 0.051178 
22 0 0.283691 0.217896 0.0343628 0.0408936 
21 0 0.0828247 0.805176 0.03125 0.0395813 
20 0 0.495361 0.744629 0.0429688 0.0510559 
19 0 0.0896606 0.964355 0.0296326 0.0375061 
18 0 0.830566 0.435791 0.0328064 0.0406189 
17 0 0.192993 0.84668 0.0359497 0.0437622 
16 0 0.0230408 0.557129 0.033905 0.044281 
14 0 0.847656 0.754395 0.0328064 0.0458374 
13 0 0.864258 0.413574 0.0343628 0.04245 
12 0 0.935059 0.208374 0.0359497 0.0503845 
8 0 0.831055 0.983398 0.0281219 0.0333252 
7 0 0.709473 0.632324 0.03125 0.0390625 
6 0 0.84082 0.859375 0.0281219 0.0390625 
5 0 0.853027 0.228149 0.0429688 0.0488281 
4 0 0.603027 0.2146 0.0300751 0.0375061 
3 0 0.768066 0.0927124 0.0320435 0.039856 
2 0 0.239014 0.857422 0.0333862 0.0395813 
1 0 0.629883 0.601074 0.0308533 0.0395813 
