260 0 0.657227 0.927246 0.0402222 0.0489502 
258 0 0.524414 0.00920868 0.0289001 0.0187836 
254 0 0.326904 0.0549011 0.0271454 0.0366516 
251 0 0.445801 0.00939941 0.0320435 0.0196381 
246 0 0.979004 0.861328 0.0281219 0.0364685 
245 0 0.26416 0.437988 0.0324097 0.0387878 
244 0 0.774902 0.828125 0.0316467 0.0401001 
236 0 0.735352 0.764648 0.0281219 0.0359497 
226 0 0.365234 0.440186 0.03125 0.0419312 
221 0 0.0374146 0.376465 0.0341797 0.0460815 
178 0 0.49292 0.020813 0.0316467 0.0358276 
142 0 0.637695 0.419678 0.035553 0.0471497 
122 0 0.663086 0.170532 0.0347595 0.0402222 
119 0 0.628906 0.804199 0.0359497 0.0416565 
55 0 0.0117035 0.990723 0.0236511 0.0197906 
54 0 0.994629 0.407227 0.0109406 0.0481873 
51 0 0.039856 0.985352 0.0328064 0.0291595 
50 0 0.579102 0.51123 0.0328064 0.0390625 
49 0 0.491455 0.402588 0.0296936 0.038269 
46 0 0.484375 0.862793 0.0343628 0.0437622 
45 0 0.555664 0.928223 0.0289001 0.03125 
43 0 0.567871 0.104187 0.0308533 0.0385437 
42 0 0.219482 0.176025 0.028717 0.0387878 
41 0 0.293457 0.321777 0.028717 0.039856 
40 0 0.541992 0.985352 0.0335999 0.0291595 
39 0 0.773926 0.391113 0.0304718 0.0403748 
35 0 0.0102005 0.283691 0.0200806 0.0395813 
34 0 0.584473 0.119812 0.0316467 0.0396423 
32 0 0.269775 0.121765 0.0289001 0.035614 
31 0 0.156128 0.319824 0.0304718 0.0367126 
30 0 0.984375 0.817871 0.0289001 0.0385437 
29 0 0.0211029 0.744629 0.0296631 0.0437622 
27 0 0.234375 0.577148 0.03125 0.0453186 
26 0 0.13208 0.195801 0.0359497 0.0458374 
22 0 0.282715 0.218384 0.0328064 0.0403748 
21 0 0.0836182 0.806152 0.0296936 0.0375061 
20 0 0.503906 0.737305 0.0433655 0.0552063 
19 0 0.0890503 0.964355 0.0310516 0.0380249 
18 0 0.829102 0.434326 0.0328064 0.0395813 
17 0 0.192139 0.84375 0.03125 0.0375061 
16 0 0.226196 0.458252 0.0320435 0.039856 
14 0 0.851562 0.749512 0.0375061 0.046875 
13 0 0.867188 0.4104 0.03125 0.0419312 
12 0 0.936035 0.209351 0.0406189 0.0565186 
8 0 0.834473 0.973145 0.0281219 0.0369873 
7 0 0.709473 0.633301 0.03125 0.0401001 
6 0 0.842773 0.849121 0.0265656 0.0354309 
5 0 0.853027 0.229126 0.046875 0.0544128 
4 0 0.604004 0.21106 0.0328064 0.0411377 
3 0 0.773438 0.0743408 0.03125 0.0410767 
2 0 0.240967 0.854004 0.0316467 0.0416565 
1 0 0.632812 0.576172 0.0308533 0.0395813 
