598 0 0.25708 0.430664 0.0273438 0.0361938 
596 0 0.574219 0.11145 0.0328064 0.0391846 
579 2 0.0128174 0.726074 0.0258331 0.0364685 
569 0 0.563477 0.161499 0.0296936 0.0352783 
562 0 0.970215 0.354248 0.03125 0.0377502 
547 0 0.638184 0.421875 0.0359497 0.0437622 
535 0 0.992188 0.682129 0.0132828 0.0411377 
534 0 0.500977 0.0173187 0.0324097 0.0342407 
464 0 0.749023 0.0678101 0.0324097 0.0388794 
459 0 0.541504 0.985352 0.0339966 0.0296936 
444 0 0.771973 0.44165 0.03125 0.0361938 
439 1 0.749023 0.0216675 0.0320435 0.0394897 
423 0 0.578125 0.151001 0.0324097 0.0361938 
288 0 0.359375 0.0505981 0.0285187 0.0354614 
247 0 0.261719 0.440186 0.0306702 0.0367126 
238 0 0.719727 0.78125 0.0289001 0.0328064 
176 0 0.486816 0.0396118 0.0296936 0.0375671 
55 0 0.0130234 0.989746 0.0258026 0.0197906 
54 0 0.990723 0.409424 0.0179749 0.0520935 
51 0 0.0398254 0.986328 0.0327759 0.0270844 
50 0 0.539062 0.57959 0.0328064 0.0426941 
49 0 0.466797 0.430176 0.0375061 0.0520935 
46 0 0.48584 0.86377 0.03125 0.0426941 
43 0 0.567871 0.105164 0.0296936 0.0352783 
42 0 0.312988 0.230713 0.0341797 0.039978 
41 0 0.249268 0.37085 0.0292969 0.038269 
34 0 0.583008 0.121643 0.0339966 0.0419312 
32 0 0.243774 0.155396 0.03125 0.0343628 
30 0 0.948242 0.922852 0.0343628 0.0369873 
29 0 0.00779343 0.790527 0.0156097 0.0401001 
27 0 0.232788 0.576172 0.0285187 0.0411377 
26 0 0.130127 0.199951 0.0371094 0.0505066 
23 0 0.641602 0.230225 0.0328064 0.0393372 
22 0 0.274902 0.230225 0.0339966 0.0387878 
21 0 0.0841675 0.806152 0.0287628 0.0390625 
20 0 0.490723 0.750977 0.0410156 0.0479126 
19 0 0.0890503 0.962891 0.03125 0.0426941 
18 0 0.82959 0.434326 0.0328064 0.0395813 
17 0 0.192627 0.845703 0.033783 0.0416565 
14 0 0.84375 0.755371 0.03125 0.0479126 
13 0 0.864258 0.413574 0.0343628 0.0437622 
12 0 0.936035 0.208496 0.0406189 0.058075 
8 0 0.825195 0.987305 0.0273438 0.0260468 
7 0 0.709473 0.632324 0.03125 0.0395813 
6 0 0.835938 0.866699 0.0281219 0.0426941 
5 0 0.851562 0.234375 0.0406189 0.0483093 
3 0 0.761719 0.100159 0.0320435 0.0376282 
2 0 0.239014 0.858398 0.0308533 0.0406189 
1 0 0.631348 0.609375 0.0308533 0.0426941 
598 0 0.25708 0.430664 0.0273438 0.0361938 
596 0 0.574219 0.11145 0.0328064 0.0391846 
579 2 0.0128174 0.726074 0.0258331 0.0364685 
569 0 0.563477 0.161499 0.0296936 0.0352783 
562 0 0.970215 0.354248 0.03125 0.0377502 
547 0 0.638184 0.421875 0.0359497 0.0437622 
535 0 0.992188 0.682129 0.0132828 0.0411377 
534 0 0.500977 0.0173187 0.0324097 0.0342407 
464 0 0.749023 0.0678101 0.0324097 0.0388794 
459 0 0.541504 0.985352 0.0339966 0.0296936 
444 0 0.771973 0.44165 0.03125 0.0361938 
439 1 0.749023 0.0216675 0.0320435 0.0394897 
423 0 0.578125 0.151001 0.0324097 0.0361938 
288 0 0.359375 0.0505981 0.0285187 0.0354614 
247 0 0.261719 0.440186 0.0306702 0.0367126 
238 0 0.719727 0.78125 0.0289001 0.0328064 
176 0 0.486816 0.0396118 0.0296936 0.0375671 
55 0 0.0130234 0.989746 0.0258026 0.0197906 
54 0 0.990723 0.409424 0.0179749 0.0520935 
51 0 0.0398254 0.986328 0.0327759 0.0270844 
50 0 0.539062 0.57959 0.0328064 0.0426941 
49 0 0.466797 0.430176 0.0375061 0.0520935 
46 0 0.48584 0.86377 0.03125 0.0426941 
43 0 0.567871 0.105164 0.0296936 0.0352783 
42 0 0.312988 0.230713 0.0341797 0.039978 
41 0 0.249268 0.37085 0.0292969 0.038269 
34 0 0.583008 0.121643 0.0339966 0.0419312 
32 0 0.243774 0.155396 0.03125 0.0343628 
30 0 0.948242 0.922852 0.0343628 0.0369873 
29 0 0.00779343 0.790527 0.0156097 0.0401001 
27 0 0.232788 0.576172 0.0285187 0.0411377 
26 0 0.130127 0.199951 0.0371094 0.0505066 
23 0 0.641602 0.230225 0.0328064 0.0393372 
22 0 0.274902 0.230225 0.0339966 0.0387878 
21 0 0.0841675 0.806152 0.0287628 0.0390625 
20 0 0.490723 0.750977 0.0410156 0.0479126 
19 0 0.0890503 0.962891 0.03125 0.0426941 
18 0 0.82959 0.434326 0.0328064 0.0395813 
17 0 0.192627 0.845703 0.033783 0.0416565 
14 0 0.84375 0.755371 0.03125 0.0479126 
13 0 0.864258 0.413574 0.0343628 0.0437622 
12 0 0.936035 0.208496 0.0406189 0.058075 
8 0 0.825195 0.987305 0.0273438 0.0260468 
7 0 0.709473 0.632324 0.03125 0.0395813 
6 0 0.835938 0.866699 0.0281219 0.0426941 
5 0 0.851562 0.234375 0.0406189 0.0483093 
3 0 0.761719 0.100159 0.0320435 0.0376282 
2 0 0.239014 0.858398 0.0308533 0.0406189 
1 0 0.631348 0.609375 0.0308533 0.0426941 
