735 0 0.48877 0.76123 0.039856 0.044281 
734 0 0.409424 0.215698 0.0375061 0.0528564 
731 0 0.265625 0.890625 0.0281219 0.03125 
724 0 0.740723 0.0550842 0.0308533 0.0374756 
721 0 0.634277 0.00975037 0.03125 0.0201569 
716 0 0.71582 0.78418 0.0273438 0.0354309 
714 0 0.141602 0.91748 0.0320435 0.0401001 
706 0 0.978027 0.864746 0.0281219 0.0333252 
701 0 0.991211 0.683105 0.014061 0.0390625 
694 0 0.234131 0.461426 0.0214844 0.0263062 
675 0 0.983398 0.0146408 0.0265656 0.0290527 
674 0 0.936035 0.20752 0.0375061 0.0531311 
661 0 0.177002 0.942871 0.0326233 0.0411377 
635 0 0.636719 0.418701 0.0379028 0.0487061 
615 0 0.578125 0.151001 0.0304718 0.0354919 
604 0 0.602539 0.209717 0.0296936 0.0421753 
562 0 0.851562 0.706055 0.0320435 0.0395813 
534 0 0.507812 0.0281677 0.0249939 0.0357666 
464 0 0.71875 0.122925 0.0308533 0.0366516 
459 0 0.541992 0.986328 0.03125 0.0270844 
444 0 0.859375 0.4104 0.0289001 0.0375061 
288 0 0.355469 0.067688 0.0296936 0.0354919 
247 0 0.261719 0.43335 0.0290985 0.0375061 
176 0 0.479004 0.0510559 0.0265656 0.035553 
55 0 0.0124817 0.989746 0.0251007 0.0208282 
54 0 0.990723 0.410889 0.0179749 0.053894 
51 0 0.0430298 0.986328 0.0320435 0.0260468 
50 0 0.514648 0.606445 0.0320435 0.044281 
49 0 0.459473 0.444824 0.0375061 0.0479126 
46 0 0.488281 0.86377 0.0296936 0.0390625 
43 0 0.569336 0.101685 0.0296936 0.0367737 
42 0 0.297607 0.210815 0.0353394 0.0414124 
41 0 0.230469 0.383301 0.0296936 0.0375061 
34 0 0.583496 0.12085 0.0328064 0.0376892 
32 0 0.228149 0.171875 0.03125 0.0354309 
30 0 0.92041 0.981445 0.03125 0.0343628 
27 0 0.235107 0.571777 0.0296936 0.0437622 
26 0 0.130005 0.197876 0.0333862 0.0447998 
23 0 0.627441 0.240601 0.0328064 0.039856 
22 0 0.26709 0.244751 0.0343628 0.0395813 
21 0 0.0843506 0.803223 0.03125 0.0385437 
19 0 0.0890503 0.963379 0.0314331 0.0395813 
18 0 0.827148 0.433838 0.0328064 0.0408936 
17 0 0.190674 0.84668 0.0340881 0.0432434 
14 0 0.837402 0.75293 0.0320435 0.0458374 
8 0 0.823242 0.98877 0.0281219 0.0229187 
7 0 0.709961 0.631348 0.0320435 0.0416565 
6 0 0.833008 0.87207 0.0257874 0.0354309 
5 0 0.851562 0.236206 0.0406189 0.0480347 
3 0 0.75293 0.113525 0.0304718 0.0387878 
2 0 0.237549 0.857422 0.03125 0.0437622 
1 0 0.631348 0.614746 0.0289001 0.0375061 
735 0 0.48877 0.76123 0.039856 0.044281 
734 0 0.409424 0.215698 0.0375061 0.0528564 
731 0 0.265625 0.890625 0.0281219 0.03125 
724 0 0.740723 0.0550842 0.0308533 0.0374756 
721 0 0.634277 0.00975037 0.03125 0.0201569 
716 0 0.71582 0.78418 0.0273438 0.0354309 
714 0 0.141602 0.91748 0.0320435 0.0401001 
706 0 0.978027 0.864746 0.0281219 0.0333252 
701 0 0.991211 0.683105 0.014061 0.0390625 
694 0 0.234131 0.461426 0.0214844 0.0263062 
675 0 0.983398 0.0146408 0.0265656 0.0290527 
674 0 0.936035 0.20752 0.0375061 0.0531311 
661 0 0.177002 0.942871 0.0326233 0.0411377 
635 0 0.636719 0.418701 0.0379028 0.0487061 
615 0 0.578125 0.151001 0.0304718 0.0354919 
604 0 0.602539 0.209717 0.0296936 0.0421753 
562 0 0.851562 0.706055 0.0320435 0.0395813 
534 0 0.507812 0.0281677 0.0249939 0.0357666 
464 0 0.71875 0.122925 0.0308533 0.0366516 
459 0 0.541992 0.986328 0.03125 0.0270844 
444 0 0.859375 0.4104 0.0289001 0.0375061 
288 0 0.355469 0.067688 0.0296936 0.0354919 
247 0 0.261719 0.43335 0.0290985 0.0375061 
176 0 0.479004 0.0510559 0.0265656 0.035553 
55 0 0.0124817 0.989746 0.0251007 0.0208282 
54 0 0.990723 0.410889 0.0179749 0.053894 
51 0 0.0430298 0.986328 0.0320435 0.0260468 
50 0 0.514648 0.606445 0.0320435 0.044281 
49 0 0.459473 0.444824 0.0375061 0.0479126 
46 0 0.488281 0.86377 0.0296936 0.0390625 
43 0 0.569336 0.101685 0.0296936 0.0367737 
42 0 0.297607 0.210815 0.0353394 0.0414124 
41 0 0.230469 0.383301 0.0296936 0.0375061 
34 0 0.583496 0.12085 0.0328064 0.0376892 
32 0 0.228149 0.171875 0.03125 0.0354309 
30 0 0.92041 0.981445 0.03125 0.0343628 
27 0 0.235107 0.571777 0.0296936 0.0437622 
26 0 0.130005 0.197876 0.0333862 0.0447998 
23 0 0.627441 0.240601 0.0328064 0.039856 
22 0 0.26709 0.244751 0.0343628 0.0395813 
21 0 0.0843506 0.803223 0.03125 0.0385437 
19 0 0.0890503 0.963379 0.0314331 0.0395813 
18 0 0.827148 0.433838 0.0328064 0.0408936 
17 0 0.190674 0.84668 0.0340881 0.0432434 
14 0 0.837402 0.75293 0.0320435 0.0458374 
8 0 0.823242 0.98877 0.0281219 0.0229187 
7 0 0.709961 0.631348 0.0320435 0.0416565 
6 0 0.833008 0.87207 0.0257874 0.0354309 
5 0 0.851562 0.236206 0.0406189 0.0480347 
3 0 0.75293 0.113525 0.0304718 0.0387878 
2 0 0.237549 0.857422 0.03125 0.0437622 
1 0 0.631348 0.614746 0.0289001 0.0375061 
