649 0 0.704102 0.454102 0.0300751 0.038269 
647 0 0.250732 0.4375 0.025589 0.0333252 
645 0 0.563965 0.160278 0.0285187 0.0335999 
636 0 0.308594 0.191895 0.0261688 0.0368347 
635 0 0.638184 0.421875 0.035553 0.0447998 
615 0 0.578125 0.150024 0.03125 0.0375061 
604 0 0.601562 0.211426 0.03125 0.0395813 
579 2 0.0099411 0.729004 0.0198364 0.0411377 
562 0 0.956055 0.450439 0.0320435 0.0390625 
535 0 0.991211 0.685547 0.014061 0.0432434 
534 0 0.503906 0.0205994 0.0273438 0.03302 
464 0 0.744629 0.0782471 0.0332031 0.0405273 
459 0 0.541504 0.985352 0.0316467 0.0291595 
444 0 0.820312 0.413086 0.0335999 0.0408936 
288 0 0.35791 0.0560608 0.028717 0.0369873 
247 0 0.260498 0.4375 0.0335999 0.038269 
238 0 0.717773 0.782227 0.0296936 0.033844 
176 0 0.484375 0.04245 0.0281219 0.0381775 
55 0 0.0138702 0.990723 0.0246582 0.0187531 
54 0 0.989746 0.411865 0.0203094 0.058075 
51 0 0.0414124 0.985352 0.0293884 0.0244751 
50 0 0.532227 0.589355 0.0304718 0.0411377 
49 0 0.457764 0.429932 0.038269 0.0515747 
46 0 0.486816 0.864746 0.0296936 0.0416565 
43 0 0.569336 0.103149 0.0296936 0.0361938 
42 0 0.314453 0.223999 0.0333862 0.040741 
41 0 0.243774 0.372803 0.0273438 0.038269 
34 0 0.583008 0.12085 0.0343628 0.0416565 
32 0 0.238525 0.167725 0.0289001 0.0328064 
30 0 0.942383 0.939453 0.0328064 0.0380249 
29 0 0.0062561 0.799805 0.0123749 0.0401001 
27 0 0.234009 0.576172 0.0290985 0.0437622 
26 0 0.131226 0.198975 0.0350647 0.0479126 
23 0 0.635254 0.235474 0.0359497 0.0416565 
22 0 0.27417 0.23645 0.033783 0.0395813 
21 0 0.0842896 0.805176 0.0282745 0.0354309 
20 0 0.490723 0.751953 0.0410156 0.0463562 
19 0 0.0898438 0.963379 0.0296936 0.0385437 
18 0 0.82959 0.435303 0.0320435 0.0375061 
17 0 0.191406 0.845703 0.0332947 0.0416565 
14 0 0.842285 0.754395 0.0343628 0.0479126 
13 0 0.864746 0.413574 0.0328064 0.0395813 
12 0 0.936035 0.208618 0.039856 0.055603 
8 0 0.823242 0.987305 0.0273438 0.0249939 
7 0 0.708496 0.631348 0.0332031 0.0416565 
6 0 0.834473 0.869629 0.0249939 0.0390625 
5 0 0.851562 0.237061 0.0421753 0.0510559 
3 0 0.759277 0.101013 0.0308533 0.0357361 
2 0 0.236938 0.857422 0.0292969 0.0395813 
1 0 0.629883 0.61084 0.0320435 0.0406189 
649 0 0.704102 0.454102 0.0300751 0.038269 
647 0 0.250732 0.4375 0.025589 0.0333252 
645 0 0.563965 0.160278 0.0285187 0.0335999 
636 0 0.308594 0.191895 0.0261688 0.0368347 
635 0 0.638184 0.421875 0.035553 0.0447998 
615 0 0.578125 0.150024 0.03125 0.0375061 
604 0 0.601562 0.211426 0.03125 0.0395813 
579 2 0.0099411 0.729004 0.0198364 0.0411377 
562 0 0.956055 0.450439 0.0320435 0.0390625 
535 0 0.991211 0.685547 0.014061 0.0432434 
534 0 0.503906 0.0205994 0.0273438 0.03302 
464 0 0.744629 0.0782471 0.0332031 0.0405273 
459 0 0.541504 0.985352 0.0316467 0.0291595 
444 0 0.820312 0.413086 0.0335999 0.0408936 
288 0 0.35791 0.0560608 0.028717 0.0369873 
247 0 0.260498 0.4375 0.0335999 0.038269 
238 0 0.717773 0.782227 0.0296936 0.033844 
176 0 0.484375 0.04245 0.0281219 0.0381775 
55 0 0.0138702 0.990723 0.0246582 0.0187531 
54 0 0.989746 0.411865 0.0203094 0.058075 
51 0 0.0414124 0.985352 0.0293884 0.0244751 
50 0 0.532227 0.589355 0.0304718 0.0411377 
49 0 0.457764 0.429932 0.038269 0.0515747 
46 0 0.486816 0.864746 0.0296936 0.0416565 
43 0 0.569336 0.103149 0.0296936 0.0361938 
42 0 0.314453 0.223999 0.0333862 0.040741 
41 0 0.243774 0.372803 0.0273438 0.038269 
34 0 0.583008 0.12085 0.0343628 0.0416565 
32 0 0.238525 0.167725 0.0289001 0.0328064 
30 0 0.942383 0.939453 0.0328064 0.0380249 
29 0 0.0062561 0.799805 0.0123749 0.0401001 
27 0 0.234009 0.576172 0.0290985 0.0437622 
26 0 0.131226 0.198975 0.0350647 0.0479126 
23 0 0.635254 0.235474 0.0359497 0.0416565 
22 0 0.27417 0.23645 0.033783 0.0395813 
21 0 0.0842896 0.805176 0.0282745 0.0354309 
20 0 0.490723 0.751953 0.0410156 0.0463562 
19 0 0.0898438 0.963379 0.0296936 0.0385437 
18 0 0.82959 0.435303 0.0320435 0.0375061 
17 0 0.191406 0.845703 0.0332947 0.0416565 
14 0 0.842285 0.754395 0.0343628 0.0479126 
13 0 0.864746 0.413574 0.0328064 0.0395813 
12 0 0.936035 0.208618 0.039856 0.055603 
8 0 0.823242 0.987305 0.0273438 0.0249939 
7 0 0.708496 0.631348 0.0332031 0.0416565 
6 0 0.834473 0.869629 0.0249939 0.0390625 
5 0 0.851562 0.237061 0.0421753 0.0510559 
3 0 0.759277 0.101013 0.0308533 0.0357361 
2 0 0.236938 0.857422 0.0292969 0.0395813 
1 0 0.629883 0.61084 0.0320435 0.0406189 
