347 0 0.989258 0.345947 0.0195312 0.0460815 
346 0 0.577148 0.153076 0.0292969 0.0357971 
344 0 0.77832 0.0083313 0.0351562 0.0167389 
343 0 0.258545 0.250244 0.0310516 0.0389404 
338 0 0.0369568 0.387207 0.0351868 0.0458374 
333 0 0.00623322 0.307861 0.0122375 0.0453186 
281 0 0.373047 0.0173798 0.028717 0.029953 
276 0 0.657227 0.927246 0.0421753 0.0499878 
258 0 0.515625 0.0128708 0.0289001 0.0262299 
245 0 0.261719 0.438477 0.0328064 0.0395813 
236 0 0.725586 0.772949 0.0296936 0.033844 
226 0 0.469971 0.504395 0.0328064 0.0437622 
178 0 0.503906 0.0197906 0.0304718 0.0354309 
142 0 0.638184 0.421875 0.0394592 0.0484314 
122 0 0.658691 0.185425 0.0359497 0.0416565 
55 0 0.014061 0.989746 0.0281677 0.0208282 
54 0 0.993652 0.408936 0.0117188 0.0463562 
51 0 0.0390625 0.985352 0.0343628 0.0291595 
50 0 0.568848 0.530273 0.03125 0.0395813 
49 0 0.479736 0.409424 0.035553 0.0484314 
46 0 0.48584 0.865723 0.0316467 0.0437622 
45 0 0.540039 0.960449 0.0296936 0.0333252 
43 0 0.569336 0.103394 0.0296936 0.0357971 
42 0 0.238281 0.188599 0.0300751 0.0384216 
41 0 0.282715 0.337402 0.0281219 0.0375061 
40 0 0.541992 0.986328 0.0335999 0.0270844 
39 0 0.733398 0.152344 0.0304718 0.0384216 
34 0 0.583496 0.12085 0.0328064 0.0418701 
32 0 0.263184 0.131348 0.0304718 0.0385437 
31 0 0.0277405 0.0806274 0.0314941 0.0380859 
30 0 0.975098 0.850098 0.0367126 0.0463562 
29 0 0.0163879 0.760254 0.0265198 0.0385437 
27 0 0.235596 0.578125 0.0318298 0.044281 
26 0 0.129883 0.19812 0.0370178 0.0451965 
22 0 0.283691 0.218628 0.035553 0.04245 
21 0 0.0836792 0.805176 0.0299377 0.0395813 
20 0 0.496826 0.740234 0.0437622 0.0520935 
19 0 0.0882568 0.964355 0.0327759 0.0416565 
18 0 0.829102 0.434326 0.0328064 0.0426941 
17 0 0.192139 0.845703 0.0343628 0.0416565 
16 0 0.143188 0.533691 0.0326233 0.0395813 
14 0 0.849121 0.754395 0.0359497 0.0458374 
13 0 0.864746 0.412598 0.0328064 0.0432434 
12 0 0.936035 0.210449 0.0375061 0.0542908 
8 0 0.831055 0.979004 0.0289001 0.0375061 
7 0 0.709473 0.634277 0.03125 0.0385437 
6 0 0.842285 0.85498 0.0289001 0.0380249 
5 0 0.851562 0.229126 0.0429688 0.053772 
4 0 0.602539 0.2146 0.0328064 0.0416565 
3 0 0.771484 0.0823364 0.0320435 0.0397339 
2 0 0.239868 0.858398 0.0328064 0.0421753 
1 0 0.629883 0.585449 0.0324097 0.0416565 
