825 0 0.970215 0.868652 0.0249939 0.0333252 
818 0 0.205078 0.737793 0.0302734 0.0426941 
815 0 0.561035 0.1604 0.0281219 0.0376282 
814 0 0.192871 0.85498 0.0369263 0.0489502 
801 0 0.973633 0.0361328 0.0281219 0.040802 
791 0 0.407715 0.217651 0.0349731 0.0440063 
784 0 0.307861 0.197144 0.0281219 0.0342407 
775 0 0.801758 0.346191 0.0292969 0.0380249 
765 0 0.708008 0.946777 0.0316467 0.0406189 
724 0 0.735352 0.150024 0.03125 0.0376282 
721 0 0.623535 0.015625 0.0308533 0.031311 
716 0 0.714844 0.787598 0.0289001 0.0333252 
701 0 0.993164 0.681152 0.014061 0.0348816 
694 0 0.2229 0.483398 0.0265656 0.0333252 
674 0 0.935059 0.206177 0.0359497 0.0484314 
615 0 0.577148 0.148315 0.0289001 0.0362549 
604 0 0.602539 0.208374 0.0304718 0.0454407 
534 0 0.506836 0.0333862 0.0265656 0.0332947 
464 0 0.705566 0.154541 0.0328064 0.04245 
459 0 0.541504 0.985352 0.0328064 0.0291595 
444 0 0.861816 0.4104 0.0296936 0.0367126 
288 0 0.352295 0.0721436 0.0267639 0.0317383 
247 0 0.260254 0.432373 0.0281219 0.0395813 
176 0 0.475098 0.0552368 0.0273438 0.0393982 
55 0 0.0148544 0.98877 0.0297546 0.0229187 
54 0 0.989258 0.413574 0.0210876 0.0479126 
51 0 0.0421753 0.984375 0.0372314 0.03125 
50 0 0.494629 0.615723 0.0324097 0.0437622 
49 0 0.45459 0.467773 0.0343628 0.0406189 
46 0 0.487549 0.862305 0.03125 0.0416565 
43 0 0.570312 0.102112 0.0281219 0.0333252 
42 0 0.210693 0.218994 0.0313416 0.035675 
41 0 0.216431 0.4021 0.0304718 0.04245 
34 0 0.583496 0.12085 0.0328064 0.0377502 
32 0 0.208618 0.188599 0.0295868 0.0354309 
27 0 0.234985 0.566895 0.0335999 0.0499878 
26 0 0.128906 0.196533 0.0331116 0.0429688 
23 0 0.625 0.240601 0.03125 0.0395813 
22 0 0.260254 0.266602 0.0353394 0.0420532 
21 0 0.0836182 0.802246 0.0328674 0.0406189 
19 0 0.105774 0.984375 0.0297394 0.0317688 
18 0 0.82666 0.431152 0.03125 0.0375061 
14 0 0.836914 0.778809 0.0359497 0.046875 
8 0 0.824219 0.98877 0.0265656 0.0239563 
7 0 0.708496 0.629395 0.0328064 0.0416565 
6 0 0.831055 0.869629 0.0289001 0.0395813 
5 0 0.851562 0.231201 0.0437622 0.0489502 
2 0 0.236084 0.857422 0.03125 0.0432434 
1 0 0.630371 0.615723 0.0296936 0.0395813 
825 0 0.970215 0.868652 0.0249939 0.0333252 
818 0 0.205078 0.737793 0.0302734 0.0426941 
815 0 0.561035 0.1604 0.0281219 0.0376282 
814 0 0.192871 0.85498 0.0369263 0.0489502 
801 0 0.973633 0.0361328 0.0281219 0.040802 
791 0 0.407715 0.217651 0.0349731 0.0440063 
784 0 0.307861 0.197144 0.0281219 0.0342407 
775 0 0.801758 0.346191 0.0292969 0.0380249 
765 0 0.708008 0.946777 0.0316467 0.0406189 
724 0 0.735352 0.150024 0.03125 0.0376282 
721 0 0.623535 0.015625 0.0308533 0.031311 
716 0 0.714844 0.787598 0.0289001 0.0333252 
701 0 0.993164 0.681152 0.014061 0.0348816 
694 0 0.2229 0.483398 0.0265656 0.0333252 
674 0 0.935059 0.206177 0.0359497 0.0484314 
615 0 0.577148 0.148315 0.0289001 0.0362549 
604 0 0.602539 0.208374 0.0304718 0.0454407 
534 0 0.506836 0.0333862 0.0265656 0.0332947 
464 0 0.705566 0.154541 0.0328064 0.04245 
459 0 0.541504 0.985352 0.0328064 0.0291595 
444 0 0.861816 0.4104 0.0296936 0.0367126 
288 0 0.352295 0.0721436 0.0267639 0.0317383 
247 0 0.260254 0.432373 0.0281219 0.0395813 
176 0 0.475098 0.0552368 0.0273438 0.0393982 
55 0 0.0148544 0.98877 0.0297546 0.0229187 
54 0 0.989258 0.413574 0.0210876 0.0479126 
51 0 0.0421753 0.984375 0.0372314 0.03125 
50 0 0.494629 0.615723 0.0324097 0.0437622 
49 0 0.45459 0.467773 0.0343628 0.0406189 
46 0 0.487549 0.862305 0.03125 0.0416565 
43 0 0.570312 0.102112 0.0281219 0.0333252 
42 0 0.210693 0.218994 0.0313416 0.035675 
41 0 0.216431 0.4021 0.0304718 0.04245 
34 0 0.583496 0.12085 0.0328064 0.0377502 
32 0 0.208618 0.188599 0.0295868 0.0354309 
27 0 0.234985 0.566895 0.0335999 0.0499878 
26 0 0.128906 0.196533 0.0331116 0.0429688 
23 0 0.625 0.240601 0.03125 0.0395813 
22 0 0.260254 0.266602 0.0353394 0.0420532 
21 0 0.0836182 0.802246 0.0328674 0.0406189 
19 0 0.105774 0.984375 0.0297394 0.0317688 
18 0 0.82666 0.431152 0.03125 0.0375061 
14 0 0.836914 0.778809 0.0359497 0.046875 
8 0 0.824219 0.98877 0.0265656 0.0239563 
7 0 0.708496 0.629395 0.0328064 0.0416565 
6 0 0.831055 0.869629 0.0289001 0.0395813 
5 0 0.851562 0.231201 0.0437622 0.0489502 
2 0 0.236084 0.857422 0.03125 0.0432434 
1 0 0.630371 0.615723 0.0296936 0.0395813 
