622 0 0.250732 0.432129 0.0238342 0.0302124 
615 0 0.578125 0.150024 0.03125 0.0375061 
604 0 0.601562 0.211426 0.03125 0.0395813 
579 2 0.0124664 0.727051 0.0250549 0.0406189 
562 0 0.959473 0.391357 0.0328064 0.0395813 
547 0 0.638184 0.421875 0.0363159 0.0445251 
535 0 0.990723 0.684082 0.0164032 0.0426941 
534 0 0.501953 0.0187836 0.03125 0.0334778 
464 0 0.747559 0.0745239 0.0347595 0.0408936 
459 0 0.541504 0.985352 0.0332031 0.0291595 
444 0 0.78125 0.396973 0.0328064 0.0393372 
439 1 0.727539 0.0103836 0.0339966 0.0248413 
288 0 0.358643 0.0520935 0.0296936 0.037323 
247 0 0.262207 0.438477 0.03125 0.0359497 
238 0 0.719727 0.780273 0.0296936 0.0354309 
176 0 0.48584 0.0408325 0.0304718 0.0386047 
55 0 0.0133057 0.989746 0.0268555 0.0208282 
54 0 0.990723 0.411377 0.0171814 0.0507812 
51 0 0.039856 0.987305 0.0326233 0.0249939 
50 0 0.535156 0.586426 0.0328064 0.0432434 
49 0 0.464844 0.431152 0.0386658 0.0546875 
46 0 0.485107 0.86377 0.0324097 0.0437622 
43 0 0.569336 0.103149 0.0289001 0.035553 
42 0 0.309326 0.227783 0.03302 0.0408936 
41 0 0.246704 0.371826 0.0296936 0.0395813 
34 0 0.583008 0.12085 0.0335999 0.0414124 
32 0 0.241577 0.158325 0.0304718 0.0333252 
30 0 0.945312 0.930176 0.0343628 0.0395813 
29 0 0.00679398 0.793945 0.0134125 0.0375061 
27 0 0.233643 0.578125 0.0296936 0.0432434 
26 0 0.130371 0.198975 0.0365295 0.0479126 
23 0 0.638184 0.233276 0.0347595 0.0404968 
22 0 0.273682 0.2323 0.0335999 0.0395813 
21 0 0.0843506 0.804199 0.0283203 0.0359497 
20 0 0.489746 0.751953 0.0414124 0.0458374 
19 0 0.0890503 0.962402 0.03125 0.0416565 
18 0 0.82959 0.433594 0.0335999 0.0411377 
17 0 0.192139 0.845703 0.0343628 0.0416565 
14 0 0.842773 0.754395 0.0359497 0.0499878 
13 0 0.864746 0.413574 0.0328064 0.0432434 
12 0 0.936035 0.209351 0.0390625 0.0562439 
8 0 0.824219 0.987305 0.0265656 0.0249939 
7 0 0.709473 0.631348 0.0335999 0.0416565 
6 0 0.834961 0.867676 0.0265656 0.0395813 
5 0 0.851562 0.235474 0.0406189 0.0497437 
3 0 0.760742 0.101929 0.0320435 0.0358582 
2 0 0.237549 0.857422 0.03125 0.0395813 
1 0 0.631836 0.610352 0.0328064 0.0416565 
622 0 0.250732 0.432129 0.0238342 0.0302124 
615 0 0.578125 0.150024 0.03125 0.0375061 
604 0 0.601562 0.211426 0.03125 0.0395813 
579 2 0.0124664 0.727051 0.0250549 0.0406189 
562 0 0.959473 0.391357 0.0328064 0.0395813 
547 0 0.638184 0.421875 0.0363159 0.0445251 
535 0 0.990723 0.684082 0.0164032 0.0426941 
534 0 0.501953 0.0187836 0.03125 0.0334778 
464 0 0.747559 0.0745239 0.0347595 0.0408936 
459 0 0.541504 0.985352 0.0332031 0.0291595 
444 0 0.78125 0.396973 0.0328064 0.0393372 
439 1 0.727539 0.0103836 0.0339966 0.0248413 
288 0 0.358643 0.0520935 0.0296936 0.037323 
247 0 0.262207 0.438477 0.03125 0.0359497 
238 0 0.719727 0.780273 0.0296936 0.0354309 
176 0 0.48584 0.0408325 0.0304718 0.0386047 
55 0 0.0133057 0.989746 0.0268555 0.0208282 
54 0 0.990723 0.411377 0.0171814 0.0507812 
51 0 0.039856 0.987305 0.0326233 0.0249939 
50 0 0.535156 0.586426 0.0328064 0.0432434 
49 0 0.464844 0.431152 0.0386658 0.0546875 
46 0 0.485107 0.86377 0.0324097 0.0437622 
43 0 0.569336 0.103149 0.0289001 0.035553 
42 0 0.309326 0.227783 0.03302 0.0408936 
41 0 0.246704 0.371826 0.0296936 0.0395813 
34 0 0.583008 0.12085 0.0335999 0.0414124 
32 0 0.241577 0.158325 0.0304718 0.0333252 
30 0 0.945312 0.930176 0.0343628 0.0395813 
29 0 0.00679398 0.793945 0.0134125 0.0375061 
27 0 0.233643 0.578125 0.0296936 0.0432434 
26 0 0.130371 0.198975 0.0365295 0.0479126 
23 0 0.638184 0.233276 0.0347595 0.0404968 
22 0 0.273682 0.2323 0.0335999 0.0395813 
21 0 0.0843506 0.804199 0.0283203 0.0359497 
20 0 0.489746 0.751953 0.0414124 0.0458374 
19 0 0.0890503 0.962402 0.03125 0.0416565 
18 0 0.82959 0.433594 0.0335999 0.0411377 
17 0 0.192139 0.845703 0.0343628 0.0416565 
14 0 0.842773 0.754395 0.0359497 0.0499878 
13 0 0.864746 0.413574 0.0328064 0.0432434 
12 0 0.936035 0.209351 0.0390625 0.0562439 
8 0 0.824219 0.987305 0.0265656 0.0249939 
7 0 0.709473 0.631348 0.0335999 0.0416565 
6 0 0.834961 0.867676 0.0265656 0.0395813 
5 0 0.851562 0.235474 0.0406189 0.0497437 
3 0 0.760742 0.101929 0.0320435 0.0358582 
2 0 0.237549 0.857422 0.03125 0.0395813 
1 0 0.631836 0.610352 0.0328064 0.0416565 
