615 0 0.577637 0.150269 0.0320435 0.038269 
604 0 0.601562 0.211426 0.03125 0.0395813 
579 2 0.011795 0.727051 0.0244293 0.0416565 
562 0 0.959473 0.405762 0.03125 0.0401001 
547 0 0.638184 0.421875 0.0371094 0.0437622 
535 0 0.990723 0.685547 0.015625 0.0432434 
534 0 0.502441 0.0190277 0.0320435 0.0337524 
464 0 0.745117 0.0765381 0.0347595 0.0423584 
459 0 0.541504 0.985352 0.0328064 0.0291595 
444 0 0.794922 0.398926 0.0335999 0.0369873 
288 0 0.35791 0.0530701 0.0308533 0.037262 
247 0 0.261719 0.437988 0.0322266 0.0367126 
238 0 0.719727 0.780273 0.0300751 0.0354309 
176 0 0.48584 0.0406189 0.03125 0.0393677 
55 0 0.0132828 0.990723 0.0266571 0.0197906 
54 0 0.990723 0.411377 0.0179749 0.0520935 
51 0 0.0406189 0.986816 0.0315247 0.0260468 
50 0 0.53418 0.587402 0.0332031 0.0421753 
49 0 0.464844 0.432373 0.0394592 0.0562439 
46 0 0.48584 0.86377 0.03125 0.0437622 
43 0 0.569336 0.10376 0.0296936 0.0362549 
42 0 0.312988 0.227051 0.03302 0.0395813 
41 0 0.246094 0.371826 0.0294952 0.0395813 
34 0 0.583008 0.120911 0.0343628 0.0420532 
32 0 0.241455 0.158447 0.0298767 0.0317688 
30 0 0.945312 0.931152 0.0343628 0.0385437 
29 0 0.00622559 0.794922 0.0127411 0.0380249 
27 0 0.233643 0.577148 0.0296936 0.0426941 
26 0 0.129883 0.19812 0.0351562 0.0464783 
23 0 0.638184 0.233276 0.035553 0.0415344 
22 0 0.27417 0.233765 0.0328064 0.0387878 
21 0 0.0843506 0.804688 0.0281219 0.0364685 
20 0 0.489746 0.751953 0.0421753 0.0458374 
19 0 0.0890503 0.962402 0.03125 0.0416565 
18 0 0.829102 0.43335 0.0328064 0.0416565 
17 0 0.192139 0.845703 0.0343628 0.0416565 
14 0 0.842285 0.75293 0.0351562 0.0489502 
13 0 0.864746 0.413574 0.0328064 0.0411377 
12 0 0.936523 0.209351 0.0390625 0.0562439 
8 0 0.824219 0.987305 0.0265656 0.0249939 
7 0 0.708496 0.631348 0.0335999 0.0416565 
6 0 0.834961 0.869141 0.0265656 0.0406189 
5 0 0.852539 0.235474 0.0421753 0.0499878 
3 0 0.759277 0.102234 0.0335999 0.0369263 
2 0 0.236694 0.857422 0.0304718 0.0395813 
1 0 0.631836 0.611328 0.0328064 0.0411377 
615 0 0.577637 0.150269 0.0320435 0.038269 
604 0 0.601562 0.211426 0.03125 0.0395813 
579 2 0.011795 0.727051 0.0244293 0.0416565 
562 0 0.959473 0.405762 0.03125 0.0401001 
547 0 0.638184 0.421875 0.0371094 0.0437622 
535 0 0.990723 0.685547 0.015625 0.0432434 
534 0 0.502441 0.0190277 0.0320435 0.0337524 
464 0 0.745117 0.0765381 0.0347595 0.0423584 
459 0 0.541504 0.985352 0.0328064 0.0291595 
444 0 0.794922 0.398926 0.0335999 0.0369873 
288 0 0.35791 0.0530701 0.0308533 0.037262 
247 0 0.261719 0.437988 0.0322266 0.0367126 
238 0 0.719727 0.780273 0.0300751 0.0354309 
176 0 0.48584 0.0406189 0.03125 0.0393677 
55 0 0.0132828 0.990723 0.0266571 0.0197906 
54 0 0.990723 0.411377 0.0179749 0.0520935 
51 0 0.0406189 0.986816 0.0315247 0.0260468 
50 0 0.53418 0.587402 0.0332031 0.0421753 
49 0 0.464844 0.432373 0.0394592 0.0562439 
46 0 0.48584 0.86377 0.03125 0.0437622 
43 0 0.569336 0.10376 0.0296936 0.0362549 
42 0 0.312988 0.227051 0.03302 0.0395813 
41 0 0.246094 0.371826 0.0294952 0.0395813 
34 0 0.583008 0.120911 0.0343628 0.0420532 
32 0 0.241455 0.158447 0.0298767 0.0317688 
30 0 0.945312 0.931152 0.0343628 0.0385437 
29 0 0.00622559 0.794922 0.0127411 0.0380249 
27 0 0.233643 0.577148 0.0296936 0.0426941 
26 0 0.129883 0.19812 0.0351562 0.0464783 
23 0 0.638184 0.233276 0.035553 0.0415344 
22 0 0.27417 0.233765 0.0328064 0.0387878 
21 0 0.0843506 0.804688 0.0281219 0.0364685 
20 0 0.489746 0.751953 0.0421753 0.0458374 
19 0 0.0890503 0.962402 0.03125 0.0416565 
18 0 0.829102 0.43335 0.0328064 0.0416565 
17 0 0.192139 0.845703 0.0343628 0.0416565 
14 0 0.842285 0.75293 0.0351562 0.0489502 
13 0 0.864746 0.413574 0.0328064 0.0411377 
12 0 0.936523 0.209351 0.0390625 0.0562439 
8 0 0.824219 0.987305 0.0265656 0.0249939 
7 0 0.708496 0.631348 0.0335999 0.0416565 
6 0 0.834961 0.869141 0.0265656 0.0406189 
5 0 0.852539 0.235474 0.0421753 0.0499878 
3 0 0.759277 0.102234 0.0335999 0.0369263 
2 0 0.236694 0.857422 0.0304718 0.0395813 
1 0 0.631836 0.611328 0.0328064 0.0411377 
