783 0 0.969727 0.87207 0.0265656 0.0343628 
776 0 0.197388 0.724609 0.0314331 0.0447998 
773 0 0.561523 0.161499 0.0273438 0.0359497 
772 0 0.192749 0.85498 0.0362244 0.0479126 
760 0 0.973633 0.0386047 0.0281219 0.0391846 
752 0 0.407715 0.217651 0.0343628 0.0437622 
744 0 0.307861 0.196899 0.0281219 0.0347595 
735 0 0.79541 0.375977 0.0281219 0.0390625 
725 0 0.70166 0.963379 0.0339966 0.0432434 
684 0 0.735352 0.150024 0.0304718 0.0375061 
681 0 0.623535 0.0163116 0.0304718 0.0318604 
677 0 0.71582 0.788086 0.0281219 0.0343628 
662 0 0.993164 0.680176 0.014061 0.0354309 
655 0 0.221924 0.484375 0.0251923 0.0315247 
639 0 0.935059 0.206299 0.0359497 0.0499878 
584 0 0.578125 0.148071 0.0281219 0.033844 
569 0 0.602051 0.209351 0.0304718 0.0441284 
506 0 0.506836 0.0312805 0.0265656 0.0332642 
435 0 0.704102 0.15625 0.0335999 0.0416565 
416 0 0.861816 0.4104 0.0296936 0.0375061 
281 0 0.352295 0.0718994 0.0265656 0.0313721 
245 0 0.260986 0.431152 0.0279236 0.038269 
178 0 0.475098 0.0541992 0.0273438 0.0379639 
122 0 0.625 0.240601 0.03125 0.0395813 
55 0 0.0148468 0.98877 0.0297394 0.0229187 
54 0 0.989258 0.414551 0.0203094 0.0463562 
51 0 0.0429993 0.984375 0.0361938 0.03125 
50 0 0.492188 0.616699 0.0320435 0.0426941 
49 0 0.45459 0.469727 0.035553 0.0395813 
46 0 0.487549 0.861328 0.0316467 0.0395813 
45 0 0.541504 0.985352 0.0328064 0.0291595 
43 0 0.570312 0.102112 0.0281219 0.0333252 
42 0 0.203125 0.230835 0.0326233 0.0367126 
41 0 0.215576 0.404053 0.0281219 0.04245 
34 0 0.584473 0.12085 0.03125 0.0376892 
32 0 0.207031 0.19165 0.0296936 0.0368347 
27 0 0.234985 0.56543 0.0324097 0.0489502 
26 0 0.12915 0.195801 0.0347595 0.0453186 
22 0 0.259277 0.266846 0.0343628 0.0423279 
21 0 0.0838623 0.801758 0.0319824 0.0406189 
19 0 0.104675 0.985352 0.0307159 0.0291595 
18 0 0.82666 0.431885 0.0304718 0.0367126 
14 0 0.835938 0.780273 0.0343628 0.0437622 
8 0 0.823242 0.987305 0.0249939 0.0239563 
7 0 0.708496 0.629395 0.0328064 0.0416565 
6 0 0.830566 0.867676 0.0296936 0.0395813 
5 0 0.851562 0.231934 0.0429688 0.049469 
2 0 0.236328 0.856934 0.0306702 0.0426941 
1 0 0.630371 0.616699 0.0296936 0.0416565 
