512 0 0.340332 0.0104218 0.0341797 0.0200653 
464 0 0.76416 0.0386658 0.0328064 0.0425415 
459 0 0.540527 0.985352 0.0343628 0.0291595 
444 0 0.650879 0.498535 0.0320435 0.0419312 
439 1 0.85791 0.113281 0.0320435 0.0417175 
423 0 0.577148 0.153076 0.0285187 0.0345154 
410 0 0.311768 0.19165 0.0347595 0.0412903 
288 0 0.364014 0.0385742 0.0343628 0.0430908 
247 0 0.261719 0.440674 0.0335999 0.0406189 
238 0 0.723633 0.774902 0.0300751 0.033844 
176 0 0.5 0.023941 0.039856 0.0438538 
55 0 0.0132904 0.989746 0.0267334 0.0208282 
54 0 0.991211 0.4104 0.0171814 0.0541687 
51 0 0.0406189 0.986816 0.033783 0.0260468 
50 0 0.550781 0.5625 0.0328064 0.0416565 
49 0 0.472656 0.421875 0.0410156 0.0567627 
46 0 0.486816 0.864746 0.0296936 0.0416565 
43 0 0.567871 0.104553 0.0292969 0.0348206 
42 0 0.30249 0.245361 0.039856 0.0426941 
41 0 0.260986 0.364502 0.0316467 0.0416565 
34 0 0.583008 0.121765 0.0324097 0.0395813 
32 0 0.243774 0.154175 0.03125 0.0371094 
30 0 0.961914 0.89502 0.0328064 0.0354309 
29 0 0.01091 0.775879 0.0218811 0.0385437 
27 0 0.234375 0.578125 0.03125 0.044281 
26 0 0.129395 0.199951 0.0386658 0.0541687 
23 0 0.654785 0.207397 0.0335999 0.0393372 
22 0 0.281738 0.2229 0.0333862 0.0412903 
21 0 0.0836182 0.807129 0.0308075 0.0390625 
20 0 0.493652 0.74707 0.0414124 0.0489502 
19 0 0.0898438 0.964355 0.0296326 0.0401001 
18 0 0.831055 0.435303 0.0343628 0.0416565 
17 0 0.192993 0.84668 0.0359497 0.0437622 
14 0 0.846191 0.755371 0.0328064 0.0458374 
13 0 0.864258 0.413574 0.0343628 0.0432434 
12 0 0.936035 0.210205 0.0390625 0.055481 
8 0 0.831055 0.983398 0.0281219 0.0333252 
7 0 0.709473 0.633301 0.0304718 0.0395813 
6 0 0.838867 0.859375 0.0273438 0.0364685 
5 0 0.853027 0.2323 0.0445251 0.0514221 
4 0 0.600586 0.213501 0.0289001 0.035553 
3 0 0.766602 0.0964966 0.0289001 0.0380859 
2 0 0.239868 0.858398 0.0328064 0.0416565 
1 0 0.629883 0.60498 0.0316467 0.0426941 
512 0 0.340332 0.0104218 0.0341797 0.0200653 
464 0 0.76416 0.0386658 0.0328064 0.0425415 
459 0 0.540527 0.985352 0.0343628 0.0291595 
444 0 0.650879 0.498535 0.0320435 0.0419312 
439 1 0.85791 0.113281 0.0320435 0.0417175 
423 0 0.577148 0.153076 0.0285187 0.0345154 
410 0 0.311768 0.19165 0.0347595 0.0412903 
288 0 0.364014 0.0385742 0.0343628 0.0430908 
247 0 0.261719 0.440674 0.0335999 0.0406189 
238 0 0.723633 0.774902 0.0300751 0.033844 
176 0 0.5 0.023941 0.039856 0.0438538 
55 0 0.0132904 0.989746 0.0267334 0.0208282 
54 0 0.991211 0.4104 0.0171814 0.0541687 
51 0 0.0406189 0.986816 0.033783 0.0260468 
50 0 0.550781 0.5625 0.0328064 0.0416565 
49 0 0.472656 0.421875 0.0410156 0.0567627 
46 0 0.486816 0.864746 0.0296936 0.0416565 
43 0 0.567871 0.104553 0.0292969 0.0348206 
42 0 0.30249 0.245361 0.039856 0.0426941 
41 0 0.260986 0.364502 0.0316467 0.0416565 
34 0 0.583008 0.121765 0.0324097 0.0395813 
32 0 0.243774 0.154175 0.03125 0.0371094 
30 0 0.961914 0.89502 0.0328064 0.0354309 
29 0 0.01091 0.775879 0.0218811 0.0385437 
27 0 0.234375 0.578125 0.03125 0.044281 
26 0 0.129395 0.199951 0.0386658 0.0541687 
23 0 0.654785 0.207397 0.0335999 0.0393372 
22 0 0.281738 0.2229 0.0333862 0.0412903 
21 0 0.0836182 0.807129 0.0308075 0.0390625 
20 0 0.493652 0.74707 0.0414124 0.0489502 
19 0 0.0898438 0.964355 0.0296326 0.0401001 
18 0 0.831055 0.435303 0.0343628 0.0416565 
17 0 0.192993 0.84668 0.0359497 0.0437622 
14 0 0.846191 0.755371 0.0328064 0.0458374 
13 0 0.864258 0.413574 0.0343628 0.0432434 
12 0 0.936035 0.210205 0.0390625 0.055481 
8 0 0.831055 0.983398 0.0281219 0.0333252 
7 0 0.709473 0.633301 0.0304718 0.0395813 
6 0 0.838867 0.859375 0.0273438 0.0364685 
5 0 0.853027 0.2323 0.0445251 0.0514221 
4 0 0.600586 0.213501 0.0289001 0.035553 
3 0 0.766602 0.0964966 0.0289001 0.0380859 
2 0 0.239868 0.858398 0.0328064 0.0416565 
1 0 0.629883 0.60498 0.0316467 0.0426941 
