285 0 0.00678253 0.275635 0.0131226 0.0419312 
281 0 0.370361 0.011673 0.0263672 0.0227203 
276 0 0.65625 0.927246 0.0406189 0.0499878 
258 0 0.520508 0.0114594 0.0273438 0.0229492 
254 0 0.457031 0.0177155 0.03125 0.0361328 
251 0 0.338379 0.0836182 0.0341797 0.0417175 
246 0 0.978027 0.861328 0.0273438 0.0354309 
245 0 0.262451 0.438477 0.0314331 0.0395813 
244 0 0.817383 0.950195 0.03125 0.0401001 
236 0 0.729492 0.766602 0.0289001 0.0359497 
226 0 0.417969 0.445068 0.0324097 0.0390625 
221 0 0.0377808 0.381348 0.0351257 0.0492249 
178 0 0.498535 0.0201721 0.0281219 0.0361633 
142 0 0.637695 0.420654 0.0347595 0.0453186 
122 0 0.661621 0.176025 0.0363159 0.0404968 
119 0 0.628906 0.804199 0.0359497 0.0416565 
55 0 0.0132675 0.990723 0.0267334 0.0187531 
54 0 0.994629 0.40625 0.0109406 0.0499878 
51 0 0.0398254 0.985352 0.0326538 0.0291595 
50 0 0.573242 0.520996 0.03125 0.038269 
49 0 0.489014 0.404053 0.0289001 0.038269 
46 0 0.483643 0.864746 0.0390625 0.0473938 
45 0 0.54834 0.942871 0.0285187 0.0322876 
43 0 0.568848 0.103149 0.0292969 0.035553 
42 0 0.223022 0.18103 0.0294952 0.039978 
41 0 0.28833 0.327148 0.0267639 0.0375061 
40 0 0.541504 0.985352 0.0359497 0.0291595 
39 0 0.760742 0.278564 0.0304718 0.04245 
34 0 0.583496 0.119812 0.0328064 0.0395813 
32 0 0.263184 0.125 0.0296936 0.0375061 
31 0 0.10144 0.210938 0.0312042 0.0446472 
30 0 0.981445 0.830078 0.0304718 0.0385437 
29 0 0.0192413 0.749023 0.0285645 0.0421753 
27 0 0.235596 0.578125 0.0306702 0.0437622 
26 0 0.132812 0.197876 0.0345764 0.0458374 
22 0 0.282715 0.218262 0.0335999 0.0404968 
21 0 0.0836182 0.806152 0.0296936 0.0375061 
20 0 0.499268 0.73877 0.042572 0.0499878 
19 0 0.0882568 0.96582 0.0328064 0.0395813 
18 0 0.829102 0.433838 0.0328064 0.04245 
17 0 0.192993 0.84375 0.0328064 0.0416565 
16 0 0.187378 0.530273 0.0326233 0.0414124 
14 0 0.850586 0.75 0.0343628 0.0432434 
13 0 0.865723 0.4104 0.0320435 0.0416565 
12 0 0.936035 0.210205 0.0406189 0.0566406 
8 0 0.834473 0.976074 0.0289001 0.0369873 
7 0 0.708008 0.634277 0.0324097 0.0406189 
6 0 0.84375 0.852051 0.0257874 0.0333252 
5 0 0.853027 0.229126 0.0445251 0.053894 
4 0 0.603027 0.2146 0.0308533 0.0371094 
3 0 0.773438 0.078125 0.03125 0.0392151 
2 0 0.240601 0.853027 0.03125 0.0426941 
1 0 0.632812 0.580078 0.03125 0.0395813 
