189 0 0.0436401 0.364502 0.0341492 0.0414124 
182 0 0.00794983 0.396973 0.0188904 0.0408936 
176 0 0.504883 0.0114975 0.0320435 0.0226135 
173 0 0.985352 0.862793 0.0265656 0.0385437 
171 0 0.992188 0.679199 0.0132828 0.0458374 
140 0 0.636719 0.419678 0.0347595 0.0455627 
120 0 0.611328 0.0571594 0.0281219 0.0405273 
119 0 0.743164 0.756348 0.0265656 0.0354309 
117 0 0.630371 0.804199 0.0359497 0.0426941 
85 0 0.254395 0.470459 0.0281219 0.033844 
76 0 0.807129 0.820312 0.0324097 0.0395813 
56 0 0.563477 0.15979 0.0273438 0.0341187 
55 0 0.0123978 0.990723 0.0245972 0.0187531 
54 0 0.993652 0.408447 0.0124969 0.049469 
51 0 0.0406189 0.983398 0.0311737 0.0291595 
50 0 0.587891 0.49585 0.0328064 0.0411377 
49 0 0.497559 0.391602 0.0324097 0.0372314 
47 0 0.218384 0.324463 0.0306702 0.0369873 
46 0 0.486816 0.865723 0.0296936 0.0395813 
45 0 0.570312 0.892578 0.0300751 0.0343628 
44 0 0.578125 0.151489 0.0300751 0.0343628 
43 0 0.568848 0.101929 0.0281219 0.0364685 
42 0 0.217041 0.170044 0.0265656 0.0352783 
41 0 0.310547 0.310303 0.0271454 0.0375061 
40 0 0.541504 0.985352 0.0324097 0.0291595 
39 0 0.76416 0.61377 0.0308533 0.0390625 
35 0 0.0125351 0.252197 0.0260925 0.0420532 
34 0 0.584473 0.122925 0.03125 0.0413513 
32 0 0.293701 0.106262 0.0279236 0.0366516 
31 0 0.251953 0.518066 0.0290985 0.0372314 
30 0 0.988281 0.789551 0.0234375 0.0375061 
29 0 0.0273438 0.735352 0.0285645 0.0401001 
27 0 0.240601 0.571777 0.0275421 0.0395813 
26 0 0.133057 0.196899 0.03302 0.0440063 
24 0 0.269531 0.419678 0.0302734 0.0372314 
23 0 0.666504 0.151001 0.0339966 0.038147 
22 0 0.283691 0.217041 0.0324097 0.0401001 
21 0 0.0828247 0.805176 0.0281219 0.0354309 
20 0 0.511719 0.729004 0.0414124 0.049469 
19 0 0.088562 0.963379 0.030426 0.0380249 
18 0 0.828125 0.43335 0.0343628 0.0411377 
17 0 0.19165 0.844727 0.0318298 0.0395813 
16 0 0.349854 0.360352 0.0308533 0.0372314 
14 0 0.853027 0.749023 0.0343628 0.0437622 
13 0 0.868652 0.409424 0.0304718 0.0395813 
12 0 0.936035 0.209351 0.0406189 0.0559998 
8 0 0.836914 0.964355 0.0296936 0.0380249 
7 0 0.708008 0.637207 0.0289001 0.0364685 
6 0 0.847656 0.838379 0.0265656 0.0354309 
5 0 0.853027 0.228149 0.046875 0.0559998 
4 0 0.603027 0.213623 0.0308533 0.0429688 
3 0 0.770996 0.0706787 0.0296936 0.0364075 
2 0 0.242432 0.856445 0.0300751 0.0416565 
1 0 0.648438 0.561035 0.0316467 0.0416565 
189 0 0.0436401 0.364502 0.0341492 0.0414124 
182 0 0.00794983 0.396973 0.0188904 0.0408936 
176 0 0.504883 0.0114975 0.0320435 0.0226135 
173 0 0.985352 0.862793 0.0265656 0.0385437 
171 0 0.992188 0.679199 0.0132828 0.0458374 
140 0 0.636719 0.419678 0.0347595 0.0455627 
120 0 0.611328 0.0571594 0.0281219 0.0405273 
119 0 0.743164 0.756348 0.0265656 0.0354309 
117 0 0.630371 0.804199 0.0359497 0.0426941 
85 0 0.254395 0.470459 0.0281219 0.033844 
76 0 0.807129 0.820312 0.0324097 0.0395813 
56 0 0.563477 0.15979 0.0273438 0.0341187 
55 0 0.0123978 0.990723 0.0245972 0.0187531 
54 0 0.993652 0.408447 0.0124969 0.049469 
51 0 0.0406189 0.983398 0.0311737 0.0291595 
50 0 0.587891 0.49585 0.0328064 0.0411377 
49 0 0.497559 0.391602 0.0324097 0.0372314 
47 0 0.218384 0.324463 0.0306702 0.0369873 
46 0 0.486816 0.865723 0.0296936 0.0395813 
45 0 0.570312 0.892578 0.0300751 0.0343628 
44 0 0.578125 0.151489 0.0300751 0.0343628 
43 0 0.568848 0.101929 0.0281219 0.0364685 
42 0 0.217041 0.170044 0.0265656 0.0352783 
41 0 0.310547 0.310303 0.0271454 0.0375061 
40 0 0.541504 0.985352 0.0324097 0.0291595 
39 0 0.76416 0.61377 0.0308533 0.0390625 
35 0 0.0125351 0.252197 0.0260925 0.0420532 
34 0 0.584473 0.122925 0.03125 0.0413513 
32 0 0.293701 0.106262 0.0279236 0.0366516 
31 0 0.251953 0.518066 0.0290985 0.0372314 
30 0 0.988281 0.789551 0.0234375 0.0375061 
29 0 0.0273438 0.735352 0.0285645 0.0401001 
27 0 0.240601 0.571777 0.0275421 0.0395813 
26 0 0.133057 0.196899 0.03302 0.0440063 
24 0 0.269531 0.419678 0.0302734 0.0372314 
23 0 0.666504 0.151001 0.0339966 0.038147 
22 0 0.283691 0.217041 0.0324097 0.0401001 
21 0 0.0828247 0.805176 0.0281219 0.0354309 
20 0 0.511719 0.729004 0.0414124 0.049469 
19 0 0.088562 0.963379 0.030426 0.0380249 
18 0 0.828125 0.43335 0.0343628 0.0411377 
17 0 0.19165 0.844727 0.0318298 0.0395813 
16 0 0.349854 0.360352 0.0308533 0.0372314 
14 0 0.853027 0.749023 0.0343628 0.0437622 
13 0 0.868652 0.409424 0.0304718 0.0395813 
12 0 0.936035 0.209351 0.0406189 0.0559998 
8 0 0.836914 0.964355 0.0296936 0.0380249 
7 0 0.708008 0.637207 0.0289001 0.0364685 
6 0 0.847656 0.838379 0.0265656 0.0354309 
5 0 0.853027 0.228149 0.046875 0.0559998 
4 0 0.603027 0.213623 0.0308533 0.0429688 
3 0 0.770996 0.0706787 0.0296936 0.0364075 
2 0 0.242432 0.856445 0.0300751 0.0416565 
1 0 0.648438 0.561035 0.0316467 0.0416565 
