820 0 0.973633 0.864746 0.0249939 0.0291595 
818 0 0.190552 0.804199 0.0290985 0.0411377 
817 0 0.62793 0.802246 0.0343628 0.0411377 
815 0 0.563477 0.1604 0.0265656 0.0333252 
814 0 0.191284 0.84668 0.0349731 0.0432434 
801 0 0.975098 0.030304 0.0249939 0.0353394 
791 0 0.408691 0.217651 0.0357361 0.0438843 
784 0 0.309082 0.194824 0.0271454 0.03125 
775 0 0.78125 0.253174 0.0300751 0.0384216 
765 0 0.749023 0.904297 0.0320435 0.0385437 
724 0 0.741211 0.138672 0.0296936 0.0354309 
721 0 0.627441 0.0156555 0.0292969 0.031189 
716 0 0.716309 0.787598 0.0265656 0.0333252 
701 0 0.993164 0.683105 0.014061 0.0333252 
694 0 0.227295 0.479248 0.0234375 0.0291595 
674 0 0.936035 0.206299 0.038269 0.0501404 
635 0 0.636719 0.419678 0.0379028 0.0479126 
615 0 0.578125 0.148926 0.0281219 0.0354309 
604 0 0.601562 0.209595 0.0300751 0.042572 
534 0 0.507812 0.03125 0.0249939 0.0332642 
464 0 0.709473 0.146851 0.0335999 0.0431519 
459 0 0.541992 0.986328 0.0320435 0.0270844 
444 0 0.861816 0.4104 0.0296936 0.0372314 
288 0 0.354004 0.0697632 0.0261688 0.0309601 
247 0 0.260986 0.434326 0.0281219 0.0354309 
176 0 0.47583 0.0531311 0.0265656 0.0393677 
55 0 0.0140839 0.989746 0.0280762 0.0208282 
54 0 0.989258 0.414551 0.0218811 0.0458374 
51 0 0.0422974 0.985352 0.0351868 0.0291595 
50 0 0.502441 0.611328 0.0335999 0.0479126 
49 0 0.456543 0.463379 0.0335999 0.0411377 
46 0 0.487549 0.861328 0.03125 0.0395813 
43 0 0.571289 0.102112 0.0273438 0.0333252 
42 0 0.251465 0.204346 0.0310516 0.0377502 
41 0 0.222656 0.396973 0.0302734 0.0440063 
34 0 0.583496 0.12085 0.0328064 0.0375061 
32 0 0.21167 0.18335 0.0298767 0.0332031 
27 0 0.235962 0.567871 0.03125 0.046875 
26 0 0.129517 0.196045 0.0339966 0.0450439 
23 0 0.625 0.240601 0.03125 0.0395813 
22 0 0.264404 0.261475 0.0349731 0.0441284 
21 0 0.0836182 0.803223 0.0326233 0.0395813 
19 0 0.0960693 0.963379 0.0360413 0.044281 
18 0 0.825684 0.430908 0.0328064 0.0380249 
14 0 0.842285 0.772949 0.0335999 0.0421753 
8 0 0.824219 0.987305 0.0265656 0.0244751 
7 0 0.708496 0.630371 0.0328064 0.0432434 
6 0 0.832031 0.869629 0.0296936 0.0395813 
5 0 0.851562 0.234497 0.0414124 0.0473938 
2 0 0.236694 0.856445 0.0328064 0.0458374 
1 0 0.630371 0.615723 0.0296936 0.0395813 
820 0 0.973633 0.864746 0.0249939 0.0291595 
818 0 0.190552 0.804199 0.0290985 0.0411377 
817 0 0.62793 0.802246 0.0343628 0.0411377 
815 0 0.563477 0.1604 0.0265656 0.0333252 
814 0 0.191284 0.84668 0.0349731 0.0432434 
801 0 0.975098 0.030304 0.0249939 0.0353394 
791 0 0.408691 0.217651 0.0357361 0.0438843 
784 0 0.309082 0.194824 0.0271454 0.03125 
775 0 0.78125 0.253174 0.0300751 0.0384216 
765 0 0.749023 0.904297 0.0320435 0.0385437 
724 0 0.741211 0.138672 0.0296936 0.0354309 
721 0 0.627441 0.0156555 0.0292969 0.031189 
716 0 0.716309 0.787598 0.0265656 0.0333252 
701 0 0.993164 0.683105 0.014061 0.0333252 
694 0 0.227295 0.479248 0.0234375 0.0291595 
674 0 0.936035 0.206299 0.038269 0.0501404 
635 0 0.636719 0.419678 0.0379028 0.0479126 
615 0 0.578125 0.148926 0.0281219 0.0354309 
604 0 0.601562 0.209595 0.0300751 0.042572 
534 0 0.507812 0.03125 0.0249939 0.0332642 
464 0 0.709473 0.146851 0.0335999 0.0431519 
459 0 0.541992 0.986328 0.0320435 0.0270844 
444 0 0.861816 0.4104 0.0296936 0.0372314 
288 0 0.354004 0.0697632 0.0261688 0.0309601 
247 0 0.260986 0.434326 0.0281219 0.0354309 
176 0 0.47583 0.0531311 0.0265656 0.0393677 
55 0 0.0140839 0.989746 0.0280762 0.0208282 
54 0 0.989258 0.414551 0.0218811 0.0458374 
51 0 0.0422974 0.985352 0.0351868 0.0291595 
50 0 0.502441 0.611328 0.0335999 0.0479126 
49 0 0.456543 0.463379 0.0335999 0.0411377 
46 0 0.487549 0.861328 0.03125 0.0395813 
43 0 0.571289 0.102112 0.0273438 0.0333252 
42 0 0.251465 0.204346 0.0310516 0.0377502 
41 0 0.222656 0.396973 0.0302734 0.0440063 
34 0 0.583496 0.12085 0.0328064 0.0375061 
32 0 0.21167 0.18335 0.0298767 0.0332031 
27 0 0.235962 0.567871 0.03125 0.046875 
26 0 0.129517 0.196045 0.0339966 0.0450439 
23 0 0.625 0.240601 0.03125 0.0395813 
22 0 0.264404 0.261475 0.0349731 0.0441284 
21 0 0.0836182 0.803223 0.0326233 0.0395813 
19 0 0.0960693 0.963379 0.0360413 0.044281 
18 0 0.825684 0.430908 0.0328064 0.0380249 
14 0 0.842285 0.772949 0.0335999 0.0421753 
8 0 0.824219 0.987305 0.0265656 0.0244751 
7 0 0.708496 0.630371 0.0328064 0.0432434 
6 0 0.832031 0.869629 0.0296936 0.0395813 
5 0 0.851562 0.234497 0.0414124 0.0473938 
2 0 0.236694 0.856445 0.0328064 0.0458374 
1 0 0.630371 0.615723 0.0296936 0.0395813 
