535 0 0.990723 0.683105 0.015625 0.0421753 
534 0 0.506348 0.0156708 0.0316467 0.0319519 
533 0 0.339844 0.0104141 0.0359497 0.0208282 
532 2 0.183594 0.939941 0.0294952 0.0343628 
524 0 0.575195 0.113525 0.0343628 0.0397644 
464 0 0.760742 0.0455933 0.0347595 0.0436707 
459 0 0.540527 0.985352 0.0335999 0.0291595 
444 0 0.69043 0.502441 0.0328064 0.039856 
439 1 0.834473 0.0907593 0.0335999 0.0413513 
423 0 0.57666 0.1521 0.0289001 0.0335999 
410 0 0.310303 0.193481 0.0351562 0.0430908 
288 0 0.362793 0.0410156 0.0333862 0.0431213 
247 0 0.260986 0.441162 0.03125 0.0387878 
238 0 0.722656 0.774902 0.0296936 0.0333252 
176 0 0.497559 0.0260773 0.0371094 0.0438843 
55 0 0.0132675 0.989746 0.0263367 0.0208282 
54 0 0.992188 0.407227 0.015625 0.0520935 
51 0 0.039856 0.986328 0.0328064 0.0260468 
50 0 0.549316 0.56543 0.0347595 0.0426941 
49 0 0.471924 0.42334 0.0406189 0.0570374 
46 0 0.486816 0.864746 0.0296936 0.0416565 
43 0 0.569336 0.106262 0.0296936 0.0369263 
42 0 0.309082 0.24585 0.0371094 0.0408936 
41 0 0.258545 0.367676 0.0300751 0.0401001 
34 0 0.583496 0.12146 0.0328064 0.0408936 
32 0 0.243896 0.154175 0.0320435 0.0367126 
30 0 0.959473 0.901855 0.0343628 0.0375061 
29 0 0.0101471 0.780273 0.0202179 0.0390625 
27 0 0.234375 0.578125 0.03125 0.0453186 
26 0 0.129639 0.199097 0.0396423 0.0549622 
23 0 0.651367 0.212524 0.0343628 0.038269 
22 0 0.280518 0.224976 0.035553 0.0414124 
21 0 0.0836792 0.805176 0.0299377 0.0385437 
20 0 0.493652 0.749023 0.0410156 0.0473938 
19 0 0.0890503 0.963379 0.0308533 0.0395813 
18 0 0.830566 0.435303 0.0359497 0.0419312 
17 0 0.192871 0.84668 0.0353394 0.0437622 
14 0 0.845215 0.75293 0.0335999 0.0479126 
13 0 0.864258 0.413574 0.0343628 0.0437622 
12 0 0.936035 0.210205 0.0406189 0.0576782 
8 0 0.831055 0.983887 0.0273438 0.0322876 
7 0 0.708496 0.633301 0.0328064 0.0416565 
6 0 0.838379 0.861328 0.0265656 0.0354309 
5 0 0.852539 0.231201 0.0421753 0.0541687 
4 0 0.601562 0.213501 0.0281219 0.0354309 
3 0 0.765625 0.0978394 0.0281219 0.0375061 
2 0 0.238525 0.857422 0.0332031 0.0421753 
1 0 0.629883 0.60498 0.0285187 0.0359497 
535 0 0.990723 0.683105 0.015625 0.0421753 
534 0 0.506348 0.0156708 0.0316467 0.0319519 
533 0 0.339844 0.0104141 0.0359497 0.0208282 
532 2 0.183594 0.939941 0.0294952 0.0343628 
524 0 0.575195 0.113525 0.0343628 0.0397644 
464 0 0.760742 0.0455933 0.0347595 0.0436707 
459 0 0.540527 0.985352 0.0335999 0.0291595 
444 0 0.69043 0.502441 0.0328064 0.039856 
439 1 0.834473 0.0907593 0.0335999 0.0413513 
423 0 0.57666 0.1521 0.0289001 0.0335999 
410 0 0.310303 0.193481 0.0351562 0.0430908 
288 0 0.362793 0.0410156 0.0333862 0.0431213 
247 0 0.260986 0.441162 0.03125 0.0387878 
238 0 0.722656 0.774902 0.0296936 0.0333252 
176 0 0.497559 0.0260773 0.0371094 0.0438843 
55 0 0.0132675 0.989746 0.0263367 0.0208282 
54 0 0.992188 0.407227 0.015625 0.0520935 
51 0 0.039856 0.986328 0.0328064 0.0260468 
50 0 0.549316 0.56543 0.0347595 0.0426941 
49 0 0.471924 0.42334 0.0406189 0.0570374 
46 0 0.486816 0.864746 0.0296936 0.0416565 
43 0 0.569336 0.106262 0.0296936 0.0369263 
42 0 0.309082 0.24585 0.0371094 0.0408936 
41 0 0.258545 0.367676 0.0300751 0.0401001 
34 0 0.583496 0.12146 0.0328064 0.0408936 
32 0 0.243896 0.154175 0.0320435 0.0367126 
30 0 0.959473 0.901855 0.0343628 0.0375061 
29 0 0.0101471 0.780273 0.0202179 0.0390625 
27 0 0.234375 0.578125 0.03125 0.0453186 
26 0 0.129639 0.199097 0.0396423 0.0549622 
23 0 0.651367 0.212524 0.0343628 0.038269 
22 0 0.280518 0.224976 0.035553 0.0414124 
21 0 0.0836792 0.805176 0.0299377 0.0385437 
20 0 0.493652 0.749023 0.0410156 0.0473938 
19 0 0.0890503 0.963379 0.0308533 0.0395813 
18 0 0.830566 0.435303 0.0359497 0.0419312 
17 0 0.192871 0.84668 0.0353394 0.0437622 
14 0 0.845215 0.75293 0.0335999 0.0479126 
13 0 0.864258 0.413574 0.0343628 0.0437622 
12 0 0.936035 0.210205 0.0406189 0.0576782 
8 0 0.831055 0.983887 0.0273438 0.0322876 
7 0 0.708496 0.633301 0.0328064 0.0416565 
6 0 0.838379 0.861328 0.0265656 0.0354309 
5 0 0.852539 0.231201 0.0421753 0.0541687 
4 0 0.601562 0.213501 0.0281219 0.0354309 
3 0 0.765625 0.0978394 0.0281219 0.0375061 
2 0 0.238525 0.857422 0.0332031 0.0421753 
1 0 0.629883 0.60498 0.0285187 0.0359497 
