674 0 0.936035 0.20813 0.0375061 0.0514221 
671 0 0.873535 0.346191 0.0328064 0.0401001 
666 0 0.991211 0.688477 0.014061 0.0395813 
661 0 0.147217 0.964355 0.0292969 0.0385437 
635 0 0.636719 0.418701 0.0351562 0.0455627 
615 0 0.578125 0.150024 0.03125 0.0375671 
604 0 0.603027 0.211182 0.03125 0.0423279 
562 0 0.920898 0.525879 0.0359497 0.0453186 
534 0 0.505371 0.0239716 0.0265656 0.0346069 
464 0 0.73291 0.0930786 0.0347595 0.0441284 
459 0 0.541504 0.986328 0.0328064 0.0281219 
444 0 0.866211 0.413818 0.0328064 0.0421753 
288 0 0.35791 0.0604248 0.0285187 0.0370789 
247 0 0.261719 0.4375 0.0300751 0.0375061 
238 0 0.718262 0.78125 0.03125 0.0364685 
176 0 0.481934 0.046875 0.0289001 0.0392456 
55 0 0.0140228 0.990723 0.0255585 0.0187531 
54 0 0.990723 0.411377 0.0187531 0.0557251 
51 0 0.0421753 0.987305 0.0316162 0.0244751 
50 0 0.527344 0.598145 0.0324097 0.0426941 
49 0 0.464111 0.442627 0.0410156 0.0585938 
46 0 0.486816 0.86377 0.0304718 0.0395813 
43 0 0.571289 0.103149 0.0308533 0.0392456 
42 0 0.311279 0.224976 0.03302 0.0412903 
41 0 0.240601 0.377197 0.0285187 0.0408936 
34 0 0.583008 0.119812 0.0343628 0.0432434 
32 0 0.237061 0.175781 0.0306702 0.0343628 
30 0 0.936523 0.952148 0.0328064 0.0364685 
29 0 0.00624847 0.808105 0.0124588 0.0406189 
27 0 0.235107 0.575195 0.0296936 0.0447998 
26 0 0.130371 0.197876 0.0349731 0.0458374 
23 0 0.631836 0.238525 0.0335999 0.0421753 
22 0 0.270996 0.23877 0.0333862 0.0404968 
21 0 0.0846558 0.805176 0.028656 0.0359497 
20 0 0.490723 0.754395 0.042572 0.0463562 
19 0 0.0882568 0.962402 0.0290527 0.0375061 
18 0 0.827148 0.434326 0.0328064 0.0387878 
17 0 0.191406 0.845703 0.0328064 0.0406189 
14 0 0.84082 0.754395 0.0343628 0.0489502 
8 0 0.823242 0.98877 0.0281219 0.0229187 
7 0 0.709473 0.630371 0.03125 0.0406189 
6 0 0.833496 0.873047 0.0265656 0.0375061 
5 0 0.851562 0.235474 0.0429688 0.0503845 
3 0 0.757812 0.103149 0.0320435 0.0395203 
2 0 0.237549 0.858398 0.0304718 0.0416565 
1 0 0.630371 0.610352 0.0289001 0.0375061 
674 0 0.936035 0.20813 0.0375061 0.0514221 
671 0 0.873535 0.346191 0.0328064 0.0401001 
666 0 0.991211 0.688477 0.014061 0.0395813 
661 0 0.147217 0.964355 0.0292969 0.0385437 
635 0 0.636719 0.418701 0.0351562 0.0455627 
615 0 0.578125 0.150024 0.03125 0.0375671 
604 0 0.603027 0.211182 0.03125 0.0423279 
562 0 0.920898 0.525879 0.0359497 0.0453186 
534 0 0.505371 0.0239716 0.0265656 0.0346069 
464 0 0.73291 0.0930786 0.0347595 0.0441284 
459 0 0.541504 0.986328 0.0328064 0.0281219 
444 0 0.866211 0.413818 0.0328064 0.0421753 
288 0 0.35791 0.0604248 0.0285187 0.0370789 
247 0 0.261719 0.4375 0.0300751 0.0375061 
238 0 0.718262 0.78125 0.03125 0.0364685 
176 0 0.481934 0.046875 0.0289001 0.0392456 
55 0 0.0140228 0.990723 0.0255585 0.0187531 
54 0 0.990723 0.411377 0.0187531 0.0557251 
51 0 0.0421753 0.987305 0.0316162 0.0244751 
50 0 0.527344 0.598145 0.0324097 0.0426941 
49 0 0.464111 0.442627 0.0410156 0.0585938 
46 0 0.486816 0.86377 0.0304718 0.0395813 
43 0 0.571289 0.103149 0.0308533 0.0392456 
42 0 0.311279 0.224976 0.03302 0.0412903 
41 0 0.240601 0.377197 0.0285187 0.0408936 
34 0 0.583008 0.119812 0.0343628 0.0432434 
32 0 0.237061 0.175781 0.0306702 0.0343628 
30 0 0.936523 0.952148 0.0328064 0.0364685 
29 0 0.00624847 0.808105 0.0124588 0.0406189 
27 0 0.235107 0.575195 0.0296936 0.0447998 
26 0 0.130371 0.197876 0.0349731 0.0458374 
23 0 0.631836 0.238525 0.0335999 0.0421753 
22 0 0.270996 0.23877 0.0333862 0.0404968 
21 0 0.0846558 0.805176 0.028656 0.0359497 
20 0 0.490723 0.754395 0.042572 0.0463562 
19 0 0.0882568 0.962402 0.0290527 0.0375061 
18 0 0.827148 0.434326 0.0328064 0.0387878 
17 0 0.191406 0.845703 0.0328064 0.0406189 
14 0 0.84082 0.754395 0.0343628 0.0489502 
8 0 0.823242 0.98877 0.0281219 0.0229187 
7 0 0.709473 0.630371 0.03125 0.0406189 
6 0 0.833496 0.873047 0.0265656 0.0375061 
5 0 0.851562 0.235474 0.0429688 0.0503845 
3 0 0.757812 0.103149 0.0320435 0.0395203 
2 0 0.237549 0.858398 0.0304718 0.0416565 
1 0 0.630371 0.610352 0.0289001 0.0375061 
