673 0 0.633789 0.00937653 0.0375061 0.0185547 
671 0 0.862305 0.356201 0.03125 0.0416565 
666 0 0.992188 0.685547 0.015625 0.0406189 
661 0 0.140625 0.971191 0.0299835 0.0385437 
635 0 0.63623 0.418701 0.0335999 0.0447998 
615 0 0.578125 0.150024 0.03125 0.0376892 
604 0 0.601562 0.210449 0.03125 0.0416565 
579 2 0.00857544 0.729492 0.0171051 0.0364685 
562 0 0.926758 0.532227 0.0351562 0.0426941 
534 0 0.505371 0.0229492 0.0265656 0.0335388 
464 0 0.73291 0.0928345 0.035553 0.0436707 
459 0 0.541504 0.985352 0.0328064 0.0291595 
444 0 0.867188 0.415527 0.0320435 0.0395813 
288 0 0.358154 0.0586853 0.0290985 0.0369263 
247 0 0.261719 0.437744 0.0306702 0.0369873 
238 0 0.719727 0.78125 0.0296936 0.0343628 
176 0 0.48291 0.0447998 0.0281219 0.0391235 
55 0 0.0132446 0.990723 0.0264893 0.0187531 
54 0 0.989258 0.414062 0.0187531 0.0549622 
51 0 0.0414124 0.987305 0.0325012 0.0249939 
50 0 0.527344 0.59668 0.0328064 0.0437622 
49 0 0.460938 0.435303 0.0394592 0.0546875 
46 0 0.486328 0.86377 0.0320435 0.0401001 
43 0 0.569336 0.103516 0.0296936 0.0388794 
42 0 0.311035 0.222534 0.0349731 0.0408936 
41 0 0.240601 0.375977 0.028717 0.0395813 
34 0 0.583008 0.120728 0.0343628 0.0426941 
32 0 0.237549 0.175781 0.0310516 0.0345154 
30 0 0.936523 0.951172 0.03125 0.0354309 
29 0 0.0062561 0.807129 0.0123825 0.0390625 
27 0 0.235107 0.576172 0.0296936 0.0437622 
26 0 0.129761 0.197876 0.0339966 0.0458374 
23 0 0.632812 0.237549 0.0343628 0.0416565 
22 0 0.271973 0.238647 0.0343628 0.0401001 
21 0 0.0843506 0.805176 0.0281219 0.0348816 
20 0 0.491455 0.75293 0.0418091 0.0479126 
19 0 0.0890503 0.962402 0.0281219 0.0375061 
18 0 0.829102 0.435303 0.0328064 0.0380249 
17 0 0.191406 0.844727 0.0328064 0.0401001 
14 0 0.842285 0.75293 0.0335999 0.0479126 
8 0 0.823242 0.98877 0.0281219 0.0229187 
7 0 0.709473 0.631348 0.03125 0.0416565 
6 0 0.833496 0.870605 0.0265656 0.0375061 
5 0 0.852539 0.234375 0.0421753 0.0516968 
3 0 0.758789 0.10321 0.0328064 0.0394592 
2 0 0.237061 0.858398 0.028717 0.0411377 
1 0 0.631348 0.610352 0.0281219 0.0375061 
673 0 0.633789 0.00937653 0.0375061 0.0185547 
671 0 0.862305 0.356201 0.03125 0.0416565 
666 0 0.992188 0.685547 0.015625 0.0406189 
661 0 0.140625 0.971191 0.0299835 0.0385437 
635 0 0.63623 0.418701 0.0335999 0.0447998 
615 0 0.578125 0.150024 0.03125 0.0376892 
604 0 0.601562 0.210449 0.03125 0.0416565 
579 2 0.00857544 0.729492 0.0171051 0.0364685 
562 0 0.926758 0.532227 0.0351562 0.0426941 
534 0 0.505371 0.0229492 0.0265656 0.0335388 
464 0 0.73291 0.0928345 0.035553 0.0436707 
459 0 0.541504 0.985352 0.0328064 0.0291595 
444 0 0.867188 0.415527 0.0320435 0.0395813 
288 0 0.358154 0.0586853 0.0290985 0.0369263 
247 0 0.261719 0.437744 0.0306702 0.0369873 
238 0 0.719727 0.78125 0.0296936 0.0343628 
176 0 0.48291 0.0447998 0.0281219 0.0391235 
55 0 0.0132446 0.990723 0.0264893 0.0187531 
54 0 0.989258 0.414062 0.0187531 0.0549622 
51 0 0.0414124 0.987305 0.0325012 0.0249939 
50 0 0.527344 0.59668 0.0328064 0.0437622 
49 0 0.460938 0.435303 0.0394592 0.0546875 
46 0 0.486328 0.86377 0.0320435 0.0401001 
43 0 0.569336 0.103516 0.0296936 0.0388794 
42 0 0.311035 0.222534 0.0349731 0.0408936 
41 0 0.240601 0.375977 0.028717 0.0395813 
34 0 0.583008 0.120728 0.0343628 0.0426941 
32 0 0.237549 0.175781 0.0310516 0.0345154 
30 0 0.936523 0.951172 0.03125 0.0354309 
29 0 0.0062561 0.807129 0.0123825 0.0390625 
27 0 0.235107 0.576172 0.0296936 0.0437622 
26 0 0.129761 0.197876 0.0339966 0.0458374 
23 0 0.632812 0.237549 0.0343628 0.0416565 
22 0 0.271973 0.238647 0.0343628 0.0401001 
21 0 0.0843506 0.805176 0.0281219 0.0348816 
20 0 0.491455 0.75293 0.0418091 0.0479126 
19 0 0.0890503 0.962402 0.0281219 0.0375061 
18 0 0.829102 0.435303 0.0328064 0.0380249 
17 0 0.191406 0.844727 0.0328064 0.0401001 
14 0 0.842285 0.75293 0.0335999 0.0479126 
8 0 0.823242 0.98877 0.0281219 0.0229187 
7 0 0.709473 0.631348 0.03125 0.0416565 
6 0 0.833496 0.870605 0.0265656 0.0375061 
5 0 0.852539 0.234375 0.0421753 0.0516968 
3 0 0.758789 0.10321 0.0328064 0.0394592 
2 0 0.237061 0.858398 0.028717 0.0411377 
1 0 0.631348 0.610352 0.0281219 0.0375061 
