673 0 0.197021 0.992676 0.0304718 0.0151062 
672 2 0.0078125 0.737305 0.0157166 0.0354309 
667 0 0.979492 0.86377 0.0257874 0.0343628 
665 0 0.563477 0.161499 0.0265656 0.0352783 
662 0 0.992188 0.681152 0.0132828 0.0380249 
655 0 0.240845 0.455566 0.0238342 0.0281219 
640 0 0.986816 0.0114822 0.0265656 0.0227966 
639 0 0.936035 0.206665 0.038269 0.0520935 
636 0 0.972656 0.400635 0.03125 0.0393372 
626 0 0.142822 0.933105 0.0289001 0.0390625 
602 0 0.636719 0.418701 0.0363159 0.0458374 
584 0 0.578125 0.149292 0.0281219 0.0367737 
569 0 0.602539 0.209595 0.0296936 0.040741 
533 0 0.903809 0.637207 0.0296936 0.0375061 
506 0 0.506348 0.026062 0.0249939 0.0356445 
435 0 0.724121 0.110535 0.0332031 0.0376892 
416 0 0.858398 0.4104 0.0296936 0.0380249 
281 0 0.356201 0.0643311 0.0281219 0.0345154 
245 0 0.260986 0.435303 0.0308533 0.0369873 
236 0 0.717285 0.783203 0.0281219 0.033844 
178 0 0.479736 0.0489502 0.0257874 0.0351257 
122 0 0.62793 0.239624 0.03125 0.0380249 
55 0 0.0132828 0.990723 0.0265656 0.0187531 
54 0 0.992188 0.413086 0.0164032 0.0513 
51 0 0.0419006 0.985352 0.0311279 0.0249939 
50 0 0.518066 0.60498 0.0328064 0.0437622 
49 0 0.460938 0.442627 0.035553 0.0484314 
46 0 0.487549 0.86377 0.03125 0.0395813 
45 0 0.541992 0.986328 0.03125 0.0270844 
43 0 0.569336 0.102112 0.0296936 0.0371094 
42 0 0.305176 0.219238 0.0322266 0.0397034 
41 0 0.233643 0.380127 0.0296936 0.0401001 
34 0 0.583008 0.119385 0.0316467 0.0386047 
32 0 0.235352 0.175293 0.0304718 0.033844 
30 0 0.926758 0.970703 0.03125 0.0359497 
29 0 0.00468826 0.8125 0.00913239 0.0375061 
27 0 0.235107 0.572754 0.0296936 0.0416565 
26 0 0.130493 0.196899 0.0328064 0.0433655 
22 0 0.268311 0.242676 0.0318298 0.0393372 
21 0 0.0836792 0.804199 0.0290527 0.0375061 
20 0 0.487793 0.758301 0.038269 0.0432434 
19 0 0.088501 0.962402 0.0299377 0.0375061 
18 0 0.82666 0.43335 0.0335999 0.0416565 
17 0 0.190674 0.84668 0.0339966 0.0437622 
14 0 0.838379 0.75293 0.0328064 0.0479126 
8 0 0.823242 0.98877 0.0281219 0.0229187 
7 0 0.709473 0.630371 0.03125 0.0395813 
6 0 0.833008 0.870605 0.0281219 0.0375061 
5 0 0.851562 0.233276 0.0429688 0.0497437 
3 0 0.754883 0.109436 0.03125 0.0394592 
2 0 0.236694 0.857422 0.0296936 0.0437622 
1 0 0.631348 0.61377 0.0296936 0.0395813 
