550 2 0.012619 0.726074 0.0256805 0.0364685 
540 0 0.563477 0.162109 0.0296936 0.0346375 
533 0 0.96875 0.354248 0.0320435 0.0377502 
516 0 0.638184 0.421875 0.0359497 0.0437622 
506 0 0.500977 0.0175781 0.0328064 0.0345154 
503 0 0.992188 0.682129 0.0132828 0.0406189 
435 0 0.748535 0.0678101 0.0332031 0.039093 
416 0 0.771484 0.438232 0.03125 0.0369873 
412 1 0.752441 0.0186157 0.0324097 0.0383606 
398 0 0.578125 0.151001 0.0320435 0.0359497 
281 0 0.359375 0.0502319 0.0285187 0.0348206 
245 0 0.261719 0.438965 0.0304718 0.0364685 
236 0 0.719727 0.78125 0.0289001 0.0333252 
178 0 0.486816 0.0396423 0.0296936 0.0375366 
122 0 0.641602 0.230225 0.0328064 0.0394592 
55 0 0.0131989 0.990234 0.026001 0.0197906 
54 0 0.991211 0.409424 0.0171814 0.0520935 
51 0 0.0398254 0.986328 0.0327759 0.0270844 
50 0 0.538086 0.580078 0.0324097 0.0426941 
49 0 0.467285 0.430176 0.0375061 0.0520935 
46 0 0.48584 0.86377 0.03125 0.0437622 
45 0 0.541504 0.985352 0.0335999 0.0296936 
43 0 0.568848 0.104553 0.0292969 0.0346985 
42 0 0.3125 0.231812 0.0341797 0.0397034 
41 0 0.249268 0.371338 0.0292969 0.0387878 
34 0 0.583008 0.121765 0.0335999 0.0423889 
32 0 0.243774 0.156006 0.03125 0.0339966 
30 0 0.948242 0.922852 0.0343628 0.0375061 
29 0 0.00780106 0.790527 0.0156021 0.0395813 
27 0 0.233154 0.577148 0.028717 0.0411377 
26 0 0.130371 0.199341 0.0367126 0.0510559 
22 0 0.274902 0.230225 0.0339966 0.0390625 
21 0 0.0842896 0.805176 0.0285645 0.0390625 
20 0 0.491455 0.75 0.0410156 0.0473938 
19 0 0.0890503 0.963379 0.031311 0.0432434 
18 0 0.82959 0.434326 0.0328064 0.0395813 
17 0 0.192383 0.845703 0.0339966 0.0416565 
14 0 0.84375 0.755371 0.0320435 0.0479126 
13 0 0.864258 0.413574 0.0335999 0.0437622 
12 0 0.936035 0.208374 0.0406189 0.058197 
8 0 0.825195 0.986328 0.0273438 0.0265656 
7 0 0.709473 0.631348 0.03125 0.0401001 
6 0 0.835938 0.866699 0.0281219 0.0416565 
5 0 0.851562 0.234375 0.0414124 0.049469 
3 0 0.761719 0.0999756 0.0328064 0.0376282 
2 0 0.239014 0.85791 0.0310516 0.0406189 
1 0 0.631348 0.609375 0.0308533 0.0426941 
