365 0 0.311035 0.190674 0.0281219 0.0350342 
364 0 0.310059 0.799805 0.0265656 0.0333252 
358 0 0.469482 0.473145 0.0371094 0.0489502 
347 0 0.971191 0.312256 0.0328064 0.0395813 
344 0 0.779785 0.00939178 0.0347595 0.0187836 
343 0 0.204346 0.257812 0.0408325 0.0485535 
342 0 0.629883 0.804199 0.0363159 0.0416565 
333 0 0.00627518 0.312256 0.0126495 0.0479126 
281 0 0.370605 0.0208435 0.0289001 0.0326843 
276 0 0.654297 0.927246 0.0414124 0.0531311 
258 0 0.515625 0.0135498 0.0289001 0.0271301 
245 0 0.261719 0.439697 0.033783 0.0416565 
236 0 0.727539 0.772461 0.0300751 0.0343628 
226 0 0.522949 0.45459 0.0343628 0.0434875 
178 0 0.504883 0.0207214 0.0308533 0.036499 
142 0 0.638184 0.420898 0.0390625 0.0499878 
122 0 0.657715 0.187378 0.035553 0.0406189 
55 0 0.0140381 0.989746 0.0277863 0.0208282 
54 0 0.993652 0.408447 0.0124969 0.0507812 
51 0 0.0390625 0.985352 0.0343628 0.0291595 
50 0 0.56543 0.535645 0.0308533 0.0369873 
49 0 0.479736 0.4104 0.0339966 0.0460815 
46 0 0.486816 0.865723 0.0328064 0.0437622 
45 0 0.536133 0.966309 0.0285187 0.0333252 
43 0 0.569336 0.103149 0.0296936 0.035553 
42 0 0.247314 0.200317 0.0322266 0.0410156 
41 0 0.280762 0.344238 0.0281219 0.0403748 
40 0 0.541504 0.987305 0.0328064 0.0260468 
39 0 0.720215 0.110962 0.0324097 0.0401611 
34 0 0.584473 0.121887 0.03125 0.0393372 
32 0 0.255371 0.136597 0.0326233 0.0393372 
31 0 0.0259247 0.0298157 0.0311584 0.0414734 
30 0 0.973633 0.85498 0.038269 0.0489502 
29 0 0.015625 0.766602 0.0281219 0.0416565 
27 0 0.234375 0.578125 0.0318298 0.044281 
26 0 0.129639 0.199219 0.0374146 0.0501404 
22 0 0.284668 0.219238 0.0339966 0.0390625 
21 0 0.0836182 0.805176 0.0298767 0.0395813 
20 0 0.497559 0.741699 0.0421753 0.0499878 
19 0 0.0888672 0.96582 0.0309143 0.0390625 
18 0 0.829102 0.435303 0.0328064 0.0416565 
17 0 0.192749 0.845703 0.035553 0.0453186 
16 0 0.127563 0.527832 0.034668 0.0437622 
14 0 0.848633 0.754395 0.0343628 0.0458374 
13 0 0.865723 0.413086 0.0335999 0.0429688 
12 0 0.936035 0.209595 0.038269 0.0540466 
8 0 0.831055 0.97998 0.0289001 0.0354309 
7 0 0.709473 0.632324 0.03125 0.0390625 
6 0 0.842285 0.85498 0.0281219 0.0395813 
5 0 0.852539 0.229126 0.0421753 0.0505066 
4 0 0.603027 0.213501 0.0308533 0.0395813 
3 0 0.770996 0.083313 0.0308533 0.0380249 
2 0 0.239014 0.860352 0.0343628 0.0447998 
1 0 0.629883 0.586426 0.03125 0.0395813 
