675 0 0.990723 0.00930023 0.0179749 0.0187683 
674 0 0.936035 0.209351 0.0375061 0.0516968 
671 0 0.882812 0.358398 0.0335999 0.039856 
661 0 0.148193 0.960449 0.027832 0.0380249 
635 0 0.636719 0.419189 0.0359497 0.0466003 
615 0 0.579102 0.150024 0.0304718 0.0375061 
604 0 0.603027 0.210449 0.03125 0.0419312 
562 0 0.918945 0.526367 0.0351562 0.0437622 
534 0 0.506348 0.0232849 0.026947 0.0355225 
464 0 0.73291 0.0949097 0.0339966 0.0438843 
459 0 0.541992 0.98584 0.0320435 0.0281219 
444 0 0.864746 0.414551 0.0328064 0.0419312 
288 0 0.35791 0.0604858 0.0281219 0.037384 
247 0 0.260986 0.438232 0.0306702 0.0380249 
238 0 0.71875 0.782227 0.03125 0.0359497 
176 0 0.481934 0.0466919 0.0296936 0.039917 
55 0 0.014061 0.990723 0.0251465 0.0187531 
54 0 0.990723 0.413818 0.0195312 0.0557251 
51 0 0.0415039 0.98877 0.0321045 0.0239563 
50 0 0.526367 0.598145 0.0320435 0.0416565 
49 0 0.463379 0.442627 0.039856 0.058075 
46 0 0.486816 0.86377 0.0296936 0.0395813 
43 0 0.571289 0.102722 0.0308533 0.0388794 
42 0 0.309814 0.224487 0.0314331 0.0393372 
41 0 0.240601 0.377197 0.0281219 0.0414124 
34 0 0.583008 0.119812 0.0343628 0.0435486 
32 0 0.237549 0.176025 0.0308533 0.0345154 
30 0 0.936035 0.953125 0.0320435 0.0359497 
29 0 0.00598907 0.80957 0.0119324 0.0395813 
27 0 0.235107 0.575195 0.0296936 0.0426941 
26 0 0.129883 0.197876 0.0349731 0.0458374 
23 0 0.631836 0.238525 0.0328064 0.0433655 
22 0 0.270996 0.238525 0.03302 0.039856 
21 0 0.0845947 0.804199 0.0286102 0.0359497 
20 0 0.489746 0.753418 0.0418091 0.046875 
19 0 0.0882568 0.962402 0.029541 0.0375061 
18 0 0.82666 0.434326 0.0328064 0.0390625 
17 0 0.191406 0.844727 0.0328064 0.0406189 
14 0 0.84082 0.754395 0.0335999 0.049469 
8 0 0.823242 0.98877 0.0281219 0.0229187 
7 0 0.709473 0.630371 0.03125 0.0395813 
6 0 0.833496 0.873047 0.0265656 0.0380249 
5 0 0.851562 0.235474 0.0437622 0.0501404 
3 0 0.757812 0.103149 0.03125 0.0395813 
2 0 0.238281 0.857422 0.0298767 0.0406189 
1 0 0.630371 0.611328 0.0292969 0.0385437 
675 0 0.990723 0.00930023 0.0179749 0.0187683 
674 0 0.936035 0.209351 0.0375061 0.0516968 
671 0 0.882812 0.358398 0.0335999 0.039856 
661 0 0.148193 0.960449 0.027832 0.0380249 
635 0 0.636719 0.419189 0.0359497 0.0466003 
615 0 0.579102 0.150024 0.0304718 0.0375061 
604 0 0.603027 0.210449 0.03125 0.0419312 
562 0 0.918945 0.526367 0.0351562 0.0437622 
534 0 0.506348 0.0232849 0.026947 0.0355225 
464 0 0.73291 0.0949097 0.0339966 0.0438843 
459 0 0.541992 0.98584 0.0320435 0.0281219 
444 0 0.864746 0.414551 0.0328064 0.0419312 
288 0 0.35791 0.0604858 0.0281219 0.037384 
247 0 0.260986 0.438232 0.0306702 0.0380249 
238 0 0.71875 0.782227 0.03125 0.0359497 
176 0 0.481934 0.0466919 0.0296936 0.039917 
55 0 0.014061 0.990723 0.0251465 0.0187531 
54 0 0.990723 0.413818 0.0195312 0.0557251 
51 0 0.0415039 0.98877 0.0321045 0.0239563 
50 0 0.526367 0.598145 0.0320435 0.0416565 
49 0 0.463379 0.442627 0.039856 0.058075 
46 0 0.486816 0.86377 0.0296936 0.0395813 
43 0 0.571289 0.102722 0.0308533 0.0388794 
42 0 0.309814 0.224487 0.0314331 0.0393372 
41 0 0.240601 0.377197 0.0281219 0.0414124 
34 0 0.583008 0.119812 0.0343628 0.0435486 
32 0 0.237549 0.176025 0.0308533 0.0345154 
30 0 0.936035 0.953125 0.0320435 0.0359497 
29 0 0.00598907 0.80957 0.0119324 0.0395813 
27 0 0.235107 0.575195 0.0296936 0.0426941 
26 0 0.129883 0.197876 0.0349731 0.0458374 
23 0 0.631836 0.238525 0.0328064 0.0433655 
22 0 0.270996 0.238525 0.03302 0.039856 
21 0 0.0845947 0.804199 0.0286102 0.0359497 
20 0 0.489746 0.753418 0.0418091 0.046875 
19 0 0.0882568 0.962402 0.029541 0.0375061 
18 0 0.82666 0.434326 0.0328064 0.0390625 
17 0 0.191406 0.844727 0.0328064 0.0406189 
14 0 0.84082 0.754395 0.0335999 0.049469 
8 0 0.823242 0.98877 0.0281219 0.0229187 
7 0 0.709473 0.630371 0.03125 0.0395813 
6 0 0.833496 0.873047 0.0265656 0.0380249 
5 0 0.851562 0.235474 0.0437622 0.0501404 
3 0 0.757812 0.103149 0.03125 0.0395813 
2 0 0.238281 0.857422 0.0298767 0.0406189 
1 0 0.630371 0.611328 0.0292969 0.0385437 
