290 0 0.57666 0.152344 0.0285187 0.0346375 
288 0 0.312012 0.188599 0.0306702 0.0395813 
285 0 0.00630951 0.275879 0.0132065 0.0449219 
284 0 0.0391541 0.642578 0.0252991 0.0343628 
281 0 0.365967 0.00830078 0.0265656 0.01651 
276 0 0.65625 0.92627 0.0410156 0.0479126 
258 0 0.520508 0.0114594 0.026947 0.0229492 
254 0 0.4375 0.037262 0.0332031 0.0408325 
251 0 0.354004 0.0982666 0.0316467 0.0395813 
246 0 0.978027 0.862305 0.0281219 0.0375061 
245 0 0.263184 0.437988 0.0318298 0.0403748 
244 0 0.80957 0.931152 0.0289001 0.0375061 
236 0 0.729492 0.765625 0.0304718 0.0369873 
226 0 0.40625 0.450928 0.0332031 0.0432434 
221 0 0.0382996 0.381104 0.0354919 0.0479126 
178 0 0.498535 0.0198517 0.0292969 0.035614 
142 0 0.636719 0.420898 0.0363159 0.0458374 
122 0 0.661133 0.175049 0.0375061 0.0412903 
119 0 0.628906 0.804199 0.0359497 0.0426941 
55 0 0.0138321 0.990723 0.0275116 0.0187531 
54 0 0.994629 0.406738 0.0109406 0.0492249 
51 0 0.0405579 0.985352 0.032074 0.0291595 
50 0 0.574219 0.519531 0.0320435 0.0390625 
49 0 0.489746 0.405273 0.0296936 0.0393372 
46 0 0.483643 0.865723 0.0390625 0.0479126 
45 0 0.549316 0.94043 0.0296936 0.0343628 
43 0 0.568359 0.103149 0.0289001 0.0354309 
42 0 0.219482 0.185425 0.0275421 0.0384216 
41 0 0.288574 0.32666 0.0277405 0.0387878 
40 0 0.541504 0.985352 0.0359497 0.0302124 
39 0 0.77002 0.292725 0.0320435 0.0414124 
34 0 0.583496 0.120056 0.0328064 0.0400391 
32 0 0.264893 0.125122 0.0298767 0.0379028 
31 0 0.0910034 0.235962 0.0300751 0.0368347 
30 0 0.981445 0.828125 0.03125 0.0395813 
29 0 0.0187225 0.749023 0.0285645 0.0411377 
27 0 0.235596 0.578125 0.0306702 0.0437622 
26 0 0.13208 0.198975 0.03302 0.0445251 
22 0 0.282471 0.217651 0.0333862 0.0395813 
21 0 0.0836182 0.806152 0.0296936 0.0375061 
20 0 0.500977 0.739746 0.0441284 0.0510559 
19 0 0.0882568 0.964355 0.0328064 0.0390625 
18 0 0.828125 0.434326 0.0335999 0.0429688 
17 0 0.192871 0.84375 0.03302 0.0421753 
16 0 0.204346 0.529297 0.0301819 0.0408936 
14 0 0.850586 0.75 0.0359497 0.0458374 
13 0 0.865723 0.4104 0.0320435 0.0416565 
12 0 0.936035 0.209351 0.039856 0.056366 
8 0 0.833008 0.976074 0.0281219 0.0364685 
7 0 0.708008 0.634277 0.0339966 0.0432434 
6 0 0.842285 0.852051 0.0249939 0.0333252 
5 0 0.852539 0.228638 0.0453186 0.0542908 
4 0 0.602539 0.213501 0.0308533 0.0364685 
3 0 0.773438 0.078125 0.0324097 0.0397034 
2 0 0.240601 0.854004 0.0316467 0.0416565 
1 0 0.632812 0.580078 0.03125 0.0395813 
