754 0 0.408691 0.214844 0.0357361 0.051178 
750 0 0.62793 0.802246 0.0347595 0.0375061 
724 0 0.733398 0.0879517 0.0281219 0.0361938 
721 0 0.633789 0.0104141 0.0296936 0.0207672 
716 0 0.71582 0.785645 0.0273438 0.0333252 
701 0 0.993164 0.683105 0.014061 0.0375061 
694 0 0.233154 0.466064 0.0224609 0.0289001 
675 0 0.98291 0.0177765 0.0281219 0.03125 
661 0 0.134521 0.890625 0.0351562 0.0473938 
635 0 0.636719 0.417725 0.0390625 0.0481873 
615 0 0.579102 0.150757 0.0289001 0.0353394 
604 0 0.602539 0.210449 0.0296936 0.0416565 
534 0 0.507812 0.0281372 0.0249939 0.0353699 
464 0 0.717285 0.128174 0.0292969 0.0367737 
459 0 0.541504 0.986328 0.0316467 0.0270844 
444 0 0.860352 0.4104 0.0296936 0.0375061 
288 0 0.356201 0.067688 0.0281219 0.0354614 
247 0 0.261719 0.43335 0.0294952 0.0375061 
176 0 0.477295 0.0516052 0.0277405 0.0367737 
55 0 0.0132904 0.989746 0.026535 0.0208282 
54 0 0.990723 0.410645 0.0195312 0.0541687 
51 0 0.0429382 0.986328 0.0334473 0.0276031 
50 0 0.512695 0.606445 0.03125 0.0432434 
49 0 0.459473 0.446289 0.0371094 0.0487061 
46 0 0.488281 0.862305 0.0296936 0.0390625 
43 0 0.569336 0.102112 0.0296936 0.0333252 
42 0 0.29541 0.217651 0.0339966 0.0391846 
41 0 0.228882 0.386475 0.0296936 0.039856 
34 0 0.584473 0.122009 0.03125 0.0361328 
32 0 0.226562 0.171875 0.03125 0.0354309 
30 0 0.917969 0.984375 0.03125 0.03125 
27 0 0.235962 0.571777 0.0308533 0.044281 
26 0 0.129639 0.196899 0.0343628 0.0438843 
23 0 0.627441 0.240601 0.0328064 0.0395813 
22 0 0.26709 0.246826 0.0343628 0.0395813 
21 0 0.0843506 0.804199 0.0340271 0.0411377 
19 0 0.0882568 0.962402 0.0328979 0.0416565 
18 0 0.828125 0.434326 0.0335999 0.0401001 
17 0 0.19043 0.848145 0.0352478 0.0453186 
14 0 0.839844 0.75293 0.0343628 0.046875 
8 0 0.823242 0.98877 0.0281219 0.0229187 
7 0 0.709961 0.630371 0.0328064 0.0411377 
6 0 0.833008 0.87207 0.0249939 0.0354309 
5 0 0.851562 0.236206 0.0406189 0.0479126 
3 0 0.751465 0.114563 0.0304718 0.037384 
2 0 0.237915 0.856445 0.0326233 0.0458374 
1 0 0.630371 0.615723 0.0296936 0.0395813 
754 0 0.408691 0.214844 0.0357361 0.051178 
750 0 0.62793 0.802246 0.0347595 0.0375061 
724 0 0.733398 0.0879517 0.0281219 0.0361938 
721 0 0.633789 0.0104141 0.0296936 0.0207672 
716 0 0.71582 0.785645 0.0273438 0.0333252 
701 0 0.993164 0.683105 0.014061 0.0375061 
694 0 0.233154 0.466064 0.0224609 0.0289001 
675 0 0.98291 0.0177765 0.0281219 0.03125 
661 0 0.134521 0.890625 0.0351562 0.0473938 
635 0 0.636719 0.417725 0.0390625 0.0481873 
615 0 0.579102 0.150757 0.0289001 0.0353394 
604 0 0.602539 0.210449 0.0296936 0.0416565 
534 0 0.507812 0.0281372 0.0249939 0.0353699 
464 0 0.717285 0.128174 0.0292969 0.0367737 
459 0 0.541504 0.986328 0.0316467 0.0270844 
444 0 0.860352 0.4104 0.0296936 0.0375061 
288 0 0.356201 0.067688 0.0281219 0.0354614 
247 0 0.261719 0.43335 0.0294952 0.0375061 
176 0 0.477295 0.0516052 0.0277405 0.0367737 
55 0 0.0132904 0.989746 0.026535 0.0208282 
54 0 0.990723 0.410645 0.0195312 0.0541687 
51 0 0.0429382 0.986328 0.0334473 0.0276031 
50 0 0.512695 0.606445 0.03125 0.0432434 
49 0 0.459473 0.446289 0.0371094 0.0487061 
46 0 0.488281 0.862305 0.0296936 0.0390625 
43 0 0.569336 0.102112 0.0296936 0.0333252 
42 0 0.29541 0.217651 0.0339966 0.0391846 
41 0 0.228882 0.386475 0.0296936 0.039856 
34 0 0.584473 0.122009 0.03125 0.0361328 
32 0 0.226562 0.171875 0.03125 0.0354309 
30 0 0.917969 0.984375 0.03125 0.03125 
27 0 0.235962 0.571777 0.0308533 0.044281 
26 0 0.129639 0.196899 0.0343628 0.0438843 
23 0 0.627441 0.240601 0.0328064 0.0395813 
22 0 0.26709 0.246826 0.0343628 0.0395813 
21 0 0.0843506 0.804199 0.0340271 0.0411377 
19 0 0.0882568 0.962402 0.0328979 0.0416565 
18 0 0.828125 0.434326 0.0335999 0.0401001 
17 0 0.19043 0.848145 0.0352478 0.0453186 
14 0 0.839844 0.75293 0.0343628 0.046875 
8 0 0.823242 0.98877 0.0281219 0.0229187 
7 0 0.709961 0.630371 0.0328064 0.0411377 
6 0 0.833008 0.87207 0.0249939 0.0354309 
5 0 0.851562 0.236206 0.0406189 0.0479126 
3 0 0.751465 0.114563 0.0304718 0.037384 
2 0 0.237915 0.856445 0.0326233 0.0458374 
1 0 0.630371 0.615723 0.0296936 0.0395813 
