157 0 0.408203 0.217896 0.0392456 0.0531311 
153 0 0.307861 0.342773 0.0220642 0.0270844 
150 0 0.984375 0.865723 0.0273438 0.0343628 
142 0 0.637695 0.419678 0.0339966 0.0450439 
122 0 0.666016 0.136597 0.0359497 0.0414124 
121 0 0.743652 0.749023 0.026947 0.0322876 
119 0 0.628906 0.804199 0.035553 0.0416565 
87 0 0.391113 0.516602 0.0328064 0.0434875 
76 0 0.708008 0.80957 0.0308533 0.0395813 
56 0 0.5625 0.1604 0.0277405 0.0330811 
55 0 0.0132675 0.990723 0.0262909 0.0187531 
54 0 0.993652 0.40918 0.0124969 0.049469 
51 0 0.040863 0.984375 0.0296936 0.0270844 
50 0 0.587402 0.492676 0.0332031 0.0414124 
49 0 0.499268 0.390381 0.0304718 0.0385437 
47 0 0.181396 0.266113 0.0325317 0.0389404 
46 0 0.487549 0.864746 0.0289001 0.0385437 
45 0 0.574219 0.885254 0.0328064 0.0333252 
44 0 0.578125 0.150391 0.0281219 0.0317688 
43 0 0.567871 0.102112 0.0300751 0.0375061 
42 0 0.212158 0.160645 0.0276337 0.0389404 
41 0 0.311768 0.310303 0.026947 0.0380249 
40 0 0.541504 0.985352 0.0328064 0.0291595 
39 0 0.789062 0.68457 0.0332031 0.0390625 
38 0 0.00605011 0.570801 0.0150986 0.0401001 
35 0 0.0157166 0.240845 0.0318604 0.0449219 
34 0 0.584473 0.121216 0.03125 0.0390625 
32 0 0.299316 0.105286 0.0300751 0.0391846 
31 0 0.271729 0.567383 0.03125 0.0406189 
30 0 0.987305 0.785645 0.0249939 0.0369873 
29 0 0.0281219 0.729004 0.03125 0.0416565 
27 0 0.239624 0.578125 0.0300751 0.0447998 
26 0 0.132812 0.195801 0.034668 0.0458374 
25 0 0.645508 0.469238 0.0296936 0.0387878 
24 0 0.271973 0.414551 0.03125 0.0380249 
23 0 0.623535 0.125732 0.0300751 0.038208 
22 0 0.282715 0.216675 0.0343628 0.0416565 
21 0 0.0828247 0.805176 0.0281219 0.0354309 
20 0 0.512695 0.725098 0.039856 0.0458374 
19 0 0.0894775 0.964355 0.0292511 0.0385437 
18 0 0.828125 0.43335 0.0328064 0.0408936 
17 0 0.192139 0.844727 0.03125 0.0395813 
16 0 0.350098 0.282227 0.0316467 0.038269 
14 0 0.854004 0.749023 0.0328064 0.0432434 
13 0 0.868652 0.408447 0.0304718 0.0416565 
8 0 0.836914 0.964355 0.0296936 0.0375061 
7 0 0.708496 0.635254 0.0296936 0.0375061 
6 0 0.84668 0.837402 0.0273438 0.0369873 
5 0 0.853027 0.228149 0.0460815 0.0562439 
4 0 0.602539 0.212524 0.0316467 0.0415344 
3 0 0.772461 0.0714111 0.0292969 0.0348816 
2 0 0.242188 0.856445 0.0308533 0.0401001 
1 0 0.645996 0.5625 0.0289001 0.0375061 
