770 0 0.62793 0.802246 0.0343628 0.0375061 
765 0 0.837402 0.791504 0.0289001 0.033844 
764 0 0.5625 0.161499 0.0273438 0.035553 
758 1 0.0869141 0.874023 0.0310974 0.0432434 
721 0 0.631836 0.0125427 0.0300751 0.0246887 
716 0 0.71582 0.785645 0.0281219 0.0333252 
701 0 0.992188 0.682129 0.015625 0.0364685 
694 0 0.232056 0.467773 0.0232391 0.0304718 
675 0 0.98291 0.0187531 0.0281219 0.0334778 
674 0 0.936035 0.205322 0.0367126 0.0518188 
661 0 0.16272 0.852539 0.0304718 0.0385437 
635 0 0.636719 0.417969 0.0390625 0.0489502 
615 0 0.578125 0.149658 0.0281219 0.0359497 
604 0 0.602539 0.209351 0.0296936 0.0434875 
534 0 0.508789 0.0301056 0.0265656 0.0365295 
464 0 0.71582 0.129883 0.03125 0.0379028 
459 0 0.541992 0.986328 0.03125 0.0270844 
444 0 0.860352 0.4104 0.0296936 0.0375061 
288 0 0.355469 0.0697632 0.0292969 0.0353699 
247 0 0.260986 0.43335 0.0308533 0.0380249 
176 0 0.477295 0.0529175 0.0273438 0.0389709 
55 0 0.0132828 0.989746 0.0265198 0.0208282 
54 0 0.989258 0.411865 0.0218811 0.0471497 
51 0 0.0421753 0.985352 0.0344849 0.0291595 
50 0 0.511719 0.607422 0.0328064 0.0479126 
49 0 0.459473 0.448975 0.0379028 0.049469 
46 0 0.487549 0.86377 0.0304718 0.0395813 
43 0 0.570312 0.102112 0.03125 0.0375061 
42 0 0.289062 0.206787 0.0341797 0.0434875 
41 0 0.226562 0.387451 0.0308533 0.0416565 
34 0 0.582031 0.121765 0.0328064 0.0386047 
32 0 0.222656 0.172974 0.0304718 0.0341187 
30 0 0.915527 0.986328 0.03125 0.0270844 
27 0 0.235962 0.570801 0.03125 0.044281 
26 0 0.129639 0.196045 0.0343628 0.0446472 
23 0 0.626465 0.240601 0.0332031 0.0395813 
22 0 0.26709 0.248901 0.0343628 0.0395813 
21 0 0.0844116 0.802246 0.0331116 0.0401001 
19 0 0.0890503 0.964355 0.03125 0.0401001 
18 0 0.828125 0.432373 0.0335999 0.0401001 
17 0 0.191406 0.84668 0.0332031 0.0421753 
14 0 0.833496 0.754395 0.0296936 0.0432434 
8 0 0.824219 0.989258 0.0265656 0.0218811 
7 0 0.709473 0.630371 0.03125 0.0395813 
6 0 0.832031 0.87207 0.0265656 0.0354309 
5 0 0.851562 0.236572 0.039856 0.0471497 
3 0 0.750977 0.115601 0.0328064 0.0396423 
2 0 0.237549 0.857422 0.03125 0.0437622 
1 0 0.631348 0.616211 0.0289001 0.0385437 
770 0 0.62793 0.802246 0.0343628 0.0375061 
765 0 0.837402 0.791504 0.0289001 0.033844 
764 0 0.5625 0.161499 0.0273438 0.035553 
758 1 0.0869141 0.874023 0.0310974 0.0432434 
721 0 0.631836 0.0125427 0.0300751 0.0246887 
716 0 0.71582 0.785645 0.0281219 0.0333252 
701 0 0.992188 0.682129 0.015625 0.0364685 
694 0 0.232056 0.467773 0.0232391 0.0304718 
675 0 0.98291 0.0187531 0.0281219 0.0334778 
674 0 0.936035 0.205322 0.0367126 0.0518188 
661 0 0.16272 0.852539 0.0304718 0.0385437 
635 0 0.636719 0.417969 0.0390625 0.0489502 
615 0 0.578125 0.149658 0.0281219 0.0359497 
604 0 0.602539 0.209351 0.0296936 0.0434875 
534 0 0.508789 0.0301056 0.0265656 0.0365295 
464 0 0.71582 0.129883 0.03125 0.0379028 
459 0 0.541992 0.986328 0.03125 0.0270844 
444 0 0.860352 0.4104 0.0296936 0.0375061 
288 0 0.355469 0.0697632 0.0292969 0.0353699 
247 0 0.260986 0.43335 0.0308533 0.0380249 
176 0 0.477295 0.0529175 0.0273438 0.0389709 
55 0 0.0132828 0.989746 0.0265198 0.0208282 
54 0 0.989258 0.411865 0.0218811 0.0471497 
51 0 0.0421753 0.985352 0.0344849 0.0291595 
50 0 0.511719 0.607422 0.0328064 0.0479126 
49 0 0.459473 0.448975 0.0379028 0.049469 
46 0 0.487549 0.86377 0.0304718 0.0395813 
43 0 0.570312 0.102112 0.03125 0.0375061 
42 0 0.289062 0.206787 0.0341797 0.0434875 
41 0 0.226562 0.387451 0.0308533 0.0416565 
34 0 0.582031 0.121765 0.0328064 0.0386047 
32 0 0.222656 0.172974 0.0304718 0.0341187 
30 0 0.915527 0.986328 0.03125 0.0270844 
27 0 0.235962 0.570801 0.03125 0.044281 
26 0 0.129639 0.196045 0.0343628 0.0446472 
23 0 0.626465 0.240601 0.0332031 0.0395813 
22 0 0.26709 0.248901 0.0343628 0.0395813 
21 0 0.0844116 0.802246 0.0331116 0.0401001 
19 0 0.0890503 0.964355 0.03125 0.0401001 
18 0 0.828125 0.432373 0.0335999 0.0401001 
17 0 0.191406 0.84668 0.0332031 0.0421753 
14 0 0.833496 0.754395 0.0296936 0.0432434 
8 0 0.824219 0.989258 0.0265656 0.0218811 
7 0 0.709473 0.630371 0.03125 0.0395813 
6 0 0.832031 0.87207 0.0265656 0.0354309 
5 0 0.851562 0.236572 0.039856 0.0471497 
3 0 0.750977 0.115601 0.0328064 0.0396423 
2 0 0.237549 0.857422 0.03125 0.0437622 
1 0 0.631348 0.616211 0.0289001 0.0385437 
