808 0 0.490723 0.0185394 0.0300751 0.0303497 
807 0 0.483643 0.76123 0.0421753 0.0479126 
806 0 0.637695 0.415527 0.0375061 0.0513 
792 0 0.62793 0.802246 0.0343628 0.0416565 
783 0 0.96875 0.876953 0.0218811 0.0333252 
776 0 0.183594 0.709473 0.0335999 0.044281 
773 0 0.561035 0.1604 0.0281219 0.037384 
772 0 0.188721 0.853027 0.0351562 0.0437622 
760 0 0.96875 0.0448608 0.0249939 0.0354919 
752 0 0.406982 0.216797 0.0347595 0.0421753 
744 0 0.307129 0.195801 0.0265656 0.0333252 
735 0 0.804688 0.40918 0.0320435 0.0385437 
725 0 0.674316 0.989746 0.0324097 0.0234375 
684 0 0.735352 0.158325 0.0296936 0.038147 
681 0 0.623535 0.016922 0.03125 0.0341187 
677 0 0.713867 0.787598 0.03125 0.0375061 
662 0 0.992188 0.681641 0.015625 0.0364685 
655 0 0.220459 0.488525 0.0238342 0.0307312 
639 0 0.936035 0.206299 0.0375061 0.0501404 
584 0 0.577148 0.148926 0.0296936 0.0354309 
569 0 0.601562 0.208374 0.0304718 0.0416565 
506 0 0.506836 0.0326843 0.0265656 0.0341187 
435 0 0.70459 0.159424 0.0351562 0.0441284 
416 0 0.861816 0.409424 0.0296936 0.038269 
281 0 0.35083 0.0750732 0.0265656 0.0332336 
245 0 0.261719 0.430176 0.0265656 0.038269 
178 0 0.474121 0.0552063 0.0265656 0.0395813 
122 0 0.624023 0.239624 0.0332031 0.0415344 
55 0 0.0131836 0.989746 0.0257874 0.0223999 
54 0 0.989746 0.415283 0.0203094 0.046875 
51 0 0.0415649 0.984375 0.0361938 0.0317688 
50 0 0.48584 0.618652 0.0324097 0.0458374 
49 0 0.453125 0.477051 0.0379028 0.0414124 
46 0 0.487549 0.861328 0.0343628 0.0437622 
45 0 0.540039 0.985352 0.0332031 0.0291595 
43 0 0.569336 0.101013 0.0277405 0.0349731 
42 0 0.194336 0.260498 0.0301819 0.0415344 
41 0 0.212524 0.409424 0.0277405 0.0432434 
34 0 0.583496 0.119141 0.0328064 0.0388794 
32 0 0.204712 0.195801 0.0307617 0.0375061 
27 0 0.235107 0.564453 0.0328064 0.046875 
26 0 0.129639 0.194824 0.0339966 0.0434875 
22 0 0.257812 0.273926 0.0343628 0.0428467 
21 0 0.0828857 0.802246 0.0304718 0.0375061 
19 0 0.0999756 0.98877 0.031311 0.0229187 
18 0 0.82666 0.43335 0.0281219 0.033844 
14 0 0.834961 0.785645 0.0359497 0.0458374 
8 0 0.823242 0.987305 0.0281219 0.0249939 
7 0 0.708008 0.629395 0.0320435 0.0416565 
6 0 0.830566 0.869629 0.0296936 0.0395813 
5 0 0.851562 0.231201 0.046875 0.0535278 
2 0 0.236328 0.857422 0.0322266 0.0437622 
1 0 0.630371 0.615723 0.0304718 0.0395813 
