606 0 0.0993652 0.989746 0.0286102 0.0197906 
603 0 0.308838 0.192749 0.0265656 0.0376282 
602 0 0.637695 0.421875 0.035553 0.0437622 
598 0 0.696289 0.0105057 0.0332031 0.0218964 
584 0 0.578125 0.150024 0.03125 0.0375061 
569 0 0.601562 0.209351 0.03125 0.0393372 
550 2 0.0109253 0.728027 0.0222931 0.0421753 
533 0 0.967773 0.432861 0.03125 0.0403748 
506 0 0.504883 0.0193939 0.0289001 0.0343018 
503 0 0.991211 0.68457 0.014061 0.0437622 
435 0 0.745117 0.072876 0.0351562 0.0421448 
416 0 0.8125 0.405762 0.0339966 0.0361938 
281 0 0.35791 0.0541687 0.03125 0.0374756 
245 0 0.260254 0.4375 0.0328064 0.0369873 
178 0 0.484375 0.0423889 0.0281219 0.0372925 
122 0 0.635742 0.235474 0.0371094 0.0415344 
55 0 0.0141602 0.990723 0.025589 0.0187531 
54 0 0.990723 0.413086 0.0164032 0.0497437 
51 0 0.0420227 0.987305 0.0307159 0.0249939 
50 0 0.533691 0.589355 0.0328064 0.0416565 
49 0 0.461426 0.429199 0.038269 0.0520935 
46 0 0.48584 0.862305 0.03125 0.0421753 
45 0 0.541992 0.985352 0.03125 0.0291595 
43 0 0.569336 0.10376 0.0296936 0.0349731 
42 0 0.313232 0.225464 0.0333862 0.0410156 
41 0 0.245117 0.37085 0.0285187 0.0380249 
34 0 0.583008 0.12085 0.0343628 0.0416565 
32 0 0.23999 0.163574 0.0308533 0.0357971 
30 0 0.942871 0.936523 0.0328064 0.0375061 
29 0 0.00623703 0.796387 0.0125732 0.0385437 
27 0 0.233643 0.576172 0.0296936 0.0437622 
26 0 0.129883 0.198975 0.0347595 0.0479126 
22 0 0.273438 0.23645 0.0343628 0.039856 
21 0 0.0843506 0.805176 0.0281219 0.0354309 
20 0 0.489746 0.751953 0.0421753 0.0458374 
19 0 0.0896606 0.962402 0.0292969 0.0375061 
18 0 0.82959 0.435303 0.03125 0.0372314 
17 0 0.19165 0.84668 0.0351562 0.0421753 
14 0 0.842285 0.754395 0.0343628 0.0499878 
13 0 0.864746 0.414307 0.0328064 0.0401001 
12 0 0.936035 0.209351 0.039856 0.0553284 
8 0 0.823242 0.987305 0.0281219 0.0249939 
7 0 0.708496 0.631348 0.0328064 0.0416565 
6 0 0.834961 0.869629 0.0265656 0.0380249 
5 0 0.851562 0.235474 0.0429688 0.0485535 
3 0 0.758789 0.0998535 0.0324097 0.038147 
2 0 0.236694 0.857422 0.0296936 0.0395813 
1 0 0.630371 0.610352 0.0328064 0.0416565 
