695 0 0.486816 0.759277 0.039856 0.0447998 
691 0 0.265625 0.892578 0.0285187 0.0302124 
684 0 0.745117 0.0748291 0.0277405 0.0375061 
681 0 0.633789 0.0104218 0.0316467 0.0206909 
677 0 0.71582 0.78418 0.0281219 0.0354309 
675 0 0.12793 0.928223 0.0324097 0.0421753 
662 0 0.991211 0.683105 0.014061 0.0375061 
655 0 0.234375 0.461426 0.0218811 0.0263062 
640 0 0.983398 0.0156708 0.0265656 0.0307922 
639 0 0.936523 0.207886 0.0390625 0.0528564 
626 0 0.170166 0.916504 0.0307617 0.0416565 
602 0 0.63623 0.417969 0.0375061 0.046875 
584 0 0.578125 0.14978 0.0296936 0.0354309 
569 0 0.602539 0.210205 0.0296936 0.0416565 
533 0 0.84668 0.726074 0.0296936 0.0406189 
506 0 0.507812 0.0281372 0.0253906 0.0353699 
435 0 0.71875 0.124878 0.0300751 0.0370483 
416 0 0.860352 0.4104 0.0296936 0.0375061 
281 0 0.355469 0.0684204 0.0296936 0.0359802 
245 0 0.261719 0.432373 0.0296936 0.0387878 
178 0 0.478027 0.0510559 0.0273438 0.0354309 
122 0 0.627441 0.240601 0.0324097 0.0395813 
55 0 0.0124969 0.989746 0.0250244 0.0208282 
54 0 0.990723 0.412598 0.0187531 0.0536499 
51 0 0.0427856 0.986328 0.0325012 0.0270844 
50 0 0.51416 0.606445 0.03125 0.0458374 
49 0 0.459473 0.444824 0.0375061 0.0487061 
46 0 0.488281 0.862305 0.0296936 0.0385437 
45 0 0.541992 0.986328 0.03125 0.0270844 
43 0 0.569336 0.101013 0.0300751 0.0354919 
42 0 0.295654 0.216553 0.0343628 0.038269 
41 0 0.228882 0.385498 0.0322266 0.0416565 
34 0 0.583496 0.12085 0.0328064 0.0375061 
32 0 0.227295 0.172974 0.0326233 0.0365906 
30 0 0.92041 0.983398 0.03125 0.0333252 
27 0 0.235962 0.571777 0.0306702 0.0437622 
26 0 0.129883 0.196899 0.0339966 0.0445251 
22 0 0.26709 0.245605 0.0343628 0.0402222 
21 0 0.0844727 0.803223 0.0335999 0.0395813 
19 0 0.0898438 0.963379 0.0327759 0.0406189 
18 0 0.828125 0.43335 0.0335999 0.0416565 
17 0 0.190674 0.84668 0.0343628 0.0437622 
14 0 0.837402 0.755371 0.0320435 0.0437622 
8 0 0.823242 0.989746 0.0281219 0.0218811 
7 0 0.709961 0.631348 0.0328064 0.0406189 
6 0 0.833008 0.87207 0.0249939 0.0354309 
5 0 0.851562 0.23645 0.0406189 0.0479126 
3 0 0.752441 0.113647 0.0296936 0.0365906 
2 0 0.237061 0.856445 0.0318298 0.0447998 
1 0 0.631348 0.615723 0.0281219 0.0390625 
