233 0 0.990723 0.680176 0.0148468 0.0484314 
227 0 0.295166 0.429443 0.0273438 0.0343628 
223 0 0.729492 0.696777 0.0304718 0.0369873 
221 0 0.0397339 0.372314 0.0331726 0.0414124 
210 0 0.950684 0.935059 0.03125 0.0385437 
208 0 0.307129 0.342773 0.0207062 0.0270844 
176 0 0.497559 0.0135422 0.0304718 0.0271149 
140 0 0.636719 0.420898 0.035553 0.0499878 
120 0 0.557129 0.0104675 0.0308533 0.0234375 
117 0 0.629883 0.805176 0.0351562 0.0437622 
85 0 0.0425415 0.221191 0.0287323 0.0395813 
55 0 0.0124969 0.990723 0.0249176 0.0197906 
54 0 0.993652 0.409424 0.0117188 0.0471497 
51 0 0.0406189 0.984375 0.0314331 0.0270844 
50 0 0.584473 0.505371 0.0343628 0.0401001 
49 0 0.49292 0.398926 0.0316467 0.039856 
46 0 0.487549 0.865723 0.0304718 0.0359497 
45 0 0.5625 0.912598 0.0281219 0.0322876 
44 0 0.578125 0.151001 0.0308533 0.035675 
43 0 0.568848 0.102844 0.0316467 0.0397034 
42 0 0.22168 0.175171 0.0265656 0.0364685 
41 0 0.301025 0.31543 0.0285187 0.0380249 
40 0 0.541504 0.985352 0.0328064 0.0286407 
39 0 0.767578 0.50293 0.0328064 0.0440063 
35 0 0.0100937 0.271973 0.0196228 0.0401001 
34 0 0.584961 0.121887 0.0328064 0.039917 
32 0 0.280518 0.118469 0.0296936 0.0374451 
31 0 0.207031 0.382812 0.0298767 0.035675 
30 0 0.988281 0.803223 0.0234375 0.0390625 
29 0 0.0210876 0.737305 0.0299988 0.0426941 
27 0 0.235107 0.578613 0.0292969 0.0406189 
26 0 0.133545 0.195801 0.0323181 0.0419312 
24 0 0.26709 0.43042 0.0290985 0.0354309 
23 0 0.665527 0.161255 0.0375061 0.0430908 
22 0 0.282715 0.21875 0.0339966 0.0418091 
21 0 0.0836182 0.806152 0.0296936 0.0375061 
20 0 0.507812 0.72998 0.0406189 0.0515747 
19 0 0.0882568 0.964355 0.0299377 0.0375061 
18 0 0.829102 0.43335 0.0328064 0.0419312 
17 0 0.192139 0.84375 0.03125 0.0375061 
16 0 0.304443 0.389893 0.0289001 0.0364685 
14 0 0.852539 0.75 0.0359497 0.0458374 
13 0 0.868164 0.407715 0.0328064 0.0434875 
12 0 0.936035 0.208496 0.039856 0.0557251 
8 0 0.835938 0.96875 0.0281219 0.0385437 
7 0 0.708496 0.635254 0.0296936 0.0380249 
6 0 0.846191 0.844727 0.0296936 0.0354309 
5 0 0.853027 0.229126 0.0460815 0.0540466 
4 0 0.600586 0.213501 0.0328064 0.040741 
3 0 0.773438 0.0740967 0.03125 0.0400391 
2 0 0.241455 0.85498 0.0296936 0.0395813 
1 0 0.635254 0.569824 0.0300751 0.0411377 
233 0 0.990723 0.680176 0.0148468 0.0484314 
227 0 0.295166 0.429443 0.0273438 0.0343628 
223 0 0.729492 0.696777 0.0304718 0.0369873 
221 0 0.0397339 0.372314 0.0331726 0.0414124 
210 0 0.950684 0.935059 0.03125 0.0385437 
208 0 0.307129 0.342773 0.0207062 0.0270844 
176 0 0.497559 0.0135422 0.0304718 0.0271149 
140 0 0.636719 0.420898 0.035553 0.0499878 
120 0 0.557129 0.0104675 0.0308533 0.0234375 
117 0 0.629883 0.805176 0.0351562 0.0437622 
85 0 0.0425415 0.221191 0.0287323 0.0395813 
55 0 0.0124969 0.990723 0.0249176 0.0197906 
54 0 0.993652 0.409424 0.0117188 0.0471497 
51 0 0.0406189 0.984375 0.0314331 0.0270844 
50 0 0.584473 0.505371 0.0343628 0.0401001 
49 0 0.49292 0.398926 0.0316467 0.039856 
46 0 0.487549 0.865723 0.0304718 0.0359497 
45 0 0.5625 0.912598 0.0281219 0.0322876 
44 0 0.578125 0.151001 0.0308533 0.035675 
43 0 0.568848 0.102844 0.0316467 0.0397034 
42 0 0.22168 0.175171 0.0265656 0.0364685 
41 0 0.301025 0.31543 0.0285187 0.0380249 
40 0 0.541504 0.985352 0.0328064 0.0286407 
39 0 0.767578 0.50293 0.0328064 0.0440063 
35 0 0.0100937 0.271973 0.0196228 0.0401001 
34 0 0.584961 0.121887 0.0328064 0.039917 
32 0 0.280518 0.118469 0.0296936 0.0374451 
31 0 0.207031 0.382812 0.0298767 0.035675 
30 0 0.988281 0.803223 0.0234375 0.0390625 
29 0 0.0210876 0.737305 0.0299988 0.0426941 
27 0 0.235107 0.578613 0.0292969 0.0406189 
26 0 0.133545 0.195801 0.0323181 0.0419312 
24 0 0.26709 0.43042 0.0290985 0.0354309 
23 0 0.665527 0.161255 0.0375061 0.0430908 
22 0 0.282715 0.21875 0.0339966 0.0418091 
21 0 0.0836182 0.806152 0.0296936 0.0375061 
20 0 0.507812 0.72998 0.0406189 0.0515747 
19 0 0.0882568 0.964355 0.0299377 0.0375061 
18 0 0.829102 0.43335 0.0328064 0.0419312 
17 0 0.192139 0.84375 0.03125 0.0375061 
16 0 0.304443 0.389893 0.0289001 0.0364685 
14 0 0.852539 0.75 0.0359497 0.0458374 
13 0 0.868164 0.407715 0.0328064 0.0434875 
12 0 0.936035 0.208496 0.039856 0.0557251 
8 0 0.835938 0.96875 0.0281219 0.0385437 
7 0 0.708496 0.635254 0.0296936 0.0380249 
6 0 0.846191 0.844727 0.0296936 0.0354309 
5 0 0.853027 0.229126 0.0460815 0.0540466 
4 0 0.600586 0.213501 0.0328064 0.040741 
3 0 0.773438 0.0740967 0.03125 0.0400391 
2 0 0.241455 0.85498 0.0296936 0.0395813 
1 0 0.635254 0.569824 0.0300751 0.0411377 
