446 0 0.654785 0.927246 0.0406189 0.0541687 
445 0 0.575684 0.110413 0.0343628 0.0377502 
444 0 0.631348 0.57959 0.0332031 0.0406189 
439 1 0.905273 0.244751 0.0328064 0.0368347 
438 0 0.991211 0.680176 0.014061 0.0473938 
431 0 0.280518 0.389648 0.0271454 0.0330811 
424 0 0.638672 0.421875 0.0390625 0.0471497 
423 0 0.577148 0.154053 0.0281219 0.0333252 
410 0 0.311768 0.191406 0.0302734 0.0368347 
407 0 0.00542068 0.0899658 0.0163116 0.042511 
355 0 0.0604553 0.264404 0.0354614 0.0471497 
343 0 0.00547028 0.327637 0.01091 0.0466003 
288 0 0.366455 0.0292206 0.0332031 0.0381775 
260 0 0.513184 0.015625 0.026947 0.0270844 
247 0 0.260986 0.439697 0.0345764 0.0416565 
238 0 0.725098 0.773926 0.0308533 0.0369873 
227 0 0.0613708 0.579102 0.0328369 0.0401001 
176 0 0.500977 0.0229187 0.0328064 0.0376892 
55 0 0.0132675 0.990723 0.0267334 0.0197906 
54 0 0.992188 0.40918 0.015625 0.0531311 
51 0 0.0390625 0.986328 0.0343628 0.0270844 
50 0 0.563477 0.533203 0.03125 0.0369873 
49 0 0.478027 0.412598 0.0375061 0.0471497 
46 0 0.486816 0.864746 0.0296936 0.0416565 
45 0 0.532227 0.985352 0.0363159 0.0302124 
43 0 0.568848 0.103149 0.0281219 0.0354309 
42 0 0.27124 0.237793 0.0332031 0.038147 
41 0 0.272705 0.355225 0.0296936 0.039856 
39 0 0.648438 0.055481 0.0332031 0.0411682 
34 0 0.584473 0.12085 0.03125 0.0375061 
32 0 0.24707 0.147949 0.0324097 0.0376282 
30 0 0.97168 0.866699 0.0367126 0.0411377 
29 0 0.0140533 0.770508 0.0250244 0.0406189 
27 0 0.235107 0.578125 0.0322266 0.0437622 
26 0 0.129639 0.199219 0.0375977 0.0487061 
23 0 0.655273 0.19458 0.035553 0.0420532 
22 0 0.283691 0.21814 0.0332031 0.0377502 
21 0 0.0836182 0.806152 0.0328064 0.0401001 
20 0 0.496094 0.745605 0.0421753 0.0499878 
19 0 0.0890503 0.96582 0.03125 0.0390625 
18 0 0.829102 0.435303 0.0328064 0.0416565 
17 0 0.192139 0.84668 0.0372009 0.0479126 
14 0 0.84668 0.755371 0.0320435 0.0437622 
13 0 0.864258 0.413574 0.0335999 0.0437622 
12 0 0.936035 0.207275 0.0335999 0.0475159 
8 0 0.831055 0.983398 0.0281219 0.0333252 
7 0 0.709473 0.634277 0.03125 0.0406189 
6 0 0.84082 0.858887 0.0273438 0.0385437 
5 0 0.852539 0.229126 0.0421753 0.0497437 
4 0 0.602539 0.213745 0.0296936 0.0384216 
3 0 0.769531 0.0891724 0.0316467 0.0403748 
2 0 0.239868 0.85791 0.0332031 0.0416565 
1 0 0.631348 0.595703 0.0339966 0.0421753 
446 0 0.654785 0.927246 0.0406189 0.0541687 
445 0 0.575684 0.110413 0.0343628 0.0377502 
444 0 0.631348 0.57959 0.0332031 0.0406189 
439 1 0.905273 0.244751 0.0328064 0.0368347 
438 0 0.991211 0.680176 0.014061 0.0473938 
431 0 0.280518 0.389648 0.0271454 0.0330811 
424 0 0.638672 0.421875 0.0390625 0.0471497 
423 0 0.577148 0.154053 0.0281219 0.0333252 
410 0 0.311768 0.191406 0.0302734 0.0368347 
407 0 0.00542068 0.0899658 0.0163116 0.042511 
355 0 0.0604553 0.264404 0.0354614 0.0471497 
343 0 0.00547028 0.327637 0.01091 0.0466003 
288 0 0.366455 0.0292206 0.0332031 0.0381775 
260 0 0.513184 0.015625 0.026947 0.0270844 
247 0 0.260986 0.439697 0.0345764 0.0416565 
238 0 0.725098 0.773926 0.0308533 0.0369873 
227 0 0.0613708 0.579102 0.0328369 0.0401001 
176 0 0.500977 0.0229187 0.0328064 0.0376892 
55 0 0.0132675 0.990723 0.0267334 0.0197906 
54 0 0.992188 0.40918 0.015625 0.0531311 
51 0 0.0390625 0.986328 0.0343628 0.0270844 
50 0 0.563477 0.533203 0.03125 0.0369873 
49 0 0.478027 0.412598 0.0375061 0.0471497 
46 0 0.486816 0.864746 0.0296936 0.0416565 
45 0 0.532227 0.985352 0.0363159 0.0302124 
43 0 0.568848 0.103149 0.0281219 0.0354309 
42 0 0.27124 0.237793 0.0332031 0.038147 
41 0 0.272705 0.355225 0.0296936 0.039856 
39 0 0.648438 0.055481 0.0332031 0.0411682 
34 0 0.584473 0.12085 0.03125 0.0375061 
32 0 0.24707 0.147949 0.0324097 0.0376282 
30 0 0.97168 0.866699 0.0367126 0.0411377 
29 0 0.0140533 0.770508 0.0250244 0.0406189 
27 0 0.235107 0.578125 0.0322266 0.0437622 
26 0 0.129639 0.199219 0.0375977 0.0487061 
23 0 0.655273 0.19458 0.035553 0.0420532 
22 0 0.283691 0.21814 0.0332031 0.0377502 
21 0 0.0836182 0.806152 0.0328064 0.0401001 
20 0 0.496094 0.745605 0.0421753 0.0499878 
19 0 0.0890503 0.96582 0.03125 0.0390625 
18 0 0.829102 0.435303 0.0328064 0.0416565 
17 0 0.192139 0.84668 0.0372009 0.0479126 
14 0 0.84668 0.755371 0.0320435 0.0437622 
13 0 0.864258 0.413574 0.0335999 0.0437622 
12 0 0.936035 0.207275 0.0335999 0.0475159 
8 0 0.831055 0.983398 0.0281219 0.0333252 
7 0 0.709473 0.634277 0.03125 0.0406189 
6 0 0.84082 0.858887 0.0273438 0.0385437 
5 0 0.852539 0.229126 0.0421753 0.0497437 
4 0 0.602539 0.213745 0.0296936 0.0384216 
3 0 0.769531 0.0891724 0.0316467 0.0403748 
2 0 0.239868 0.85791 0.0332031 0.0416565 
1 0 0.631348 0.595703 0.0339966 0.0421753 
