317 0 0.00782776 0.297852 0.01548 0.0481873 
302 0 0.990723 0.681152 0.015625 0.046875 
300 0 0.33667 0.00934601 0.0322266 0.0185242 
281 0 0.374756 0.0135956 0.0289001 0.0269012 
276 0 0.657227 0.927246 0.0421753 0.0499878 
258 0 0.518066 0.0125275 0.0300751 0.0249786 
251 0 0.295898 0.193237 0.0320435 0.0397034 
245 0 0.261719 0.438477 0.0328064 0.0387878 
236 0 0.727539 0.771484 0.0296936 0.0354309 
226 0 0.452393 0.450684 0.0359497 0.046875 
221 0 0.0379639 0.37915 0.0350037 0.049469 
178 0 0.504883 0.0197754 0.0320435 0.0354614 
142 0 0.638184 0.421875 0.0379028 0.0479126 
122 0 0.661133 0.181274 0.0371094 0.0418091 
55 0 0.0132446 0.990723 0.0263367 0.0187531 
54 0 0.994629 0.408691 0.0109406 0.0499878 
51 0 0.039856 0.985352 0.0328064 0.0291595 
50 0 0.570312 0.525879 0.0335999 0.0395813 
49 0 0.486328 0.404785 0.0320435 0.0403748 
46 0 0.486816 0.864746 0.0339966 0.0458374 
45 0 0.541992 0.953125 0.0292969 0.033844 
43 0 0.569336 0.103149 0.0296936 0.0354309 
42 0 0.230103 0.189575 0.028717 0.0418091 
41 0 0.283691 0.335938 0.0267639 0.035675 
40 0 0.540527 0.985352 0.0367126 0.0291595 
39 0 0.75293 0.203369 0.0308533 0.0376282 
34 0 0.583984 0.12085 0.0343628 0.0416565 
32 0 0.264893 0.13269 0.0326233 0.0391235 
31 0 0.0631714 0.124207 0.0312195 0.0396423 
30 0 0.975586 0.84082 0.0328064 0.0406189 
29 0 0.0182495 0.756348 0.0254669 0.0385437 
27 0 0.235107 0.578613 0.0328064 0.0447998 
26 0 0.131104 0.198975 0.0338745 0.0444031 
22 0 0.282471 0.220581 0.0326233 0.0391846 
21 0 0.0836182 0.806152 0.0296936 0.0375061 
20 0 0.497559 0.740234 0.0421753 0.0510559 
19 0 0.0890503 0.96582 0.0314026 0.0395813 
18 0 0.829102 0.434326 0.0328064 0.0395813 
17 0 0.192261 0.845703 0.033783 0.0416565 
16 0 0.161743 0.526367 0.0297852 0.0395813 
14 0 0.850098 0.75293 0.0367126 0.0479126 
13 0 0.865723 0.412598 0.03125 0.0416565 
12 0 0.936035 0.210449 0.039856 0.0575562 
8 0 0.833008 0.978027 0.0289001 0.0354309 
7 0 0.708496 0.633301 0.0328064 0.0416565 
6 0 0.842773 0.853027 0.0265656 0.0354309 
5 0 0.853027 0.229126 0.0437622 0.0541687 
4 0 0.603027 0.2146 0.0308533 0.0371094 
3 0 0.771973 0.0802002 0.03125 0.0391235 
2 0 0.240234 0.856445 0.0314331 0.0411377 
1 0 0.630371 0.583496 0.0320435 0.0406189 
