308 0 0.339844 0.00862122 0.0333862 0.0172424 
304 0 0.0180359 0.984375 0.0297546 0.0270844 
297 0 0.311035 0.188232 0.0281219 0.035675 
294 0 0.00697708 0.283936 0.0146332 0.0467529 
288 0 0.373535 0.0124207 0.028717 0.0242767 
285 0 0.57666 0.105591 0.0375061 0.049408 
280 0 0.65625 0.926758 0.0394592 0.0489502 
260 0 0.518555 0.0121765 0.026947 0.0237274 
253 0 0.319092 0.108704 0.0322266 0.039917 
248 0 0.978027 0.861328 0.0281219 0.0359497 
247 0 0.262695 0.438477 0.0316467 0.0390625 
246 0 0.813965 0.981445 0.0281219 0.0359497 
238 0 0.729004 0.768555 0.0289001 0.0359497 
227 0 0.167236 0.530762 0.0328979 0.0408936 
221 0 0.0370178 0.381348 0.0341797 0.0466003 
176 0 0.496094 0.0211334 0.0292969 0.0368347 
140 0 0.637695 0.421387 0.0367126 0.0481873 
117 0 0.628906 0.804199 0.0359497 0.0416565 
55 0 0.0132828 0.989746 0.0266113 0.0203094 
54 0 0.994629 0.408447 0.0109406 0.0492249 
51 0 0.039856 0.985352 0.0328064 0.0291595 
50 0 0.572266 0.522949 0.0335999 0.0406189 
49 0 0.488281 0.405273 0.0300751 0.0395813 
46 0 0.483643 0.866699 0.0390625 0.0458374 
45 0 0.546875 0.944824 0.0281219 0.0322876 
43 0 0.569336 0.102234 0.0289001 0.0364075 
42 0 0.222656 0.187988 0.0283203 0.0395813 
41 0 0.287598 0.328125 0.0277405 0.0395813 
40 0 0.540527 0.985352 0.0351562 0.0291595 
39 0 0.760742 0.261963 0.0320435 0.0408936 
34 0 0.583496 0.120056 0.0332031 0.0406189 
32 0 0.260986 0.126099 0.0308533 0.0395203 
31 0 0.0681763 0.198364 0.0310059 0.0393372 
30 0 0.979492 0.833496 0.0304718 0.0380249 
29 0 0.0187378 0.751465 0.0282898 0.0426941 
27 0 0.235962 0.579102 0.03125 0.0447998 
26 0 0.131226 0.198975 0.0344849 0.0445251 
23 0 0.661133 0.178589 0.0343628 0.0406189 
22 0 0.282715 0.218506 0.033783 0.039978 
21 0 0.0836182 0.805176 0.0296936 0.0380249 
20 0 0.498535 0.739746 0.0437622 0.0499878 
19 0 0.0882568 0.964355 0.0328674 0.0416565 
18 0 0.82959 0.434326 0.0335999 0.0401001 
17 0 0.192139 0.844727 0.0343628 0.0437622 
16 0 0.422363 0.424316 0.0343628 0.044281 
14 0 0.850586 0.751953 0.0359497 0.0447998 
13 0 0.865723 0.4104 0.0320435 0.0421753 
12 0 0.936035 0.210449 0.0406189 0.0578003 
8 0 0.834473 0.976074 0.0257874 0.0333252 
7 0 0.708496 0.633301 0.0324097 0.0416565 
6 0 0.842773 0.853027 0.0265656 0.0354309 
5 0 0.852539 0.229126 0.0453186 0.0535278 
4 0 0.603027 0.214844 0.03125 0.0363159 
3 0 0.772461 0.078125 0.0328064 0.0395813 
2 0 0.240601 0.854004 0.03125 0.0426941 
1 0 0.632812 0.58252 0.03125 0.0395813 
308 0 0.339844 0.00862122 0.0333862 0.0172424 
304 0 0.0180359 0.984375 0.0297546 0.0270844 
297 0 0.311035 0.188232 0.0281219 0.035675 
294 0 0.00697708 0.283936 0.0146332 0.0467529 
288 0 0.373535 0.0124207 0.028717 0.0242767 
285 0 0.57666 0.105591 0.0375061 0.049408 
280 0 0.65625 0.926758 0.0394592 0.0489502 
260 0 0.518555 0.0121765 0.026947 0.0237274 
253 0 0.319092 0.108704 0.0322266 0.039917 
248 0 0.978027 0.861328 0.0281219 0.0359497 
247 0 0.262695 0.438477 0.0316467 0.0390625 
246 0 0.813965 0.981445 0.0281219 0.0359497 
238 0 0.729004 0.768555 0.0289001 0.0359497 
227 0 0.167236 0.530762 0.0328979 0.0408936 
221 0 0.0370178 0.381348 0.0341797 0.0466003 
176 0 0.496094 0.0211334 0.0292969 0.0368347 
140 0 0.637695 0.421387 0.0367126 0.0481873 
117 0 0.628906 0.804199 0.0359497 0.0416565 
55 0 0.0132828 0.989746 0.0266113 0.0203094 
54 0 0.994629 0.408447 0.0109406 0.0492249 
51 0 0.039856 0.985352 0.0328064 0.0291595 
50 0 0.572266 0.522949 0.0335999 0.0406189 
49 0 0.488281 0.405273 0.0300751 0.0395813 
46 0 0.483643 0.866699 0.0390625 0.0458374 
45 0 0.546875 0.944824 0.0281219 0.0322876 
43 0 0.569336 0.102234 0.0289001 0.0364075 
42 0 0.222656 0.187988 0.0283203 0.0395813 
41 0 0.287598 0.328125 0.0277405 0.0395813 
40 0 0.540527 0.985352 0.0351562 0.0291595 
39 0 0.760742 0.261963 0.0320435 0.0408936 
34 0 0.583496 0.120056 0.0332031 0.0406189 
32 0 0.260986 0.126099 0.0308533 0.0395203 
31 0 0.0681763 0.198364 0.0310059 0.0393372 
30 0 0.979492 0.833496 0.0304718 0.0380249 
29 0 0.0187378 0.751465 0.0282898 0.0426941 
27 0 0.235962 0.579102 0.03125 0.0447998 
26 0 0.131226 0.198975 0.0344849 0.0445251 
23 0 0.661133 0.178589 0.0343628 0.0406189 
22 0 0.282715 0.218506 0.033783 0.039978 
21 0 0.0836182 0.805176 0.0296936 0.0380249 
20 0 0.498535 0.739746 0.0437622 0.0499878 
19 0 0.0882568 0.964355 0.0328674 0.0416565 
18 0 0.82959 0.434326 0.0335999 0.0401001 
17 0 0.192139 0.844727 0.0343628 0.0437622 
16 0 0.422363 0.424316 0.0343628 0.044281 
14 0 0.850586 0.751953 0.0359497 0.0447998 
13 0 0.865723 0.4104 0.0320435 0.0421753 
12 0 0.936035 0.210449 0.0406189 0.0578003 
8 0 0.834473 0.976074 0.0257874 0.0333252 
7 0 0.708496 0.633301 0.0324097 0.0416565 
6 0 0.842773 0.853027 0.0265656 0.0354309 
5 0 0.852539 0.229126 0.0453186 0.0535278 
4 0 0.603027 0.214844 0.03125 0.0363159 
3 0 0.772461 0.078125 0.0328064 0.0395813 
2 0 0.240601 0.854004 0.03125 0.0426941 
1 0 0.632812 0.58252 0.03125 0.0395813 
