184 0 0.00776291 0.418213 0.0149918 0.0523376 
178 0 0.503906 0.0104141 0.0363159 0.0210571 
172 0 0.992188 0.677246 0.0124969 0.046875 
170 0 0.00678635 0.672363 0.0156708 0.0375061 
150 0 0.983398 0.866699 0.0265656 0.0343628 
142 0 0.635742 0.418701 0.0335999 0.0450439 
122 0 0.665527 0.145874 0.0343628 0.0405579 
121 0 0.743164 0.75293 0.0265656 0.0343628 
119 0 0.630371 0.804199 0.0367126 0.0416565 
87 0 0.286621 0.478027 0.0308533 0.0395813 
76 0 0.78125 0.828125 0.0308533 0.0369873 
56 0 0.5625 0.1604 0.0273438 0.0333252 
55 0 0.0124817 0.990723 0.0249634 0.0187531 
54 0 0.994629 0.408936 0.0109406 0.0471497 
51 0 0.0406189 0.983398 0.0311737 0.0291595 
50 0 0.587402 0.494873 0.03125 0.0393372 
49 0 0.497559 0.391602 0.0328064 0.0375061 
47 0 0.208252 0.31665 0.0315552 0.0395813 
46 0 0.486816 0.865723 0.0289001 0.0354309 
45 0 0.571289 0.889648 0.0289001 0.0333252 
44 0 0.578125 0.151001 0.0300751 0.0348816 
43 0 0.567383 0.103149 0.0273438 0.0354919 
42 0 0.216797 0.163818 0.0281219 0.0376282 
41 0 0.310303 0.310303 0.0273438 0.0375061 
40 0 0.541992 0.985352 0.0324097 0.0291595 
39 0 0.787598 0.635254 0.0339966 0.0411377 
35 0 0.0148163 0.249512 0.0293884 0.0454407 
34 0 0.585938 0.121887 0.0304718 0.0396423 
32 0 0.29541 0.106262 0.0289001 0.0371094 
31 0 0.256348 0.546875 0.0298767 0.0390625 
30 0 0.989258 0.787598 0.0234375 0.0380249 
29 0 0.0296326 0.733398 0.028595 0.0390625 
27 0 0.235962 0.572266 0.0281219 0.0395813 
26 0 0.13269 0.196533 0.0328064 0.044281 
25 0 0.66748 0.510742 0.0281219 0.0348816 
24 0 0.270996 0.418701 0.0296936 0.0367126 
23 0 0.61084 0.0861816 0.0304718 0.0390015 
22 0 0.282471 0.217651 0.03302 0.039856 
21 0 0.0828247 0.805176 0.0281219 0.0354309 
20 0 0.510742 0.728027 0.0406189 0.0484314 
19 0 0.0898438 0.963379 0.0296936 0.0380249 
18 0 0.828125 0.43335 0.0320435 0.0416565 
17 0 0.192139 0.844727 0.03125 0.0395813 
16 0 0.361328 0.340576 0.028717 0.0351562 
14 0 0.853027 0.749023 0.0343628 0.0437622 
13 0 0.869629 0.408447 0.0296936 0.0416565 
12 0 0.936035 0.208618 0.039856 0.0553284 
8 0 0.836914 0.964355 0.0296936 0.0375061 
7 0 0.708496 0.638672 0.0300751 0.0380249 
6 0 0.847656 0.838379 0.0281219 0.0354309 
5 0 0.852539 0.22876 0.0453186 0.0557251 
4 0 0.601562 0.213501 0.03125 0.0393372 
3 0 0.770996 0.0683594 0.0296936 0.0345459 
2 0 0.242554 0.856445 0.0294952 0.0411377 
1 0 0.646973 0.561523 0.0292969 0.0375061 
