714 0 0.198975 0.979004 0.0359497 0.0348816 
706 0 0.978027 0.862305 0.0281219 0.0359497 
704 0 0.563477 0.161499 0.0265656 0.0354309 
701 0 0.991211 0.681152 0.014061 0.0401001 
694 0 0.239014 0.457275 0.0234375 0.0278625 
675 0 0.98584 0.0122452 0.0273438 0.023941 
674 0 0.936523 0.207275 0.0390625 0.0518188 
671 0 0.985352 0.388916 0.0296936 0.0390625 
661 0 0.141357 0.930176 0.0297852 0.0401001 
635 0 0.635742 0.418701 0.0375061 0.0458374 
615 0 0.577148 0.150024 0.0289001 0.0374451 
604 0 0.602539 0.210083 0.0296936 0.0401001 
562 0 0.881836 0.635254 0.0343628 0.0432434 
534 0 0.505371 0.0250397 0.0257874 0.0369873 
464 0 0.723633 0.11145 0.0332031 0.0387268 
459 0 0.542969 0.986328 0.0320435 0.0270844 
444 0 0.85791 0.4104 0.0304718 0.0375061 
288 0 0.356201 0.0635376 0.0281219 0.0354919 
247 0 0.260986 0.434814 0.0310516 0.0367126 
176 0 0.479004 0.0500183 0.0261688 0.0343018 
55 0 0.0132828 0.990723 0.0265656 0.0187531 
54 0 0.992188 0.423096 0.0171814 0.049469 
51 0 0.0411987 0.98584 0.0323181 0.0249939 
50 0 0.51709 0.60498 0.0335999 0.046875 
49 0 0.460205 0.442627 0.0359497 0.0481873 
46 0 0.487549 0.86377 0.03125 0.0395813 
43 0 0.568848 0.102112 0.0300751 0.0375061 
42 0 0.302246 0.218384 0.0326233 0.0403748 
41 0 0.233643 0.380371 0.0296936 0.0401001 
34 0 0.583496 0.120178 0.0328064 0.0387878 
32 0 0.233643 0.17395 0.0292969 0.0317688 
30 0 0.924316 0.973145 0.0343628 0.0401001 
29 0 0.00391388 0.813477 0.00836945 0.0395813 
27 0 0.235107 0.572754 0.0296936 0.0416565 
26 0 0.130493 0.197632 0.0328064 0.0430908 
23 0 0.627441 0.240112 0.0328064 0.0384216 
22 0 0.268066 0.24353 0.0328064 0.038147 
21 0 0.0843506 0.805176 0.0309601 0.0385437 
20 0 0.48584 0.758301 0.0379028 0.0432434 
19 0 0.0888672 0.962402 0.0308075 0.0385437 
18 0 0.82666 0.433838 0.0328064 0.0408936 
17 0 0.190918 0.847168 0.033783 0.0426941 
14 0 0.838867 0.753418 0.0351562 0.0489502 
8 0 0.823242 0.98877 0.0281219 0.0229187 
7 0 0.709961 0.631348 0.0316467 0.0406189 
6 0 0.833008 0.870605 0.0281219 0.0375061 
5 0 0.851562 0.233643 0.0437622 0.0492249 
3 0 0.755371 0.111389 0.0296936 0.0385437 
2 0 0.237549 0.858398 0.0314331 0.0426941 
1 0 0.630859 0.61377 0.0296936 0.0395813 
714 0 0.198975 0.979004 0.0359497 0.0348816 
706 0 0.978027 0.862305 0.0281219 0.0359497 
704 0 0.563477 0.161499 0.0265656 0.0354309 
701 0 0.991211 0.681152 0.014061 0.0401001 
694 0 0.239014 0.457275 0.0234375 0.0278625 
675 0 0.98584 0.0122452 0.0273438 0.023941 
674 0 0.936523 0.207275 0.0390625 0.0518188 
671 0 0.985352 0.388916 0.0296936 0.0390625 
661 0 0.141357 0.930176 0.0297852 0.0401001 
635 0 0.635742 0.418701 0.0375061 0.0458374 
615 0 0.577148 0.150024 0.0289001 0.0374451 
604 0 0.602539 0.210083 0.0296936 0.0401001 
562 0 0.881836 0.635254 0.0343628 0.0432434 
534 0 0.505371 0.0250397 0.0257874 0.0369873 
464 0 0.723633 0.11145 0.0332031 0.0387268 
459 0 0.542969 0.986328 0.0320435 0.0270844 
444 0 0.85791 0.4104 0.0304718 0.0375061 
288 0 0.356201 0.0635376 0.0281219 0.0354919 
247 0 0.260986 0.434814 0.0310516 0.0367126 
176 0 0.479004 0.0500183 0.0261688 0.0343018 
55 0 0.0132828 0.990723 0.0265656 0.0187531 
54 0 0.992188 0.423096 0.0171814 0.049469 
51 0 0.0411987 0.98584 0.0323181 0.0249939 
50 0 0.51709 0.60498 0.0335999 0.046875 
49 0 0.460205 0.442627 0.0359497 0.0481873 
46 0 0.487549 0.86377 0.03125 0.0395813 
43 0 0.568848 0.102112 0.0300751 0.0375061 
42 0 0.302246 0.218384 0.0326233 0.0403748 
41 0 0.233643 0.380371 0.0296936 0.0401001 
34 0 0.583496 0.120178 0.0328064 0.0387878 
32 0 0.233643 0.17395 0.0292969 0.0317688 
30 0 0.924316 0.973145 0.0343628 0.0401001 
29 0 0.00391388 0.813477 0.00836945 0.0395813 
27 0 0.235107 0.572754 0.0296936 0.0416565 
26 0 0.130493 0.197632 0.0328064 0.0430908 
23 0 0.627441 0.240112 0.0328064 0.0384216 
22 0 0.268066 0.24353 0.0328064 0.038147 
21 0 0.0843506 0.805176 0.0309601 0.0385437 
20 0 0.48584 0.758301 0.0379028 0.0432434 
19 0 0.0888672 0.962402 0.0308075 0.0385437 
18 0 0.82666 0.433838 0.0328064 0.0408936 
17 0 0.190918 0.847168 0.033783 0.0426941 
14 0 0.838867 0.753418 0.0351562 0.0489502 
8 0 0.823242 0.98877 0.0281219 0.0229187 
7 0 0.709961 0.631348 0.0316467 0.0406189 
6 0 0.833008 0.870605 0.0281219 0.0375061 
5 0 0.851562 0.233643 0.0437622 0.0492249 
3 0 0.755371 0.111389 0.0296936 0.0385437 
2 0 0.237549 0.858398 0.0314331 0.0426941 
1 0 0.630859 0.61377 0.0296936 0.0395813 
