818 0 0.189697 0.806152 0.0290985 0.0406189 
817 0 0.62793 0.802246 0.0343628 0.0416565 
815 0 0.5625 0.160156 0.026947 0.033844 
814 0 0.191284 0.848145 0.0349731 0.0416565 
801 0 0.974121 0.0312805 0.0265656 0.0369263 
791 0 0.409424 0.216675 0.0351562 0.0453186 
784 0 0.307861 0.195801 0.0281219 0.0330811 
775 0 0.789551 0.249268 0.0320435 0.0391846 
765 0 0.747559 0.923828 0.0300751 0.0390625 
724 0 0.740234 0.139404 0.0296936 0.0364075 
721 0 0.626465 0.0156403 0.0281219 0.031311 
716 0 0.716309 0.787598 0.0265656 0.0333252 
701 0 0.993164 0.683105 0.014061 0.0328064 
694 0 0.22583 0.47998 0.0249939 0.03125 
674 0 0.936035 0.206299 0.0367126 0.0499878 
635 0 0.637695 0.418701 0.0363159 0.0460815 
615 0 0.578125 0.148926 0.0281219 0.0354309 
604 0 0.602539 0.210327 0.0304718 0.0426941 
534 0 0.507812 0.03125 0.0249939 0.0332642 
464 0 0.708008 0.146606 0.0320435 0.0408325 
459 0 0.541992 0.986328 0.03125 0.0270844 
444 0 0.861816 0.409424 0.0296936 0.0364685 
288 0 0.354004 0.0697632 0.0263672 0.0311584 
247 0 0.260986 0.434326 0.0281219 0.0354309 
176 0 0.47583 0.0531311 0.0265656 0.0393372 
55 0 0.0137787 0.989746 0.0273132 0.0208282 
54 0 0.989258 0.413574 0.0203094 0.0473938 
51 0 0.0423889 0.985352 0.0345459 0.0291595 
50 0 0.502441 0.612305 0.0332031 0.0458374 
49 0 0.457031 0.4646 0.0339966 0.0411377 
46 0 0.487549 0.862305 0.03125 0.0390625 
43 0 0.570312 0.102112 0.0273438 0.0333252 
42 0 0.243774 0.197876 0.0314331 0.0377502 
41 0 0.221924 0.397949 0.03125 0.0450439 
34 0 0.583496 0.12085 0.0328064 0.0375061 
32 0 0.210693 0.184204 0.0284119 0.0322876 
27 0 0.235962 0.567871 0.03125 0.0479126 
26 0 0.129639 0.195801 0.0342712 0.0458374 
23 0 0.624023 0.240601 0.0324097 0.0395813 
22 0 0.265381 0.262695 0.0363159 0.0460815 
21 0 0.0843506 0.802246 0.0314331 0.0390625 
19 0 0.103027 0.970703 0.0352173 0.0426941 
18 0 0.825684 0.431152 0.0328064 0.0375061 
14 0 0.842285 0.771973 0.0328064 0.0406189 
8 0 0.824219 0.987305 0.0265656 0.0244751 
7 0 0.708496 0.630371 0.0328064 0.0411377 
6 0 0.831055 0.870605 0.0289001 0.0375061 
5 0 0.851562 0.234375 0.0414124 0.0479126 
2 0 0.236938 0.857422 0.0324097 0.0437622 
1 0 0.630371 0.615723 0.0296936 0.0395813 
818 0 0.189697 0.806152 0.0290985 0.0406189 
817 0 0.62793 0.802246 0.0343628 0.0416565 
815 0 0.5625 0.160156 0.026947 0.033844 
814 0 0.191284 0.848145 0.0349731 0.0416565 
801 0 0.974121 0.0312805 0.0265656 0.0369263 
791 0 0.409424 0.216675 0.0351562 0.0453186 
784 0 0.307861 0.195801 0.0281219 0.0330811 
775 0 0.789551 0.249268 0.0320435 0.0391846 
765 0 0.747559 0.923828 0.0300751 0.0390625 
724 0 0.740234 0.139404 0.0296936 0.0364075 
721 0 0.626465 0.0156403 0.0281219 0.031311 
716 0 0.716309 0.787598 0.0265656 0.0333252 
701 0 0.993164 0.683105 0.014061 0.0328064 
694 0 0.22583 0.47998 0.0249939 0.03125 
674 0 0.936035 0.206299 0.0367126 0.0499878 
635 0 0.637695 0.418701 0.0363159 0.0460815 
615 0 0.578125 0.148926 0.0281219 0.0354309 
604 0 0.602539 0.210327 0.0304718 0.0426941 
534 0 0.507812 0.03125 0.0249939 0.0332642 
464 0 0.708008 0.146606 0.0320435 0.0408325 
459 0 0.541992 0.986328 0.03125 0.0270844 
444 0 0.861816 0.409424 0.0296936 0.0364685 
288 0 0.354004 0.0697632 0.0263672 0.0311584 
247 0 0.260986 0.434326 0.0281219 0.0354309 
176 0 0.47583 0.0531311 0.0265656 0.0393372 
55 0 0.0137787 0.989746 0.0273132 0.0208282 
54 0 0.989258 0.413574 0.0203094 0.0473938 
51 0 0.0423889 0.985352 0.0345459 0.0291595 
50 0 0.502441 0.612305 0.0332031 0.0458374 
49 0 0.457031 0.4646 0.0339966 0.0411377 
46 0 0.487549 0.862305 0.03125 0.0390625 
43 0 0.570312 0.102112 0.0273438 0.0333252 
42 0 0.243774 0.197876 0.0314331 0.0377502 
41 0 0.221924 0.397949 0.03125 0.0450439 
34 0 0.583496 0.12085 0.0328064 0.0375061 
32 0 0.210693 0.184204 0.0284119 0.0322876 
27 0 0.235962 0.567871 0.03125 0.0479126 
26 0 0.129639 0.195801 0.0342712 0.0458374 
23 0 0.624023 0.240601 0.0324097 0.0395813 
22 0 0.265381 0.262695 0.0363159 0.0460815 
21 0 0.0843506 0.802246 0.0314331 0.0390625 
19 0 0.103027 0.970703 0.0352173 0.0426941 
18 0 0.825684 0.431152 0.0328064 0.0375061 
14 0 0.842285 0.771973 0.0328064 0.0406189 
8 0 0.824219 0.987305 0.0265656 0.0244751 
7 0 0.708496 0.630371 0.0328064 0.0411377 
6 0 0.831055 0.870605 0.0289001 0.0375061 
5 0 0.851562 0.234375 0.0414124 0.0479126 
2 0 0.236938 0.857422 0.0324097 0.0437622 
1 0 0.630371 0.615723 0.0296936 0.0395813 
