825 0 0.96875 0.875977 0.0249939 0.0348816 
818 0 0.196899 0.712402 0.0317383 0.0426941 
815 0 0.561035 0.160278 0.0277405 0.0364685 
814 0 0.190063 0.854004 0.0360413 0.0473938 
801 0 0.96875 0.0424805 0.0249939 0.0349731 
791 0 0.408691 0.217285 0.0333862 0.0414124 
784 0 0.307129 0.195801 0.026947 0.033844 
775 0 0.792969 0.392334 0.03125 0.0380249 
765 0 0.674805 0.984863 0.0316467 0.0322876 
724 0 0.735352 0.15625 0.0285187 0.0367126 
721 0 0.623535 0.0166779 0.03125 0.0333557 
716 0 0.714844 0.787598 0.0296936 0.0359497 
701 0 0.993164 0.681152 0.014061 0.0359497 
694 0 0.221313 0.48584 0.0246124 0.0304718 
674 0 0.935059 0.206543 0.0359497 0.049469 
615 0 0.577148 0.14856 0.0296936 0.0361938 
604 0 0.601562 0.208374 0.0292969 0.042572 
534 0 0.506836 0.0331116 0.0265656 0.0328064 
464 0 0.704102 0.158325 0.0320435 0.0404968 
459 0 0.540527 0.985352 0.0320435 0.0291595 
444 0 0.861816 0.4104 0.0296936 0.0375061 
288 0 0.351074 0.0736694 0.0275421 0.0324097 
247 0 0.260986 0.431152 0.0281219 0.0375061 
176 0 0.474121 0.0552368 0.0265656 0.0393982 
55 0 0.0140533 0.989746 0.0281525 0.021347 
54 0 0.989746 0.414551 0.0203094 0.0463562 
51 0 0.0424194 0.984375 0.0364685 0.03125 
50 0 0.489014 0.617676 0.0308533 0.0426941 
49 0 0.453857 0.473877 0.0359497 0.039856 
46 0 0.487549 0.861328 0.0335999 0.0432434 
43 0 0.569336 0.102112 0.0265656 0.0333252 
42 0 0.202148 0.246826 0.0304718 0.0404968 
41 0 0.213257 0.40625 0.0265656 0.0414124 
34 0 0.584473 0.12085 0.0308533 0.0375061 
32 0 0.205688 0.194824 0.0305634 0.035553 
27 0 0.235107 0.56543 0.0328064 0.0473938 
26 0 0.129639 0.195801 0.0320435 0.0421753 
23 0 0.625 0.240601 0.0324097 0.0393372 
22 0 0.257812 0.270752 0.0347595 0.0416565 
21 0 0.0843506 0.803223 0.0314026 0.0401001 
19 0 0.101074 0.986328 0.0324707 0.0270844 
18 0 0.82666 0.432129 0.0289001 0.0359497 
14 0 0.834961 0.783203 0.0359497 0.0458374 
8 0 0.823242 0.987305 0.0281219 0.0249939 
7 0 0.708496 0.629395 0.0328064 0.0416565 
6 0 0.831055 0.868652 0.03125 0.0401001 
5 0 0.851562 0.231201 0.0437622 0.0499878 
2 0 0.236328 0.857422 0.0318298 0.0437622 
1 0 0.631348 0.615723 0.0289001 0.0395813 
825 0 0.96875 0.875977 0.0249939 0.0348816 
818 0 0.196899 0.712402 0.0317383 0.0426941 
815 0 0.561035 0.160278 0.0277405 0.0364685 
814 0 0.190063 0.854004 0.0360413 0.0473938 
801 0 0.96875 0.0424805 0.0249939 0.0349731 
791 0 0.408691 0.217285 0.0333862 0.0414124 
784 0 0.307129 0.195801 0.026947 0.033844 
775 0 0.792969 0.392334 0.03125 0.0380249 
765 0 0.674805 0.984863 0.0316467 0.0322876 
724 0 0.735352 0.15625 0.0285187 0.0367126 
721 0 0.623535 0.0166779 0.03125 0.0333557 
716 0 0.714844 0.787598 0.0296936 0.0359497 
701 0 0.993164 0.681152 0.014061 0.0359497 
694 0 0.221313 0.48584 0.0246124 0.0304718 
674 0 0.935059 0.206543 0.0359497 0.049469 
615 0 0.577148 0.14856 0.0296936 0.0361938 
604 0 0.601562 0.208374 0.0292969 0.042572 
534 0 0.506836 0.0331116 0.0265656 0.0328064 
464 0 0.704102 0.158325 0.0320435 0.0404968 
459 0 0.540527 0.985352 0.0320435 0.0291595 
444 0 0.861816 0.4104 0.0296936 0.0375061 
288 0 0.351074 0.0736694 0.0275421 0.0324097 
247 0 0.260986 0.431152 0.0281219 0.0375061 
176 0 0.474121 0.0552368 0.0265656 0.0393982 
55 0 0.0140533 0.989746 0.0281525 0.021347 
54 0 0.989746 0.414551 0.0203094 0.0463562 
51 0 0.0424194 0.984375 0.0364685 0.03125 
50 0 0.489014 0.617676 0.0308533 0.0426941 
49 0 0.453857 0.473877 0.0359497 0.039856 
46 0 0.487549 0.861328 0.0335999 0.0432434 
43 0 0.569336 0.102112 0.0265656 0.0333252 
42 0 0.202148 0.246826 0.0304718 0.0404968 
41 0 0.213257 0.40625 0.0265656 0.0414124 
34 0 0.584473 0.12085 0.0308533 0.0375061 
32 0 0.205688 0.194824 0.0305634 0.035553 
27 0 0.235107 0.56543 0.0328064 0.0473938 
26 0 0.129639 0.195801 0.0320435 0.0421753 
23 0 0.625 0.240601 0.0324097 0.0393372 
22 0 0.257812 0.270752 0.0347595 0.0416565 
21 0 0.0843506 0.803223 0.0314026 0.0401001 
19 0 0.101074 0.986328 0.0324707 0.0270844 
18 0 0.82666 0.432129 0.0289001 0.0359497 
14 0 0.834961 0.783203 0.0359497 0.0458374 
8 0 0.823242 0.987305 0.0281219 0.0249939 
7 0 0.708496 0.629395 0.0328064 0.0416565 
6 0 0.831055 0.868652 0.03125 0.0401001 
5 0 0.851562 0.231201 0.0437622 0.0499878 
2 0 0.236328 0.857422 0.0318298 0.0437622 
1 0 0.631348 0.615723 0.0289001 0.0395813 
