204 0 0.838867 0.859375 0.0289001 0.0359497 
201 0 0.0110931 0.371338 0.0204163 0.0416565 
192 0 0.688477 0.564453 0.0300751 0.0385437 
176 0 0.501465 0.0125427 0.0343628 0.0246887 
173 0 0.977539 0.861328 0.0281219 0.0380249 
140 0 0.638184 0.420654 0.0359497 0.0489502 
120 0 0.583496 0.0690308 0.0300751 0.035675 
119 0 0.743164 0.757324 0.0273438 0.0354309 
117 0 0.629883 0.804199 0.0375061 0.0426941 
85 0 0.174683 0.394287 0.0300751 0.0390625 
56 0 0.563965 0.1604 0.0281219 0.0335999 
55 0 0.0124969 0.990723 0.0249634 0.0187531 
54 0 0.993652 0.409424 0.0124969 0.0479126 
51 0 0.0407104 0.984375 0.0314941 0.03125 
50 0 0.586914 0.497803 0.0328064 0.0406189 
49 0 0.496094 0.393799 0.0328064 0.0411377 
47 0 0.253906 0.365723 0.0294952 0.0387878 
46 0 0.486816 0.866699 0.0296936 0.0380249 
45 0 0.567871 0.897949 0.0308533 0.0343628 
44 0 0.578125 0.151001 0.03125 0.0354309 
43 0 0.567383 0.103149 0.0281219 0.0354919 
42 0 0.220337 0.171875 0.0279236 0.035675 
41 0 0.309326 0.3125 0.0281219 0.0377502 
40 0 0.541504 0.985352 0.0328064 0.0281219 
39 0 0.770996 0.579102 0.0324097 0.0411377 
35 0 0.0124969 0.256104 0.0255432 0.0426941 
34 0 0.584961 0.12262 0.0316467 0.0404968 
32 0 0.290771 0.109436 0.0273438 0.0354309 
31 0 0.246338 0.500977 0.0320435 0.0401001 
30 0 0.989746 0.789551 0.0187531 0.0375061 
29 0 0.0226593 0.72998 0.0320435 0.0437622 
27 0 0.232422 0.576172 0.0277405 0.0406189 
26 0 0.132812 0.195801 0.03125 0.0416565 
24 0 0.267578 0.417725 0.0310516 0.0372314 
23 0 0.666504 0.1521 0.0351562 0.040741 
22 0 0.283691 0.217651 0.0320435 0.0395813 
21 0 0.0828247 0.805176 0.0282288 0.0354309 
20 0 0.508789 0.728027 0.042572 0.0510559 
19 0 0.0890503 0.964355 0.0312042 0.0375061 
18 0 0.828125 0.434326 0.0343628 0.0395813 
17 0 0.191406 0.844727 0.0328064 0.0395813 
16 0 0.322266 0.386475 0.0304718 0.038269 
14 0 0.853027 0.748047 0.0343628 0.044281 
13 0 0.868652 0.407227 0.0320435 0.0426941 
12 0 0.936035 0.209595 0.0406189 0.0566406 
8 0 0.835938 0.966797 0.0281219 0.0375061 
7 0 0.708008 0.63623 0.0320435 0.0395813 
6 0 0.84375 0.842773 0.0296936 0.0380249 
5 0 0.853027 0.228149 0.0460815 0.0562439 
4 0 0.602539 0.213501 0.0332031 0.0438843 
3 0 0.772461 0.0718994 0.0328064 0.0395813 
2 0 0.242188 0.856445 0.0310516 0.0416565 
1 0 0.645996 0.56543 0.0308533 0.0406189 
204 0 0.838867 0.859375 0.0289001 0.0359497 
201 0 0.0110931 0.371338 0.0204163 0.0416565 
192 0 0.688477 0.564453 0.0300751 0.0385437 
176 0 0.501465 0.0125427 0.0343628 0.0246887 
173 0 0.977539 0.861328 0.0281219 0.0380249 
140 0 0.638184 0.420654 0.0359497 0.0489502 
120 0 0.583496 0.0690308 0.0300751 0.035675 
119 0 0.743164 0.757324 0.0273438 0.0354309 
117 0 0.629883 0.804199 0.0375061 0.0426941 
85 0 0.174683 0.394287 0.0300751 0.0390625 
56 0 0.563965 0.1604 0.0281219 0.0335999 
55 0 0.0124969 0.990723 0.0249634 0.0187531 
54 0 0.993652 0.409424 0.0124969 0.0479126 
51 0 0.0407104 0.984375 0.0314941 0.03125 
50 0 0.586914 0.497803 0.0328064 0.0406189 
49 0 0.496094 0.393799 0.0328064 0.0411377 
47 0 0.253906 0.365723 0.0294952 0.0387878 
46 0 0.486816 0.866699 0.0296936 0.0380249 
45 0 0.567871 0.897949 0.0308533 0.0343628 
44 0 0.578125 0.151001 0.03125 0.0354309 
43 0 0.567383 0.103149 0.0281219 0.0354919 
42 0 0.220337 0.171875 0.0279236 0.035675 
41 0 0.309326 0.3125 0.0281219 0.0377502 
40 0 0.541504 0.985352 0.0328064 0.0281219 
39 0 0.770996 0.579102 0.0324097 0.0411377 
35 0 0.0124969 0.256104 0.0255432 0.0426941 
34 0 0.584961 0.12262 0.0316467 0.0404968 
32 0 0.290771 0.109436 0.0273438 0.0354309 
31 0 0.246338 0.500977 0.0320435 0.0401001 
30 0 0.989746 0.789551 0.0187531 0.0375061 
29 0 0.0226593 0.72998 0.0320435 0.0437622 
27 0 0.232422 0.576172 0.0277405 0.0406189 
26 0 0.132812 0.195801 0.03125 0.0416565 
24 0 0.267578 0.417725 0.0310516 0.0372314 
23 0 0.666504 0.1521 0.0351562 0.040741 
22 0 0.283691 0.217651 0.0320435 0.0395813 
21 0 0.0828247 0.805176 0.0282288 0.0354309 
20 0 0.508789 0.728027 0.042572 0.0510559 
19 0 0.0890503 0.964355 0.0312042 0.0375061 
18 0 0.828125 0.434326 0.0343628 0.0395813 
17 0 0.191406 0.844727 0.0328064 0.0395813 
16 0 0.322266 0.386475 0.0304718 0.038269 
14 0 0.853027 0.748047 0.0343628 0.044281 
13 0 0.868652 0.407227 0.0320435 0.0426941 
12 0 0.936035 0.209595 0.0406189 0.0566406 
8 0 0.835938 0.966797 0.0281219 0.0375061 
7 0 0.708008 0.63623 0.0320435 0.0395813 
6 0 0.84375 0.842773 0.0296936 0.0380249 
5 0 0.853027 0.228149 0.0460815 0.0562439 
4 0 0.602539 0.213501 0.0332031 0.0438843 
3 0 0.772461 0.0718994 0.0328064 0.0395813 
2 0 0.242188 0.856445 0.0310516 0.0416565 
1 0 0.645996 0.56543 0.0308533 0.0406189 
