680 0 0.629883 0.803223 0.0343628 0.0395813 
675 0 0.990723 0.00936127 0.0187531 0.0187225 
674 0 0.936035 0.208374 0.0375061 0.0501404 
671 0 0.90332 0.405029 0.0328064 0.0385437 
661 0 0.140991 0.955078 0.0277405 0.0375061 
635 0 0.636719 0.418701 0.0359497 0.0463562 
615 0 0.579102 0.150024 0.0296936 0.0375061 
604 0 0.603027 0.210449 0.0316467 0.0416565 
562 0 0.936035 0.555176 0.0320435 0.0390625 
534 0 0.506348 0.0239716 0.0261688 0.0353699 
464 0 0.731934 0.0976562 0.0339966 0.0410767 
459 0 0.541504 0.985352 0.0328064 0.0276031 
444 0 0.864746 0.414551 0.0328064 0.0419312 
288 0 0.35791 0.0615234 0.0281219 0.0358276 
247 0 0.260986 0.4375 0.03125 0.0375061 
238 0 0.71875 0.782227 0.0304718 0.0354309 
176 0 0.481201 0.0489807 0.0281219 0.0362549 
55 0 0.0133667 0.990723 0.0257568 0.0187531 
54 0 0.990723 0.413574 0.0195312 0.0533752 
51 0 0.0414429 0.987305 0.0323792 0.0249939 
50 0 0.525879 0.599121 0.0320435 0.0426941 
49 0 0.46167 0.442139 0.0367126 0.0518188 
46 0 0.486816 0.86377 0.0296936 0.0395813 
43 0 0.569336 0.102905 0.0300751 0.0375061 
42 0 0.313232 0.220825 0.0332031 0.0412903 
41 0 0.239014 0.378174 0.0279236 0.0395813 
34 0 0.583496 0.120483 0.0339966 0.0433655 
32 0 0.237549 0.176025 0.03125 0.0335999 
30 0 0.936035 0.956055 0.0343628 0.0375061 
29 0 0.0062561 0.80957 0.0120621 0.0395813 
27 0 0.235107 0.575195 0.0296936 0.0421753 
26 0 0.129639 0.198975 0.0343628 0.0441284 
23 0 0.631836 0.238525 0.0328064 0.039856 
22 0 0.270508 0.23938 0.0316467 0.0408936 
21 0 0.0849609 0.804199 0.0295868 0.0369873 
20 0 0.490723 0.756348 0.0406189 0.0458374 
19 0 0.0889893 0.962402 0.0302734 0.0380249 
18 0 0.82666 0.432617 0.0351562 0.0421753 
17 0 0.191406 0.845703 0.0327148 0.0416565 
14 0 0.84082 0.754395 0.0343628 0.0489502 
8 0 0.823242 0.98877 0.0281219 0.0229187 
7 0 0.709473 0.630371 0.03125 0.0395813 
6 0 0.833496 0.872559 0.0265656 0.0385437 
5 0 0.852539 0.234375 0.0421753 0.0481873 
3 0 0.756836 0.103516 0.0308533 0.0372925 
2 0 0.237549 0.858398 0.03125 0.0416565 
1 0 0.631348 0.611328 0.0304718 0.0395813 
680 0 0.629883 0.803223 0.0343628 0.0395813 
675 0 0.990723 0.00936127 0.0187531 0.0187225 
674 0 0.936035 0.208374 0.0375061 0.0501404 
671 0 0.90332 0.405029 0.0328064 0.0385437 
661 0 0.140991 0.955078 0.0277405 0.0375061 
635 0 0.636719 0.418701 0.0359497 0.0463562 
615 0 0.579102 0.150024 0.0296936 0.0375061 
604 0 0.603027 0.210449 0.0316467 0.0416565 
562 0 0.936035 0.555176 0.0320435 0.0390625 
534 0 0.506348 0.0239716 0.0261688 0.0353699 
464 0 0.731934 0.0976562 0.0339966 0.0410767 
459 0 0.541504 0.985352 0.0328064 0.0276031 
444 0 0.864746 0.414551 0.0328064 0.0419312 
288 0 0.35791 0.0615234 0.0281219 0.0358276 
247 0 0.260986 0.4375 0.03125 0.0375061 
238 0 0.71875 0.782227 0.0304718 0.0354309 
176 0 0.481201 0.0489807 0.0281219 0.0362549 
55 0 0.0133667 0.990723 0.0257568 0.0187531 
54 0 0.990723 0.413574 0.0195312 0.0533752 
51 0 0.0414429 0.987305 0.0323792 0.0249939 
50 0 0.525879 0.599121 0.0320435 0.0426941 
49 0 0.46167 0.442139 0.0367126 0.0518188 
46 0 0.486816 0.86377 0.0296936 0.0395813 
43 0 0.569336 0.102905 0.0300751 0.0375061 
42 0 0.313232 0.220825 0.0332031 0.0412903 
41 0 0.239014 0.378174 0.0279236 0.0395813 
34 0 0.583496 0.120483 0.0339966 0.0433655 
32 0 0.237549 0.176025 0.03125 0.0335999 
30 0 0.936035 0.956055 0.0343628 0.0375061 
29 0 0.0062561 0.80957 0.0120621 0.0395813 
27 0 0.235107 0.575195 0.0296936 0.0421753 
26 0 0.129639 0.198975 0.0343628 0.0441284 
23 0 0.631836 0.238525 0.0328064 0.039856 
22 0 0.270508 0.23938 0.0316467 0.0408936 
21 0 0.0849609 0.804199 0.0295868 0.0369873 
20 0 0.490723 0.756348 0.0406189 0.0458374 
19 0 0.0889893 0.962402 0.0302734 0.0380249 
18 0 0.82666 0.432617 0.0351562 0.0421753 
17 0 0.191406 0.845703 0.0327148 0.0416565 
14 0 0.84082 0.754395 0.0343628 0.0489502 
8 0 0.823242 0.98877 0.0281219 0.0229187 
7 0 0.709473 0.630371 0.03125 0.0395813 
6 0 0.833496 0.872559 0.0265656 0.0385437 
5 0 0.852539 0.234375 0.0421753 0.0481873 
3 0 0.756836 0.103516 0.0308533 0.0372925 
2 0 0.237549 0.858398 0.03125 0.0416565 
1 0 0.631348 0.611328 0.0304718 0.0395813 
