792 0 0.627441 0.80127 0.0339966 0.0406189 
783 0 0.96875 0.875977 0.0249939 0.0348816 
776 0 0.195679 0.711426 0.0320435 0.0447998 
773 0 0.561035 0.160278 0.0281219 0.0359497 
772 0 0.192993 0.85498 0.0359497 0.0479126 
760 0 0.96875 0.0413513 0.0242157 0.0363159 
752 0 0.407715 0.216919 0.0341797 0.0428467 
744 0 0.307373 0.196899 0.0271454 0.0346375 
735 0 0.786133 0.394287 0.0292969 0.0380249 
725 0 0.679688 0.979004 0.0316467 0.0359497 
684 0 0.734375 0.156006 0.0273438 0.0359497 
681 0 0.623535 0.0166626 0.0300751 0.0333252 
677 0 0.714844 0.788574 0.0296936 0.0354309 
662 0 0.993164 0.680176 0.014061 0.0354309 
655 0 0.221924 0.486084 0.0248108 0.0307312 
639 0 0.935059 0.205933 0.0359497 0.049469 
584 0 0.578125 0.148193 0.0292969 0.0349731 
569 0 0.602539 0.209106 0.0292969 0.0432434 
506 0 0.506836 0.0333557 0.0265656 0.0329895 
435 0 0.70459 0.157349 0.03125 0.0395813 
416 0 0.861816 0.4104 0.0296936 0.0380249 
281 0 0.351562 0.072937 0.0277405 0.0331421 
245 0 0.260986 0.431152 0.0281219 0.0375061 
178 0 0.474121 0.0552063 0.0265656 0.0387878 
122 0 0.624023 0.240479 0.0328064 0.0385437 
55 0 0.0140533 0.98877 0.0281525 0.0229187 
54 0 0.989746 0.415039 0.0203094 0.0471497 
51 0 0.0429688 0.984375 0.0354614 0.03125 
50 0 0.488281 0.616699 0.0308533 0.0416565 
49 0 0.453857 0.473389 0.0371094 0.039856 
46 0 0.486816 0.861328 0.0335999 0.0437622 
45 0 0.540527 0.985352 0.0316467 0.0291595 
43 0 0.569824 0.102112 0.0273438 0.0333252 
42 0 0.199341 0.246216 0.0318298 0.0403748 
41 0 0.213257 0.40625 0.0265656 0.0416565 
34 0 0.583496 0.12085 0.03125 0.0377502 
32 0 0.206299 0.195068 0.03125 0.0357971 
27 0 0.235107 0.56543 0.0328064 0.0489502 
26 0 0.128906 0.196899 0.0328064 0.0430908 
22 0 0.258545 0.270752 0.035553 0.0416565 
21 0 0.0843506 0.803223 0.0315857 0.0406189 
19 0 0.102051 0.985352 0.0331421 0.0286407 
18 0 0.827148 0.432129 0.0296936 0.0359497 
14 0 0.834473 0.78418 0.0367126 0.0453186 
8 0 0.822754 0.987305 0.0265656 0.0249939 
7 0 0.708496 0.629395 0.0324097 0.0416565 
6 0 0.831055 0.869629 0.03125 0.0395813 
5 0 0.850586 0.232056 0.0421753 0.0491028 
2 0 0.236694 0.856445 0.0322266 0.0447998 
1 0 0.631836 0.615723 0.0296936 0.0395813 
