732 0 0.489014 0.758301 0.0390625 0.0453186 
731 0 0.266357 0.888672 0.0265656 0.03125 
724 0 0.758789 0.0329895 0.0320435 0.0368042 
721 0 0.634277 0.0104218 0.03125 0.0204315 
716 0 0.716309 0.78418 0.0265656 0.0354309 
714 0 0.175903 0.920898 0.0294952 0.0416565 
701 0 0.992188 0.682129 0.0132828 0.0380249 
694 0 0.235596 0.460693 0.021286 0.025528 
675 0 0.985352 0.0132675 0.0265656 0.0261383 
674 0 0.936035 0.207275 0.0367126 0.0520935 
661 0 0.159912 0.930664 0.0279236 0.0364685 
635 0 0.635742 0.417725 0.0375061 0.0476685 
615 0 0.578125 0.149658 0.0296936 0.0360107 
604 0 0.602539 0.209351 0.0296936 0.0404968 
562 0 0.875 0.705078 0.0304718 0.0369873 
534 0 0.506836 0.0271149 0.0265656 0.037384 
464 0 0.719727 0.121643 0.0296936 0.0361938 
459 0 0.541992 0.986328 0.03125 0.0270844 
444 0 0.860352 0.4104 0.0296936 0.0377502 
288 0 0.355469 0.0666504 0.0296936 0.0372925 
247 0 0.261719 0.43335 0.0292969 0.0372314 
176 0 0.479004 0.0510864 0.0265656 0.035614 
55 0 0.0132599 0.990723 0.026413 0.0192719 
54 0 0.989746 0.4104 0.0171814 0.053894 
51 0 0.0422974 0.985352 0.0304413 0.0249939 
50 0 0.514648 0.606445 0.0320435 0.0447998 
49 0 0.459473 0.444824 0.0379028 0.0489502 
46 0 0.488281 0.86377 0.0296936 0.0395813 
43 0 0.569336 0.102112 0.0300751 0.037384 
42 0 0.297363 0.221313 0.0341797 0.039978 
41 0 0.231201 0.384277 0.0285187 0.0395813 
34 0 0.583496 0.12085 0.0328064 0.0375061 
32 0 0.229736 0.171875 0.03125 0.0354309 
30 0 0.921875 0.978027 0.0343628 0.0395813 
27 0 0.235107 0.571777 0.0292969 0.0437622 
26 0 0.130249 0.196899 0.0332947 0.0429688 
23 0 0.627441 0.241699 0.0332031 0.0410156 
22 0 0.26709 0.244751 0.0335999 0.0393372 
21 0 0.0843506 0.804199 0.0310974 0.0375061 
19 0 0.0890503 0.962402 0.03125 0.0406189 
18 0 0.827148 0.43335 0.0328064 0.0411377 
17 0 0.190796 0.848145 0.0323181 0.0406189 
14 0 0.838379 0.753418 0.0328064 0.046875 
8 0 0.823242 0.98877 0.0281219 0.0229187 
7 0 0.709473 0.630371 0.03125 0.0395813 
6 0 0.833008 0.87207 0.0249939 0.0354309 
5 0 0.851562 0.235474 0.0406189 0.0502625 
3 0 0.752441 0.112366 0.0296936 0.0366516 
2 0 0.237549 0.856445 0.03125 0.0447998 
1 0 0.630371 0.614746 0.0296936 0.0375061 
732 0 0.489014 0.758301 0.0390625 0.0453186 
731 0 0.266357 0.888672 0.0265656 0.03125 
724 0 0.758789 0.0329895 0.0320435 0.0368042 
721 0 0.634277 0.0104218 0.03125 0.0204315 
716 0 0.716309 0.78418 0.0265656 0.0354309 
714 0 0.175903 0.920898 0.0294952 0.0416565 
701 0 0.992188 0.682129 0.0132828 0.0380249 
694 0 0.235596 0.460693 0.021286 0.025528 
675 0 0.985352 0.0132675 0.0265656 0.0261383 
674 0 0.936035 0.207275 0.0367126 0.0520935 
661 0 0.159912 0.930664 0.0279236 0.0364685 
635 0 0.635742 0.417725 0.0375061 0.0476685 
615 0 0.578125 0.149658 0.0296936 0.0360107 
604 0 0.602539 0.209351 0.0296936 0.0404968 
562 0 0.875 0.705078 0.0304718 0.0369873 
534 0 0.506836 0.0271149 0.0265656 0.037384 
464 0 0.719727 0.121643 0.0296936 0.0361938 
459 0 0.541992 0.986328 0.03125 0.0270844 
444 0 0.860352 0.4104 0.0296936 0.0377502 
288 0 0.355469 0.0666504 0.0296936 0.0372925 
247 0 0.261719 0.43335 0.0292969 0.0372314 
176 0 0.479004 0.0510864 0.0265656 0.035614 
55 0 0.0132599 0.990723 0.026413 0.0192719 
54 0 0.989746 0.4104 0.0171814 0.053894 
51 0 0.0422974 0.985352 0.0304413 0.0249939 
50 0 0.514648 0.606445 0.0320435 0.0447998 
49 0 0.459473 0.444824 0.0379028 0.0489502 
46 0 0.488281 0.86377 0.0296936 0.0395813 
43 0 0.569336 0.102112 0.0300751 0.037384 
42 0 0.297363 0.221313 0.0341797 0.039978 
41 0 0.231201 0.384277 0.0285187 0.0395813 
34 0 0.583496 0.12085 0.0328064 0.0375061 
32 0 0.229736 0.171875 0.03125 0.0354309 
30 0 0.921875 0.978027 0.0343628 0.0395813 
27 0 0.235107 0.571777 0.0292969 0.0437622 
26 0 0.130249 0.196899 0.0332947 0.0429688 
23 0 0.627441 0.241699 0.0332031 0.0410156 
22 0 0.26709 0.244751 0.0335999 0.0393372 
21 0 0.0843506 0.804199 0.0310974 0.0375061 
19 0 0.0890503 0.962402 0.03125 0.0406189 
18 0 0.827148 0.43335 0.0328064 0.0411377 
17 0 0.190796 0.848145 0.0323181 0.0406189 
14 0 0.838379 0.753418 0.0328064 0.046875 
8 0 0.823242 0.98877 0.0281219 0.0229187 
7 0 0.709473 0.630371 0.03125 0.0395813 
6 0 0.833008 0.87207 0.0249939 0.0354309 
5 0 0.851562 0.235474 0.0406189 0.0502625 
3 0 0.752441 0.112366 0.0296936 0.0366516 
2 0 0.237549 0.856445 0.03125 0.0447998 
1 0 0.630371 0.614746 0.0296936 0.0375061 
