557 0 0.629883 0.804199 0.0343628 0.0416565 
550 2 0.00967407 0.720703 0.020401 0.0380249 
544 0 0.197632 0.938477 0.0272522 0.0348816 
540 0 0.563477 0.161621 0.0289001 0.0361938 
533 0 0.989258 0.348389 0.0257874 0.0385437 
516 0 0.638184 0.421875 0.0390625 0.044281 
506 0 0.501465 0.0177155 0.0339966 0.0354309 
503 0 0.991211 0.683105 0.014061 0.0416565 
435 0 0.755371 0.0690308 0.0320435 0.0365295 
416 0 0.756836 0.429199 0.0339966 0.0393372 
412 1 0.755371 0.0473328 0.0308533 0.0379028 
398 0 0.577148 0.150024 0.0328064 0.0375671 
281 0 0.360107 0.0496826 0.0300751 0.0388489 
245 0 0.262451 0.440186 0.0314331 0.0367126 
236 0 0.720215 0.779297 0.0289001 0.0333252 
178 0 0.486816 0.0386047 0.0304718 0.0394592 
122 0 0.64209 0.228882 0.0367126 0.0426941 
55 0 0.0132904 0.989746 0.0261536 0.0197906 
54 0 0.991211 0.411377 0.0171814 0.0533752 
51 0 0.039856 0.987305 0.0324097 0.0249939 
50 0 0.540527 0.580078 0.0343628 0.0437622 
49 0 0.466309 0.430176 0.0390625 0.0552063 
46 0 0.485107 0.86377 0.0316467 0.0421753 
45 0 0.541504 0.985352 0.0328064 0.0291595 
43 0 0.567871 0.104187 0.0296936 0.037384 
42 0 0.308105 0.234375 0.0351562 0.0402222 
41 0 0.25 0.371826 0.0289001 0.0393372 
34 0 0.583008 0.122498 0.0343628 0.0429688 
32 0 0.244385 0.155151 0.0304718 0.0346375 
30 0 0.950195 0.921875 0.0343628 0.0359497 
29 0 0.00859833 0.788574 0.0171204 0.0395813 
27 0 0.233643 0.577148 0.0296936 0.0416565 
26 0 0.130493 0.198975 0.0390625 0.0520935 
22 0 0.274658 0.231201 0.0326233 0.0379028 
21 0 0.0843506 0.804199 0.0281677 0.0369873 
20 0 0.492188 0.750977 0.039856 0.0473938 
19 0 0.0890503 0.962402 0.03125 0.0416565 
18 0 0.82959 0.433594 0.0343628 0.0401001 
17 0 0.192139 0.845703 0.0343628 0.0416565 
14 0 0.84375 0.754883 0.0328064 0.046875 
13 0 0.864258 0.414062 0.0335999 0.0429688 
12 0 0.936035 0.208374 0.0406189 0.0585938 
8 0 0.825195 0.986328 0.0273438 0.0270844 
7 0 0.708496 0.633301 0.0339966 0.0416565 
6 0 0.837402 0.865723 0.0281219 0.044281 
5 0 0.852539 0.235229 0.0421753 0.0502625 
4 0 0.601562 0.211426 0.03125 0.0391846 
3 0 0.760742 0.101379 0.0316467 0.0368347 
2 0 0.238647 0.857422 0.0306702 0.0395813 
1 0 0.631348 0.609375 0.03125 0.0395813 
