768 0 0.484375 0.759277 0.0386658 0.0453186 
765 0 0.848633 0.79248 0.0304718 0.0380249 
764 0 0.563477 0.1604 0.0265656 0.0337219 
758 1 0.0738525 0.898438 0.0319214 0.0385437 
724 0 0.772461 0.0980225 0.0296936 0.0364685 
721 0 0.632812 0.0115814 0.03125 0.023056 
716 0 0.71582 0.785645 0.0281219 0.0333252 
701 0 0.992188 0.683105 0.015625 0.0375061 
694 0 0.232788 0.466553 0.0218811 0.0294342 
675 0 0.98291 0.0187836 0.0273438 0.0334778 
674 0 0.936035 0.205444 0.0367126 0.0522156 
661 0 0.146118 0.853516 0.0299835 0.0395813 
635 0 0.636719 0.417725 0.0390625 0.0479126 
615 0 0.578125 0.148926 0.0281219 0.0354309 
604 0 0.602539 0.209351 0.0296936 0.0432434 
534 0 0.508789 0.0291443 0.0265656 0.037262 
464 0 0.717285 0.12915 0.03125 0.0374451 
459 0 0.541504 0.986328 0.0320435 0.0276031 
444 0 0.860352 0.4104 0.0296936 0.0375061 
288 0 0.356201 0.0684814 0.0281219 0.0345459 
247 0 0.261719 0.432373 0.0296936 0.0395813 
176 0 0.478027 0.052124 0.0281219 0.0375671 
55 0 0.0130844 0.989746 0.0262756 0.0208282 
54 0 0.989258 0.411377 0.0226593 0.0450439 
51 0 0.0426941 0.985352 0.0339355 0.0286407 
50 0 0.511719 0.608398 0.0320435 0.0447998 
49 0 0.458496 0.448975 0.0363159 0.0481873 
46 0 0.488281 0.86377 0.0296936 0.0395813 
43 0 0.570801 0.102112 0.03125 0.0365906 
42 0 0.292236 0.215576 0.0341797 0.0393372 
41 0 0.227295 0.387451 0.0296936 0.0411377 
34 0 0.582031 0.121765 0.0316467 0.0385437 
32 0 0.224976 0.171875 0.0314331 0.0354309 
30 0 0.916992 0.986328 0.0304718 0.0270844 
27 0 0.235962 0.571777 0.0308533 0.044281 
26 0 0.129639 0.197754 0.034668 0.0453186 
23 0 0.626465 0.240601 0.0324097 0.0395813 
22 0 0.26709 0.248657 0.0347595 0.0402222 
21 0 0.0848389 0.803223 0.033783 0.0401001 
19 0 0.0891113 0.963379 0.0317383 0.0401001 
18 0 0.827148 0.43335 0.0328064 0.0408936 
17 0 0.190674 0.848145 0.0344849 0.0432434 
14 0 0.837402 0.754395 0.0320435 0.046875 
8 0 0.823242 0.98877 0.0281219 0.0229187 
7 0 0.709473 0.631348 0.03125 0.0401001 
6 0 0.832031 0.87207 0.0265656 0.0354309 
5 0 0.851562 0.23645 0.0406189 0.0473938 
3 0 0.751465 0.115601 0.0320435 0.0392456 
2 0 0.237549 0.857422 0.0316467 0.0447998 
1 0 0.630371 0.615723 0.0296936 0.0395813 
768 0 0.484375 0.759277 0.0386658 0.0453186 
765 0 0.848633 0.79248 0.0304718 0.0380249 
764 0 0.563477 0.1604 0.0265656 0.0337219 
758 1 0.0738525 0.898438 0.0319214 0.0385437 
724 0 0.772461 0.0980225 0.0296936 0.0364685 
721 0 0.632812 0.0115814 0.03125 0.023056 
716 0 0.71582 0.785645 0.0281219 0.0333252 
701 0 0.992188 0.683105 0.015625 0.0375061 
694 0 0.232788 0.466553 0.0218811 0.0294342 
675 0 0.98291 0.0187836 0.0273438 0.0334778 
674 0 0.936035 0.205444 0.0367126 0.0522156 
661 0 0.146118 0.853516 0.0299835 0.0395813 
635 0 0.636719 0.417725 0.0390625 0.0479126 
615 0 0.578125 0.148926 0.0281219 0.0354309 
604 0 0.602539 0.209351 0.0296936 0.0432434 
534 0 0.508789 0.0291443 0.0265656 0.037262 
464 0 0.717285 0.12915 0.03125 0.0374451 
459 0 0.541504 0.986328 0.0320435 0.0276031 
444 0 0.860352 0.4104 0.0296936 0.0375061 
288 0 0.356201 0.0684814 0.0281219 0.0345459 
247 0 0.261719 0.432373 0.0296936 0.0395813 
176 0 0.478027 0.052124 0.0281219 0.0375671 
55 0 0.0130844 0.989746 0.0262756 0.0208282 
54 0 0.989258 0.411377 0.0226593 0.0450439 
51 0 0.0426941 0.985352 0.0339355 0.0286407 
50 0 0.511719 0.608398 0.0320435 0.0447998 
49 0 0.458496 0.448975 0.0363159 0.0481873 
46 0 0.488281 0.86377 0.0296936 0.0395813 
43 0 0.570801 0.102112 0.03125 0.0365906 
42 0 0.292236 0.215576 0.0341797 0.0393372 
41 0 0.227295 0.387451 0.0296936 0.0411377 
34 0 0.582031 0.121765 0.0316467 0.0385437 
32 0 0.224976 0.171875 0.0314331 0.0354309 
30 0 0.916992 0.986328 0.0304718 0.0270844 
27 0 0.235962 0.571777 0.0308533 0.044281 
26 0 0.129639 0.197754 0.034668 0.0453186 
23 0 0.626465 0.240601 0.0324097 0.0395813 
22 0 0.26709 0.248657 0.0347595 0.0402222 
21 0 0.0848389 0.803223 0.033783 0.0401001 
19 0 0.0891113 0.963379 0.0317383 0.0401001 
18 0 0.827148 0.43335 0.0328064 0.0408936 
17 0 0.190674 0.848145 0.0344849 0.0432434 
14 0 0.837402 0.754395 0.0320435 0.046875 
8 0 0.823242 0.98877 0.0281219 0.0229187 
7 0 0.709473 0.631348 0.03125 0.0401001 
6 0 0.832031 0.87207 0.0265656 0.0354309 
5 0 0.851562 0.23645 0.0406189 0.0473938 
3 0 0.751465 0.115601 0.0320435 0.0392456 
2 0 0.237549 0.857422 0.0316467 0.0447998 
1 0 0.630371 0.615723 0.0296936 0.0395813 
