544 0 0.193604 0.937988 0.0317383 0.0395813 
540 0 0.563965 0.162476 0.0281219 0.033844 
533 0 0.979004 0.311768 0.0296936 0.0395813 
516 0 0.638184 0.422852 0.0375061 0.0458374 
506 0 0.500977 0.0177155 0.0335999 0.0353394 
503 0 0.991211 0.683105 0.014061 0.0432434 
435 0 0.755371 0.0559387 0.0343628 0.0408936 
416 0 0.721191 0.417725 0.0335999 0.04245 
412 1 0.78125 0.0326538 0.0296936 0.0390625 
398 0 0.578125 0.151001 0.03125 0.0354919 
281 0 0.36084 0.0483093 0.0314331 0.0407104 
245 0 0.260986 0.439697 0.0308533 0.0372314 
236 0 0.720215 0.779297 0.0281219 0.0333252 
178 0 0.488281 0.0379333 0.0296936 0.039856 
122 0 0.643555 0.226074 0.0347595 0.040741 
55 0 0.0125122 0.989746 0.0248718 0.0197906 
54 0 0.991211 0.408691 0.0171814 0.0546875 
51 0 0.0406189 0.987305 0.0309296 0.025528 
50 0 0.542969 0.578125 0.0335999 0.0437622 
49 0 0.468262 0.428223 0.039856 0.0559998 
46 0 0.48584 0.864746 0.03125 0.0421753 
45 0 0.541504 0.985352 0.0316467 0.0291595 
43 0 0.567871 0.104126 0.0296936 0.0365906 
42 0 0.307617 0.235474 0.0375061 0.0423279 
41 0 0.251465 0.37085 0.0285187 0.0375061 
34 0 0.583008 0.121887 0.0343628 0.0434875 
32 0 0.244507 0.155151 0.0314331 0.0354309 
30 0 0.95166 0.91748 0.0343628 0.0354309 
29 0 0.00778198 0.787598 0.0158844 0.0375061 
27 0 0.233643 0.577148 0.0290985 0.0426941 
26 0 0.130493 0.198975 0.0388794 0.0520935 
22 0 0.275635 0.230957 0.0332031 0.038147 
21 0 0.0843506 0.806152 0.0281219 0.0375061 
20 0 0.49292 0.75 0.0390625 0.0463562 
19 0 0.0890503 0.962402 0.03125 0.0411377 
18 0 0.82959 0.434326 0.0328064 0.0395813 
17 0 0.192139 0.845703 0.0348511 0.0416565 
14 0 0.844727 0.755371 0.0328064 0.0463562 
13 0 0.864746 0.414062 0.0328064 0.04245 
12 0 0.936035 0.208618 0.0375061 0.058075 
8 0 0.82666 0.986328 0.0273438 0.0270844 
7 0 0.708496 0.632324 0.0324097 0.0401001 
6 0 0.836914 0.864746 0.0265656 0.0421753 
5 0 0.851562 0.234497 0.0406189 0.0492249 
4 0 0.602539 0.212158 0.0296936 0.0387878 
3 0 0.761719 0.0979004 0.0304718 0.0378113 
2 0 0.239014 0.858398 0.0308533 0.0401001 
1 0 0.630371 0.608398 0.0296936 0.0375061 
