632 0 0.706055 0.0125198 0.0359497 0.0241241 
604 0 0.601562 0.209351 0.03125 0.0395813 
579 2 0.0111847 0.728027 0.0228577 0.0421753 
562 0 0.971191 0.412598 0.03125 0.0390625 
535 0 0.992188 0.68457 0.015625 0.0411377 
534 0 0.503418 0.0190125 0.0304718 0.033783 
464 0 0.744141 0.0722046 0.0343628 0.0420227 
459 0 0.541992 0.985352 0.0316467 0.0291595 
444 0 0.79834 0.406738 0.0316467 0.0387878 
288 0 0.35791 0.053833 0.03125 0.037323 
247 0 0.261719 0.438477 0.0328064 0.038269 
238 0 0.719727 0.78125 0.0296936 0.0343628 
176 0 0.484375 0.0402222 0.0285187 0.0384216 
55 0 0.0138168 0.990723 0.0257263 0.0187531 
54 0 0.992188 0.411865 0.015625 0.0507812 
51 0 0.0419312 0.987305 0.0301514 0.0249939 
50 0 0.533691 0.588379 0.0332031 0.0416565 
49 0 0.46167 0.429199 0.0379028 0.0523376 
46 0 0.48584 0.864746 0.03125 0.0416565 
43 0 0.569336 0.103149 0.0292969 0.035553 
42 0 0.310547 0.228149 0.0333862 0.0428467 
41 0 0.245728 0.371826 0.0290985 0.0393372 
34 0 0.583008 0.12085 0.0343628 0.0419312 
32 0 0.240601 0.161621 0.03125 0.0351562 
30 0 0.943848 0.933105 0.0335999 0.0375061 
29 0 0.00674438 0.794922 0.0128784 0.0390625 
27 0 0.233643 0.576172 0.0296936 0.0432434 
26 0 0.130493 0.198975 0.0356445 0.0477905 
23 0 0.637695 0.234619 0.035553 0.0404968 
22 0 0.273438 0.234375 0.0343628 0.0395813 
21 0 0.0843506 0.805176 0.0281219 0.0354309 
20 0 0.489014 0.751953 0.0418091 0.0463562 
19 0 0.0895386 0.963379 0.0290527 0.0390625 
18 0 0.829102 0.434082 0.0328064 0.0406189 
17 0 0.192139 0.845703 0.0343628 0.0416565 
14 0 0.842285 0.753418 0.0335999 0.0489502 
13 0 0.864258 0.413574 0.0320435 0.0395813 
12 0 0.936035 0.208374 0.0375061 0.0546875 
8 0 0.824219 0.987305 0.0265656 0.0249939 
7 0 0.709473 0.631348 0.03125 0.0416565 
6 0 0.834961 0.869629 0.0265656 0.0395813 
5 0 0.851562 0.235718 0.0406189 0.0473938 
3 0 0.758789 0.0991821 0.03125 0.0379028 
2 0 0.236694 0.856445 0.0296936 0.0375061 
1 0 0.630371 0.610352 0.0324097 0.0416565 
632 0 0.706055 0.0125198 0.0359497 0.0241241 
604 0 0.601562 0.209351 0.03125 0.0395813 
579 2 0.0111847 0.728027 0.0228577 0.0421753 
562 0 0.971191 0.412598 0.03125 0.0390625 
535 0 0.992188 0.68457 0.015625 0.0411377 
534 0 0.503418 0.0190125 0.0304718 0.033783 
464 0 0.744141 0.0722046 0.0343628 0.0420227 
459 0 0.541992 0.985352 0.0316467 0.0291595 
444 0 0.79834 0.406738 0.0316467 0.0387878 
288 0 0.35791 0.053833 0.03125 0.037323 
247 0 0.261719 0.438477 0.0328064 0.038269 
238 0 0.719727 0.78125 0.0296936 0.0343628 
176 0 0.484375 0.0402222 0.0285187 0.0384216 
55 0 0.0138168 0.990723 0.0257263 0.0187531 
54 0 0.992188 0.411865 0.015625 0.0507812 
51 0 0.0419312 0.987305 0.0301514 0.0249939 
50 0 0.533691 0.588379 0.0332031 0.0416565 
49 0 0.46167 0.429199 0.0379028 0.0523376 
46 0 0.48584 0.864746 0.03125 0.0416565 
43 0 0.569336 0.103149 0.0292969 0.035553 
42 0 0.310547 0.228149 0.0333862 0.0428467 
41 0 0.245728 0.371826 0.0290985 0.0393372 
34 0 0.583008 0.12085 0.0343628 0.0419312 
32 0 0.240601 0.161621 0.03125 0.0351562 
30 0 0.943848 0.933105 0.0335999 0.0375061 
29 0 0.00674438 0.794922 0.0128784 0.0390625 
27 0 0.233643 0.576172 0.0296936 0.0432434 
26 0 0.130493 0.198975 0.0356445 0.0477905 
23 0 0.637695 0.234619 0.035553 0.0404968 
22 0 0.273438 0.234375 0.0343628 0.0395813 
21 0 0.0843506 0.805176 0.0281219 0.0354309 
20 0 0.489014 0.751953 0.0418091 0.0463562 
19 0 0.0895386 0.963379 0.0290527 0.0390625 
18 0 0.829102 0.434082 0.0328064 0.0406189 
17 0 0.192139 0.845703 0.0343628 0.0416565 
14 0 0.842285 0.753418 0.0335999 0.0489502 
13 0 0.864258 0.413574 0.0320435 0.0395813 
12 0 0.936035 0.208374 0.0375061 0.0546875 
8 0 0.824219 0.987305 0.0265656 0.0249939 
7 0 0.709473 0.631348 0.03125 0.0416565 
6 0 0.834961 0.869629 0.0265656 0.0395813 
5 0 0.851562 0.235718 0.0406189 0.0473938 
3 0 0.758789 0.0991821 0.03125 0.0379028 
2 0 0.236694 0.856445 0.0296936 0.0375061 
1 0 0.630371 0.610352 0.0324097 0.0416565 
