210 0 0.881348 0.880371 0.0320435 0.0406189 
208 0 0.308594 0.342773 0.0205078 0.0276031 
206 0 0.992188 0.679199 0.0124969 0.0473938 
202 0 0.0188599 0.367676 0.0314636 0.0419312 
194 0 0.689453 0.626953 0.0304718 0.0380249 
178 0 0.500977 0.0125046 0.0339966 0.0250854 
142 0 0.635254 0.420654 0.0363159 0.0505066 
122 0 0.666992 0.153076 0.0343628 0.0397034 
121 0 0.743164 0.757324 0.0261688 0.0354309 
119 0 0.630371 0.804199 0.0367126 0.0426941 
87 0 0.12561 0.371826 0.0308533 0.0369873 
56 0 0.563477 0.161621 0.0277405 0.0348816 
55 0 0.0124969 0.990723 0.0253906 0.0187531 
54 0 0.993652 0.409912 0.0124969 0.0487061 
51 0 0.0412292 0.984375 0.0324707 0.03125 
50 0 0.584961 0.5 0.0316467 0.039856 
49 0 0.494629 0.393799 0.0324097 0.0416565 
47 0 0.260498 0.368164 0.0308533 0.0408936 
46 0 0.48584 0.866699 0.0304718 0.0380249 
45 0 0.566406 0.901855 0.0296936 0.0333252 
44 0 0.578125 0.150024 0.03125 0.0375061 
43 0 0.568359 0.103149 0.0304718 0.0391235 
42 0 0.220337 0.173584 0.028717 0.0375061 
41 0 0.307129 0.313477 0.0271454 0.035675 
40 0 0.541504 0.985352 0.0328064 0.0291595 
39 0 0.768066 0.565918 0.0324097 0.0395813 
35 0 0.0116806 0.257812 0.0233917 0.0423279 
34 0 0.584961 0.122803 0.0324097 0.0419922 
32 0 0.28833 0.111877 0.0289001 0.0365295 
31 0 0.228149 0.482666 0.0306702 0.0364685 
30 0 0.990723 0.79248 0.0195312 0.0343628 
29 0 0.0223846 0.72998 0.0320435 0.0437622 
27 0 0.235107 0.576172 0.0302734 0.0437622 
26 0 0.132812 0.195801 0.03125 0.0421753 
24 0 0.26709 0.421631 0.03125 0.0385437 
23 0 0.601562 0.0252228 0.0300751 0.0411377 
22 0 0.283203 0.216675 0.0333862 0.0411377 
21 0 0.0836182 0.806152 0.029541 0.0364685 
20 0 0.509277 0.72998 0.0418091 0.0520935 
19 0 0.0890503 0.964355 0.03125 0.0375061 
18 0 0.828125 0.43335 0.0343628 0.0414124 
17 0 0.191406 0.844727 0.0328064 0.0395813 
16 0 0.311768 0.395996 0.0298767 0.0390625 
14 0 0.851562 0.748047 0.0343628 0.0458374 
13 0 0.868652 0.408447 0.03125 0.0416565 
12 0 0.936523 0.210449 0.0421753 0.0588684 
8 0 0.835938 0.966797 0.0281219 0.0364685 
7 0 0.710938 0.635254 0.0316467 0.0375061 
6 0 0.84668 0.842773 0.03125 0.0380249 
5 0 0.852539 0.229126 0.0453186 0.0535278 
4 0 0.601562 0.211182 0.0335999 0.0480347 
3 0 0.772461 0.0718994 0.0328064 0.0396729 
2 0 0.242188 0.857422 0.03125 0.0437622 
1 0 0.646973 0.566895 0.03125 0.0416565 
