768 0 0.62793 0.80127 0.0343628 0.0385437 
767 0 0.196777 0.842773 0.0423889 0.0505066 
762 0 0.976562 0.864746 0.0249939 0.033844 
760 0 0.975586 0.0260925 0.0281219 0.0359802 
752 0 0.409424 0.217651 0.0349731 0.044281 
744 0 0.308594 0.194824 0.0265656 0.03125 
735 0 0.758301 0.232056 0.0273438 0.0346375 
725 0 0.775879 0.905273 0.0304718 0.0401001 
684 0 0.743164 0.135376 0.0300751 0.037384 
681 0 0.628906 0.014595 0.0296936 0.0292206 
677 0 0.716309 0.788574 0.0265656 0.03125 
662 0 0.993164 0.682129 0.014061 0.0354309 
655 0 0.227295 0.477051 0.0228577 0.0296936 
639 0 0.936035 0.206299 0.038269 0.0505066 
602 0 0.637695 0.419678 0.038269 0.0487061 
584 0 0.578125 0.148926 0.0281219 0.0354309 
569 0 0.602539 0.20874 0.0296936 0.0406189 
506 0 0.507812 0.0312347 0.0257874 0.0338745 
435 0 0.710938 0.1427 0.0316467 0.0429688 
416 0 0.86084 0.409424 0.0296936 0.0359497 
281 0 0.355469 0.0701904 0.026947 0.0341187 
245 0 0.260986 0.434326 0.0281219 0.0359497 
178 0 0.47583 0.0531311 0.0273438 0.0395813 
122 0 0.625977 0.238892 0.0332031 0.0406189 
55 0 0.0132828 0.989746 0.0266571 0.0208282 
54 0 0.989258 0.414307 0.0218811 0.0473938 
51 0 0.0437622 0.985352 0.0342407 0.0291595 
50 0 0.505371 0.610352 0.0328064 0.0463562 
49 0 0.457031 0.461426 0.0328064 0.0440063 
46 0 0.487549 0.862305 0.03125 0.0406189 
45 0 0.541504 0.985352 0.0328064 0.0276031 
43 0 0.571289 0.102966 0.0296936 0.0344543 
42 0 0.263672 0.197266 0.0306702 0.0375061 
41 0 0.224243 0.394775 0.0296936 0.0437622 
34 0 0.583496 0.12085 0.0328064 0.038208 
32 0 0.213501 0.180786 0.0315552 0.0339966 
27 0 0.236694 0.569824 0.0296936 0.0437622 
26 0 0.129639 0.195801 0.0348511 0.0462341 
22 0 0.265625 0.257324 0.0343628 0.0437622 
21 0 0.0841675 0.803223 0.0305634 0.0395813 
19 0 0.0891724 0.966797 0.0343323 0.0411377 
18 0 0.82666 0.431152 0.0320435 0.0375061 
14 0 0.841309 0.768555 0.0328064 0.0416565 
8 0 0.824219 0.98877 0.0265656 0.0229187 
7 0 0.708496 0.631348 0.0324097 0.0406189 
6 0 0.831055 0.869629 0.0304718 0.0406189 
5 0 0.851562 0.234131 0.0429688 0.0496216 
2 0 0.237061 0.857422 0.0302734 0.0432434 
1 0 0.630371 0.615723 0.0300751 0.0401001 
