389 0 0.287598 0.374023 0.0238342 0.0270844 
386 0 0.311279 0.190674 0.0298767 0.035675 
361 0 0.963867 0.307373 0.0343628 0.0408936 
358 0 0.780273 0.0100784 0.0332031 0.0193329 
355 0 0.193848 0.265869 0.0384827 0.0469971 
353 0 0.630371 0.804199 0.0363159 0.0416565 
343 0 0.00624466 0.312988 0.0125122 0.0473938 
288 0 0.370361 0.0209045 0.028717 0.0332947 
280 0 0.655762 0.928223 0.0414124 0.0520935 
260 0 0.514648 0.0135422 0.0296936 0.0271454 
247 0 0.261719 0.438477 0.0332031 0.0401001 
238 0 0.727051 0.772949 0.0304718 0.0333252 
227 0 0.130249 0.525879 0.034668 0.0453186 
176 0 0.504883 0.0202026 0.03125 0.0366821 
140 0 0.638184 0.420898 0.0390625 0.0502625 
55 0 0.0140762 0.989746 0.0280457 0.0208282 
54 0 0.993652 0.407471 0.0132828 0.0515747 
51 0 0.0390625 0.985352 0.0343628 0.0291595 
50 0 0.56543 0.535645 0.03125 0.0372314 
49 0 0.479736 0.4104 0.0339966 0.0458374 
46 0 0.48584 0.865723 0.0335999 0.0437622 
45 0 0.536133 0.966797 0.0296936 0.0333252 
43 0 0.569336 0.103149 0.0296936 0.035614 
42 0 0.245483 0.208862 0.0296936 0.039978 
41 0 0.280518 0.34375 0.026947 0.038269 
40 0 0.541504 0.987305 0.0328064 0.0249939 
39 0 0.723633 0.112488 0.0308533 0.0379639 
34 0 0.584473 0.121887 0.03125 0.0395203 
32 0 0.255371 0.136475 0.0328064 0.0395203 
31 0 0.0327759 0.0300751 0.0314331 0.0397644 
30 0 0.972656 0.85498 0.0390625 0.0479126 
29 0 0.015625 0.766602 0.0281219 0.0416565 
27 0 0.235107 0.578613 0.0324097 0.0447998 
26 0 0.130493 0.198975 0.0363159 0.0487061 
23 0 0.657715 0.1875 0.0351562 0.0414124 
22 0 0.284424 0.21875 0.0341797 0.0379028 
21 0 0.0836182 0.805176 0.0297394 0.0395813 
20 0 0.497559 0.741699 0.0421753 0.0499878 
19 0 0.0888672 0.964355 0.0308533 0.0385437 
18 0 0.82959 0.435303 0.0343628 0.0416565 
17 0 0.192505 0.84668 0.0353394 0.0453186 
16 0 0.528809 0.46582 0.0332031 0.0426941 
14 0 0.848633 0.754395 0.0343628 0.0458374 
13 0 0.864746 0.413574 0.0328064 0.0434875 
12 0 0.936035 0.209595 0.0375061 0.053772 
8 0 0.831055 0.980957 0.0281219 0.0343628 
7 0 0.709473 0.632324 0.03125 0.0395813 
6 0 0.841309 0.85498 0.0296936 0.0395813 
5 0 0.852539 0.228394 0.0421753 0.0519409 
4 0 0.603027 0.213501 0.03125 0.0395813 
3 0 0.770508 0.0837402 0.0300751 0.0368958 
2 0 0.239258 0.859375 0.0339966 0.0437622 
1 0 0.629883 0.586426 0.03125 0.0395813 
389 0 0.287598 0.374023 0.0238342 0.0270844 
386 0 0.311279 0.190674 0.0298767 0.035675 
361 0 0.963867 0.307373 0.0343628 0.0408936 
358 0 0.780273 0.0100784 0.0332031 0.0193329 
355 0 0.193848 0.265869 0.0384827 0.0469971 
353 0 0.630371 0.804199 0.0363159 0.0416565 
343 0 0.00624466 0.312988 0.0125122 0.0473938 
288 0 0.370361 0.0209045 0.028717 0.0332947 
280 0 0.655762 0.928223 0.0414124 0.0520935 
260 0 0.514648 0.0135422 0.0296936 0.0271454 
247 0 0.261719 0.438477 0.0332031 0.0401001 
238 0 0.727051 0.772949 0.0304718 0.0333252 
227 0 0.130249 0.525879 0.034668 0.0453186 
176 0 0.504883 0.0202026 0.03125 0.0366821 
140 0 0.638184 0.420898 0.0390625 0.0502625 
55 0 0.0140762 0.989746 0.0280457 0.0208282 
54 0 0.993652 0.407471 0.0132828 0.0515747 
51 0 0.0390625 0.985352 0.0343628 0.0291595 
50 0 0.56543 0.535645 0.03125 0.0372314 
49 0 0.479736 0.4104 0.0339966 0.0458374 
46 0 0.48584 0.865723 0.0335999 0.0437622 
45 0 0.536133 0.966797 0.0296936 0.0333252 
43 0 0.569336 0.103149 0.0296936 0.035614 
42 0 0.245483 0.208862 0.0296936 0.039978 
41 0 0.280518 0.34375 0.026947 0.038269 
40 0 0.541504 0.987305 0.0328064 0.0249939 
39 0 0.723633 0.112488 0.0308533 0.0379639 
34 0 0.584473 0.121887 0.03125 0.0395203 
32 0 0.255371 0.136475 0.0328064 0.0395203 
31 0 0.0327759 0.0300751 0.0314331 0.0397644 
30 0 0.972656 0.85498 0.0390625 0.0479126 
29 0 0.015625 0.766602 0.0281219 0.0416565 
27 0 0.235107 0.578613 0.0324097 0.0447998 
26 0 0.130493 0.198975 0.0363159 0.0487061 
23 0 0.657715 0.1875 0.0351562 0.0414124 
22 0 0.284424 0.21875 0.0341797 0.0379028 
21 0 0.0836182 0.805176 0.0297394 0.0395813 
20 0 0.497559 0.741699 0.0421753 0.0499878 
19 0 0.0888672 0.964355 0.0308533 0.0385437 
18 0 0.82959 0.435303 0.0343628 0.0416565 
17 0 0.192505 0.84668 0.0353394 0.0453186 
16 0 0.528809 0.46582 0.0332031 0.0426941 
14 0 0.848633 0.754395 0.0343628 0.0458374 
13 0 0.864746 0.413574 0.0328064 0.0434875 
12 0 0.936035 0.209595 0.0375061 0.053772 
8 0 0.831055 0.980957 0.0281219 0.0343628 
7 0 0.709473 0.632324 0.03125 0.0395813 
6 0 0.841309 0.85498 0.0296936 0.0395813 
5 0 0.852539 0.228394 0.0421753 0.0519409 
4 0 0.603027 0.213501 0.03125 0.0395813 
3 0 0.770508 0.0837402 0.0300751 0.0368958 
2 0 0.239258 0.859375 0.0339966 0.0437622 
1 0 0.629883 0.586426 0.03125 0.0395813 
