194 0 0.665039 0.568848 0.026947 0.033844 
191 0 0.0437622 0.36499 0.0339966 0.0419312 
178 0 0.503906 0.0113602 0.0316467 0.0222931 
172 0 0.992188 0.679199 0.0132828 0.0458374 
150 0 0.985352 0.86377 0.0265656 0.0369873 
142 0 0.636719 0.419678 0.0332031 0.0445251 
122 0 0.666504 0.150513 0.0328064 0.0368347 
121 0 0.743164 0.755371 0.0273438 0.0354309 
119 0 0.630371 0.805176 0.0359497 0.0432434 
87 0 0.236572 0.440186 0.0292969 0.0367126 
76 0 0.804688 0.848633 0.03125 0.0395813 
56 0 0.563477 0.161011 0.0265656 0.0341187 
55 0 0.0124969 0.990723 0.0249023 0.0187531 
54 0 0.993652 0.409424 0.0124969 0.0484314 
51 0 0.0406189 0.983398 0.03125 0.0291595 
50 0 0.586914 0.496826 0.0328064 0.0401001 
49 0 0.496826 0.391602 0.0316467 0.0375061 
47 0 0.229248 0.302002 0.0318298 0.038269 
46 0 0.486816 0.865723 0.0296936 0.0395813 
45 0 0.570312 0.893555 0.03125 0.0348816 
44 0 0.578613 0.151001 0.0304718 0.0351562 
43 0 0.567871 0.103149 0.0285187 0.0353394 
42 0 0.219482 0.168701 0.0271454 0.0368347 
41 0 0.311035 0.310303 0.026947 0.0377502 
40 0 0.541504 0.985352 0.0324097 0.0286407 
39 0 0.764648 0.607422 0.03125 0.0421753 
35 0 0.0130615 0.25293 0.026123 0.0423279 
34 0 0.584473 0.123596 0.03125 0.0408325 
32 0 0.294189 0.107239 0.0275421 0.0360718 
31 0 0.241577 0.529785 0.0277405 0.0341187 
30 0 0.988281 0.789062 0.0234375 0.0375061 
29 0 0.026123 0.732422 0.0296936 0.0401001 
27 0 0.239014 0.575195 0.0279236 0.0390625 
26 0 0.132812 0.196899 0.0319214 0.0434875 
24 0 0.27002 0.419678 0.0300751 0.0372314 
23 0 0.607422 0.0586853 0.0289001 0.038208 
22 0 0.283203 0.217651 0.0318298 0.0395813 
21 0 0.0830078 0.805176 0.0277863 0.0354309 
20 0 0.510254 0.728027 0.0421753 0.0505066 
19 0 0.0882568 0.964355 0.0299377 0.0375061 
18 0 0.828125 0.434326 0.0328064 0.0401001 
17 0 0.191284 0.844727 0.0322266 0.0395813 
16 0 0.337158 0.359863 0.0306702 0.0361938 
14 0 0.853027 0.749023 0.0343628 0.0437622 
13 0 0.868652 0.409424 0.03125 0.0395813 
12 0 0.936035 0.208374 0.0406189 0.0550842 
8 0 0.835938 0.964355 0.0281219 0.0375061 
7 0 0.708496 0.637695 0.0296936 0.0375061 
6 0 0.848633 0.839355 0.0257874 0.033844 
5 0 0.852539 0.228394 0.0453186 0.055603 
4 0 0.602539 0.212891 0.0308533 0.0429688 
3 0 0.770996 0.0697632 0.0296936 0.0356445 
2 0 0.242188 0.857422 0.0310516 0.0411377 
1 0 0.64502 0.562988 0.0281219 0.0375061 
