430 0 0.540527 0.987305 0.0304718 0.0234375 
416 0 0.652344 0.566895 0.0289001 0.0348816 
412 1 0.90625 0.198853 0.03125 0.0406189 
411 0 0.991211 0.679199 0.014061 0.0453186 
404 0 0.279297 0.394775 0.0263672 0.0320435 
398 0 0.577148 0.152344 0.0273438 0.0334778 
386 0 0.310547 0.189575 0.0314331 0.0372314 
343 0 0.038208 0.268799 0.0348206 0.0477905 
281 0 0.365723 0.030899 0.0347595 0.0405579 
258 0 0.513184 0.0163116 0.0265656 0.027832 
245 0 0.260986 0.439697 0.0343628 0.0416565 
236 0 0.725098 0.773926 0.03125 0.0354309 
178 0 0.500977 0.0229187 0.0328064 0.0375671 
122 0 0.65625 0.196899 0.0347595 0.042572 
55 0 0.0138092 0.989746 0.0273132 0.0208282 
54 0 0.992188 0.408691 0.0148468 0.0531311 
51 0 0.039856 0.98584 0.0328064 0.0260468 
50 0 0.55957 0.541016 0.0339966 0.0403748 
49 0 0.477051 0.413574 0.0367126 0.0484314 
46 0 0.486816 0.864746 0.0296936 0.0416565 
45 0 0.526367 0.987305 0.0328064 0.0249939 
43 0 0.569336 0.103149 0.0296936 0.0354309 
42 0 0.28125 0.248657 0.0353394 0.0384216 
41 0 0.270264 0.359375 0.0289001 0.0390625 
39 0 0.621094 0.053009 0.0320435 0.036499 
34 0 0.583496 0.120972 0.0324097 0.039856 
32 0 0.246094 0.150024 0.0300751 0.0335999 
30 0 0.970215 0.870605 0.0351562 0.0416565 
29 0 0.014061 0.771973 0.0248566 0.0395813 
27 0 0.235107 0.577148 0.0324097 0.044281 
26 0 0.129883 0.198975 0.0392456 0.0518188 
22 0 0.283691 0.219482 0.033783 0.0384216 
21 0 0.0831299 0.806152 0.030365 0.0375061 
20 0 0.496094 0.744141 0.0410156 0.0489502 
19 0 0.0890503 0.964355 0.0306091 0.0375061 
18 0 0.82959 0.435791 0.03125 0.0395813 
17 0 0.192261 0.84668 0.0369263 0.0453186 
16 0 0.0385132 0.552246 0.0348511 0.0403748 
14 0 0.84668 0.755371 0.0328064 0.0437622 
13 0 0.864258 0.413086 0.0335999 0.0429688 
12 0 0.936035 0.20813 0.0359497 0.051178 
8 0 0.831055 0.983398 0.0281219 0.0333252 
7 0 0.708984 0.634277 0.0320435 0.0395813 
6 0 0.84082 0.859375 0.0273438 0.0395813 
5 0 0.853027 0.229126 0.0437622 0.0499878 
4 0 0.603027 0.214478 0.03125 0.0385437 
3 0 0.768555 0.0905762 0.0328064 0.039978 
2 0 0.239868 0.857422 0.03302 0.0395813 
1 0 0.629883 0.597168 0.03125 0.0395813 
