149 0 0.819336 0.637695 0.0203094 0.0276031 
148 0 0.3125 0.789551 0.0246124 0.0385437 
142 0 0.633789 0.417725 0.0296936 0.0411377 
136 0 0.0440063 0.362061 0.0360718 0.0445251 
127 0 0.752441 0.00902557 0.0296936 0.0234833 
122 0 0.664062 0.137329 0.0339966 0.0405579 
121 0 0.744629 0.75 0.0277405 0.0348816 
119 0 0.628906 0.804199 0.0351562 0.0416565 
87 0 0.416016 0.547852 0.0328064 0.0393372 
76 0 0.696289 0.796387 0.0300751 0.0354309 
56 0 0.5625 0.1604 0.0281219 0.0333252 
55 0 0.0139771 0.990723 0.0257111 0.0187531 
54 0 0.993652 0.408691 0.0124969 0.0489502 
51 0 0.041687 0.984375 0.028717 0.0270844 
50 0 0.587402 0.490723 0.0332031 0.0387878 
49 0 0.498535 0.389648 0.03125 0.0372314 
47 0 0.171143 0.254395 0.0323181 0.0419312 
46 0 0.486816 0.865723 0.0292969 0.0380249 
45 0 0.575195 0.884277 0.0300751 0.0317688 
44 0 0.578125 0.151001 0.0281219 0.03125 
43 0 0.567383 0.10144 0.03125 0.0384827 
42 0 0.214844 0.147217 0.0294952 0.0386047 
41 0 0.3125 0.309326 0.0275421 0.038269 
40 0 0.541992 0.985352 0.0324097 0.0281219 
39 0 0.760254 0.692871 0.0304718 0.0395813 
38 0 0.0214691 0.569824 0.0292664 0.0421753 
37 0 0.987305 0.819824 0.0281219 0.0359497 
35 0 0.015625 0.238892 0.03125 0.0437622 
34 0 0.584473 0.121216 0.03125 0.0404358 
32 0 0.300049 0.105286 0.0310516 0.0394592 
31 0 0.265381 0.603027 0.0324097 0.0375061 
30 0 0.986816 0.78418 0.0265656 0.0380249 
29 0 0.0281677 0.729004 0.0310059 0.0416565 
27 0 0.238281 0.578125 0.0281219 0.0437622 
26 0 0.13269 0.196655 0.0341797 0.0462341 
25 0 0.633789 0.446289 0.0296936 0.0377502 
24 0 0.272217 0.414551 0.0302734 0.0369873 
23 0 0.624512 0.151611 0.0289001 0.0359497 
22 0 0.282715 0.216675 0.0341797 0.0416565 
21 0 0.0828247 0.805176 0.0281219 0.0354309 
20 0 0.511719 0.725098 0.0390625 0.044281 
19 0 0.0898438 0.963379 0.0296936 0.0395813 
18 0 0.828125 0.434326 0.03125 0.0395813 
17 0 0.192139 0.844727 0.03125 0.0385437 
16 0 0.377441 0.272705 0.0292969 0.037384 
14 0 0.853027 0.749023 0.03125 0.0395813 
13 0 0.868652 0.408447 0.03125 0.0416565 
12 0 0.936035 0.208618 0.039856 0.0542908 
8 0 0.836914 0.964355 0.0296936 0.0375061 
7 0 0.708008 0.637695 0.0300751 0.0380249 
6 0 0.848633 0.838379 0.0273438 0.0354309 
5 0 0.852539 0.228149 0.0453186 0.0562439 
4 0 0.601562 0.213501 0.0316467 0.0421753 
3 0 0.771973 0.0697632 0.0281219 0.0354309 
2 0 0.242798 0.85498 0.0296936 0.0395813 
1 0 0.645996 0.5625 0.0265656 0.0364685 
