290 0 0.577148 0.1521 0.0273438 0.0334778 
285 0 0.00678253 0.28125 0.0131683 0.0416565 
281 0 0.367188 0.0113525 0.0271454 0.0202332 
276 0 0.65625 0.927246 0.0406189 0.0489502 
258 0 0.520508 0.0114594 0.0273438 0.0229492 
254 0 0.447998 0.0298767 0.0328064 0.039856 
251 0 0.344971 0.0986938 0.0326233 0.0405579 
246 0 0.978027 0.861328 0.0273438 0.0364685 
245 0 0.262451 0.437012 0.0316467 0.0408936 
244 0 0.813965 0.93457 0.0316467 0.0395813 
236 0 0.729492 0.766602 0.0304718 0.0369873 
226 0 0.407715 0.446777 0.03302 0.0432434 
221 0 0.0377197 0.380127 0.0350952 0.0479126 
178 0 0.498779 0.0198364 0.0281219 0.0355225 
142 0 0.637695 0.420898 0.035553 0.0458374 
122 0 0.661621 0.175049 0.0371094 0.0415344 
119 0 0.628906 0.804199 0.0359497 0.0426941 
55 0 0.0133667 0.990723 0.0271759 0.0187531 
54 0 0.994629 0.40625 0.0109406 0.049469 
51 0 0.0399475 0.985352 0.0323181 0.0291595 
50 0 0.574707 0.52002 0.0320435 0.0393372 
49 0 0.489746 0.405273 0.0296936 0.0395813 
46 0 0.48291 0.865723 0.038269 0.0473938 
45 0 0.549316 0.941895 0.0296936 0.0333252 
43 0 0.568848 0.102478 0.0281219 0.0358582 
42 0 0.22168 0.183105 0.0277405 0.0384216 
41 0 0.288574 0.327148 0.0275421 0.0380249 
40 0 0.541504 0.985352 0.0359497 0.0291595 
39 0 0.759277 0.290039 0.0324097 0.0408936 
34 0 0.583496 0.119812 0.0328064 0.0397644 
32 0 0.263672 0.125 0.0302734 0.0376892 
31 0 0.0950317 0.224976 0.030426 0.0406189 
30 0 0.981445 0.829102 0.0304718 0.0385437 
29 0 0.0187225 0.75 0.0282745 0.0411377 
27 0 0.235962 0.578125 0.03125 0.0437622 
26 0 0.131836 0.197876 0.0342712 0.0454407 
22 0 0.282471 0.217651 0.0326233 0.0395813 
21 0 0.0836182 0.806152 0.0296936 0.0375061 
20 0 0.499268 0.739258 0.0433655 0.0499878 
19 0 0.0882568 0.96582 0.0328064 0.0395813 
18 0 0.829102 0.434326 0.0328064 0.0421753 
17 0 0.192993 0.84375 0.0328979 0.0416565 
16 0 0.196533 0.535645 0.0311584 0.0395813 
14 0 0.850586 0.75 0.0359497 0.0458374 
13 0 0.865723 0.4104 0.03125 0.0416565 
12 0 0.936035 0.210083 0.039856 0.0567627 
8 0 0.833496 0.975586 0.0296936 0.0375061 
7 0 0.708496 0.633301 0.0332031 0.0421753 
6 0 0.842285 0.852051 0.0257874 0.0333252 
5 0 0.853027 0.228882 0.0445251 0.0535278 
4 0 0.602539 0.213257 0.0308533 0.0361938 
3 0 0.773438 0.0774536 0.0320435 0.0390625 
2 0 0.240601 0.854004 0.03125 0.0416565 
1 0 0.632812 0.580078 0.03125 0.0395813 
