606 0 0.495361 0.0251923 0.0332031 0.0379639 
602 0 0.707031 0.446533 0.0277405 0.0380249 
596 0 0.575195 0.11145 0.0332031 0.0394592 
579 2 0.0124969 0.726074 0.0253448 0.0359497 
562 0 0.966309 0.362793 0.0328064 0.0395813 
547 0 0.638184 0.421875 0.0359497 0.0437622 
535 0 0.990723 0.683105 0.014061 0.0406189 
534 0 0.502441 0.0176239 0.0324097 0.0349426 
464 0 0.74707 0.067627 0.0335999 0.0405884 
459 0 0.541504 0.985352 0.0335999 0.0291595 
444 0 0.762695 0.412598 0.0300751 0.039856 
439 1 0.756836 0.00984955 0.0300751 0.0259399 
423 0 0.57666 0.150391 0.03125 0.0361328 
288 0 0.359375 0.0511169 0.0281219 0.0351868 
247 0 0.26123 0.438477 0.0302734 0.0354309 
238 0 0.719727 0.78125 0.0296936 0.0333252 
176 0 0.487549 0.0385437 0.0304718 0.0389404 
55 0 0.0125961 0.989746 0.0257263 0.0192719 
54 0 0.991211 0.409424 0.0171814 0.0523376 
51 0 0.0400391 0.986328 0.0325317 0.0270844 
50 0 0.538086 0.581055 0.0328064 0.0437622 
49 0 0.467285 0.429688 0.0375061 0.0513 
46 0 0.48584 0.864746 0.0316467 0.0432434 
43 0 0.568848 0.104187 0.0289001 0.033783 
42 0 0.308594 0.231567 0.0332031 0.0389404 
41 0 0.249268 0.371826 0.0296936 0.0395813 
34 0 0.582031 0.12146 0.0332031 0.0411377 
32 0 0.24292 0.15625 0.0300751 0.0334778 
30 0 0.948242 0.923828 0.0335999 0.0364685 
29 0 0.00780487 0.791504 0.0155869 0.0406189 
27 0 0.232788 0.577148 0.0281219 0.0416565 
26 0 0.129639 0.198975 0.0372925 0.0518188 
23 0 0.640625 0.230347 0.0335999 0.0393372 
22 0 0.275391 0.231079 0.03302 0.038269 
21 0 0.0843506 0.804199 0.0283203 0.0385437 
20 0 0.490723 0.750977 0.042572 0.0447998 
19 0 0.0890503 0.962402 0.03125 0.0426941 
18 0 0.82959 0.434326 0.0320435 0.0395813 
17 0 0.191406 0.84668 0.035553 0.0437622 
14 0 0.842773 0.755371 0.0328064 0.0479126 
13 0 0.864746 0.41333 0.0328064 0.0432434 
12 0 0.936035 0.209229 0.0406189 0.0593872 
8 0 0.825195 0.986328 0.0281219 0.0270844 
7 0 0.709473 0.632324 0.03125 0.0395813 
6 0 0.835938 0.865723 0.0281219 0.0426941 
5 0 0.851562 0.234009 0.0414124 0.0502625 
3 0 0.760254 0.0999756 0.03125 0.0375671 
2 0 0.238281 0.858398 0.0304718 0.0416565 
1 0 0.631348 0.609375 0.03125 0.0437622 
606 0 0.495361 0.0251923 0.0332031 0.0379639 
602 0 0.707031 0.446533 0.0277405 0.0380249 
596 0 0.575195 0.11145 0.0332031 0.0394592 
579 2 0.0124969 0.726074 0.0253448 0.0359497 
562 0 0.966309 0.362793 0.0328064 0.0395813 
547 0 0.638184 0.421875 0.0359497 0.0437622 
535 0 0.990723 0.683105 0.014061 0.0406189 
534 0 0.502441 0.0176239 0.0324097 0.0349426 
464 0 0.74707 0.067627 0.0335999 0.0405884 
459 0 0.541504 0.985352 0.0335999 0.0291595 
444 0 0.762695 0.412598 0.0300751 0.039856 
439 1 0.756836 0.00984955 0.0300751 0.0259399 
423 0 0.57666 0.150391 0.03125 0.0361328 
288 0 0.359375 0.0511169 0.0281219 0.0351868 
247 0 0.26123 0.438477 0.0302734 0.0354309 
238 0 0.719727 0.78125 0.0296936 0.0333252 
176 0 0.487549 0.0385437 0.0304718 0.0389404 
55 0 0.0125961 0.989746 0.0257263 0.0192719 
54 0 0.991211 0.409424 0.0171814 0.0523376 
51 0 0.0400391 0.986328 0.0325317 0.0270844 
50 0 0.538086 0.581055 0.0328064 0.0437622 
49 0 0.467285 0.429688 0.0375061 0.0513 
46 0 0.48584 0.864746 0.0316467 0.0432434 
43 0 0.568848 0.104187 0.0289001 0.033783 
42 0 0.308594 0.231567 0.0332031 0.0389404 
41 0 0.249268 0.371826 0.0296936 0.0395813 
34 0 0.582031 0.12146 0.0332031 0.0411377 
32 0 0.24292 0.15625 0.0300751 0.0334778 
30 0 0.948242 0.923828 0.0335999 0.0364685 
29 0 0.00780487 0.791504 0.0155869 0.0406189 
27 0 0.232788 0.577148 0.0281219 0.0416565 
26 0 0.129639 0.198975 0.0372925 0.0518188 
23 0 0.640625 0.230347 0.0335999 0.0393372 
22 0 0.275391 0.231079 0.03302 0.038269 
21 0 0.0843506 0.804199 0.0283203 0.0385437 
20 0 0.490723 0.750977 0.042572 0.0447998 
19 0 0.0890503 0.962402 0.03125 0.0426941 
18 0 0.82959 0.434326 0.0320435 0.0395813 
17 0 0.191406 0.84668 0.035553 0.0437622 
14 0 0.842773 0.755371 0.0328064 0.0479126 
13 0 0.864746 0.41333 0.0328064 0.0432434 
12 0 0.936035 0.209229 0.0406189 0.0593872 
8 0 0.825195 0.986328 0.0281219 0.0270844 
7 0 0.709473 0.632324 0.03125 0.0395813 
6 0 0.835938 0.865723 0.0281219 0.0426941 
5 0 0.851562 0.234009 0.0414124 0.0502625 
3 0 0.760254 0.0999756 0.03125 0.0375671 
2 0 0.238281 0.858398 0.0304718 0.0416565 
1 0 0.631348 0.609375 0.03125 0.0437622 
