333 0 0.57666 0.106506 0.0386658 0.0505066 
322 0 0.00782776 0.297852 0.0155258 0.0484314 
310 0 0.990723 0.681152 0.015625 0.0463562 
308 0 0.33667 0.0100403 0.0324097 0.0191803 
288 0 0.375 0.0135956 0.028717 0.0270081 
280 0 0.657227 0.92627 0.0421753 0.049469 
260 0 0.518066 0.0131989 0.0296936 0.0255585 
253 0 0.294434 0.193726 0.0316467 0.0397034 
247 0 0.261719 0.438477 0.0328064 0.0390625 
238 0 0.728027 0.770996 0.0300751 0.0359497 
227 0 0.161743 0.526855 0.0297852 0.0390625 
221 0 0.0376587 0.37915 0.0348511 0.049469 
176 0 0.504395 0.0197601 0.0320435 0.0354919 
140 0 0.638184 0.421387 0.038269 0.0487061 
55 0 0.0132675 0.990723 0.0263977 0.0187531 
54 0 0.994629 0.409912 0.0109406 0.0502625 
51 0 0.039856 0.985352 0.0328064 0.0291595 
50 0 0.570312 0.525879 0.0335999 0.0395813 
49 0 0.485596 0.404053 0.0328064 0.0406189 
46 0 0.487549 0.864746 0.0332031 0.0458374 
45 0 0.541992 0.953125 0.0289001 0.0343628 
43 0 0.569336 0.103149 0.0296936 0.0354309 
42 0 0.229248 0.190308 0.0289001 0.04245 
41 0 0.283691 0.335938 0.0267639 0.0361938 
40 0 0.540527 0.985352 0.0375061 0.0291595 
39 0 0.755859 0.202026 0.03125 0.0376282 
34 0 0.583496 0.12085 0.0339966 0.0416565 
32 0 0.265625 0.133179 0.0322266 0.0397034 
31 0 0.0603638 0.128174 0.0304413 0.0379028 
30 0 0.975586 0.84082 0.0328064 0.0401001 
29 0 0.0180359 0.757324 0.0257263 0.0390625 
27 0 0.235107 0.579102 0.0328064 0.0447998 
26 0 0.131104 0.198975 0.0339966 0.044281 
23 0 0.661133 0.181274 0.0371094 0.0418091 
22 0 0.282715 0.220825 0.0322266 0.0386658 
21 0 0.0836182 0.806152 0.0296936 0.0375061 
20 0 0.497559 0.739746 0.0421753 0.0505066 
19 0 0.0890503 0.96582 0.0314026 0.0395813 
18 0 0.829102 0.434326 0.0328064 0.0395813 
17 0 0.192139 0.845703 0.0339966 0.0416565 
16 0 0.457764 0.453857 0.0363159 0.0479126 
14 0 0.850586 0.75293 0.0359497 0.0479126 
13 0 0.865723 0.412598 0.03125 0.0416565 
12 0 0.936035 0.210449 0.0406189 0.0578003 
8 0 0.833008 0.977051 0.0289001 0.0359497 
7 0 0.708496 0.633301 0.0328064 0.0416565 
6 0 0.842773 0.853027 0.0265656 0.0354309 
5 0 0.853027 0.229126 0.0437622 0.0541687 
4 0 0.603027 0.215332 0.0308533 0.0376282 
3 0 0.771973 0.0802002 0.03125 0.0392456 
2 0 0.239868 0.856445 0.0318298 0.0416565 
1 0 0.630371 0.583496 0.0320435 0.0411377 
333 0 0.57666 0.106506 0.0386658 0.0505066 
322 0 0.00782776 0.297852 0.0155258 0.0484314 
310 0 0.990723 0.681152 0.015625 0.0463562 
308 0 0.33667 0.0100403 0.0324097 0.0191803 
288 0 0.375 0.0135956 0.028717 0.0270081 
280 0 0.657227 0.92627 0.0421753 0.049469 
260 0 0.518066 0.0131989 0.0296936 0.0255585 
253 0 0.294434 0.193726 0.0316467 0.0397034 
247 0 0.261719 0.438477 0.0328064 0.0390625 
238 0 0.728027 0.770996 0.0300751 0.0359497 
227 0 0.161743 0.526855 0.0297852 0.0390625 
221 0 0.0376587 0.37915 0.0348511 0.049469 
176 0 0.504395 0.0197601 0.0320435 0.0354919 
140 0 0.638184 0.421387 0.038269 0.0487061 
55 0 0.0132675 0.990723 0.0263977 0.0187531 
54 0 0.994629 0.409912 0.0109406 0.0502625 
51 0 0.039856 0.985352 0.0328064 0.0291595 
50 0 0.570312 0.525879 0.0335999 0.0395813 
49 0 0.485596 0.404053 0.0328064 0.0406189 
46 0 0.487549 0.864746 0.0332031 0.0458374 
45 0 0.541992 0.953125 0.0289001 0.0343628 
43 0 0.569336 0.103149 0.0296936 0.0354309 
42 0 0.229248 0.190308 0.0289001 0.04245 
41 0 0.283691 0.335938 0.0267639 0.0361938 
40 0 0.540527 0.985352 0.0375061 0.0291595 
39 0 0.755859 0.202026 0.03125 0.0376282 
34 0 0.583496 0.12085 0.0339966 0.0416565 
32 0 0.265625 0.133179 0.0322266 0.0397034 
31 0 0.0603638 0.128174 0.0304413 0.0379028 
30 0 0.975586 0.84082 0.0328064 0.0401001 
29 0 0.0180359 0.757324 0.0257263 0.0390625 
27 0 0.235107 0.579102 0.0328064 0.0447998 
26 0 0.131104 0.198975 0.0339966 0.044281 
23 0 0.661133 0.181274 0.0371094 0.0418091 
22 0 0.282715 0.220825 0.0322266 0.0386658 
21 0 0.0836182 0.806152 0.0296936 0.0375061 
20 0 0.497559 0.739746 0.0421753 0.0505066 
19 0 0.0890503 0.96582 0.0314026 0.0395813 
18 0 0.829102 0.434326 0.0328064 0.0395813 
17 0 0.192139 0.845703 0.0339966 0.0416565 
16 0 0.457764 0.453857 0.0363159 0.0479126 
14 0 0.850586 0.75293 0.0359497 0.0479126 
13 0 0.865723 0.412598 0.03125 0.0416565 
12 0 0.936035 0.210449 0.0406189 0.0578003 
8 0 0.833008 0.977051 0.0289001 0.0359497 
7 0 0.708496 0.633301 0.0328064 0.0416565 
6 0 0.842773 0.853027 0.0265656 0.0354309 
5 0 0.853027 0.229126 0.0437622 0.0541687 
4 0 0.603027 0.215332 0.0308533 0.0376282 
3 0 0.771973 0.0802002 0.03125 0.0392456 
2 0 0.239868 0.856445 0.0318298 0.0416565 
1 0 0.630371 0.583496 0.0320435 0.0411377 
