825 0 0.970215 0.870117 0.0242157 0.0333252 
818 0 0.203125 0.73877 0.0301819 0.0426941 
815 0 0.561035 0.1604 0.0281219 0.0376282 
814 0 0.192993 0.85498 0.0367126 0.0489502 
801 0 0.973633 0.0357361 0.0281219 0.0410461 
791 0 0.407715 0.217651 0.0345764 0.0440063 
784 0 0.307861 0.197021 0.0281219 0.0346375 
775 0 0.799316 0.347412 0.0296936 0.038269 
765 0 0.708008 0.948242 0.0316467 0.0406189 
724 0 0.734863 0.150024 0.03125 0.0376282 
721 0 0.624023 0.015625 0.0304718 0.0312805 
716 0 0.714844 0.787598 0.0289001 0.0333252 
701 0 0.993164 0.682129 0.014061 0.0348816 
694 0 0.222656 0.483398 0.0265656 0.0333252 
674 0 0.935059 0.206299 0.0359497 0.0488281 
615 0 0.577148 0.148071 0.0292969 0.0367126 
604 0 0.601562 0.208984 0.0300751 0.0450439 
534 0 0.506836 0.0333862 0.0265656 0.0332947 
464 0 0.705566 0.154297 0.0328064 0.0421753 
459 0 0.541504 0.985352 0.0328064 0.0291595 
444 0 0.861816 0.4104 0.0296936 0.0369873 
288 0 0.352295 0.0720215 0.0265656 0.0316467 
247 0 0.259766 0.432373 0.0283203 0.0395813 
176 0 0.475098 0.0545654 0.0281219 0.0389099 
55 0 0.0148544 0.98877 0.0297546 0.0229187 
54 0 0.989258 0.413574 0.0210876 0.0479126 
51 0 0.0421753 0.984375 0.037323 0.03125 
50 0 0.494629 0.615723 0.0328064 0.0437622 
49 0 0.45459 0.467285 0.0343628 0.0408936 
46 0 0.487549 0.862305 0.03125 0.0416565 
43 0 0.570312 0.102112 0.0281219 0.0333252 
42 0 0.210571 0.218262 0.03125 0.035553 
41 0 0.216431 0.4021 0.0302734 0.04245 
34 0 0.583496 0.12085 0.0328064 0.0376892 
32 0 0.208618 0.187866 0.0295868 0.0348816 
27 0 0.234741 0.56543 0.033783 0.0505066 
26 0 0.128906 0.196045 0.03302 0.0426941 
23 0 0.625 0.240601 0.03125 0.0395813 
22 0 0.260254 0.266113 0.035553 0.04245 
21 0 0.0836182 0.802246 0.0328674 0.0411377 
19 0 0.105591 0.984375 0.0296936 0.03125 
18 0 0.82666 0.431152 0.03125 0.0375061 
14 0 0.836914 0.779297 0.0359497 0.046875 
8 0 0.824219 0.98877 0.0265656 0.0239563 
7 0 0.708496 0.629395 0.0328064 0.0416565 
6 0 0.831055 0.869629 0.0289001 0.0395813 
5 0 0.851562 0.231201 0.0437622 0.0493469 
2 0 0.236572 0.856445 0.0308533 0.0421753 
1 0 0.631348 0.615723 0.0292969 0.0395813 
825 0 0.970215 0.870117 0.0242157 0.0333252 
818 0 0.203125 0.73877 0.0301819 0.0426941 
815 0 0.561035 0.1604 0.0281219 0.0376282 
814 0 0.192993 0.85498 0.0367126 0.0489502 
801 0 0.973633 0.0357361 0.0281219 0.0410461 
791 0 0.407715 0.217651 0.0345764 0.0440063 
784 0 0.307861 0.197021 0.0281219 0.0346375 
775 0 0.799316 0.347412 0.0296936 0.038269 
765 0 0.708008 0.948242 0.0316467 0.0406189 
724 0 0.734863 0.150024 0.03125 0.0376282 
721 0 0.624023 0.015625 0.0304718 0.0312805 
716 0 0.714844 0.787598 0.0289001 0.0333252 
701 0 0.993164 0.682129 0.014061 0.0348816 
694 0 0.222656 0.483398 0.0265656 0.0333252 
674 0 0.935059 0.206299 0.0359497 0.0488281 
615 0 0.577148 0.148071 0.0292969 0.0367126 
604 0 0.601562 0.208984 0.0300751 0.0450439 
534 0 0.506836 0.0333862 0.0265656 0.0332947 
464 0 0.705566 0.154297 0.0328064 0.0421753 
459 0 0.541504 0.985352 0.0328064 0.0291595 
444 0 0.861816 0.4104 0.0296936 0.0369873 
288 0 0.352295 0.0720215 0.0265656 0.0316467 
247 0 0.259766 0.432373 0.0283203 0.0395813 
176 0 0.475098 0.0545654 0.0281219 0.0389099 
55 0 0.0148544 0.98877 0.0297546 0.0229187 
54 0 0.989258 0.413574 0.0210876 0.0479126 
51 0 0.0421753 0.984375 0.037323 0.03125 
50 0 0.494629 0.615723 0.0328064 0.0437622 
49 0 0.45459 0.467285 0.0343628 0.0408936 
46 0 0.487549 0.862305 0.03125 0.0416565 
43 0 0.570312 0.102112 0.0281219 0.0333252 
42 0 0.210571 0.218262 0.03125 0.035553 
41 0 0.216431 0.4021 0.0302734 0.04245 
34 0 0.583496 0.12085 0.0328064 0.0376892 
32 0 0.208618 0.187866 0.0295868 0.0348816 
27 0 0.234741 0.56543 0.033783 0.0505066 
26 0 0.128906 0.196045 0.03302 0.0426941 
23 0 0.625 0.240601 0.03125 0.0395813 
22 0 0.260254 0.266113 0.035553 0.04245 
21 0 0.0836182 0.802246 0.0328674 0.0411377 
19 0 0.105591 0.984375 0.0296936 0.03125 
18 0 0.82666 0.431152 0.03125 0.0375061 
14 0 0.836914 0.779297 0.0359497 0.046875 
8 0 0.824219 0.98877 0.0265656 0.0239563 
7 0 0.708496 0.629395 0.0328064 0.0416565 
6 0 0.831055 0.869629 0.0289001 0.0395813 
5 0 0.851562 0.231201 0.0437622 0.0493469 
2 0 0.236572 0.856445 0.0308533 0.0421753 
1 0 0.631348 0.615723 0.0292969 0.0395813 
