783 0 0.970215 0.870605 0.0234375 0.0317688 
776 0 0.205688 0.75 0.0308533 0.0432434 
775 0 0.628906 0.802246 0.0339966 0.0395813 
773 0 0.561523 0.15979 0.0273438 0.0375061 
772 0 0.192993 0.856445 0.038269 0.0499878 
760 0 0.972656 0.033783 0.0296936 0.0422974 
752 0 0.408691 0.217407 0.0359497 0.0446472 
744 0 0.307861 0.194824 0.0281219 0.0321655 
735 0 0.801758 0.319336 0.0316467 0.0377502 
725 0 0.714844 0.932129 0.0300751 0.0375061 
684 0 0.73584 0.148438 0.03125 0.0386658 
681 0 0.624023 0.015625 0.0296936 0.0312805 
677 0 0.714355 0.787598 0.0281219 0.0333252 
662 0 0.992188 0.682129 0.0132828 0.0348816 
655 0 0.224243 0.48291 0.0261688 0.0320435 
639 0 0.935059 0.206299 0.0359497 0.0458374 
584 0 0.578125 0.148926 0.0289001 0.0360718 
569 0 0.600586 0.209351 0.0304718 0.0440063 
506 0 0.506836 0.0318909 0.0261688 0.0329285 
435 0 0.705566 0.154175 0.0328064 0.0418701 
416 0 0.86084 0.408936 0.03125 0.0387878 
281 0 0.353027 0.0708618 0.0281219 0.0329895 
245 0 0.260986 0.432373 0.0281219 0.0393372 
178 0 0.474121 0.0541687 0.0265656 0.0375061 
122 0 0.625977 0.240601 0.0320435 0.0395813 
55 0 0.0148544 0.98877 0.0297546 0.0223999 
54 0 0.989746 0.413574 0.0203094 0.0476685 
51 0 0.0420837 0.984375 0.0360413 0.03125 
50 0 0.496094 0.614746 0.0324097 0.0458374 
49 0 0.45459 0.466553 0.0343628 0.0414124 
46 0 0.487549 0.862305 0.03125 0.0416565 
45 0 0.541504 0.985352 0.0328064 0.0286407 
43 0 0.570312 0.102112 0.0281219 0.0333252 
42 0 0.218018 0.222168 0.0308533 0.0354309 
41 0 0.217163 0.4021 0.0310516 0.0421753 
34 0 0.584473 0.119812 0.0316467 0.0393982 
32 0 0.207764 0.188599 0.0285187 0.0350342 
27 0 0.234619 0.566895 0.0351562 0.0499878 
26 0 0.129639 0.196045 0.0341797 0.0436096 
22 0 0.260254 0.265625 0.0357361 0.0436096 
21 0 0.0836182 0.802246 0.0327148 0.0416565 
19 0 0.106262 0.983398 0.0307617 0.0333252 
18 0 0.82666 0.431152 0.03125 0.0375061 
14 0 0.837402 0.776855 0.0351562 0.0453186 
8 0 0.823242 0.987305 0.0281219 0.0244751 
7 0 0.708496 0.629883 0.0328064 0.0426941 
6 0 0.831055 0.869629 0.0289001 0.0380249 
5 0 0.850098 0.2323 0.0445251 0.0479126 
2 0 0.236328 0.856445 0.0314331 0.0453186 
1 0 0.630371 0.615723 0.0296936 0.0395813 
