511 0 0.979004 0.86377 0.0265656 0.0317688 
508 0 0.638184 0.422852 0.0359497 0.0458374 
496 0 0.469482 0.466553 0.0328064 0.0499878 
464 0 0.765625 0.0362244 0.0316467 0.040741 
459 0 0.540527 0.985352 0.0339966 0.0286407 
444 0 0.650879 0.509766 0.0324097 0.0440063 
439 1 0.842285 0.146973 0.0304718 0.0379639 
438 0 0.990723 0.681152 0.015625 0.0416565 
423 0 0.57666 0.153931 0.0292969 0.0352783 
410 0 0.311035 0.19165 0.0339966 0.0415344 
288 0 0.364014 0.0369263 0.0341797 0.0428162 
247 0 0.260986 0.440674 0.0343628 0.0426941 
238 0 0.723633 0.773926 0.03125 0.0369873 
176 0 0.499268 0.0239563 0.038269 0.0438232 
55 0 0.0132904 0.989746 0.0271759 0.0203094 
54 0 0.992188 0.408447 0.015625 0.0541687 
51 0 0.039856 0.986328 0.0328979 0.0270844 
50 0 0.553223 0.560547 0.0343628 0.044281 
49 0 0.473145 0.416748 0.0414124 0.0583191 
46 0 0.486816 0.865723 0.0292969 0.0395813 
43 0 0.569336 0.103149 0.0289001 0.0353394 
42 0 0.301758 0.250244 0.0347595 0.0404968 
41 0 0.262451 0.36377 0.0310516 0.0401001 
34 0 0.584473 0.121887 0.03125 0.0395813 
32 0 0.243408 0.154175 0.0322266 0.0380249 
30 0 0.962402 0.890625 0.0335999 0.0369873 
29 0 0.0116882 0.772949 0.0233459 0.0369873 
27 0 0.234375 0.578125 0.0318298 0.0437622 
26 0 0.12915 0.199951 0.0396423 0.0541687 
23 0 0.655273 0.203125 0.0328064 0.039978 
22 0 0.283203 0.221924 0.0349731 0.0404968 
21 0 0.0828857 0.807129 0.0308075 0.0395813 
20 0 0.495605 0.75 0.0429688 0.0515747 
19 0 0.0890503 0.963379 0.0281677 0.0385437 
18 0 0.830566 0.435303 0.0328064 0.0416565 
17 0 0.192993 0.84668 0.0359497 0.0437622 
14 0 0.84668 0.755371 0.03125 0.0437622 
13 0 0.864746 0.412598 0.0328064 0.0416565 
12 0 0.936035 0.209717 0.0429688 0.0588684 
8 0 0.831055 0.983398 0.0273438 0.0333252 
7 0 0.709473 0.633301 0.03125 0.0385437 
6 0 0.839844 0.860352 0.0265656 0.0380249 
5 0 0.854004 0.229126 0.0437622 0.0533752 
4 0 0.602539 0.212524 0.0304718 0.0371094 
3 0 0.766602 0.0960693 0.0304718 0.0379028 
2 0 0.238281 0.85791 0.03302 0.0406189 
1 0 0.631348 0.60498 0.03125 0.0421753 
511 0 0.979004 0.86377 0.0265656 0.0317688 
508 0 0.638184 0.422852 0.0359497 0.0458374 
496 0 0.469482 0.466553 0.0328064 0.0499878 
464 0 0.765625 0.0362244 0.0316467 0.040741 
459 0 0.540527 0.985352 0.0339966 0.0286407 
444 0 0.650879 0.509766 0.0324097 0.0440063 
439 1 0.842285 0.146973 0.0304718 0.0379639 
438 0 0.990723 0.681152 0.015625 0.0416565 
423 0 0.57666 0.153931 0.0292969 0.0352783 
410 0 0.311035 0.19165 0.0339966 0.0415344 
288 0 0.364014 0.0369263 0.0341797 0.0428162 
247 0 0.260986 0.440674 0.0343628 0.0426941 
238 0 0.723633 0.773926 0.03125 0.0369873 
176 0 0.499268 0.0239563 0.038269 0.0438232 
55 0 0.0132904 0.989746 0.0271759 0.0203094 
54 0 0.992188 0.408447 0.015625 0.0541687 
51 0 0.039856 0.986328 0.0328979 0.0270844 
50 0 0.553223 0.560547 0.0343628 0.044281 
49 0 0.473145 0.416748 0.0414124 0.0583191 
46 0 0.486816 0.865723 0.0292969 0.0395813 
43 0 0.569336 0.103149 0.0289001 0.0353394 
42 0 0.301758 0.250244 0.0347595 0.0404968 
41 0 0.262451 0.36377 0.0310516 0.0401001 
34 0 0.584473 0.121887 0.03125 0.0395813 
32 0 0.243408 0.154175 0.0322266 0.0380249 
30 0 0.962402 0.890625 0.0335999 0.0369873 
29 0 0.0116882 0.772949 0.0233459 0.0369873 
27 0 0.234375 0.578125 0.0318298 0.0437622 
26 0 0.12915 0.199951 0.0396423 0.0541687 
23 0 0.655273 0.203125 0.0328064 0.039978 
22 0 0.283203 0.221924 0.0349731 0.0404968 
21 0 0.0828857 0.807129 0.0308075 0.0395813 
20 0 0.495605 0.75 0.0429688 0.0515747 
19 0 0.0890503 0.963379 0.0281677 0.0385437 
18 0 0.830566 0.435303 0.0328064 0.0416565 
17 0 0.192993 0.84668 0.0359497 0.0437622 
14 0 0.84668 0.755371 0.03125 0.0437622 
13 0 0.864746 0.412598 0.0328064 0.0416565 
12 0 0.936035 0.209717 0.0429688 0.0588684 
8 0 0.831055 0.983398 0.0273438 0.0333252 
7 0 0.709473 0.633301 0.03125 0.0385437 
6 0 0.839844 0.860352 0.0265656 0.0380249 
5 0 0.854004 0.229126 0.0437622 0.0533752 
4 0 0.602539 0.212524 0.0304718 0.0371094 
3 0 0.766602 0.0960693 0.0304718 0.0379028 
2 0 0.238281 0.85791 0.03302 0.0406189 
1 0 0.631348 0.60498 0.03125 0.0421753 
