248 0 0.978027 0.861328 0.0289001 0.0369873 
247 0 0.265137 0.435303 0.0302734 0.0367126 
246 0 0.740723 0.780273 0.0257874 0.0317688 
244 0 0.991211 0.678223 0.014061 0.0473938 
238 0 0.737305 0.758301 0.026947 0.0359497 
227 0 0.269043 0.4646 0.0294952 0.0369873 
221 0 0.0393372 0.375488 0.0359802 0.0476685 
208 0 0.308594 0.344727 0.0228577 0.0270844 
176 0 0.493652 0.0149689 0.03125 0.0309448 
140 0 0.637695 0.42041 0.0351562 0.0487061 
117 0 0.628906 0.804199 0.0359497 0.0416565 
55 0 0.0118027 0.989746 0.0242462 0.0208282 
54 0 0.993652 0.411377 0.0124969 0.0471497 
51 0 0.039917 0.985352 0.0324707 0.0291595 
50 0 0.581055 0.507324 0.03125 0.0393372 
49 0 0.492188 0.4021 0.03125 0.0416565 
46 0 0.486816 0.864746 0.0324097 0.0380249 
45 0 0.558594 0.921875 0.0304718 0.0348816 
44 0 0.579102 0.150757 0.0300751 0.0362549 
43 0 0.567383 0.103149 0.0308533 0.0388794 
42 0 0.219971 0.178101 0.0273438 0.0379028 
41 0 0.299561 0.319824 0.0306702 0.0395813 
40 0 0.541504 0.985352 0.0339966 0.0291595 
39 0 0.757812 0.451416 0.0300751 0.0375061 
35 0 0.00862885 0.279541 0.0177002 0.0472717 
34 0 0.584473 0.12085 0.03125 0.0414124 
32 0 0.27417 0.11908 0.0298767 0.0379028 
31 0 0.15918 0.340088 0.0324097 0.0395813 
30 0 0.98584 0.811523 0.0273438 0.0385437 
29 0 0.0208893 0.741699 0.0301514 0.044281 
27 0 0.233643 0.577148 0.0292969 0.0416565 
26 0 0.13208 0.194824 0.03302 0.0436096 
23 0 0.664062 0.167725 0.0343628 0.0391846 
22 0 0.282715 0.218506 0.0341797 0.040741 
21 0 0.0836182 0.806152 0.0296936 0.0375061 
20 0 0.505859 0.733398 0.0414124 0.0541687 
19 0 0.0889893 0.964355 0.0305634 0.0375061 
18 0 0.828125 0.435303 0.0343628 0.0426941 
17 0 0.193237 0.844727 0.0318298 0.0390625 
16 0 0.334473 0.437012 0.0333862 0.0408936 
14 0 0.851562 0.75 0.0359497 0.0458374 
13 0 0.866211 0.409424 0.0328064 0.044281 
12 0 0.935059 0.207764 0.0406189 0.0578003 
8 0 0.834961 0.97168 0.0296936 0.0390625 
7 0 0.708496 0.632324 0.0320435 0.0401001 
6 0 0.845215 0.846191 0.0289001 0.0354309 
5 0 0.853027 0.229126 0.046875 0.0541687 
4 0 0.603027 0.211304 0.0308533 0.0395813 
3 0 0.772461 0.0750122 0.0320435 0.0411987 
2 0 0.240601 0.854004 0.03125 0.0416565 
1 0 0.634277 0.572754 0.0300751 0.0401001 
248 0 0.978027 0.861328 0.0289001 0.0369873 
247 0 0.265137 0.435303 0.0302734 0.0367126 
246 0 0.740723 0.780273 0.0257874 0.0317688 
244 0 0.991211 0.678223 0.014061 0.0473938 
238 0 0.737305 0.758301 0.026947 0.0359497 
227 0 0.269043 0.4646 0.0294952 0.0369873 
221 0 0.0393372 0.375488 0.0359802 0.0476685 
208 0 0.308594 0.344727 0.0228577 0.0270844 
176 0 0.493652 0.0149689 0.03125 0.0309448 
140 0 0.637695 0.42041 0.0351562 0.0487061 
117 0 0.628906 0.804199 0.0359497 0.0416565 
55 0 0.0118027 0.989746 0.0242462 0.0208282 
54 0 0.993652 0.411377 0.0124969 0.0471497 
51 0 0.039917 0.985352 0.0324707 0.0291595 
50 0 0.581055 0.507324 0.03125 0.0393372 
49 0 0.492188 0.4021 0.03125 0.0416565 
46 0 0.486816 0.864746 0.0324097 0.0380249 
45 0 0.558594 0.921875 0.0304718 0.0348816 
44 0 0.579102 0.150757 0.0300751 0.0362549 
43 0 0.567383 0.103149 0.0308533 0.0388794 
42 0 0.219971 0.178101 0.0273438 0.0379028 
41 0 0.299561 0.319824 0.0306702 0.0395813 
40 0 0.541504 0.985352 0.0339966 0.0291595 
39 0 0.757812 0.451416 0.0300751 0.0375061 
35 0 0.00862885 0.279541 0.0177002 0.0472717 
34 0 0.584473 0.12085 0.03125 0.0414124 
32 0 0.27417 0.11908 0.0298767 0.0379028 
31 0 0.15918 0.340088 0.0324097 0.0395813 
30 0 0.98584 0.811523 0.0273438 0.0385437 
29 0 0.0208893 0.741699 0.0301514 0.044281 
27 0 0.233643 0.577148 0.0292969 0.0416565 
26 0 0.13208 0.194824 0.03302 0.0436096 
23 0 0.664062 0.167725 0.0343628 0.0391846 
22 0 0.282715 0.218506 0.0341797 0.040741 
21 0 0.0836182 0.806152 0.0296936 0.0375061 
20 0 0.505859 0.733398 0.0414124 0.0541687 
19 0 0.0889893 0.964355 0.0305634 0.0375061 
18 0 0.828125 0.435303 0.0343628 0.0426941 
17 0 0.193237 0.844727 0.0318298 0.0390625 
16 0 0.334473 0.437012 0.0333862 0.0408936 
14 0 0.851562 0.75 0.0359497 0.0458374 
13 0 0.866211 0.409424 0.0328064 0.044281 
12 0 0.935059 0.207764 0.0406189 0.0578003 
8 0 0.834961 0.97168 0.0296936 0.0390625 
7 0 0.708496 0.632324 0.0320435 0.0401001 
6 0 0.845215 0.846191 0.0289001 0.0354309 
5 0 0.853027 0.229126 0.046875 0.0541687 
4 0 0.603027 0.211304 0.0308533 0.0395813 
3 0 0.772461 0.0750122 0.0320435 0.0411987 
2 0 0.240601 0.854004 0.03125 0.0416565 
1 0 0.634277 0.572754 0.0300751 0.0401001 
