65 0 0.764648 0.604004 0.0324097 0.0401001 
59 0 0.479004 0.794434 0.0316467 0.0385437 
56 0 0.563477 0.160767 0.0265656 0.0348816 
55 0 0.0132599 0.990723 0.0259705 0.0187531 
54 0 0.994629 0.408936 0.0109406 0.0513 
53 0 0.00543976 0.0905151 0.0112228 0.0493469 
51 0 0.0392456 0.984375 0.0333862 0.0307312 
50 0 0.586914 0.486572 0.0316467 0.0395813 
49 0 0.501465 0.384277 0.03125 0.0359497 
48 0 0.745117 0.742676 0.0292969 0.0369873 
47 0 0.0718384 0.205444 0.0293884 0.0394592 
46 0 0.488281 0.865723 0.0296936 0.0380249 
45 0 0.585938 0.873047 0.0320435 0.0385437 
44 0 0.578125 0.150024 0.0281219 0.0340576 
43 0 0.568848 0.098938 0.0316467 0.0391235 
42 0 0.190796 0.120056 0.0274353 0.0376892 
41 0 0.315674 0.305176 0.0246124 0.0395813 
40 0 0.541504 0.985352 0.0328064 0.0291595 
39 0 0.75293 0.857422 0.0324097 0.0390625 
38 0 0.170898 0.577637 0.0317383 0.0406189 
37 0 0.90625 0.651855 0.0304718 0.0348816 
36 0 0.649414 0.985352 0.0332031 0.033844 
35 0 0.0202332 0.221924 0.0341797 0.044281 
34 0 0.584473 0.121643 0.03125 0.0383606 
32 0 0.310059 0.0958252 0.0265656 0.0376892 
31 0 0.375 0.732422 0.0345764 0.0447998 
30 0 0.98584 0.768555 0.0273438 0.0380249 
29 0 0.0297089 0.727051 0.0310059 0.0416565 
28 0 0.699707 0.990234 0.0281219 0.0177155 
27 0 0.239014 0.578125 0.0281219 0.0395813 
26 0 0.133545 0.193481 0.03302 0.0451965 
25 0 0.574707 0.244629 0.0320435 0.0403748 
24 0 0.27417 0.412598 0.0296936 0.0375061 
23 0 0.660156 0.178955 0.0320435 0.0428467 
22 0 0.283691 0.217651 0.0328064 0.0395813 
21 0 0.0836182 0.804688 0.0293427 0.0364685 
20 0 0.514648 0.719238 0.0421753 0.0489502 
19 0 0.0890503 0.963379 0.0309143 0.0395813 
18 0 0.827148 0.432373 0.0328064 0.0437622 
17 0 0.191406 0.844727 0.0296936 0.0364685 
16 0 0.440674 0.133301 0.026947 0.0353394 
15 0 0.0460815 0.358887 0.0326538 0.0408936 
14 0 0.854004 0.748047 0.0328064 0.0458374 
13 0 0.868652 0.408447 0.03125 0.0416565 
12 0 0.936035 0.207275 0.038269 0.0522156 
11 0 0.757812 0.0609131 0.0316467 0.0366516 
10 0 0.674316 0.131226 0.0359497 0.0414124 
9 0 0.637695 0.420898 0.035553 0.0466003 
8 0 0.836914 0.962402 0.0296936 0.0375061 
7 0 0.708008 0.640625 0.0289001 0.0390625 
6 0 0.84668 0.837402 0.0281219 0.0375061 
5 0 0.853027 0.227051 0.0460815 0.0541687 
4 0 0.601562 0.211182 0.0320435 0.0447998 
3 0 0.769043 0.0646362 0.0320435 0.0389709 
2 0 0.242188 0.851074 0.0308533 0.0416565 
1 0 0.645996 0.5625 0.0289001 0.0375061 
65 0 0.764648 0.604004 0.0324097 0.0401001 
59 0 0.479004 0.794434 0.0316467 0.0385437 
56 0 0.563477 0.160767 0.0265656 0.0348816 
55 0 0.0132599 0.990723 0.0259705 0.0187531 
54 0 0.994629 0.408936 0.0109406 0.0513 
53 0 0.00543976 0.0905151 0.0112228 0.0493469 
51 0 0.0392456 0.984375 0.0333862 0.0307312 
50 0 0.586914 0.486572 0.0316467 0.0395813 
49 0 0.501465 0.384277 0.03125 0.0359497 
48 0 0.745117 0.742676 0.0292969 0.0369873 
47 0 0.0718384 0.205444 0.0293884 0.0394592 
46 0 0.488281 0.865723 0.0296936 0.0380249 
45 0 0.585938 0.873047 0.0320435 0.0385437 
44 0 0.578125 0.150024 0.0281219 0.0340576 
43 0 0.568848 0.098938 0.0316467 0.0391235 
42 0 0.190796 0.120056 0.0274353 0.0376892 
41 0 0.315674 0.305176 0.0246124 0.0395813 
40 0 0.541504 0.985352 0.0328064 0.0291595 
39 0 0.75293 0.857422 0.0324097 0.0390625 
38 0 0.170898 0.577637 0.0317383 0.0406189 
37 0 0.90625 0.651855 0.0304718 0.0348816 
36 0 0.649414 0.985352 0.0332031 0.033844 
35 0 0.0202332 0.221924 0.0341797 0.044281 
34 0 0.584473 0.121643 0.03125 0.0383606 
32 0 0.310059 0.0958252 0.0265656 0.0376892 
31 0 0.375 0.732422 0.0345764 0.0447998 
30 0 0.98584 0.768555 0.0273438 0.0380249 
29 0 0.0297089 0.727051 0.0310059 0.0416565 
28 0 0.699707 0.990234 0.0281219 0.0177155 
27 0 0.239014 0.578125 0.0281219 0.0395813 
26 0 0.133545 0.193481 0.03302 0.0451965 
25 0 0.574707 0.244629 0.0320435 0.0403748 
24 0 0.27417 0.412598 0.0296936 0.0375061 
23 0 0.660156 0.178955 0.0320435 0.0428467 
22 0 0.283691 0.217651 0.0328064 0.0395813 
21 0 0.0836182 0.804688 0.0293427 0.0364685 
20 0 0.514648 0.719238 0.0421753 0.0489502 
19 0 0.0890503 0.963379 0.0309143 0.0395813 
18 0 0.827148 0.432373 0.0328064 0.0437622 
17 0 0.191406 0.844727 0.0296936 0.0364685 
16 0 0.440674 0.133301 0.026947 0.0353394 
15 0 0.0460815 0.358887 0.0326538 0.0408936 
14 0 0.854004 0.748047 0.0328064 0.0458374 
13 0 0.868652 0.408447 0.03125 0.0416565 
12 0 0.936035 0.207275 0.038269 0.0522156 
11 0 0.757812 0.0609131 0.0316467 0.0366516 
10 0 0.674316 0.131226 0.0359497 0.0414124 
9 0 0.637695 0.420898 0.035553 0.0466003 
8 0 0.836914 0.962402 0.0296936 0.0375061 
7 0 0.708008 0.640625 0.0289001 0.0390625 
6 0 0.84668 0.837402 0.0281219 0.0375061 
5 0 0.853027 0.227051 0.0460815 0.0541687 
4 0 0.601562 0.211182 0.0320435 0.0447998 
3 0 0.769043 0.0646362 0.0320435 0.0389709 
2 0 0.242188 0.851074 0.0308533 0.0416565 
1 0 0.645996 0.5625 0.0289001 0.0375061 
65 0 0.764648 0.604004 0.0324097 0.0401001 
59 0 0.479004 0.794434 0.0316467 0.0385437 
56 0 0.563477 0.160767 0.0265656 0.0348816 
55 0 0.0132599 0.990723 0.0259705 0.0187531 
54 0 0.994629 0.408936 0.0109406 0.0513 
53 0 0.00543976 0.0905151 0.0112228 0.0493469 
51 0 0.0392456 0.984375 0.0333862 0.0307312 
50 0 0.586914 0.486572 0.0316467 0.0395813 
49 0 0.501465 0.384277 0.03125 0.0359497 
48 0 0.745117 0.742676 0.0292969 0.0369873 
47 0 0.0718384 0.205444 0.0293884 0.0394592 
46 0 0.488281 0.865723 0.0296936 0.0380249 
45 0 0.585938 0.873047 0.0320435 0.0385437 
44 0 0.578125 0.150024 0.0281219 0.0340576 
43 0 0.568848 0.098938 0.0316467 0.0391235 
42 0 0.190796 0.120056 0.0274353 0.0376892 
41 0 0.315674 0.305176 0.0246124 0.0395813 
40 0 0.541504 0.985352 0.0328064 0.0291595 
39 0 0.75293 0.857422 0.0324097 0.0390625 
38 0 0.170898 0.577637 0.0317383 0.0406189 
37 0 0.90625 0.651855 0.0304718 0.0348816 
36 0 0.649414 0.985352 0.0332031 0.033844 
35 0 0.0202332 0.221924 0.0341797 0.044281 
34 0 0.584473 0.121643 0.03125 0.0383606 
32 0 0.310059 0.0958252 0.0265656 0.0376892 
31 0 0.375 0.732422 0.0345764 0.0447998 
30 0 0.98584 0.768555 0.0273438 0.0380249 
29 0 0.0297089 0.727051 0.0310059 0.0416565 
28 0 0.699707 0.990234 0.0281219 0.0177155 
27 0 0.239014 0.578125 0.0281219 0.0395813 
26 0 0.133545 0.193481 0.03302 0.0451965 
25 0 0.574707 0.244629 0.0320435 0.0403748 
24 0 0.27417 0.412598 0.0296936 0.0375061 
23 0 0.660156 0.178955 0.0320435 0.0428467 
22 0 0.283691 0.217651 0.0328064 0.0395813 
21 0 0.0836182 0.804688 0.0293427 0.0364685 
20 0 0.514648 0.719238 0.0421753 0.0489502 
19 0 0.0890503 0.963379 0.0309143 0.0395813 
18 0 0.827148 0.432373 0.0328064 0.0437622 
17 0 0.191406 0.844727 0.0296936 0.0364685 
16 0 0.440674 0.133301 0.026947 0.0353394 
15 0 0.0460815 0.358887 0.0326538 0.0408936 
14 0 0.854004 0.748047 0.0328064 0.0458374 
13 0 0.868652 0.408447 0.03125 0.0416565 
12 0 0.936035 0.207275 0.038269 0.0522156 
11 0 0.757812 0.0609131 0.0316467 0.0366516 
10 0 0.674316 0.131226 0.0359497 0.0414124 
9 0 0.637695 0.420898 0.035553 0.0466003 
8 0 0.836914 0.962402 0.0296936 0.0375061 
7 0 0.708008 0.640625 0.0289001 0.0390625 
6 0 0.84668 0.837402 0.0281219 0.0375061 
5 0 0.853027 0.227051 0.0460815 0.0541687 
4 0 0.601562 0.211182 0.0320435 0.0447998 
3 0 0.769043 0.0646362 0.0320435 0.0389709 
2 0 0.242188 0.851074 0.0308533 0.0416565 
1 0 0.645996 0.5625 0.0289001 0.0375061 
65 0 0.764648 0.604004 0.0324097 0.0401001 
59 0 0.479004 0.794434 0.0316467 0.0385437 
56 0 0.563477 0.160767 0.0265656 0.0348816 
55 0 0.0132599 0.990723 0.0259705 0.0187531 
54 0 0.994629 0.408936 0.0109406 0.0513 
53 0 0.00543976 0.0905151 0.0112228 0.0493469 
51 0 0.0392456 0.984375 0.0333862 0.0307312 
50 0 0.586914 0.486572 0.0316467 0.0395813 
49 0 0.501465 0.384277 0.03125 0.0359497 
48 0 0.745117 0.742676 0.0292969 0.0369873 
47 0 0.0718384 0.205444 0.0293884 0.0394592 
46 0 0.488281 0.865723 0.0296936 0.0380249 
45 0 0.585938 0.873047 0.0320435 0.0385437 
44 0 0.578125 0.150024 0.0281219 0.0340576 
43 0 0.568848 0.098938 0.0316467 0.0391235 
42 0 0.190796 0.120056 0.0274353 0.0376892 
41 0 0.315674 0.305176 0.0246124 0.0395813 
40 0 0.541504 0.985352 0.0328064 0.0291595 
39 0 0.75293 0.857422 0.0324097 0.0390625 
38 0 0.170898 0.577637 0.0317383 0.0406189 
37 0 0.90625 0.651855 0.0304718 0.0348816 
36 0 0.649414 0.985352 0.0332031 0.033844 
35 0 0.0202332 0.221924 0.0341797 0.044281 
34 0 0.584473 0.121643 0.03125 0.0383606 
32 0 0.310059 0.0958252 0.0265656 0.0376892 
31 0 0.375 0.732422 0.0345764 0.0447998 
30 0 0.98584 0.768555 0.0273438 0.0380249 
29 0 0.0297089 0.727051 0.0310059 0.0416565 
28 0 0.699707 0.990234 0.0281219 0.0177155 
27 0 0.239014 0.578125 0.0281219 0.0395813 
26 0 0.133545 0.193481 0.03302 0.0451965 
25 0 0.574707 0.244629 0.0320435 0.0403748 
24 0 0.27417 0.412598 0.0296936 0.0375061 
23 0 0.660156 0.178955 0.0320435 0.0428467 
22 0 0.283691 0.217651 0.0328064 0.0395813 
21 0 0.0836182 0.804688 0.0293427 0.0364685 
20 0 0.514648 0.719238 0.0421753 0.0489502 
19 0 0.0890503 0.963379 0.0309143 0.0395813 
18 0 0.827148 0.432373 0.0328064 0.0437622 
17 0 0.191406 0.844727 0.0296936 0.0364685 
16 0 0.440674 0.133301 0.026947 0.0353394 
15 0 0.0460815 0.358887 0.0326538 0.0408936 
14 0 0.854004 0.748047 0.0328064 0.0458374 
13 0 0.868652 0.408447 0.03125 0.0416565 
12 0 0.936035 0.207275 0.038269 0.0522156 
11 0 0.757812 0.0609131 0.0316467 0.0366516 
10 0 0.674316 0.131226 0.0359497 0.0414124 
9 0 0.637695 0.420898 0.035553 0.0466003 
8 0 0.836914 0.962402 0.0296936 0.0375061 
7 0 0.708008 0.640625 0.0289001 0.0390625 
6 0 0.84668 0.837402 0.0281219 0.0375061 
5 0 0.853027 0.227051 0.0460815 0.0541687 
4 0 0.601562 0.211182 0.0320435 0.0447998 
3 0 0.769043 0.0646362 0.0320435 0.0389709 
2 0 0.242188 0.851074 0.0308533 0.0416565 
1 0 0.645996 0.5625 0.0289001 0.0375061 
65 0 0.764648 0.604004 0.0324097 0.0401001 
59 0 0.479004 0.794434 0.0316467 0.0385437 
56 0 0.563477 0.160767 0.0265656 0.0348816 
55 0 0.0132599 0.990723 0.0259705 0.0187531 
54 0 0.994629 0.408936 0.0109406 0.0513 
53 0 0.00543976 0.0905151 0.0112228 0.0493469 
51 0 0.0392456 0.984375 0.0333862 0.0307312 
50 0 0.586914 0.486572 0.0316467 0.0395813 
49 0 0.501465 0.384277 0.03125 0.0359497 
48 0 0.745117 0.742676 0.0292969 0.0369873 
47 0 0.0718384 0.205444 0.0293884 0.0394592 
46 0 0.488281 0.865723 0.0296936 0.0380249 
45 0 0.585938 0.873047 0.0320435 0.0385437 
44 0 0.578125 0.150024 0.0281219 0.0340576 
43 0 0.568848 0.098938 0.0316467 0.0391235 
42 0 0.190796 0.120056 0.0274353 0.0376892 
41 0 0.315674 0.305176 0.0246124 0.0395813 
40 0 0.541504 0.985352 0.0328064 0.0291595 
39 0 0.75293 0.857422 0.0324097 0.0390625 
38 0 0.170898 0.577637 0.0317383 0.0406189 
37 0 0.90625 0.651855 0.0304718 0.0348816 
36 0 0.649414 0.985352 0.0332031 0.033844 
35 0 0.0202332 0.221924 0.0341797 0.044281 
34 0 0.584473 0.121643 0.03125 0.0383606 
32 0 0.310059 0.0958252 0.0265656 0.0376892 
31 0 0.375 0.732422 0.0345764 0.0447998 
30 0 0.98584 0.768555 0.0273438 0.0380249 
29 0 0.0297089 0.727051 0.0310059 0.0416565 
28 0 0.699707 0.990234 0.0281219 0.0177155 
27 0 0.239014 0.578125 0.0281219 0.0395813 
26 0 0.133545 0.193481 0.03302 0.0451965 
25 0 0.574707 0.244629 0.0320435 0.0403748 
24 0 0.27417 0.412598 0.0296936 0.0375061 
23 0 0.660156 0.178955 0.0320435 0.0428467 
22 0 0.283691 0.217651 0.0328064 0.0395813 
21 0 0.0836182 0.804688 0.0293427 0.0364685 
20 0 0.514648 0.719238 0.0421753 0.0489502 
19 0 0.0890503 0.963379 0.0309143 0.0395813 
18 0 0.827148 0.432373 0.0328064 0.0437622 
17 0 0.191406 0.844727 0.0296936 0.0364685 
16 0 0.440674 0.133301 0.026947 0.0353394 
15 0 0.0460815 0.358887 0.0326538 0.0408936 
14 0 0.854004 0.748047 0.0328064 0.0458374 
13 0 0.868652 0.408447 0.03125 0.0416565 
12 0 0.936035 0.207275 0.038269 0.0522156 
11 0 0.757812 0.0609131 0.0316467 0.0366516 
10 0 0.674316 0.131226 0.0359497 0.0414124 
9 0 0.637695 0.420898 0.035553 0.0466003 
8 0 0.836914 0.962402 0.0296936 0.0375061 
7 0 0.708008 0.640625 0.0289001 0.0390625 
6 0 0.84668 0.837402 0.0281219 0.0375061 
5 0 0.853027 0.227051 0.0460815 0.0541687 
4 0 0.601562 0.211182 0.0320435 0.0447998 
3 0 0.769043 0.0646362 0.0320435 0.0389709 
2 0 0.242188 0.851074 0.0308533 0.0416565 
1 0 0.645996 0.5625 0.0289001 0.0375061 
65 0 0.764648 0.604004 0.0324097 0.0401001 
59 0 0.479004 0.794434 0.0316467 0.0385437 
56 0 0.563477 0.160767 0.0265656 0.0348816 
55 0 0.0132599 0.990723 0.0259705 0.0187531 
54 0 0.994629 0.408936 0.0109406 0.0513 
53 0 0.00543976 0.0905151 0.0112228 0.0493469 
51 0 0.0392456 0.984375 0.0333862 0.0307312 
50 0 0.586914 0.486572 0.0316467 0.0395813 
49 0 0.501465 0.384277 0.03125 0.0359497 
48 0 0.745117 0.742676 0.0292969 0.0369873 
47 0 0.0718384 0.205444 0.0293884 0.0394592 
46 0 0.488281 0.865723 0.0296936 0.0380249 
45 0 0.585938 0.873047 0.0320435 0.0385437 
44 0 0.578125 0.150024 0.0281219 0.0340576 
43 0 0.568848 0.098938 0.0316467 0.0391235 
42 0 0.190796 0.120056 0.0274353 0.0376892 
41 0 0.315674 0.305176 0.0246124 0.0395813 
40 0 0.541504 0.985352 0.0328064 0.0291595 
39 0 0.75293 0.857422 0.0324097 0.0390625 
38 0 0.170898 0.577637 0.0317383 0.0406189 
37 0 0.90625 0.651855 0.0304718 0.0348816 
36 0 0.649414 0.985352 0.0332031 0.033844 
35 0 0.0202332 0.221924 0.0341797 0.044281 
34 0 0.584473 0.121643 0.03125 0.0383606 
32 0 0.310059 0.0958252 0.0265656 0.0376892 
31 0 0.375 0.732422 0.0345764 0.0447998 
30 0 0.98584 0.768555 0.0273438 0.0380249 
29 0 0.0297089 0.727051 0.0310059 0.0416565 
28 0 0.699707 0.990234 0.0281219 0.0177155 
27 0 0.239014 0.578125 0.0281219 0.0395813 
26 0 0.133545 0.193481 0.03302 0.0451965 
25 0 0.574707 0.244629 0.0320435 0.0403748 
24 0 0.27417 0.412598 0.0296936 0.0375061 
23 0 0.660156 0.178955 0.0320435 0.0428467 
22 0 0.283691 0.217651 0.0328064 0.0395813 
21 0 0.0836182 0.804688 0.0293427 0.0364685 
20 0 0.514648 0.719238 0.0421753 0.0489502 
19 0 0.0890503 0.963379 0.0309143 0.0395813 
18 0 0.827148 0.432373 0.0328064 0.0437622 
17 0 0.191406 0.844727 0.0296936 0.0364685 
16 0 0.440674 0.133301 0.026947 0.0353394 
15 0 0.0460815 0.358887 0.0326538 0.0408936 
14 0 0.854004 0.748047 0.0328064 0.0458374 
13 0 0.868652 0.408447 0.03125 0.0416565 
12 0 0.936035 0.207275 0.038269 0.0522156 
11 0 0.757812 0.0609131 0.0316467 0.0366516 
10 0 0.674316 0.131226 0.0359497 0.0414124 
9 0 0.637695 0.420898 0.035553 0.0466003 
8 0 0.836914 0.962402 0.0296936 0.0375061 
7 0 0.708008 0.640625 0.0289001 0.0390625 
6 0 0.84668 0.837402 0.0281219 0.0375061 
5 0 0.853027 0.227051 0.0460815 0.0541687 
4 0 0.601562 0.211182 0.0320435 0.0447998 
3 0 0.769043 0.0646362 0.0320435 0.0389709 
2 0 0.242188 0.851074 0.0308533 0.0416565 
1 0 0.645996 0.5625 0.0289001 0.0375061 
