401 0 0.654785 0.927246 0.0406189 0.0541687 
399 0 0.638184 0.420898 0.0390625 0.0507812 
398 0 0.57666 0.152588 0.0292969 0.0352783 
396 0 0.471191 0.467285 0.0335999 0.0497437 
394 0 0.604004 0.518555 0.0347595 0.0419312 
386 0 0.311035 0.189331 0.0326233 0.0371094 
383 0 0.057312 0.0712891 0.0344849 0.0434875 
374 0 0.990723 0.679199 0.0148468 0.0499878 
347 0 0.924805 0.248413 0.0351562 0.0428467 
344 0 0.776367 0.0167389 0.0351562 0.0286713 
343 0 0.0950317 0.287598 0.0354919 0.0466003 
333 0 0.00546265 0.324951 0.010849 0.0453186 
281 0 0.366455 0.0259552 0.0326233 0.0386353 
258 0 0.513184 0.0145569 0.0273438 0.0252075 
245 0 0.260254 0.438965 0.0332031 0.0408936 
236 0 0.725586 0.773926 0.0296936 0.0354309 
178 0 0.500977 0.0218658 0.0328064 0.0387573 
122 0 0.65625 0.192749 0.0371094 0.0437622 
55 0 0.0140533 0.989746 0.0278015 0.0208282 
54 0 0.992188 0.408691 0.015625 0.0515747 
51 0 0.0388489 0.985352 0.0350952 0.0265656 
50 0 0.567871 0.540039 0.0351562 0.0440063 
49 0 0.478027 0.412598 0.0375061 0.0499878 
46 0 0.486816 0.865723 0.0296936 0.0432434 
45 0 0.530273 0.981445 0.0332031 0.033844 
43 0 0.569336 0.103149 0.0296936 0.0354309 
42 0 0.263672 0.232788 0.0351562 0.0404968 
41 0 0.27417 0.353027 0.0296936 0.0393372 
40 0 0.538086 0.986328 0.0347595 0.0270844 
39 0 0.678711 0.0640869 0.03125 0.0385437 
34 0 0.584473 0.121094 0.03125 0.0380249 
32 0 0.249268 0.144409 0.0326233 0.038208 
30 0 0.973633 0.862305 0.0367126 0.044281 
29 0 0.0140381 0.770996 0.0251923 0.0416565 
27 0 0.234375 0.578125 0.03125 0.0437622 
26 0 0.129639 0.198975 0.0380859 0.0487061 
22 0 0.283936 0.218872 0.0343628 0.0403748 
21 0 0.0842896 0.805176 0.0306091 0.0395813 
20 0 0.496826 0.744141 0.042572 0.0489502 
19 0 0.0898438 0.964355 0.0296936 0.0375061 
18 0 0.82959 0.435303 0.0328064 0.0416565 
17 0 0.192993 0.845703 0.0362244 0.0458374 
16 0 0.0877686 0.547363 0.03302 0.0395813 
14 0 0.847656 0.755371 0.0328064 0.0437622 
13 0 0.864258 0.412842 0.0343628 0.044281 
12 0 0.936035 0.206299 0.0375061 0.0515747 
8 0 0.831055 0.981445 0.0281219 0.0333252 
7 0 0.709473 0.633789 0.03125 0.0385437 
6 0 0.841309 0.857422 0.0265656 0.0395813 
5 0 0.853027 0.229126 0.0429688 0.0501404 
4 0 0.602539 0.213745 0.0292969 0.0390625 
3 0 0.768555 0.088501 0.0308533 0.0368347 
2 0 0.239868 0.856445 0.0328064 0.0401001 
1 0 0.62793 0.591797 0.0328064 0.0426941 
