615 0 0.578125 0.150024 0.03125 0.0377502 
604 0 0.601562 0.210327 0.03125 0.0390625 
579 2 0.0111847 0.727051 0.023468 0.0416565 
562 0 0.959961 0.411377 0.0296936 0.038269 
547 0 0.637695 0.421875 0.0371094 0.0437622 
535 0 0.992188 0.685547 0.015625 0.0426941 
534 0 0.50293 0.0187836 0.0308533 0.0334778 
464 0 0.744629 0.0783081 0.0339966 0.0420837 
459 0 0.541504 0.985352 0.0324097 0.0291595 
444 0 0.801758 0.394287 0.0351562 0.0375061 
288 0 0.35791 0.0534058 0.03125 0.0365295 
247 0 0.261719 0.439697 0.0324097 0.0372314 
238 0 0.719727 0.78125 0.0296936 0.0348816 
176 0 0.48584 0.0406189 0.0308533 0.0394897 
55 0 0.0132675 0.990723 0.0265808 0.0187531 
54 0 0.992188 0.411377 0.0171814 0.0518188 
51 0 0.0406494 0.986816 0.0314026 0.0260468 
50 0 0.53418 0.587402 0.0339966 0.0416565 
49 0 0.464111 0.432373 0.0394592 0.0562439 
46 0 0.48584 0.864746 0.03125 0.0426941 
43 0 0.568848 0.103516 0.0292969 0.0364685 
42 0 0.314453 0.227051 0.0333862 0.0406189 
41 0 0.246094 0.371826 0.0296936 0.0395813 
34 0 0.583008 0.121887 0.0343628 0.0430298 
32 0 0.240601 0.159912 0.0304718 0.0332031 
30 0 0.944336 0.931641 0.0328064 0.0375061 
29 0 0.00622177 0.795898 0.0125504 0.0380249 
27 0 0.233643 0.576172 0.0296936 0.044281 
26 0 0.130493 0.198975 0.035553 0.0473938 
23 0 0.637695 0.234375 0.0347595 0.0404968 
22 0 0.273926 0.234375 0.0333862 0.0393372 
21 0 0.0843506 0.805176 0.0281219 0.0359497 
20 0 0.489014 0.751953 0.0418091 0.0458374 
19 0 0.0892334 0.962402 0.0309143 0.0416565 
18 0 0.828125 0.433838 0.0335999 0.04245 
17 0 0.192139 0.845703 0.0343628 0.0416565 
14 0 0.842285 0.753418 0.0343628 0.0489502 
13 0 0.864258 0.413574 0.0320435 0.0401001 
12 0 0.936035 0.209351 0.038269 0.0562439 
8 0 0.824219 0.987305 0.0265656 0.0249939 
7 0 0.709473 0.631348 0.0328064 0.0416565 
6 0 0.834961 0.869141 0.0265656 0.0406189 
5 0 0.851562 0.235474 0.0414124 0.0499878 
3 0 0.760254 0.10144 0.0328064 0.0378113 
2 0 0.236694 0.856445 0.0300751 0.0385437 
1 0 0.631836 0.611328 0.0328064 0.0406189 
615 0 0.578125 0.150024 0.03125 0.0377502 
604 0 0.601562 0.210327 0.03125 0.0390625 
579 2 0.0111847 0.727051 0.023468 0.0416565 
562 0 0.959961 0.411377 0.0296936 0.038269 
547 0 0.637695 0.421875 0.0371094 0.0437622 
535 0 0.992188 0.685547 0.015625 0.0426941 
534 0 0.50293 0.0187836 0.0308533 0.0334778 
464 0 0.744629 0.0783081 0.0339966 0.0420837 
459 0 0.541504 0.985352 0.0324097 0.0291595 
444 0 0.801758 0.394287 0.0351562 0.0375061 
288 0 0.35791 0.0534058 0.03125 0.0365295 
247 0 0.261719 0.439697 0.0324097 0.0372314 
238 0 0.719727 0.78125 0.0296936 0.0348816 
176 0 0.48584 0.0406189 0.0308533 0.0394897 
55 0 0.0132675 0.990723 0.0265808 0.0187531 
54 0 0.992188 0.411377 0.0171814 0.0518188 
51 0 0.0406494 0.986816 0.0314026 0.0260468 
50 0 0.53418 0.587402 0.0339966 0.0416565 
49 0 0.464111 0.432373 0.0394592 0.0562439 
46 0 0.48584 0.864746 0.03125 0.0426941 
43 0 0.568848 0.103516 0.0292969 0.0364685 
42 0 0.314453 0.227051 0.0333862 0.0406189 
41 0 0.246094 0.371826 0.0296936 0.0395813 
34 0 0.583008 0.121887 0.0343628 0.0430298 
32 0 0.240601 0.159912 0.0304718 0.0332031 
30 0 0.944336 0.931641 0.0328064 0.0375061 
29 0 0.00622177 0.795898 0.0125504 0.0380249 
27 0 0.233643 0.576172 0.0296936 0.044281 
26 0 0.130493 0.198975 0.035553 0.0473938 
23 0 0.637695 0.234375 0.0347595 0.0404968 
22 0 0.273926 0.234375 0.0333862 0.0393372 
21 0 0.0843506 0.805176 0.0281219 0.0359497 
20 0 0.489014 0.751953 0.0418091 0.0458374 
19 0 0.0892334 0.962402 0.0309143 0.0416565 
18 0 0.828125 0.433838 0.0335999 0.04245 
17 0 0.192139 0.845703 0.0343628 0.0416565 
14 0 0.842285 0.753418 0.0343628 0.0489502 
13 0 0.864258 0.413574 0.0320435 0.0401001 
12 0 0.936035 0.209351 0.038269 0.0562439 
8 0 0.824219 0.987305 0.0265656 0.0249939 
7 0 0.709473 0.631348 0.0328064 0.0416565 
6 0 0.834961 0.869141 0.0265656 0.0406189 
5 0 0.851562 0.235474 0.0414124 0.0499878 
3 0 0.760254 0.10144 0.0328064 0.0378113 
2 0 0.236694 0.856445 0.0300751 0.0385437 
1 0 0.631836 0.611328 0.0328064 0.0406189 
