467 0 0.308594 0.806152 0.0261688 0.0343628 
465 0 0.628906 0.804199 0.0359497 0.0421753 
464 0 0.770508 0.0221863 0.0343628 0.0370178 
459 0 0.540039 0.98877 0.0308533 0.0229187 
444 0 0.653809 0.560547 0.0300751 0.0401001 
439 1 0.899902 0.193115 0.0328064 0.0414124 
438 0 0.991211 0.679199 0.014061 0.0458374 
431 0 0.279297 0.394287 0.0244141 0.0302124 
423 0 0.577148 0.153076 0.0273438 0.0347595 
410 0 0.310059 0.190674 0.0300751 0.0372314 
355 0 0.0258331 0.255127 0.0360107 0.0453186 
288 0 0.365723 0.0302582 0.0341797 0.0402527 
260 0 0.512695 0.0157623 0.0273438 0.0278931 
247 0 0.260986 0.439697 0.0343628 0.0414124 
238 0 0.724121 0.773926 0.0304718 0.0354309 
227 0 0.0392761 0.570312 0.0317993 0.0395813 
176 0 0.5 0.0229187 0.0335999 0.0375671 
55 0 0.0145874 0.989746 0.0283966 0.0208282 
54 0 0.992188 0.410156 0.015625 0.0531311 
51 0 0.0395508 0.986328 0.0335999 0.0270844 
50 0 0.558594 0.541504 0.0332031 0.0390625 
49 0 0.476562 0.412598 0.035553 0.046875 
46 0 0.486816 0.865723 0.0296936 0.0421753 
45 0 0.526367 0.98877 0.0332031 0.0244751 
43 0 0.569336 0.103149 0.0296936 0.0354309 
42 0 0.282471 0.245361 0.0333862 0.0363159 
41 0 0.270996 0.360352 0.0273438 0.0380249 
39 0 0.618164 0.0664673 0.03125 0.0357971 
34 0 0.584473 0.12085 0.0316467 0.038269 
32 0 0.245361 0.151123 0.0304718 0.0346375 
30 0 0.970215 0.870605 0.0343628 0.0401001 
29 0 0.014061 0.771973 0.0249481 0.0395813 
27 0 0.235107 0.578125 0.0326233 0.0437622 
26 0 0.129639 0.198975 0.0379028 0.0489502 
23 0 0.65625 0.196899 0.0363159 0.0436096 
22 0 0.282471 0.218262 0.033783 0.0386658 
21 0 0.0828247 0.805176 0.0314026 0.0395813 
20 0 0.496582 0.745605 0.0414124 0.0489502 
19 0 0.0890503 0.964355 0.0310974 0.0375061 
18 0 0.82959 0.435303 0.03125 0.0406189 
17 0 0.192139 0.846191 0.0375061 0.0458374 
14 0 0.84668 0.755371 0.03125 0.0437622 
13 0 0.864746 0.41333 0.0328064 0.0432434 
12 0 0.936035 0.208618 0.0375061 0.053894 
8 0 0.831055 0.983398 0.0281219 0.0333252 
7 0 0.709473 0.633301 0.03125 0.0401001 
6 0 0.84082 0.859375 0.0265656 0.0380249 
5 0 0.853027 0.230225 0.0429688 0.0488281 
4 0 0.603027 0.2146 0.03125 0.038147 
3 0 0.768555 0.0906372 0.0320435 0.0403137 
2 0 0.239868 0.857422 0.0326233 0.0395813 
1 0 0.630371 0.599121 0.0316467 0.0395813 
467 0 0.308594 0.806152 0.0261688 0.0343628 
465 0 0.628906 0.804199 0.0359497 0.0421753 
464 0 0.770508 0.0221863 0.0343628 0.0370178 
459 0 0.540039 0.98877 0.0308533 0.0229187 
444 0 0.653809 0.560547 0.0300751 0.0401001 
439 1 0.899902 0.193115 0.0328064 0.0414124 
438 0 0.991211 0.679199 0.014061 0.0458374 
431 0 0.279297 0.394287 0.0244141 0.0302124 
423 0 0.577148 0.153076 0.0273438 0.0347595 
410 0 0.310059 0.190674 0.0300751 0.0372314 
355 0 0.0258331 0.255127 0.0360107 0.0453186 
288 0 0.365723 0.0302582 0.0341797 0.0402527 
260 0 0.512695 0.0157623 0.0273438 0.0278931 
247 0 0.260986 0.439697 0.0343628 0.0414124 
238 0 0.724121 0.773926 0.0304718 0.0354309 
227 0 0.0392761 0.570312 0.0317993 0.0395813 
176 0 0.5 0.0229187 0.0335999 0.0375671 
55 0 0.0145874 0.989746 0.0283966 0.0208282 
54 0 0.992188 0.410156 0.015625 0.0531311 
51 0 0.0395508 0.986328 0.0335999 0.0270844 
50 0 0.558594 0.541504 0.0332031 0.0390625 
49 0 0.476562 0.412598 0.035553 0.046875 
46 0 0.486816 0.865723 0.0296936 0.0421753 
45 0 0.526367 0.98877 0.0332031 0.0244751 
43 0 0.569336 0.103149 0.0296936 0.0354309 
42 0 0.282471 0.245361 0.0333862 0.0363159 
41 0 0.270996 0.360352 0.0273438 0.0380249 
39 0 0.618164 0.0664673 0.03125 0.0357971 
34 0 0.584473 0.12085 0.0316467 0.038269 
32 0 0.245361 0.151123 0.0304718 0.0346375 
30 0 0.970215 0.870605 0.0343628 0.0401001 
29 0 0.014061 0.771973 0.0249481 0.0395813 
27 0 0.235107 0.578125 0.0326233 0.0437622 
26 0 0.129639 0.198975 0.0379028 0.0489502 
23 0 0.65625 0.196899 0.0363159 0.0436096 
22 0 0.282471 0.218262 0.033783 0.0386658 
21 0 0.0828247 0.805176 0.0314026 0.0395813 
20 0 0.496582 0.745605 0.0414124 0.0489502 
19 0 0.0890503 0.964355 0.0310974 0.0375061 
18 0 0.82959 0.435303 0.03125 0.0406189 
17 0 0.192139 0.846191 0.0375061 0.0458374 
14 0 0.84668 0.755371 0.03125 0.0437622 
13 0 0.864746 0.41333 0.0328064 0.0432434 
12 0 0.936035 0.208618 0.0375061 0.053894 
8 0 0.831055 0.983398 0.0281219 0.0333252 
7 0 0.709473 0.633301 0.03125 0.0401001 
6 0 0.84082 0.859375 0.0265656 0.0380249 
5 0 0.853027 0.230225 0.0429688 0.0488281 
4 0 0.603027 0.2146 0.03125 0.038147 
3 0 0.768555 0.0906372 0.0320435 0.0403137 
2 0 0.239868 0.857422 0.0326233 0.0395813 
1 0 0.630371 0.599121 0.0316467 0.0395813 
