210 0 0.880371 0.846191 0.0328064 0.0416565 
208 0 0.307373 0.34375 0.0220642 0.0286407 
202 0 0.0208435 0.350586 0.0316162 0.0434875 
194 0 0.704102 0.616211 0.0304718 0.0354309 
178 0 0.500977 0.0124969 0.0324097 0.0250702 
142 0 0.635742 0.421875 0.0351562 0.0463562 
122 0 0.667969 0.15625 0.0351562 0.0410156 
121 0 0.741211 0.756836 0.0265656 0.0343628 
119 0 0.629883 0.804199 0.0351562 0.0416565 
87 0 0.116821 0.344238 0.030365 0.038269 
55 0 0.0124893 0.989746 0.025116 0.0197906 
54 0 0.994629 0.410156 0.0109406 0.0489502 
51 0 0.0406189 0.984375 0.0316467 0.03125 
50 0 0.584961 0.500977 0.0328064 0.0395813 
49 0 0.495361 0.394775 0.0320435 0.0406189 
47 0 0.274902 0.362549 0.0314331 0.0387878 
46 0 0.486816 0.865723 0.0296936 0.0364685 
45 0 0.565918 0.90332 0.0289001 0.0317688 
44 0 0.578125 0.150879 0.03125 0.0385437 
43 0 0.567383 0.10376 0.0304718 0.0384827 
42 0 0.221069 0.172363 0.0275421 0.0368347 
41 0 0.306641 0.314697 0.0273438 0.0369873 
40 0 0.541992 0.985352 0.0320435 0.0291595 
39 0 0.756348 0.566895 0.0328064 0.0395813 
35 0 0.0110016 0.258545 0.0226593 0.0428467 
34 0 0.584473 0.122009 0.0320435 0.0414124 
32 0 0.287109 0.112488 0.0290985 0.0353394 
31 0 0.216797 0.469238 0.0338745 0.0414124 
30 0 0.989258 0.793457 0.0210876 0.0364685 
29 0 0.0211792 0.731445 0.0329285 0.0453186 
27 0 0.237061 0.572754 0.0292969 0.0411377 
26 0 0.132812 0.196045 0.0335083 0.0438843 
24 0 0.266602 0.420898 0.0300751 0.0385437 
23 0 0.609863 0.0254822 0.0320435 0.0390625 
22 0 0.283203 0.21875 0.0324097 0.0414124 
21 0 0.0836182 0.804199 0.0296936 0.0369873 
20 0 0.507812 0.72998 0.0406189 0.0520935 
19 0 0.0890503 0.964355 0.0310974 0.0375061 
18 0 0.828125 0.434326 0.0343628 0.0401001 
17 0 0.192993 0.844727 0.0308533 0.0395813 
16 0 0.313232 0.398193 0.0302734 0.0385437 
14 0 0.851562 0.75 0.0343628 0.0453186 
13 0 0.868164 0.408936 0.0328064 0.04245 
12 0 0.935059 0.209106 0.0421753 0.0589905 
8 0 0.835938 0.96875 0.0289001 0.0369873 
7 0 0.709473 0.63623 0.03125 0.0369873 
6 0 0.846191 0.84375 0.0296936 0.0369873 
5 0 0.854004 0.229126 0.0453186 0.0540466 
4 0 0.600098 0.210449 0.0328064 0.044281 
3 0 0.772949 0.0731812 0.03125 0.0387878 
2 0 0.242188 0.856445 0.03125 0.0426941 
1 0 0.645996 0.567383 0.0304718 0.0406189 
