353 0 0.629883 0.804199 0.0351562 0.0416565 
348 0 0.038269 0.382568 0.0371704 0.0515747 
343 0 0.00551224 0.30127 0.0118637 0.0453186 
340 0 0.310059 0.191406 0.0294952 0.0368347 
288 0 0.373291 0.0166168 0.0296936 0.0293274 
280 0 0.657227 0.927246 0.0421753 0.0499878 
260 0 0.516602 0.0135651 0.0300751 0.0271301 
247 0 0.261719 0.438477 0.0328064 0.0403748 
238 0 0.726562 0.772461 0.0308533 0.0343628 
227 0 0.155029 0.528809 0.0338745 0.0432434 
176 0 0.504883 0.0197906 0.03125 0.0353394 
140 0 0.638184 0.421875 0.0390625 0.0479126 
55 0 0.0140762 0.989746 0.0277557 0.0208282 
54 0 0.993652 0.407471 0.0124969 0.0505066 
51 0 0.039032 0.985352 0.0341187 0.0291595 
50 0 0.569336 0.52832 0.0328064 0.0395813 
49 0 0.481201 0.406738 0.0363159 0.0466003 
46 0 0.486816 0.864746 0.0296936 0.0416565 
45 0 0.540527 0.95752 0.0281219 0.0328064 
43 0 0.568359 0.103882 0.0304718 0.0365295 
42 0 0.235962 0.184448 0.0310516 0.0393372 
41 0 0.283691 0.335938 0.0265656 0.0372314 
40 0 0.541992 0.985352 0.0351562 0.0281219 
39 0 0.75 0.164551 0.0316467 0.0387878 
34 0 0.583496 0.121094 0.0335999 0.0411987 
32 0 0.261719 0.130127 0.0292969 0.0367126 
31 0 0.0603638 0.100525 0.0298309 0.0408325 
30 0 0.975586 0.84668 0.0359497 0.044281 
29 0 0.0178986 0.759277 0.0267639 0.0401001 
27 0 0.235596 0.578125 0.0310516 0.0447998 
26 0 0.130493 0.198608 0.0358276 0.0458374 
23 0 0.658691 0.185547 0.0359497 0.0416565 
22 0 0.281982 0.219482 0.0333862 0.0423279 
21 0 0.0836182 0.805176 0.0296936 0.0390625 
20 0 0.497559 0.741211 0.0445251 0.0520935 
19 0 0.0887451 0.964355 0.0323792 0.0416565 
18 0 0.829102 0.435303 0.0328064 0.0414124 
17 0 0.192139 0.845703 0.0339966 0.0426941 
16 0 0.468262 0.479736 0.0359497 0.0476685 
14 0 0.850098 0.754395 0.0343628 0.0453186 
13 0 0.865723 0.413574 0.0343628 0.0432434 
12 0 0.936035 0.210449 0.0406189 0.0576782 
8 0 0.831055 0.978027 0.0281219 0.0354309 
7 0 0.709473 0.634277 0.0320435 0.0406189 
6 0 0.842285 0.854004 0.0281219 0.0364685 
5 0 0.851562 0.229126 0.0445251 0.0544128 
4 0 0.602539 0.2146 0.0328064 0.0406189 
3 0 0.770996 0.0812378 0.0332031 0.0411072 
2 0 0.239868 0.857422 0.0328064 0.0432434 
1 0 0.630371 0.585449 0.0328064 0.0411377 
353 0 0.629883 0.804199 0.0351562 0.0416565 
348 0 0.038269 0.382568 0.0371704 0.0515747 
343 0 0.00551224 0.30127 0.0118637 0.0453186 
340 0 0.310059 0.191406 0.0294952 0.0368347 
288 0 0.373291 0.0166168 0.0296936 0.0293274 
280 0 0.657227 0.927246 0.0421753 0.0499878 
260 0 0.516602 0.0135651 0.0300751 0.0271301 
247 0 0.261719 0.438477 0.0328064 0.0403748 
238 0 0.726562 0.772461 0.0308533 0.0343628 
227 0 0.155029 0.528809 0.0338745 0.0432434 
176 0 0.504883 0.0197906 0.03125 0.0353394 
140 0 0.638184 0.421875 0.0390625 0.0479126 
55 0 0.0140762 0.989746 0.0277557 0.0208282 
54 0 0.993652 0.407471 0.0124969 0.0505066 
51 0 0.039032 0.985352 0.0341187 0.0291595 
50 0 0.569336 0.52832 0.0328064 0.0395813 
49 0 0.481201 0.406738 0.0363159 0.0466003 
46 0 0.486816 0.864746 0.0296936 0.0416565 
45 0 0.540527 0.95752 0.0281219 0.0328064 
43 0 0.568359 0.103882 0.0304718 0.0365295 
42 0 0.235962 0.184448 0.0310516 0.0393372 
41 0 0.283691 0.335938 0.0265656 0.0372314 
40 0 0.541992 0.985352 0.0351562 0.0281219 
39 0 0.75 0.164551 0.0316467 0.0387878 
34 0 0.583496 0.121094 0.0335999 0.0411987 
32 0 0.261719 0.130127 0.0292969 0.0367126 
31 0 0.0603638 0.100525 0.0298309 0.0408325 
30 0 0.975586 0.84668 0.0359497 0.044281 
29 0 0.0178986 0.759277 0.0267639 0.0401001 
27 0 0.235596 0.578125 0.0310516 0.0447998 
26 0 0.130493 0.198608 0.0358276 0.0458374 
23 0 0.658691 0.185547 0.0359497 0.0416565 
22 0 0.281982 0.219482 0.0333862 0.0423279 
21 0 0.0836182 0.805176 0.0296936 0.0390625 
20 0 0.497559 0.741211 0.0445251 0.0520935 
19 0 0.0887451 0.964355 0.0323792 0.0416565 
18 0 0.829102 0.435303 0.0328064 0.0414124 
17 0 0.192139 0.845703 0.0339966 0.0426941 
16 0 0.468262 0.479736 0.0359497 0.0476685 
14 0 0.850098 0.754395 0.0343628 0.0453186 
13 0 0.865723 0.413574 0.0343628 0.0432434 
12 0 0.936035 0.210449 0.0406189 0.0576782 
8 0 0.831055 0.978027 0.0281219 0.0354309 
7 0 0.709473 0.634277 0.0320435 0.0406189 
6 0 0.842285 0.854004 0.0281219 0.0364685 
5 0 0.851562 0.229126 0.0445251 0.0544128 
4 0 0.602539 0.2146 0.0328064 0.0406189 
3 0 0.770996 0.0812378 0.0332031 0.0411072 
2 0 0.239868 0.857422 0.0328064 0.0432434 
1 0 0.630371 0.585449 0.0328064 0.0411377 
