815 0 0.563477 0.1604 0.0261688 0.0337219 
814 0 0.193237 0.842773 0.0423889 0.0557251 
803 0 0.975586 0.864746 0.0249939 0.0333252 
801 0 0.975586 0.0264587 0.0265656 0.0361938 
791 0 0.408691 0.217651 0.0351562 0.0438843 
784 0 0.307861 0.194824 0.0261688 0.03125 
775 0 0.768555 0.240112 0.0285187 0.037384 
765 0 0.768555 0.908691 0.0296936 0.0385437 
724 0 0.742188 0.135376 0.0285187 0.0375061 
721 0 0.628906 0.0146027 0.0296936 0.0289459 
716 0 0.716309 0.788574 0.0265656 0.03125 
701 0 0.993164 0.682129 0.014061 0.0354309 
694 0 0.227295 0.478027 0.0234375 0.0302124 
674 0 0.936035 0.207153 0.0375061 0.0510559 
635 0 0.637695 0.419678 0.0375061 0.0479126 
615 0 0.578125 0.148926 0.0281219 0.0354309 
604 0 0.602539 0.208984 0.0296936 0.0408936 
534 0 0.507812 0.0312347 0.0249939 0.0332947 
464 0 0.711426 0.144775 0.0320435 0.0436707 
459 0 0.541992 0.986328 0.0320435 0.0270844 
444 0 0.861816 0.4104 0.0296936 0.0372314 
288 0 0.355469 0.0697632 0.0265656 0.0320129 
247 0 0.260986 0.434326 0.0281219 0.0354309 
176 0 0.47583 0.0532227 0.0265656 0.0392456 
55 0 0.0132828 0.989746 0.0265656 0.0208282 
54 0 0.989258 0.413574 0.0218811 0.0471497 
51 0 0.0432739 0.985352 0.0349731 0.0291595 
50 0 0.504883 0.611328 0.0339966 0.0479126 
49 0 0.457031 0.462402 0.0328064 0.0421753 
46 0 0.487549 0.861328 0.03125 0.0395813 
43 0 0.570801 0.102112 0.0281219 0.0333252 
42 0 0.257324 0.200806 0.0304718 0.0364685 
41 0 0.223389 0.396973 0.0304718 0.0434875 
34 0 0.583008 0.12146 0.0332031 0.0384827 
32 0 0.211914 0.181274 0.0296936 0.0334778 
27 0 0.236328 0.569336 0.0302734 0.0447998 
26 0 0.129639 0.196045 0.0343628 0.0449219 
23 0 0.625 0.240601 0.03125 0.0397034 
22 0 0.265625 0.258301 0.0343628 0.0457153 
21 0 0.0836182 0.803223 0.0325317 0.0395813 
19 0 0.0911865 0.963379 0.0348206 0.0432434 
18 0 0.82666 0.431152 0.0320435 0.0375061 
14 0 0.842285 0.770996 0.0328064 0.0421753 
8 0 0.823242 0.98877 0.0273438 0.0229187 
7 0 0.708496 0.630371 0.0328064 0.0395813 
6 0 0.832031 0.869629 0.0296936 0.0395813 
5 0 0.850586 0.233032 0.0437622 0.0497437 
2 0 0.237549 0.857422 0.03125 0.0437622 
1 0 0.630371 0.615723 0.0296936 0.0395813 
815 0 0.563477 0.1604 0.0261688 0.0337219 
814 0 0.193237 0.842773 0.0423889 0.0557251 
803 0 0.975586 0.864746 0.0249939 0.0333252 
801 0 0.975586 0.0264587 0.0265656 0.0361938 
791 0 0.408691 0.217651 0.0351562 0.0438843 
784 0 0.307861 0.194824 0.0261688 0.03125 
775 0 0.768555 0.240112 0.0285187 0.037384 
765 0 0.768555 0.908691 0.0296936 0.0385437 
724 0 0.742188 0.135376 0.0285187 0.0375061 
721 0 0.628906 0.0146027 0.0296936 0.0289459 
716 0 0.716309 0.788574 0.0265656 0.03125 
701 0 0.993164 0.682129 0.014061 0.0354309 
694 0 0.227295 0.478027 0.0234375 0.0302124 
674 0 0.936035 0.207153 0.0375061 0.0510559 
635 0 0.637695 0.419678 0.0375061 0.0479126 
615 0 0.578125 0.148926 0.0281219 0.0354309 
604 0 0.602539 0.208984 0.0296936 0.0408936 
534 0 0.507812 0.0312347 0.0249939 0.0332947 
464 0 0.711426 0.144775 0.0320435 0.0436707 
459 0 0.541992 0.986328 0.0320435 0.0270844 
444 0 0.861816 0.4104 0.0296936 0.0372314 
288 0 0.355469 0.0697632 0.0265656 0.0320129 
247 0 0.260986 0.434326 0.0281219 0.0354309 
176 0 0.47583 0.0532227 0.0265656 0.0392456 
55 0 0.0132828 0.989746 0.0265656 0.0208282 
54 0 0.989258 0.413574 0.0218811 0.0471497 
51 0 0.0432739 0.985352 0.0349731 0.0291595 
50 0 0.504883 0.611328 0.0339966 0.0479126 
49 0 0.457031 0.462402 0.0328064 0.0421753 
46 0 0.487549 0.861328 0.03125 0.0395813 
43 0 0.570801 0.102112 0.0281219 0.0333252 
42 0 0.257324 0.200806 0.0304718 0.0364685 
41 0 0.223389 0.396973 0.0304718 0.0434875 
34 0 0.583008 0.12146 0.0332031 0.0384827 
32 0 0.211914 0.181274 0.0296936 0.0334778 
27 0 0.236328 0.569336 0.0302734 0.0447998 
26 0 0.129639 0.196045 0.0343628 0.0449219 
23 0 0.625 0.240601 0.03125 0.0397034 
22 0 0.265625 0.258301 0.0343628 0.0457153 
21 0 0.0836182 0.803223 0.0325317 0.0395813 
19 0 0.0911865 0.963379 0.0348206 0.0432434 
18 0 0.82666 0.431152 0.0320435 0.0375061 
14 0 0.842285 0.770996 0.0328064 0.0421753 
8 0 0.823242 0.98877 0.0273438 0.0229187 
7 0 0.708496 0.630371 0.0328064 0.0395813 
6 0 0.832031 0.869629 0.0296936 0.0395813 
5 0 0.850586 0.233032 0.0437622 0.0497437 
2 0 0.237549 0.857422 0.03125 0.0437622 
1 0 0.630371 0.615723 0.0296936 0.0395813 
