226 0 0.28418 0.398193 0.0304718 0.0333252 
223 0 0.724121 0.677246 0.0285187 0.0364685 
221 0 0.0424194 0.370117 0.0335693 0.0453186 
220 0 0.563477 0.159424 0.0277405 0.0342407 
210 0 0.924805 0.897949 0.0320435 0.0380249 
208 0 0.307617 0.342285 0.0226593 0.0294342 
201 0 0.00627518 0.321777 0.0131073 0.0416565 
176 0 0.499268 0.013588 0.0335999 0.0278931 
140 0 0.636719 0.420898 0.035553 0.046875 
120 0 0.577148 0.0167694 0.0320435 0.0332336 
117 0 0.628906 0.804199 0.035553 0.0432434 
85 0 0.0853271 0.304688 0.0310516 0.0403748 
55 0 0.0117035 0.990723 0.0238037 0.0192719 
54 0 0.994629 0.4104 0.0109406 0.0489502 
51 0 0.0406189 0.985352 0.0310516 0.0286407 
50 0 0.584473 0.501953 0.0328064 0.0390625 
49 0 0.49292 0.396973 0.0324097 0.0393372 
46 0 0.486816 0.865723 0.0296936 0.0354309 
45 0 0.563965 0.908203 0.0289001 0.0328064 
44 0 0.578125 0.150024 0.03125 0.0372314 
43 0 0.567383 0.102844 0.03125 0.0401001 
42 0 0.221069 0.173462 0.026947 0.0379028 
41 0 0.30542 0.31543 0.0289001 0.0375061 
40 0 0.541504 0.98584 0.0332031 0.0281219 
39 0 0.754883 0.537598 0.0332031 0.0406189 
35 0 0.00959778 0.265381 0.0197296 0.039978 
34 0 0.584961 0.121765 0.0320435 0.0401611 
32 0 0.283203 0.115051 0.0283203 0.0360718 
31 0 0.203735 0.432373 0.0296936 0.0361938 
30 0 0.989258 0.799805 0.0210876 0.0343628 
29 0 0.0205536 0.735352 0.0309143 0.0437622 
27 0 0.234375 0.57373 0.0283203 0.0390625 
26 0 0.132324 0.195801 0.0322266 0.0419312 
24 0 0.268311 0.428223 0.0320435 0.0375061 
23 0 0.665527 0.158813 0.0367126 0.042572 
22 0 0.282715 0.218506 0.0339966 0.0404968 
21 0 0.0836182 0.806152 0.0296936 0.0380249 
20 0 0.507812 0.72998 0.0437622 0.0526123 
19 0 0.0888672 0.964355 0.0301208 0.0375061 
18 0 0.828125 0.434326 0.0343628 0.0434875 
17 0 0.193604 0.844727 0.0310516 0.0395813 
16 0 0.296387 0.400635 0.0308533 0.0377502 
14 0 0.851562 0.749512 0.0367126 0.046875 
13 0 0.868164 0.409424 0.0328064 0.0437622 
12 0 0.935059 0.209351 0.0390625 0.0570374 
8 0 0.835938 0.96875 0.0281219 0.0375061 
7 0 0.708496 0.634277 0.0308533 0.0375061 
6 0 0.84668 0.84375 0.0296936 0.0364685 
5 0 0.853027 0.229126 0.0445251 0.0527344 
4 0 0.600098 0.21228 0.0332031 0.0415344 
3 0 0.772461 0.0739746 0.0308533 0.0384827 
2 0 0.240601 0.856445 0.0310516 0.0416565 
1 0 0.635742 0.56543 0.03125 0.0395813 
226 0 0.28418 0.398193 0.0304718 0.0333252 
223 0 0.724121 0.677246 0.0285187 0.0364685 
221 0 0.0424194 0.370117 0.0335693 0.0453186 
220 0 0.563477 0.159424 0.0277405 0.0342407 
210 0 0.924805 0.897949 0.0320435 0.0380249 
208 0 0.307617 0.342285 0.0226593 0.0294342 
201 0 0.00627518 0.321777 0.0131073 0.0416565 
176 0 0.499268 0.013588 0.0335999 0.0278931 
140 0 0.636719 0.420898 0.035553 0.046875 
120 0 0.577148 0.0167694 0.0320435 0.0332336 
117 0 0.628906 0.804199 0.035553 0.0432434 
85 0 0.0853271 0.304688 0.0310516 0.0403748 
55 0 0.0117035 0.990723 0.0238037 0.0192719 
54 0 0.994629 0.4104 0.0109406 0.0489502 
51 0 0.0406189 0.985352 0.0310516 0.0286407 
50 0 0.584473 0.501953 0.0328064 0.0390625 
49 0 0.49292 0.396973 0.0324097 0.0393372 
46 0 0.486816 0.865723 0.0296936 0.0354309 
45 0 0.563965 0.908203 0.0289001 0.0328064 
44 0 0.578125 0.150024 0.03125 0.0372314 
43 0 0.567383 0.102844 0.03125 0.0401001 
42 0 0.221069 0.173462 0.026947 0.0379028 
41 0 0.30542 0.31543 0.0289001 0.0375061 
40 0 0.541504 0.98584 0.0332031 0.0281219 
39 0 0.754883 0.537598 0.0332031 0.0406189 
35 0 0.00959778 0.265381 0.0197296 0.039978 
34 0 0.584961 0.121765 0.0320435 0.0401611 
32 0 0.283203 0.115051 0.0283203 0.0360718 
31 0 0.203735 0.432373 0.0296936 0.0361938 
30 0 0.989258 0.799805 0.0210876 0.0343628 
29 0 0.0205536 0.735352 0.0309143 0.0437622 
27 0 0.234375 0.57373 0.0283203 0.0390625 
26 0 0.132324 0.195801 0.0322266 0.0419312 
24 0 0.268311 0.428223 0.0320435 0.0375061 
23 0 0.665527 0.158813 0.0367126 0.042572 
22 0 0.282715 0.218506 0.0339966 0.0404968 
21 0 0.0836182 0.806152 0.0296936 0.0380249 
20 0 0.507812 0.72998 0.0437622 0.0526123 
19 0 0.0888672 0.964355 0.0301208 0.0375061 
18 0 0.828125 0.434326 0.0343628 0.0434875 
17 0 0.193604 0.844727 0.0310516 0.0395813 
16 0 0.296387 0.400635 0.0308533 0.0377502 
14 0 0.851562 0.749512 0.0367126 0.046875 
13 0 0.868164 0.409424 0.0328064 0.0437622 
12 0 0.935059 0.209351 0.0390625 0.0570374 
8 0 0.835938 0.96875 0.0281219 0.0375061 
7 0 0.708496 0.634277 0.0308533 0.0375061 
6 0 0.84668 0.84375 0.0296936 0.0364685 
5 0 0.853027 0.229126 0.0445251 0.0527344 
4 0 0.600098 0.21228 0.0332031 0.0415344 
3 0 0.772461 0.0739746 0.0308533 0.0384827 
2 0 0.240601 0.856445 0.0310516 0.0416565 
1 0 0.635742 0.56543 0.03125 0.0395813 
