258 0 0.521973 0.0104218 0.0261688 0.0206604 
254 0 0.357422 0.0863037 0.0298767 0.0374451 
251 0 0.436035 0.0263824 0.0347595 0.0324402 
246 0 0.978027 0.861328 0.0289001 0.0385437 
245 0 0.264893 0.437256 0.0328064 0.0380249 
244 0 0.760254 0.862305 0.0273438 0.0390625 
236 0 0.73584 0.764648 0.0289001 0.0364685 
226 0 0.382812 0.429932 0.0357361 0.0416565 
221 0 0.0374451 0.378174 0.0335693 0.0450439 
178 0 0.494629 0.0159607 0.0304718 0.0335388 
142 0 0.637695 0.420898 0.0343628 0.0466003 
122 0 0.662598 0.171875 0.0347595 0.0397034 
119 0 0.628906 0.804199 0.0359497 0.0416565 
55 0 0.0119171 0.990723 0.0240784 0.0187531 
54 0 0.994629 0.407227 0.0109406 0.0479126 
51 0 0.039856 0.985352 0.0328064 0.0291595 
50 0 0.578125 0.512207 0.0332031 0.0403748 
49 0 0.492188 0.404053 0.0308533 0.0414124 
46 0 0.483643 0.862305 0.0359497 0.0458374 
45 0 0.553711 0.932129 0.0292969 0.0317688 
44 0 0.578125 0.150269 0.0281219 0.033844 
43 0 0.567871 0.104065 0.0300751 0.0384216 
42 0 0.220459 0.178345 0.0277405 0.037384 
41 0 0.293457 0.32251 0.0290985 0.0408936 
40 0 0.541992 0.985352 0.0343628 0.0291595 
39 0 0.787109 0.377441 0.0320435 0.0401001 
35 0 0.00901031 0.260986 0.0205841 0.044281 
34 0 0.584473 0.119812 0.03125 0.0395813 
32 0 0.269531 0.122986 0.0300751 0.0376282 
31 0 0.145996 0.290283 0.0302734 0.0395813 
30 0 0.983398 0.820801 0.0296936 0.0390625 
29 0 0.0203857 0.745605 0.0304718 0.0447998 
27 0 0.234741 0.577148 0.0318298 0.044281 
26 0 0.132812 0.196899 0.0347595 0.0440063 
22 0 0.283691 0.21875 0.0335999 0.0412903 
21 0 0.0836182 0.806152 0.0296936 0.0375061 
20 0 0.50293 0.737305 0.0437622 0.0541687 
19 0 0.0890503 0.964355 0.03125 0.0380249 
18 0 0.829102 0.434326 0.0328064 0.0395813 
17 0 0.192139 0.844727 0.03125 0.0380249 
16 0 0.200928 0.464111 0.0323181 0.0403748 
14 0 0.851562 0.75 0.0367126 0.046875 
13 0 0.865723 0.409912 0.03125 0.0408936 
12 0 0.936035 0.209351 0.0406189 0.0562439 
8 0 0.833496 0.975098 0.0296936 0.0375061 
7 0 0.708496 0.634277 0.0328064 0.0401001 
6 0 0.842773 0.848633 0.0265656 0.0343628 
5 0 0.852539 0.229126 0.0453186 0.0541687 
4 0 0.602539 0.212646 0.0316467 0.0387878 
3 0 0.773438 0.0761108 0.03125 0.0398865 
2 0 0.242188 0.854004 0.03125 0.0416565 
1 0 0.632812 0.576172 0.03125 0.0395813 
