658 0 0.564453 0.161255 0.0281219 0.0346375 
657 0 0.308594 0.188232 0.026947 0.0371094 
635 0 0.635742 0.420898 0.035553 0.0458374 
615 0 0.578125 0.150879 0.03125 0.0384827 
604 0 0.600586 0.209351 0.0304718 0.0395813 
579 2 0.00937653 0.72998 0.0194092 0.0401001 
562 0 0.933594 0.471191 0.0343628 0.0401001 
535 0 0.992188 0.685547 0.015625 0.0421753 
534 0 0.504883 0.0219269 0.0281219 0.0351257 
464 0 0.73584 0.0842285 0.0351562 0.0406799 
459 0 0.541992 0.986328 0.03125 0.0270844 
444 0 0.833008 0.369873 0.0335999 0.0414124 
288 0 0.357422 0.0573425 0.0306702 0.0381775 
247 0 0.261475 0.437012 0.0339966 0.0387878 
238 0 0.717773 0.782227 0.0296936 0.0354309 
176 0 0.48291 0.0448608 0.0285187 0.039917 
55 0 0.0145721 0.990723 0.0254364 0.0187531 
54 0 0.990723 0.408936 0.0179749 0.0523376 
51 0 0.0414124 0.987305 0.0296173 0.0244751 
50 0 0.529785 0.59375 0.0324097 0.0421753 
49 0 0.460205 0.431152 0.0394592 0.0549622 
46 0 0.486328 0.862305 0.0304718 0.0411377 
43 0 0.570312 0.104919 0.0308533 0.0391235 
42 0 0.311279 0.223022 0.0335999 0.0408936 
41 0 0.243774 0.374023 0.0281219 0.0395813 
34 0 0.582031 0.119934 0.0351562 0.0426941 
32 0 0.237549 0.171997 0.03125 0.0351562 
30 0 0.939941 0.942871 0.03125 0.0354309 
29 0 0.0062561 0.803223 0.0124207 0.0395813 
27 0 0.235107 0.576172 0.0290985 0.0432434 
26 0 0.130615 0.197876 0.0353394 0.0464783 
23 0 0.634277 0.23645 0.0351562 0.0436096 
22 0 0.272705 0.23645 0.0328064 0.0395813 
21 0 0.0843506 0.805176 0.0281219 0.0354309 
20 0 0.489746 0.750977 0.0429688 0.0479126 
19 0 0.0890503 0.962402 0.0306702 0.0375061 
18 0 0.829102 0.434326 0.0328064 0.0395813 
17 0 0.191406 0.845703 0.0332947 0.0416565 
14 0 0.842285 0.755371 0.0343628 0.0484314 
13 0 0.864746 0.414551 0.0328064 0.0426941 
12 0 0.936035 0.208374 0.0406189 0.0541687 
8 0 0.823242 0.98877 0.0281219 0.0229187 
7 0 0.709473 0.631348 0.0324097 0.0416565 
6 0 0.834961 0.870605 0.0265656 0.0375061 
5 0 0.851562 0.2323 0.0429688 0.0513 
3 0 0.758789 0.0999756 0.0335999 0.0412903 
2 0 0.236694 0.858398 0.0296936 0.0401001 
1 0 0.631348 0.609375 0.0320435 0.0401001 
658 0 0.564453 0.161255 0.0281219 0.0346375 
657 0 0.308594 0.188232 0.026947 0.0371094 
635 0 0.635742 0.420898 0.035553 0.0458374 
615 0 0.578125 0.150879 0.03125 0.0384827 
604 0 0.600586 0.209351 0.0304718 0.0395813 
579 2 0.00937653 0.72998 0.0194092 0.0401001 
562 0 0.933594 0.471191 0.0343628 0.0401001 
535 0 0.992188 0.685547 0.015625 0.0421753 
534 0 0.504883 0.0219269 0.0281219 0.0351257 
464 0 0.73584 0.0842285 0.0351562 0.0406799 
459 0 0.541992 0.986328 0.03125 0.0270844 
444 0 0.833008 0.369873 0.0335999 0.0414124 
288 0 0.357422 0.0573425 0.0306702 0.0381775 
247 0 0.261475 0.437012 0.0339966 0.0387878 
238 0 0.717773 0.782227 0.0296936 0.0354309 
176 0 0.48291 0.0448608 0.0285187 0.039917 
55 0 0.0145721 0.990723 0.0254364 0.0187531 
54 0 0.990723 0.408936 0.0179749 0.0523376 
51 0 0.0414124 0.987305 0.0296173 0.0244751 
50 0 0.529785 0.59375 0.0324097 0.0421753 
49 0 0.460205 0.431152 0.0394592 0.0549622 
46 0 0.486328 0.862305 0.0304718 0.0411377 
43 0 0.570312 0.104919 0.0308533 0.0391235 
42 0 0.311279 0.223022 0.0335999 0.0408936 
41 0 0.243774 0.374023 0.0281219 0.0395813 
34 0 0.582031 0.119934 0.0351562 0.0426941 
32 0 0.237549 0.171997 0.03125 0.0351562 
30 0 0.939941 0.942871 0.03125 0.0354309 
29 0 0.0062561 0.803223 0.0124207 0.0395813 
27 0 0.235107 0.576172 0.0290985 0.0432434 
26 0 0.130615 0.197876 0.0353394 0.0464783 
23 0 0.634277 0.23645 0.0351562 0.0436096 
22 0 0.272705 0.23645 0.0328064 0.0395813 
21 0 0.0843506 0.805176 0.0281219 0.0354309 
20 0 0.489746 0.750977 0.0429688 0.0479126 
19 0 0.0890503 0.962402 0.0306702 0.0375061 
18 0 0.829102 0.434326 0.0328064 0.0395813 
17 0 0.191406 0.845703 0.0332947 0.0416565 
14 0 0.842285 0.755371 0.0343628 0.0484314 
13 0 0.864746 0.414551 0.0328064 0.0426941 
12 0 0.936035 0.208374 0.0406189 0.0541687 
8 0 0.823242 0.98877 0.0281219 0.0229187 
7 0 0.709473 0.631348 0.0324097 0.0416565 
6 0 0.834961 0.870605 0.0265656 0.0375061 
5 0 0.851562 0.2323 0.0429688 0.0513 
3 0 0.758789 0.0999756 0.0335999 0.0412903 
2 0 0.236694 0.858398 0.0296936 0.0401001 
1 0 0.631348 0.609375 0.0320435 0.0401001 
