732 0 0.48584 0.757324 0.0375061 0.0426941 
731 0 0.266357 0.888672 0.0265656 0.03125 
724 0 0.758789 0.023056 0.0332031 0.0342712 
721 0 0.634277 0.0103912 0.03125 0.0201263 
716 0 0.716309 0.78418 0.0265656 0.0354309 
714 0 0.174438 0.931641 0.0306702 0.0406189 
706 0 0.978027 0.86377 0.0281219 0.0354309 
701 0 0.992188 0.682129 0.0124969 0.0380249 
694 0 0.234741 0.460449 0.0214844 0.0257874 
675 0 0.985352 0.0131683 0.0265656 0.0260162 
674 0 0.936035 0.207275 0.0367126 0.0520935 
661 0 0.156006 0.930176 0.0284119 0.0369873 
635 0 0.637207 0.417725 0.0375061 0.0473938 
615 0 0.579102 0.150024 0.0296936 0.0364075 
604 0 0.602539 0.209595 0.0296936 0.0414124 
562 0 0.872559 0.700195 0.0296936 0.0369873 
534 0 0.506836 0.0271149 0.0265656 0.0372925 
464 0 0.719727 0.12085 0.0296936 0.0362549 
459 0 0.541992 0.986328 0.0316467 0.0270844 
444 0 0.859375 0.409424 0.0304718 0.038269 
288 0 0.355469 0.0666504 0.0296936 0.0370483 
247 0 0.261719 0.43335 0.0290985 0.0369873 
176 0 0.479004 0.0513 0.0265656 0.0357666 
55 0 0.0130844 0.990723 0.0262756 0.0187531 
54 0 0.990723 0.4104 0.0164032 0.0536499 
51 0 0.0429993 0.985352 0.0297394 0.0249939 
50 0 0.514648 0.605957 0.0316467 0.0447998 
49 0 0.459473 0.443848 0.038269 0.0499878 
46 0 0.488281 0.86377 0.0296936 0.0395813 
43 0 0.569336 0.102112 0.0296936 0.037384 
42 0 0.29834 0.222168 0.0341797 0.0391846 
41 0 0.231201 0.384277 0.028717 0.0395813 
34 0 0.583496 0.12085 0.0328064 0.0374451 
32 0 0.229736 0.171875 0.03125 0.0354309 
30 0 0.921875 0.978027 0.0343628 0.0395813 
27 0 0.235596 0.571777 0.028717 0.0437622 
26 0 0.130005 0.197266 0.0332031 0.0421753 
23 0 0.626465 0.240967 0.0335999 0.0403748 
22 0 0.268066 0.244751 0.0328064 0.0390625 
21 0 0.0843506 0.804199 0.0309601 0.0375061 
19 0 0.0890503 0.962402 0.03125 0.0395813 
18 0 0.827148 0.43335 0.0328064 0.0408936 
17 0 0.191406 0.848145 0.0328064 0.0406189 
14 0 0.838379 0.753418 0.0328064 0.046875 
8 0 0.823242 0.98877 0.0281219 0.0229187 
7 0 0.709473 0.630371 0.03125 0.0395813 
6 0 0.833008 0.87207 0.0257874 0.0354309 
5 0 0.851562 0.235718 0.0406189 0.0503845 
3 0 0.752441 0.111572 0.0296936 0.0358582 
2 0 0.237549 0.857422 0.03125 0.0437622 
1 0 0.630371 0.614746 0.0292969 0.0375061 
732 0 0.48584 0.757324 0.0375061 0.0426941 
731 0 0.266357 0.888672 0.0265656 0.03125 
724 0 0.758789 0.023056 0.0332031 0.0342712 
721 0 0.634277 0.0103912 0.03125 0.0201263 
716 0 0.716309 0.78418 0.0265656 0.0354309 
714 0 0.174438 0.931641 0.0306702 0.0406189 
706 0 0.978027 0.86377 0.0281219 0.0354309 
701 0 0.992188 0.682129 0.0124969 0.0380249 
694 0 0.234741 0.460449 0.0214844 0.0257874 
675 0 0.985352 0.0131683 0.0265656 0.0260162 
674 0 0.936035 0.207275 0.0367126 0.0520935 
661 0 0.156006 0.930176 0.0284119 0.0369873 
635 0 0.637207 0.417725 0.0375061 0.0473938 
615 0 0.579102 0.150024 0.0296936 0.0364075 
604 0 0.602539 0.209595 0.0296936 0.0414124 
562 0 0.872559 0.700195 0.0296936 0.0369873 
534 0 0.506836 0.0271149 0.0265656 0.0372925 
464 0 0.719727 0.12085 0.0296936 0.0362549 
459 0 0.541992 0.986328 0.0316467 0.0270844 
444 0 0.859375 0.409424 0.0304718 0.038269 
288 0 0.355469 0.0666504 0.0296936 0.0370483 
247 0 0.261719 0.43335 0.0290985 0.0369873 
176 0 0.479004 0.0513 0.0265656 0.0357666 
55 0 0.0130844 0.990723 0.0262756 0.0187531 
54 0 0.990723 0.4104 0.0164032 0.0536499 
51 0 0.0429993 0.985352 0.0297394 0.0249939 
50 0 0.514648 0.605957 0.0316467 0.0447998 
49 0 0.459473 0.443848 0.038269 0.0499878 
46 0 0.488281 0.86377 0.0296936 0.0395813 
43 0 0.569336 0.102112 0.0296936 0.037384 
42 0 0.29834 0.222168 0.0341797 0.0391846 
41 0 0.231201 0.384277 0.028717 0.0395813 
34 0 0.583496 0.12085 0.0328064 0.0374451 
32 0 0.229736 0.171875 0.03125 0.0354309 
30 0 0.921875 0.978027 0.0343628 0.0395813 
27 0 0.235596 0.571777 0.028717 0.0437622 
26 0 0.130005 0.197266 0.0332031 0.0421753 
23 0 0.626465 0.240967 0.0335999 0.0403748 
22 0 0.268066 0.244751 0.0328064 0.0390625 
21 0 0.0843506 0.804199 0.0309601 0.0375061 
19 0 0.0890503 0.962402 0.03125 0.0395813 
18 0 0.827148 0.43335 0.0328064 0.0408936 
17 0 0.191406 0.848145 0.0328064 0.0406189 
14 0 0.838379 0.753418 0.0328064 0.046875 
8 0 0.823242 0.98877 0.0281219 0.0229187 
7 0 0.709473 0.630371 0.03125 0.0395813 
6 0 0.833008 0.87207 0.0257874 0.0354309 
5 0 0.851562 0.235718 0.0406189 0.0503845 
3 0 0.752441 0.111572 0.0296936 0.0358582 
2 0 0.237549 0.857422 0.03125 0.0437622 
1 0 0.630371 0.614746 0.0292969 0.0375061 
