210 0 0.881348 0.858398 0.0320435 0.0411377 
208 0 0.307373 0.343506 0.0214844 0.0281219 
201 0 0.0211487 0.357178 0.0335693 0.0445251 
192 0 0.701172 0.624023 0.03125 0.0369873 
176 0 0.500977 0.0124969 0.0328064 0.0250702 
140 0 0.635742 0.421387 0.035553 0.0487061 
120 0 0.606445 0.0230408 0.0316467 0.0404358 
119 0 0.743164 0.756348 0.0261688 0.0343628 
117 0 0.629883 0.804199 0.0359497 0.0416565 
85 0 0.12561 0.341553 0.0298767 0.0390625 
56 0 0.569336 0.159058 0.0281219 0.0347595 
55 0 0.0124893 0.989746 0.025177 0.0192719 
54 0 0.993652 0.409668 0.0117188 0.0489502 
51 0 0.0407104 0.984375 0.0319824 0.03125 
50 0 0.584961 0.500977 0.0324097 0.0395813 
49 0 0.495361 0.394531 0.0324097 0.0411377 
47 0 0.270264 0.361572 0.0314331 0.0395813 
46 0 0.486816 0.865723 0.0296936 0.0375061 
45 0 0.56543 0.90332 0.0289001 0.0328064 
44 0 0.578125 0.150024 0.0308533 0.0375671 
43 0 0.567871 0.103149 0.0300751 0.0385437 
42 0 0.220337 0.172119 0.0283203 0.0369873 
41 0 0.306152 0.313965 0.0275421 0.0361938 
40 0 0.541992 0.986328 0.0324097 0.0286407 
39 0 0.761719 0.564453 0.0332031 0.0395813 
35 0 0.0117035 0.259033 0.023407 0.0438843 
34 0 0.584473 0.122681 0.0320435 0.0413513 
32 0 0.287109 0.112183 0.0294952 0.0372314 
31 0 0.219116 0.479004 0.0333862 0.0401001 
30 0 0.989258 0.793945 0.0203094 0.0359497 
29 0 0.0221405 0.731934 0.03302 0.0447998 
27 0 0.236572 0.57373 0.0304718 0.0421753 
26 0 0.132568 0.196777 0.0326233 0.0429688 
24 0 0.266602 0.420898 0.0308533 0.0393372 
23 0 0.666992 0.154907 0.0347595 0.0402222 
22 0 0.282715 0.218262 0.0326233 0.0410156 
21 0 0.0836182 0.805176 0.0296326 0.0369873 
20 0 0.508789 0.72998 0.0410156 0.0515747 
19 0 0.0889893 0.963379 0.0310059 0.0380249 
18 0 0.828125 0.434326 0.0343628 0.0403748 
17 0 0.192383 0.844727 0.0319214 0.0395813 
16 0 0.313721 0.397461 0.0302734 0.0395813 
14 0 0.851562 0.748047 0.0343628 0.0453186 
13 0 0.868652 0.408447 0.0320435 0.0416565 
12 0 0.936035 0.209106 0.0414124 0.0585938 
8 0 0.835938 0.968262 0.0289001 0.0364685 
7 0 0.709473 0.635254 0.03125 0.0375061 
6 0 0.84668 0.84375 0.0304718 0.0369873 
5 0 0.853027 0.229126 0.0445251 0.053772 
4 0 0.600586 0.210693 0.0332031 0.0466003 
3 0 0.772461 0.0725708 0.0320435 0.039093 
2 0 0.242188 0.856934 0.03125 0.0426941 
1 0 0.645996 0.567871 0.0308533 0.0406189 
210 0 0.881348 0.858398 0.0320435 0.0411377 
208 0 0.307373 0.343506 0.0214844 0.0281219 
201 0 0.0211487 0.357178 0.0335693 0.0445251 
192 0 0.701172 0.624023 0.03125 0.0369873 
176 0 0.500977 0.0124969 0.0328064 0.0250702 
140 0 0.635742 0.421387 0.035553 0.0487061 
120 0 0.606445 0.0230408 0.0316467 0.0404358 
119 0 0.743164 0.756348 0.0261688 0.0343628 
117 0 0.629883 0.804199 0.0359497 0.0416565 
85 0 0.12561 0.341553 0.0298767 0.0390625 
56 0 0.569336 0.159058 0.0281219 0.0347595 
55 0 0.0124893 0.989746 0.025177 0.0192719 
54 0 0.993652 0.409668 0.0117188 0.0489502 
51 0 0.0407104 0.984375 0.0319824 0.03125 
50 0 0.584961 0.500977 0.0324097 0.0395813 
49 0 0.495361 0.394531 0.0324097 0.0411377 
47 0 0.270264 0.361572 0.0314331 0.0395813 
46 0 0.486816 0.865723 0.0296936 0.0375061 
45 0 0.56543 0.90332 0.0289001 0.0328064 
44 0 0.578125 0.150024 0.0308533 0.0375671 
43 0 0.567871 0.103149 0.0300751 0.0385437 
42 0 0.220337 0.172119 0.0283203 0.0369873 
41 0 0.306152 0.313965 0.0275421 0.0361938 
40 0 0.541992 0.986328 0.0324097 0.0286407 
39 0 0.761719 0.564453 0.0332031 0.0395813 
35 0 0.0117035 0.259033 0.023407 0.0438843 
34 0 0.584473 0.122681 0.0320435 0.0413513 
32 0 0.287109 0.112183 0.0294952 0.0372314 
31 0 0.219116 0.479004 0.0333862 0.0401001 
30 0 0.989258 0.793945 0.0203094 0.0359497 
29 0 0.0221405 0.731934 0.03302 0.0447998 
27 0 0.236572 0.57373 0.0304718 0.0421753 
26 0 0.132568 0.196777 0.0326233 0.0429688 
24 0 0.266602 0.420898 0.0308533 0.0393372 
23 0 0.666992 0.154907 0.0347595 0.0402222 
22 0 0.282715 0.218262 0.0326233 0.0410156 
21 0 0.0836182 0.805176 0.0296326 0.0369873 
20 0 0.508789 0.72998 0.0410156 0.0515747 
19 0 0.0889893 0.963379 0.0310059 0.0380249 
18 0 0.828125 0.434326 0.0343628 0.0403748 
17 0 0.192383 0.844727 0.0319214 0.0395813 
16 0 0.313721 0.397461 0.0302734 0.0395813 
14 0 0.851562 0.748047 0.0343628 0.0453186 
13 0 0.868652 0.408447 0.0320435 0.0416565 
12 0 0.936035 0.209106 0.0414124 0.0585938 
8 0 0.835938 0.968262 0.0289001 0.0364685 
7 0 0.709473 0.635254 0.03125 0.0375061 
6 0 0.84668 0.84375 0.0304718 0.0369873 
5 0 0.853027 0.229126 0.0445251 0.053772 
4 0 0.600586 0.210693 0.0332031 0.0466003 
3 0 0.772461 0.0725708 0.0320435 0.039093 
2 0 0.242188 0.856934 0.03125 0.0426941 
1 0 0.645996 0.567871 0.0308533 0.0406189 
