786 0 0.637695 0.414551 0.0375061 0.0499878 
783 0 0.969727 0.870605 0.0234375 0.0333252 
776 0 0.200806 0.736328 0.0302734 0.0426941 
773 0 0.561035 0.160522 0.0281219 0.0372314 
772 0 0.192993 0.85498 0.0362244 0.0479126 
760 0 0.974121 0.0369873 0.0281219 0.0391846 
752 0 0.407715 0.217407 0.0343628 0.0433655 
744 0 0.307129 0.195923 0.0275421 0.0341187 
735 0 0.793945 0.351562 0.0296936 0.0387878 
725 0 0.706543 0.953125 0.0304718 0.0390625 
684 0 0.734375 0.150024 0.03125 0.0376282 
681 0 0.623535 0.015625 0.03125 0.031311 
677 0 0.71582 0.787598 0.0281219 0.0333252 
662 0 0.993164 0.682129 0.014061 0.0354309 
655 0 0.223389 0.483398 0.0257874 0.0333252 
639 0 0.935059 0.206299 0.0359497 0.049469 
584 0 0.578125 0.148682 0.0289001 0.0362549 
569 0 0.600586 0.209229 0.0300751 0.0445251 
506 0 0.506836 0.0333557 0.0265656 0.0333252 
435 0 0.705566 0.154175 0.0328064 0.0418701 
416 0 0.86084 0.409424 0.0289001 0.0359497 
281 0 0.352295 0.0718994 0.0265656 0.0313416 
245 0 0.260254 0.432373 0.0271454 0.0375061 
178 0 0.475098 0.0542603 0.0265656 0.0383606 
122 0 0.625 0.240601 0.0324097 0.0395813 
55 0 0.0148468 0.98877 0.0297852 0.0223999 
54 0 0.988281 0.413574 0.0203094 0.0479126 
51 0 0.0421753 0.984375 0.0375061 0.03125 
50 0 0.493652 0.615723 0.0316467 0.0411377 
49 0 0.453857 0.467773 0.0351562 0.0403748 
46 0 0.487549 0.861328 0.03125 0.0411377 
45 0 0.541504 0.985352 0.0328064 0.0286407 
43 0 0.570312 0.102112 0.0281219 0.0333252 
42 0 0.212646 0.222412 0.0304718 0.0360718 
41 0 0.216064 0.4021 0.0294952 0.0416565 
34 0 0.583496 0.119812 0.0328064 0.0387878 
32 0 0.207764 0.188599 0.0288086 0.0351562 
27 0 0.235107 0.566895 0.0332031 0.0499878 
26 0 0.129395 0.195801 0.0332031 0.0419312 
22 0 0.259277 0.266602 0.0349731 0.0420532 
21 0 0.0836182 0.802246 0.0328064 0.0416565 
19 0 0.105469 0.984375 0.029541 0.03125 
18 0 0.82666 0.431152 0.03125 0.0375061 
14 0 0.836914 0.779297 0.0359497 0.0458374 
8 0 0.824219 0.98877 0.0265656 0.0229187 
7 0 0.708496 0.629395 0.0328064 0.0416565 
6 0 0.831055 0.869629 0.0289001 0.0395813 
5 0 0.851562 0.231201 0.0437622 0.0493469 
2 0 0.236084 0.85498 0.0308533 0.0437622 
1 0 0.631348 0.615723 0.0285187 0.0395813 
