364 0 0.468018 0.478027 0.0328064 0.0453186 
361 0 0.98584 0.340088 0.0257874 0.0419312 
358 0 0.779297 0.008461 0.0375061 0.0174103 
355 0 0.266602 0.272705 0.0296936 0.0402222 
353 0 0.628906 0.804199 0.0359497 0.0416565 
348 0 0.037384 0.386475 0.0373535 0.0502625 
343 0 0.00624847 0.30835 0.0123444 0.0455627 
288 0 0.372803 0.0174866 0.0289001 0.0303802 
280 0 0.657227 0.928223 0.0421753 0.0510559 
260 0 0.514648 0.0135193 0.0296936 0.0266724 
247 0 0.261719 0.438477 0.03302 0.039856 
238 0 0.726562 0.772949 0.0296936 0.0348816 
227 0 0.143921 0.528809 0.0335083 0.0429688 
176 0 0.503906 0.0197906 0.0296936 0.0354309 
140 0 0.637695 0.421875 0.039856 0.0479126 
55 0 0.014061 0.989746 0.0281677 0.0208282 
54 0 0.993652 0.408447 0.0124969 0.0466003 
51 0 0.0390625 0.985352 0.0343628 0.0291595 
50 0 0.568848 0.530273 0.03125 0.0395813 
49 0 0.479736 0.409424 0.0367126 0.0484314 
46 0 0.486816 0.864746 0.0324097 0.0447998 
45 0 0.539551 0.961426 0.0289001 0.0343628 
43 0 0.569336 0.103149 0.0296936 0.035553 
42 0 0.239868 0.185669 0.0316467 0.039856 
41 0 0.281982 0.338379 0.026947 0.0380249 
40 0 0.541992 0.985352 0.0343628 0.0281219 
39 0 0.731445 0.149536 0.0320435 0.0403137 
34 0 0.584473 0.121643 0.0324097 0.0408936 
32 0 0.262451 0.132324 0.0308533 0.0390625 
31 0 0.0335083 0.0663452 0.0309601 0.0400085 
30 0 0.976562 0.851074 0.0367126 0.0489502 
29 0 0.0163879 0.76123 0.026535 0.0395813 
27 0 0.235107 0.578125 0.0304718 0.0437622 
26 0 0.129639 0.198364 0.0374146 0.0466003 
23 0 0.658691 0.185425 0.0359497 0.0416565 
22 0 0.282715 0.219238 0.0347595 0.0412903 
21 0 0.0836182 0.805176 0.0297852 0.0395813 
20 0 0.496826 0.740723 0.0441284 0.0520935 
19 0 0.0890503 0.964355 0.0316467 0.0416565 
18 0 0.829102 0.435303 0.0328064 0.0421753 
17 0 0.192139 0.845703 0.0343628 0.0416565 
16 0 0.476562 0.494873 0.0332031 0.0434875 
14 0 0.849121 0.75293 0.0343628 0.0447998 
13 0 0.864746 0.412598 0.0328064 0.04245 
12 0 0.936035 0.210449 0.0375061 0.0546875 
8 0 0.831055 0.97998 0.0281219 0.0364685 
7 0 0.709473 0.634277 0.03125 0.0395813 
6 0 0.842285 0.854004 0.0281219 0.0380249 
5 0 0.851562 0.229126 0.0429688 0.0541687 
4 0 0.602539 0.2146 0.0324097 0.0416565 
3 0 0.771973 0.0822754 0.0320435 0.0396423 
2 0 0.239014 0.859375 0.0339966 0.044281 
1 0 0.629883 0.585449 0.0316467 0.0416565 
364 0 0.468018 0.478027 0.0328064 0.0453186 
361 0 0.98584 0.340088 0.0257874 0.0419312 
358 0 0.779297 0.008461 0.0375061 0.0174103 
355 0 0.266602 0.272705 0.0296936 0.0402222 
353 0 0.628906 0.804199 0.0359497 0.0416565 
348 0 0.037384 0.386475 0.0373535 0.0502625 
343 0 0.00624847 0.30835 0.0123444 0.0455627 
288 0 0.372803 0.0174866 0.0289001 0.0303802 
280 0 0.657227 0.928223 0.0421753 0.0510559 
260 0 0.514648 0.0135193 0.0296936 0.0266724 
247 0 0.261719 0.438477 0.03302 0.039856 
238 0 0.726562 0.772949 0.0296936 0.0348816 
227 0 0.143921 0.528809 0.0335083 0.0429688 
176 0 0.503906 0.0197906 0.0296936 0.0354309 
140 0 0.637695 0.421875 0.039856 0.0479126 
55 0 0.014061 0.989746 0.0281677 0.0208282 
54 0 0.993652 0.408447 0.0124969 0.0466003 
51 0 0.0390625 0.985352 0.0343628 0.0291595 
50 0 0.568848 0.530273 0.03125 0.0395813 
49 0 0.479736 0.409424 0.0367126 0.0484314 
46 0 0.486816 0.864746 0.0324097 0.0447998 
45 0 0.539551 0.961426 0.0289001 0.0343628 
43 0 0.569336 0.103149 0.0296936 0.035553 
42 0 0.239868 0.185669 0.0316467 0.039856 
41 0 0.281982 0.338379 0.026947 0.0380249 
40 0 0.541992 0.985352 0.0343628 0.0281219 
39 0 0.731445 0.149536 0.0320435 0.0403137 
34 0 0.584473 0.121643 0.0324097 0.0408936 
32 0 0.262451 0.132324 0.0308533 0.0390625 
31 0 0.0335083 0.0663452 0.0309601 0.0400085 
30 0 0.976562 0.851074 0.0367126 0.0489502 
29 0 0.0163879 0.76123 0.026535 0.0395813 
27 0 0.235107 0.578125 0.0304718 0.0437622 
26 0 0.129639 0.198364 0.0374146 0.0466003 
23 0 0.658691 0.185425 0.0359497 0.0416565 
22 0 0.282715 0.219238 0.0347595 0.0412903 
21 0 0.0836182 0.805176 0.0297852 0.0395813 
20 0 0.496826 0.740723 0.0441284 0.0520935 
19 0 0.0890503 0.964355 0.0316467 0.0416565 
18 0 0.829102 0.435303 0.0328064 0.0421753 
17 0 0.192139 0.845703 0.0343628 0.0416565 
16 0 0.476562 0.494873 0.0332031 0.0434875 
14 0 0.849121 0.75293 0.0343628 0.0447998 
13 0 0.864746 0.412598 0.0328064 0.04245 
12 0 0.936035 0.210449 0.0375061 0.0546875 
8 0 0.831055 0.97998 0.0281219 0.0364685 
7 0 0.709473 0.634277 0.03125 0.0395813 
6 0 0.842285 0.854004 0.0281219 0.0380249 
5 0 0.851562 0.229126 0.0429688 0.0541687 
4 0 0.602539 0.2146 0.0324097 0.0416565 
3 0 0.771973 0.0822754 0.0320435 0.0396423 
2 0 0.239014 0.859375 0.0339966 0.044281 
1 0 0.629883 0.585449 0.0316467 0.0416565 
