80 1 0.653809 0.94043 0.0300751 0.0380249 
78 0 0.819336 0.637207 0.0234375 0.0291595 
77 0 0.767578 0.0313416 0.0289001 0.0369568 
76 0 0.630371 0.804199 0.0359497 0.0416565 
65 0 0.75 0.61377 0.0335999 0.0390625 
61 0 0.65625 0.924805 0.0418091 0.0536499 
59 0 0.493652 0.776855 0.0316467 0.0401001 
56 0 0.563477 0.162476 0.026947 0.0334778 
55 0 0.0127792 0.990723 0.026001 0.0187531 
54 0 0.993652 0.409424 0.0117188 0.0518188 
53 0 0.00575256 0.0907593 0.0119171 0.0477905 
51 0 0.0397339 0.984375 0.0351562 0.0307312 
50 0 0.586914 0.485352 0.0328064 0.0416565 
49 0 0.499268 0.385498 0.0316467 0.0361938 
48 0 0.744629 0.741699 0.0296936 0.0375061 
47 0 0.0797729 0.216675 0.031311 0.042572 
46 0 0.488281 0.865723 0.0296936 0.0390625 
45 0 0.584961 0.874023 0.0335999 0.0395813 
44 0 0.578125 0.150024 0.0273438 0.0333252 
43 0 0.566406 0.100647 0.0296936 0.038269 
42 0 0.192993 0.119995 0.0289001 0.0386658 
41 0 0.315918 0.30542 0.0253906 0.0401001 
40 0 0.541504 0.985352 0.0332031 0.0291595 
39 0 0.748535 0.829102 0.0332031 0.0411377 
38 0 0.146729 0.572266 0.0311584 0.0385437 
37 0 0.88916 0.691895 0.0273438 0.0369873 
36 0 0.646973 0.991211 0.0304718 0.0187531 
35 0 0.0202179 0.222778 0.0341187 0.0453186 
34 0 0.584961 0.121826 0.0296936 0.0389404 
32 0 0.309326 0.0969238 0.0281219 0.0394592 
31 0 0.33667 0.751465 0.0326233 0.0385437 
30 0 0.986816 0.768066 0.0265656 0.0385437 
29 0 0.0296936 0.727051 0.03125 0.0416565 
27 0 0.239014 0.579102 0.0289001 0.0416565 
26 0 0.133545 0.193726 0.0331116 0.0458374 
25 0 0.575195 0.278809 0.0292969 0.0401001 
24 0 0.273926 0.413574 0.0304718 0.0387878 
23 0 0.679688 0.178589 0.0347595 0.0441284 
22 0 0.283203 0.217651 0.0333862 0.0395813 
21 0 0.0836182 0.805176 0.0296936 0.0359497 
20 0 0.514648 0.719727 0.0421753 0.0515747 
19 0 0.088562 0.963379 0.0307159 0.0395813 
18 0 0.82666 0.431396 0.0335999 0.044281 
17 0 0.191406 0.84375 0.0296936 0.0375061 
16 0 0.424316 0.141724 0.0292969 0.0348206 
15 0 0.0469055 0.359375 0.0341187 0.0426941 
14 0 0.853027 0.748047 0.0335999 0.0458374 
13 0 0.868652 0.408447 0.0304718 0.0416565 
12 0 0.935059 0.20813 0.0390625 0.0509033 
10 0 0.671875 0.131592 0.0363159 0.0411377 
9 0 0.636719 0.419678 0.0359497 0.0479126 
8 0 0.836914 0.962402 0.0296936 0.0375061 
7 0 0.708008 0.640137 0.0289001 0.0385437 
6 0 0.84668 0.837402 0.0281219 0.0364685 
5 0 0.853027 0.227051 0.0460815 0.0541687 
4 0 0.602539 0.210815 0.0324097 0.044281 
3 0 0.770508 0.0628052 0.0324097 0.0390625 
2 0 0.242188 0.852051 0.03125 0.0416565 
1 0 0.645996 0.5625 0.0296936 0.0380249 
80 1 0.653809 0.94043 0.0300751 0.0380249 
78 0 0.819336 0.637207 0.0234375 0.0291595 
77 0 0.767578 0.0313416 0.0289001 0.0369568 
76 0 0.630371 0.804199 0.0359497 0.0416565 
65 0 0.75 0.61377 0.0335999 0.0390625 
61 0 0.65625 0.924805 0.0418091 0.0536499 
59 0 0.493652 0.776855 0.0316467 0.0401001 
56 0 0.563477 0.162476 0.026947 0.0334778 
55 0 0.0127792 0.990723 0.026001 0.0187531 
54 0 0.993652 0.409424 0.0117188 0.0518188 
53 0 0.00575256 0.0907593 0.0119171 0.0477905 
51 0 0.0397339 0.984375 0.0351562 0.0307312 
50 0 0.586914 0.485352 0.0328064 0.0416565 
49 0 0.499268 0.385498 0.0316467 0.0361938 
48 0 0.744629 0.741699 0.0296936 0.0375061 
47 0 0.0797729 0.216675 0.031311 0.042572 
46 0 0.488281 0.865723 0.0296936 0.0390625 
45 0 0.584961 0.874023 0.0335999 0.0395813 
44 0 0.578125 0.150024 0.0273438 0.0333252 
43 0 0.566406 0.100647 0.0296936 0.038269 
42 0 0.192993 0.119995 0.0289001 0.0386658 
41 0 0.315918 0.30542 0.0253906 0.0401001 
40 0 0.541504 0.985352 0.0332031 0.0291595 
39 0 0.748535 0.829102 0.0332031 0.0411377 
38 0 0.146729 0.572266 0.0311584 0.0385437 
37 0 0.88916 0.691895 0.0273438 0.0369873 
36 0 0.646973 0.991211 0.0304718 0.0187531 
35 0 0.0202179 0.222778 0.0341187 0.0453186 
34 0 0.584961 0.121826 0.0296936 0.0389404 
32 0 0.309326 0.0969238 0.0281219 0.0394592 
31 0 0.33667 0.751465 0.0326233 0.0385437 
30 0 0.986816 0.768066 0.0265656 0.0385437 
29 0 0.0296936 0.727051 0.03125 0.0416565 
27 0 0.239014 0.579102 0.0289001 0.0416565 
26 0 0.133545 0.193726 0.0331116 0.0458374 
25 0 0.575195 0.278809 0.0292969 0.0401001 
24 0 0.273926 0.413574 0.0304718 0.0387878 
23 0 0.679688 0.178589 0.0347595 0.0441284 
22 0 0.283203 0.217651 0.0333862 0.0395813 
21 0 0.0836182 0.805176 0.0296936 0.0359497 
20 0 0.514648 0.719727 0.0421753 0.0515747 
19 0 0.088562 0.963379 0.0307159 0.0395813 
18 0 0.82666 0.431396 0.0335999 0.044281 
17 0 0.191406 0.84375 0.0296936 0.0375061 
16 0 0.424316 0.141724 0.0292969 0.0348206 
15 0 0.0469055 0.359375 0.0341187 0.0426941 
14 0 0.853027 0.748047 0.0335999 0.0458374 
13 0 0.868652 0.408447 0.0304718 0.0416565 
12 0 0.935059 0.20813 0.0390625 0.0509033 
10 0 0.671875 0.131592 0.0363159 0.0411377 
9 0 0.636719 0.419678 0.0359497 0.0479126 
8 0 0.836914 0.962402 0.0296936 0.0375061 
7 0 0.708008 0.640137 0.0289001 0.0385437 
6 0 0.84668 0.837402 0.0281219 0.0364685 
5 0 0.853027 0.227051 0.0460815 0.0541687 
4 0 0.602539 0.210815 0.0324097 0.044281 
3 0 0.770508 0.0628052 0.0324097 0.0390625 
2 0 0.242188 0.852051 0.03125 0.0416565 
1 0 0.645996 0.5625 0.0296936 0.0380249 
80 1 0.653809 0.94043 0.0300751 0.0380249 
78 0 0.819336 0.637207 0.0234375 0.0291595 
77 0 0.767578 0.0313416 0.0289001 0.0369568 
76 0 0.630371 0.804199 0.0359497 0.0416565 
65 0 0.75 0.61377 0.0335999 0.0390625 
61 0 0.65625 0.924805 0.0418091 0.0536499 
59 0 0.493652 0.776855 0.0316467 0.0401001 
56 0 0.563477 0.162476 0.026947 0.0334778 
55 0 0.0127792 0.990723 0.026001 0.0187531 
54 0 0.993652 0.409424 0.0117188 0.0518188 
53 0 0.00575256 0.0907593 0.0119171 0.0477905 
51 0 0.0397339 0.984375 0.0351562 0.0307312 
50 0 0.586914 0.485352 0.0328064 0.0416565 
49 0 0.499268 0.385498 0.0316467 0.0361938 
48 0 0.744629 0.741699 0.0296936 0.0375061 
47 0 0.0797729 0.216675 0.031311 0.042572 
46 0 0.488281 0.865723 0.0296936 0.0390625 
45 0 0.584961 0.874023 0.0335999 0.0395813 
44 0 0.578125 0.150024 0.0273438 0.0333252 
43 0 0.566406 0.100647 0.0296936 0.038269 
42 0 0.192993 0.119995 0.0289001 0.0386658 
41 0 0.315918 0.30542 0.0253906 0.0401001 
40 0 0.541504 0.985352 0.0332031 0.0291595 
39 0 0.748535 0.829102 0.0332031 0.0411377 
38 0 0.146729 0.572266 0.0311584 0.0385437 
37 0 0.88916 0.691895 0.0273438 0.0369873 
36 0 0.646973 0.991211 0.0304718 0.0187531 
35 0 0.0202179 0.222778 0.0341187 0.0453186 
34 0 0.584961 0.121826 0.0296936 0.0389404 
32 0 0.309326 0.0969238 0.0281219 0.0394592 
31 0 0.33667 0.751465 0.0326233 0.0385437 
30 0 0.986816 0.768066 0.0265656 0.0385437 
29 0 0.0296936 0.727051 0.03125 0.0416565 
27 0 0.239014 0.579102 0.0289001 0.0416565 
26 0 0.133545 0.193726 0.0331116 0.0458374 
25 0 0.575195 0.278809 0.0292969 0.0401001 
24 0 0.273926 0.413574 0.0304718 0.0387878 
23 0 0.679688 0.178589 0.0347595 0.0441284 
22 0 0.283203 0.217651 0.0333862 0.0395813 
21 0 0.0836182 0.805176 0.0296936 0.0359497 
20 0 0.514648 0.719727 0.0421753 0.0515747 
19 0 0.088562 0.963379 0.0307159 0.0395813 
18 0 0.82666 0.431396 0.0335999 0.044281 
17 0 0.191406 0.84375 0.0296936 0.0375061 
16 0 0.424316 0.141724 0.0292969 0.0348206 
15 0 0.0469055 0.359375 0.0341187 0.0426941 
14 0 0.853027 0.748047 0.0335999 0.0458374 
13 0 0.868652 0.408447 0.0304718 0.0416565 
12 0 0.935059 0.20813 0.0390625 0.0509033 
10 0 0.671875 0.131592 0.0363159 0.0411377 
9 0 0.636719 0.419678 0.0359497 0.0479126 
8 0 0.836914 0.962402 0.0296936 0.0375061 
7 0 0.708008 0.640137 0.0289001 0.0385437 
6 0 0.84668 0.837402 0.0281219 0.0364685 
5 0 0.853027 0.227051 0.0460815 0.0541687 
4 0 0.602539 0.210815 0.0324097 0.044281 
3 0 0.770508 0.0628052 0.0324097 0.0390625 
2 0 0.242188 0.852051 0.03125 0.0416565 
1 0 0.645996 0.5625 0.0296936 0.0380249 
80 1 0.653809 0.94043 0.0300751 0.0380249 
78 0 0.819336 0.637207 0.0234375 0.0291595 
77 0 0.767578 0.0313416 0.0289001 0.0369568 
76 0 0.630371 0.804199 0.0359497 0.0416565 
65 0 0.75 0.61377 0.0335999 0.0390625 
61 0 0.65625 0.924805 0.0418091 0.0536499 
59 0 0.493652 0.776855 0.0316467 0.0401001 
56 0 0.563477 0.162476 0.026947 0.0334778 
55 0 0.0127792 0.990723 0.026001 0.0187531 
54 0 0.993652 0.409424 0.0117188 0.0518188 
53 0 0.00575256 0.0907593 0.0119171 0.0477905 
51 0 0.0397339 0.984375 0.0351562 0.0307312 
50 0 0.586914 0.485352 0.0328064 0.0416565 
49 0 0.499268 0.385498 0.0316467 0.0361938 
48 0 0.744629 0.741699 0.0296936 0.0375061 
47 0 0.0797729 0.216675 0.031311 0.042572 
46 0 0.488281 0.865723 0.0296936 0.0390625 
45 0 0.584961 0.874023 0.0335999 0.0395813 
44 0 0.578125 0.150024 0.0273438 0.0333252 
43 0 0.566406 0.100647 0.0296936 0.038269 
42 0 0.192993 0.119995 0.0289001 0.0386658 
41 0 0.315918 0.30542 0.0253906 0.0401001 
40 0 0.541504 0.985352 0.0332031 0.0291595 
39 0 0.748535 0.829102 0.0332031 0.0411377 
38 0 0.146729 0.572266 0.0311584 0.0385437 
37 0 0.88916 0.691895 0.0273438 0.0369873 
36 0 0.646973 0.991211 0.0304718 0.0187531 
35 0 0.0202179 0.222778 0.0341187 0.0453186 
34 0 0.584961 0.121826 0.0296936 0.0389404 
32 0 0.309326 0.0969238 0.0281219 0.0394592 
31 0 0.33667 0.751465 0.0326233 0.0385437 
30 0 0.986816 0.768066 0.0265656 0.0385437 
29 0 0.0296936 0.727051 0.03125 0.0416565 
27 0 0.239014 0.579102 0.0289001 0.0416565 
26 0 0.133545 0.193726 0.0331116 0.0458374 
25 0 0.575195 0.278809 0.0292969 0.0401001 
24 0 0.273926 0.413574 0.0304718 0.0387878 
23 0 0.679688 0.178589 0.0347595 0.0441284 
22 0 0.283203 0.217651 0.0333862 0.0395813 
21 0 0.0836182 0.805176 0.0296936 0.0359497 
20 0 0.514648 0.719727 0.0421753 0.0515747 
19 0 0.088562 0.963379 0.0307159 0.0395813 
18 0 0.82666 0.431396 0.0335999 0.044281 
17 0 0.191406 0.84375 0.0296936 0.0375061 
16 0 0.424316 0.141724 0.0292969 0.0348206 
15 0 0.0469055 0.359375 0.0341187 0.0426941 
14 0 0.853027 0.748047 0.0335999 0.0458374 
13 0 0.868652 0.408447 0.0304718 0.0416565 
12 0 0.935059 0.20813 0.0390625 0.0509033 
10 0 0.671875 0.131592 0.0363159 0.0411377 
9 0 0.636719 0.419678 0.0359497 0.0479126 
8 0 0.836914 0.962402 0.0296936 0.0375061 
7 0 0.708008 0.640137 0.0289001 0.0385437 
6 0 0.84668 0.837402 0.0281219 0.0364685 
5 0 0.853027 0.227051 0.0460815 0.0541687 
4 0 0.602539 0.210815 0.0324097 0.044281 
3 0 0.770508 0.0628052 0.0324097 0.0390625 
2 0 0.242188 0.852051 0.03125 0.0416565 
1 0 0.645996 0.5625 0.0296936 0.0380249 
80 1 0.653809 0.94043 0.0300751 0.0380249 
78 0 0.819336 0.637207 0.0234375 0.0291595 
77 0 0.767578 0.0313416 0.0289001 0.0369568 
76 0 0.630371 0.804199 0.0359497 0.0416565 
65 0 0.75 0.61377 0.0335999 0.0390625 
61 0 0.65625 0.924805 0.0418091 0.0536499 
59 0 0.493652 0.776855 0.0316467 0.0401001 
56 0 0.563477 0.162476 0.026947 0.0334778 
55 0 0.0127792 0.990723 0.026001 0.0187531 
54 0 0.993652 0.409424 0.0117188 0.0518188 
53 0 0.00575256 0.0907593 0.0119171 0.0477905 
51 0 0.0397339 0.984375 0.0351562 0.0307312 
50 0 0.586914 0.485352 0.0328064 0.0416565 
49 0 0.499268 0.385498 0.0316467 0.0361938 
48 0 0.744629 0.741699 0.0296936 0.0375061 
47 0 0.0797729 0.216675 0.031311 0.042572 
46 0 0.488281 0.865723 0.0296936 0.0390625 
45 0 0.584961 0.874023 0.0335999 0.0395813 
44 0 0.578125 0.150024 0.0273438 0.0333252 
43 0 0.566406 0.100647 0.0296936 0.038269 
42 0 0.192993 0.119995 0.0289001 0.0386658 
41 0 0.315918 0.30542 0.0253906 0.0401001 
40 0 0.541504 0.985352 0.0332031 0.0291595 
39 0 0.748535 0.829102 0.0332031 0.0411377 
38 0 0.146729 0.572266 0.0311584 0.0385437 
37 0 0.88916 0.691895 0.0273438 0.0369873 
36 0 0.646973 0.991211 0.0304718 0.0187531 
35 0 0.0202179 0.222778 0.0341187 0.0453186 
34 0 0.584961 0.121826 0.0296936 0.0389404 
32 0 0.309326 0.0969238 0.0281219 0.0394592 
31 0 0.33667 0.751465 0.0326233 0.0385437 
30 0 0.986816 0.768066 0.0265656 0.0385437 
29 0 0.0296936 0.727051 0.03125 0.0416565 
27 0 0.239014 0.579102 0.0289001 0.0416565 
26 0 0.133545 0.193726 0.0331116 0.0458374 
25 0 0.575195 0.278809 0.0292969 0.0401001 
24 0 0.273926 0.413574 0.0304718 0.0387878 
23 0 0.679688 0.178589 0.0347595 0.0441284 
22 0 0.283203 0.217651 0.0333862 0.0395813 
21 0 0.0836182 0.805176 0.0296936 0.0359497 
20 0 0.514648 0.719727 0.0421753 0.0515747 
19 0 0.088562 0.963379 0.0307159 0.0395813 
18 0 0.82666 0.431396 0.0335999 0.044281 
17 0 0.191406 0.84375 0.0296936 0.0375061 
16 0 0.424316 0.141724 0.0292969 0.0348206 
15 0 0.0469055 0.359375 0.0341187 0.0426941 
14 0 0.853027 0.748047 0.0335999 0.0458374 
13 0 0.868652 0.408447 0.0304718 0.0416565 
12 0 0.935059 0.20813 0.0390625 0.0509033 
10 0 0.671875 0.131592 0.0363159 0.0411377 
9 0 0.636719 0.419678 0.0359497 0.0479126 
8 0 0.836914 0.962402 0.0296936 0.0375061 
7 0 0.708008 0.640137 0.0289001 0.0385437 
6 0 0.84668 0.837402 0.0281219 0.0364685 
5 0 0.853027 0.227051 0.0460815 0.0541687 
4 0 0.602539 0.210815 0.0324097 0.044281 
3 0 0.770508 0.0628052 0.0324097 0.0390625 
2 0 0.242188 0.852051 0.03125 0.0416565 
1 0 0.645996 0.5625 0.0296936 0.0380249 
80 1 0.653809 0.94043 0.0300751 0.0380249 
78 0 0.819336 0.637207 0.0234375 0.0291595 
77 0 0.767578 0.0313416 0.0289001 0.0369568 
76 0 0.630371 0.804199 0.0359497 0.0416565 
65 0 0.75 0.61377 0.0335999 0.0390625 
61 0 0.65625 0.924805 0.0418091 0.0536499 
59 0 0.493652 0.776855 0.0316467 0.0401001 
56 0 0.563477 0.162476 0.026947 0.0334778 
55 0 0.0127792 0.990723 0.026001 0.0187531 
54 0 0.993652 0.409424 0.0117188 0.0518188 
53 0 0.00575256 0.0907593 0.0119171 0.0477905 
51 0 0.0397339 0.984375 0.0351562 0.0307312 
50 0 0.586914 0.485352 0.0328064 0.0416565 
49 0 0.499268 0.385498 0.0316467 0.0361938 
48 0 0.744629 0.741699 0.0296936 0.0375061 
47 0 0.0797729 0.216675 0.031311 0.042572 
46 0 0.488281 0.865723 0.0296936 0.0390625 
45 0 0.584961 0.874023 0.0335999 0.0395813 
44 0 0.578125 0.150024 0.0273438 0.0333252 
43 0 0.566406 0.100647 0.0296936 0.038269 
42 0 0.192993 0.119995 0.0289001 0.0386658 
41 0 0.315918 0.30542 0.0253906 0.0401001 
40 0 0.541504 0.985352 0.0332031 0.0291595 
39 0 0.748535 0.829102 0.0332031 0.0411377 
38 0 0.146729 0.572266 0.0311584 0.0385437 
37 0 0.88916 0.691895 0.0273438 0.0369873 
36 0 0.646973 0.991211 0.0304718 0.0187531 
35 0 0.0202179 0.222778 0.0341187 0.0453186 
34 0 0.584961 0.121826 0.0296936 0.0389404 
32 0 0.309326 0.0969238 0.0281219 0.0394592 
31 0 0.33667 0.751465 0.0326233 0.0385437 
30 0 0.986816 0.768066 0.0265656 0.0385437 
29 0 0.0296936 0.727051 0.03125 0.0416565 
27 0 0.239014 0.579102 0.0289001 0.0416565 
26 0 0.133545 0.193726 0.0331116 0.0458374 
25 0 0.575195 0.278809 0.0292969 0.0401001 
24 0 0.273926 0.413574 0.0304718 0.0387878 
23 0 0.679688 0.178589 0.0347595 0.0441284 
22 0 0.283203 0.217651 0.0333862 0.0395813 
21 0 0.0836182 0.805176 0.0296936 0.0359497 
20 0 0.514648 0.719727 0.0421753 0.0515747 
19 0 0.088562 0.963379 0.0307159 0.0395813 
18 0 0.82666 0.431396 0.0335999 0.044281 
17 0 0.191406 0.84375 0.0296936 0.0375061 
16 0 0.424316 0.141724 0.0292969 0.0348206 
15 0 0.0469055 0.359375 0.0341187 0.0426941 
14 0 0.853027 0.748047 0.0335999 0.0458374 
13 0 0.868652 0.408447 0.0304718 0.0416565 
12 0 0.935059 0.20813 0.0390625 0.0509033 
10 0 0.671875 0.131592 0.0363159 0.0411377 
9 0 0.636719 0.419678 0.0359497 0.0479126 
8 0 0.836914 0.962402 0.0296936 0.0375061 
7 0 0.708008 0.640137 0.0289001 0.0385437 
6 0 0.84668 0.837402 0.0281219 0.0364685 
5 0 0.853027 0.227051 0.0460815 0.0541687 
4 0 0.602539 0.210815 0.0324097 0.044281 
3 0 0.770508 0.0628052 0.0324097 0.0390625 
2 0 0.242188 0.852051 0.03125 0.0416565 
1 0 0.645996 0.5625 0.0296936 0.0380249 
