497 0 0.57666 0.111206 0.0347595 0.0392456 
496 0 0.469482 0.467773 0.0339966 0.0479126 
464 0 0.766602 0.031311 0.0332031 0.0421143 
459 0 0.540039 0.986328 0.0359497 0.0270844 
444 0 0.65625 0.51123 0.0308533 0.0429688 
439 1 0.880371 0.145142 0.0296936 0.0393372 
438 0 0.990723 0.682129 0.015625 0.0432434 
423 0 0.57666 0.153076 0.0285187 0.0348816 
410 0 0.309814 0.190308 0.0326233 0.0391846 
288 0 0.364746 0.0353699 0.0328064 0.0415344 
247 0 0.260986 0.441406 0.0343628 0.0411377 
238 0 0.723633 0.774902 0.03125 0.0369873 
227 0 0.00813293 0.592773 0.0201263 0.0406189 
176 0 0.5 0.0229034 0.0371094 0.0414429 
55 0 0.0138397 0.989746 0.0273895 0.0208282 
54 0 0.992188 0.408936 0.015625 0.0549622 
51 0 0.0393372 0.986328 0.0332642 0.0270844 
50 0 0.554688 0.555664 0.0332031 0.0416565 
49 0 0.475098 0.416748 0.0351562 0.044281 
46 0 0.486816 0.864746 0.0296936 0.0411377 
43 0 0.568848 0.103882 0.0281219 0.0344543 
42 0 0.296143 0.247925 0.035553 0.040741 
41 0 0.264404 0.36084 0.0289001 0.038269 
39 0 0.55957 0.00886536 0.0304718 0.0215302 
34 0 0.583496 0.121643 0.0324097 0.0403748 
32 0 0.24353 0.153442 0.0335999 0.0387878 
30 0 0.963867 0.885254 0.0343628 0.0375061 
29 0 0.0132828 0.772949 0.0233917 0.0375061 
27 0 0.235107 0.578125 0.0328064 0.0437622 
26 0 0.129639 0.199951 0.0394592 0.0541687 
23 0 0.65625 0.201172 0.0351562 0.0432434 
22 0 0.283691 0.21875 0.0335999 0.0418091 
21 0 0.0828857 0.807129 0.0308533 0.0395813 
20 0 0.494629 0.748047 0.0421753 0.0510559 
19 0 0.0890503 0.964355 0.0281219 0.0375061 
18 0 0.830566 0.435303 0.0328064 0.0416565 
17 0 0.192993 0.84668 0.0358276 0.0437622 
14 0 0.84668 0.755371 0.0320435 0.0437622 
13 0 0.864258 0.412598 0.0335999 0.0416565 
12 0 0.935059 0.209351 0.0406189 0.055603 
8 0 0.831055 0.983398 0.0281219 0.0333252 
7 0 0.709473 0.632324 0.03125 0.0390625 
6 0 0.839844 0.860352 0.0265656 0.0375061 
5 0 0.853027 0.230225 0.0437622 0.0507812 
4 0 0.602539 0.213501 0.0300751 0.0360718 
3 0 0.76709 0.095459 0.03125 0.0390015 
2 0 0.239014 0.858398 0.033783 0.0411377 
1 0 0.630371 0.604004 0.0296936 0.0406189 
497 0 0.57666 0.111206 0.0347595 0.0392456 
496 0 0.469482 0.467773 0.0339966 0.0479126 
464 0 0.766602 0.031311 0.0332031 0.0421143 
459 0 0.540039 0.986328 0.0359497 0.0270844 
444 0 0.65625 0.51123 0.0308533 0.0429688 
439 1 0.880371 0.145142 0.0296936 0.0393372 
438 0 0.990723 0.682129 0.015625 0.0432434 
423 0 0.57666 0.153076 0.0285187 0.0348816 
410 0 0.309814 0.190308 0.0326233 0.0391846 
288 0 0.364746 0.0353699 0.0328064 0.0415344 
247 0 0.260986 0.441406 0.0343628 0.0411377 
238 0 0.723633 0.774902 0.03125 0.0369873 
227 0 0.00813293 0.592773 0.0201263 0.0406189 
176 0 0.5 0.0229034 0.0371094 0.0414429 
55 0 0.0138397 0.989746 0.0273895 0.0208282 
54 0 0.992188 0.408936 0.015625 0.0549622 
51 0 0.0393372 0.986328 0.0332642 0.0270844 
50 0 0.554688 0.555664 0.0332031 0.0416565 
49 0 0.475098 0.416748 0.0351562 0.044281 
46 0 0.486816 0.864746 0.0296936 0.0411377 
43 0 0.568848 0.103882 0.0281219 0.0344543 
42 0 0.296143 0.247925 0.035553 0.040741 
41 0 0.264404 0.36084 0.0289001 0.038269 
39 0 0.55957 0.00886536 0.0304718 0.0215302 
34 0 0.583496 0.121643 0.0324097 0.0403748 
32 0 0.24353 0.153442 0.0335999 0.0387878 
30 0 0.963867 0.885254 0.0343628 0.0375061 
29 0 0.0132828 0.772949 0.0233917 0.0375061 
27 0 0.235107 0.578125 0.0328064 0.0437622 
26 0 0.129639 0.199951 0.0394592 0.0541687 
23 0 0.65625 0.201172 0.0351562 0.0432434 
22 0 0.283691 0.21875 0.0335999 0.0418091 
21 0 0.0828857 0.807129 0.0308533 0.0395813 
20 0 0.494629 0.748047 0.0421753 0.0510559 
19 0 0.0890503 0.964355 0.0281219 0.0375061 
18 0 0.830566 0.435303 0.0328064 0.0416565 
17 0 0.192993 0.84668 0.0358276 0.0437622 
14 0 0.84668 0.755371 0.0320435 0.0437622 
13 0 0.864258 0.412598 0.0335999 0.0416565 
12 0 0.935059 0.209351 0.0406189 0.055603 
8 0 0.831055 0.983398 0.0281219 0.0333252 
7 0 0.709473 0.632324 0.03125 0.0390625 
6 0 0.839844 0.860352 0.0265656 0.0375061 
5 0 0.853027 0.230225 0.0437622 0.0507812 
4 0 0.602539 0.213501 0.0300751 0.0360718 
3 0 0.76709 0.095459 0.03125 0.0390015 
2 0 0.239014 0.858398 0.033783 0.0411377 
1 0 0.630371 0.604004 0.0296936 0.0406189 
