573 0 0.253418 0.430908 0.0246124 0.033844 
569 0 0.600586 0.211182 0.0324097 0.0386658 
550 2 0.0125961 0.726074 0.0256805 0.0354309 
533 0 0.96875 0.373535 0.0304718 0.039856 
516 0 0.637695 0.421875 0.0363159 0.0437622 
506 0 0.502441 0.0174713 0.0328064 0.03479 
503 0 0.990723 0.682129 0.015625 0.0426941 
435 0 0.747559 0.0665894 0.0347595 0.0436401 
416 0 0.765625 0.396729 0.0316467 0.0426941 
412 1 0.745117 0.00866699 0.0328064 0.0203247 
398 0 0.57666 0.1521 0.0316467 0.037384 
281 0 0.359375 0.0510864 0.0281219 0.0352173 
245 0 0.260986 0.438477 0.0308533 0.0354309 
236 0 0.719727 0.780273 0.0296936 0.0333252 
178 0 0.486816 0.0385437 0.0304718 0.0393677 
122 0 0.640625 0.230225 0.0339966 0.0394592 
55 0 0.0137177 0.989746 0.0265656 0.0208282 
54 0 0.991211 0.411133 0.0171814 0.0520935 
51 0 0.039856 0.986328 0.0327148 0.0270844 
50 0 0.538086 0.581055 0.0324097 0.0421753 
49 0 0.467285 0.431152 0.0379028 0.0531311 
46 0 0.485107 0.86377 0.0320435 0.0437622 
45 0 0.541504 0.985352 0.0328064 0.0291595 
43 0 0.568848 0.103271 0.0281219 0.0344543 
42 0 0.307861 0.230225 0.0333862 0.0391846 
41 0 0.248413 0.371826 0.0296936 0.0395813 
34 0 0.583008 0.12085 0.0339966 0.0418701 
32 0 0.24292 0.15625 0.0296936 0.0333252 
30 0 0.946777 0.924805 0.0335999 0.0375061 
29 0 0.00780487 0.79248 0.0155869 0.0411377 
27 0 0.232788 0.577148 0.0281219 0.0416565 
26 0 0.129883 0.199951 0.0371094 0.0505066 
22 0 0.27417 0.231201 0.0326233 0.0377502 
21 0 0.0843506 0.804199 0.0281677 0.0380249 
20 0 0.489746 0.751953 0.0421753 0.0458374 
19 0 0.0890503 0.963379 0.03125 0.0432434 
18 0 0.829102 0.434326 0.0328064 0.0395813 
17 0 0.191895 0.84668 0.0353394 0.0437622 
14 0 0.84375 0.754395 0.0343628 0.0489502 
13 0 0.864746 0.413574 0.0328064 0.0437622 
12 0 0.936035 0.209351 0.0406189 0.0601501 
8 0 0.825195 0.986328 0.0281219 0.0270844 
7 0 0.709473 0.631348 0.03125 0.0401001 
6 0 0.834961 0.866699 0.0265656 0.0421753 
5 0 0.851562 0.234375 0.0406189 0.049469 
3 0 0.760742 0.0999756 0.03125 0.0375061 
2 0 0.238037 0.858398 0.0300751 0.0416565 
1 0 0.631348 0.609375 0.0316467 0.0437622 
