347 0 0.98584 0.29541 0.0242157 0.0421753 
344 0 0.778809 0.00939941 0.035553 0.0183105 
343 0 0.215454 0.284424 0.0362244 0.0411377 
342 0 0.629883 0.804199 0.0375061 0.0416565 
333 0 0.00624084 0.310303 0.0124969 0.0471497 
281 0 0.371338 0.0198517 0.0289001 0.0315247 
276 0 0.655273 0.928223 0.0433655 0.0520935 
258 0 0.514648 0.0135498 0.0289001 0.0271301 
245 0 0.260986 0.438965 0.033783 0.0403748 
236 0 0.726074 0.773926 0.0304718 0.0359497 
226 0 0.504395 0.448975 0.0343628 0.0481873 
178 0 0.503906 0.0197906 0.0296936 0.0354309 
142 0 0.637695 0.420898 0.0394592 0.0492249 
122 0 0.658691 0.185791 0.0351562 0.0401001 
55 0 0.0133514 0.989746 0.0272522 0.0208282 
54 0 0.993652 0.407471 0.0124969 0.0499878 
51 0 0.0390625 0.985352 0.0343628 0.0291595 
50 0 0.567383 0.533203 0.03125 0.0375061 
49 0 0.480469 0.409912 0.0351562 0.0466003 
46 0 0.486816 0.864746 0.0328064 0.0416565 
45 0 0.536621 0.96582 0.0289001 0.0343628 
43 0 0.569336 0.103149 0.0296936 0.0354309 
42 0 0.243896 0.189697 0.0324097 0.0408936 
41 0 0.279785 0.340576 0.0281219 0.039856 
40 0 0.542969 0.985352 0.0335999 0.0286407 
39 0 0.730469 0.124451 0.0328064 0.0426941 
34 0 0.584473 0.121826 0.0320435 0.0389404 
32 0 0.255859 0.135132 0.0302734 0.0365295 
31 0 0.0118408 0.0372314 0.0270538 0.0413818 
30 0 0.973633 0.853027 0.0375061 0.0484314 
29 0 0.0156097 0.764648 0.0281067 0.0416565 
27 0 0.235596 0.578613 0.0314331 0.0447998 
26 0 0.130249 0.198975 0.0374146 0.0499878 
22 0 0.288086 0.217651 0.0375061 0.0408936 
21 0 0.0836182 0.805176 0.0298767 0.0395813 
20 0 0.497559 0.740723 0.042572 0.0520935 
19 0 0.0890503 0.96582 0.03125 0.0411377 
18 0 0.829102 0.435303 0.0328064 0.0416565 
17 0 0.192139 0.844727 0.0344849 0.0437622 
16 0 0.135742 0.524902 0.0356445 0.0432434 
14 0 0.848633 0.754395 0.0343628 0.0458374 
13 0 0.864746 0.413574 0.0328064 0.04245 
12 0 0.935059 0.210205 0.0390625 0.0557251 
8 0 0.831055 0.981445 0.0281219 0.0348816 
7 0 0.709473 0.634277 0.03125 0.0385437 
6 0 0.842285 0.856445 0.0281219 0.0380249 
5 0 0.853027 0.229248 0.0429688 0.0513 
4 0 0.602539 0.213501 0.0304718 0.0393372 
3 0 0.770996 0.0822754 0.0320435 0.0393677 
2 0 0.239014 0.859375 0.0343628 0.0437622 
1 0 0.629883 0.586426 0.03125 0.0411377 
