645 0 0.563965 0.161377 0.0292969 0.0354309 
635 0 0.638184 0.421875 0.0359497 0.0437622 
615 0 0.578125 0.150024 0.03125 0.0375061 
604 0 0.600586 0.210083 0.0316467 0.0393372 
579 2 0.00990295 0.728027 0.0198517 0.0395813 
562 0 0.944336 0.434326 0.0328064 0.0403748 
535 0 0.991211 0.68457 0.014061 0.0437622 
534 0 0.504883 0.0206604 0.0281219 0.0336304 
464 0 0.744629 0.0750732 0.0339966 0.0418396 
459 0 0.541992 0.985352 0.0316467 0.0281219 
444 0 0.813965 0.408936 0.0347595 0.0393372 
288 0 0.356934 0.0559387 0.0300751 0.0381165 
247 0 0.260986 0.437744 0.0335999 0.0380249 
238 0 0.71875 0.78125 0.0292969 0.0333252 
176 0 0.484375 0.0434265 0.0281219 0.0361328 
55 0 0.0140762 0.990723 0.0249939 0.0187531 
54 0 0.989746 0.411865 0.0171814 0.053894 
51 0 0.0419312 0.986816 0.0293427 0.0239563 
50 0 0.532715 0.589355 0.03125 0.0416565 
49 0 0.459473 0.429199 0.038269 0.0515747 
46 0 0.486816 0.86377 0.0300751 0.0411377 
43 0 0.570312 0.105103 0.0308533 0.038208 
42 0 0.313232 0.225708 0.0328064 0.0416565 
41 0 0.244751 0.37085 0.0273438 0.0372314 
34 0 0.583008 0.12085 0.0343628 0.0416565 
32 0 0.239014 0.165649 0.03125 0.035553 
30 0 0.942383 0.938477 0.0343628 0.0390625 
29 0 0.00613785 0.797852 0.0118484 0.0375061 
27 0 0.233643 0.576172 0.0294952 0.0437622 
26 0 0.130249 0.198975 0.0352478 0.0477905 
23 0 0.635254 0.235474 0.0363159 0.0416565 
22 0 0.273438 0.23645 0.0343628 0.0395813 
21 0 0.0843506 0.804199 0.0278778 0.0343628 
20 0 0.490723 0.751953 0.0418091 0.0463562 
19 0 0.0898438 0.962402 0.0296326 0.0375061 
18 0 0.82959 0.436035 0.0320435 0.0367126 
17 0 0.192017 0.845703 0.0339966 0.0416565 
14 0 0.842285 0.754395 0.0335999 0.0484314 
13 0 0.864746 0.413574 0.0328064 0.0395813 
12 0 0.936035 0.209106 0.0406189 0.055481 
8 0 0.823242 0.987305 0.0273438 0.0249939 
7 0 0.709473 0.631348 0.0335999 0.0416565 
6 0 0.834473 0.869629 0.0257874 0.0395813 
5 0 0.851562 0.234741 0.0429688 0.0507812 
3 0 0.759277 0.0990601 0.03125 0.0361328 
2 0 0.236694 0.857422 0.0294952 0.0395813 
1 0 0.630371 0.610352 0.0328064 0.0416565 
645 0 0.563965 0.161377 0.0292969 0.0354309 
635 0 0.638184 0.421875 0.0359497 0.0437622 
615 0 0.578125 0.150024 0.03125 0.0375061 
604 0 0.600586 0.210083 0.0316467 0.0393372 
579 2 0.00990295 0.728027 0.0198517 0.0395813 
562 0 0.944336 0.434326 0.0328064 0.0403748 
535 0 0.991211 0.68457 0.014061 0.0437622 
534 0 0.504883 0.0206604 0.0281219 0.0336304 
464 0 0.744629 0.0750732 0.0339966 0.0418396 
459 0 0.541992 0.985352 0.0316467 0.0281219 
444 0 0.813965 0.408936 0.0347595 0.0393372 
288 0 0.356934 0.0559387 0.0300751 0.0381165 
247 0 0.260986 0.437744 0.0335999 0.0380249 
238 0 0.71875 0.78125 0.0292969 0.0333252 
176 0 0.484375 0.0434265 0.0281219 0.0361328 
55 0 0.0140762 0.990723 0.0249939 0.0187531 
54 0 0.989746 0.411865 0.0171814 0.053894 
51 0 0.0419312 0.986816 0.0293427 0.0239563 
50 0 0.532715 0.589355 0.03125 0.0416565 
49 0 0.459473 0.429199 0.038269 0.0515747 
46 0 0.486816 0.86377 0.0300751 0.0411377 
43 0 0.570312 0.105103 0.0308533 0.038208 
42 0 0.313232 0.225708 0.0328064 0.0416565 
41 0 0.244751 0.37085 0.0273438 0.0372314 
34 0 0.583008 0.12085 0.0343628 0.0416565 
32 0 0.239014 0.165649 0.03125 0.035553 
30 0 0.942383 0.938477 0.0343628 0.0390625 
29 0 0.00613785 0.797852 0.0118484 0.0375061 
27 0 0.233643 0.576172 0.0294952 0.0437622 
26 0 0.130249 0.198975 0.0352478 0.0477905 
23 0 0.635254 0.235474 0.0363159 0.0416565 
22 0 0.273438 0.23645 0.0343628 0.0395813 
21 0 0.0843506 0.804199 0.0278778 0.0343628 
20 0 0.490723 0.751953 0.0418091 0.0463562 
19 0 0.0898438 0.962402 0.0296326 0.0375061 
18 0 0.82959 0.436035 0.0320435 0.0367126 
17 0 0.192017 0.845703 0.0339966 0.0416565 
14 0 0.842285 0.754395 0.0335999 0.0484314 
13 0 0.864746 0.413574 0.0328064 0.0395813 
12 0 0.936035 0.209106 0.0406189 0.055481 
8 0 0.823242 0.987305 0.0273438 0.0249939 
7 0 0.709473 0.631348 0.0335999 0.0416565 
6 0 0.834473 0.869629 0.0257874 0.0395813 
5 0 0.851562 0.234741 0.0429688 0.0507812 
3 0 0.759277 0.0990601 0.03125 0.0361328 
2 0 0.236694 0.857422 0.0294952 0.0395813 
1 0 0.630371 0.610352 0.0328064 0.0416565 
