87 0 0.600098 0.59082 0.0316467 0.0411377 
76 0 0.629883 0.804199 0.0347595 0.0421753 
59 0 0.576172 0.820801 0.03125 0.0359497 
56 0 0.563965 0.161255 0.0273438 0.0339966 
55 0 0.0132294 0.990723 0.0262756 0.0187531 
54 0 0.994629 0.407471 0.0109406 0.049469 
53 0 0.00467682 0.0944824 0.00933838 0.0463562 
51 0 0.0421448 0.983398 0.0306854 0.0291595 
50 0 0.585938 0.487549 0.0343628 0.0421753 
49 0 0.500977 0.386475 0.0296936 0.035675 
48 0 0.743164 0.744141 0.026947 0.0354309 
47 0 0.117981 0.253662 0.0340881 0.0420532 
46 0 0.486816 0.865723 0.0296936 0.0395813 
45 0 0.583496 0.87793 0.0316467 0.0354309 
44 0 0.578125 0.150024 0.0281219 0.0332031 
43 0 0.567383 0.101196 0.03125 0.0385437 
42 0 0.200195 0.136597 0.0280304 0.0396423 
41 0 0.314941 0.30835 0.0265656 0.0385437 
40 0 0.541504 0.986328 0.0328064 0.0276031 
39 0 0.745117 0.774414 0.0289001 0.0364685 
38 0 0.0923462 0.508789 0.0332947 0.0421753 
37 0 0.945312 0.740234 0.0304718 0.0375061 
35 0 0.0164948 0.228882 0.0327454 0.0428467 
34 0 0.584961 0.122986 0.0296936 0.0379028 
32 0 0.306152 0.101013 0.0281219 0.0354919 
31 0 0.331299 0.670898 0.0316467 0.0426941 
30 0 0.988281 0.773926 0.0234375 0.0364685 
29 0 0.0289001 0.728027 0.0327759 0.0437622 
27 0 0.238892 0.579102 0.0285187 0.0421753 
26 0 0.133545 0.194824 0.0319214 0.0437622 
25 0 0.621582 0.340576 0.0296936 0.0406189 
24 0 0.271973 0.413574 0.03125 0.0387878 
23 0 0.671387 0.13855 0.0375061 0.0431519 
22 0 0.282471 0.216553 0.0333862 0.0406189 
21 0 0.0836182 0.805176 0.0293427 0.0354309 
20 0 0.510742 0.72168 0.0394592 0.0479126 
19 0 0.0890503 0.963379 0.0308075 0.0395813 
18 0 0.828125 0.433105 0.0335999 0.0421753 
17 0 0.192139 0.844727 0.03125 0.0369873 
16 0 0.388184 0.191162 0.0275421 0.0350342 
15 0 0.0453491 0.361572 0.0354309 0.0432434 
14 0 0.854004 0.749023 0.0328064 0.0437622 
13 0 0.869629 0.408447 0.0296936 0.0416565 
12 0 0.935059 0.207886 0.0390625 0.0526123 
9 0 0.636719 0.420898 0.0332031 0.0460815 
8 0 0.836914 0.963379 0.0296936 0.0390625 
7 0 0.707031 0.639648 0.0296936 0.0375061 
6 0 0.84668 0.837402 0.0273438 0.0375061 
5 0 0.853027 0.227051 0.0460815 0.0544128 
4 0 0.601562 0.211182 0.0343628 0.044281 
3 0 0.772461 0.0645142 0.0304718 0.0386047 
2 0 0.242798 0.85498 0.0300751 0.0385437 
1 0 0.645996 0.562012 0.0277405 0.0343628 
