210 0 0.879883 0.850098 0.03125 0.0416565 
208 0 0.307129 0.34375 0.0220642 0.0283813 
202 0 0.0213013 0.35376 0.0326843 0.0440063 
194 0 0.702148 0.620605 0.0308533 0.0348816 
178 0 0.501465 0.0124969 0.0324097 0.0250702 
142 0 0.635742 0.421875 0.0351562 0.0471497 
122 0 0.667969 0.155884 0.0347595 0.0406189 
121 0 0.743164 0.756348 0.0265656 0.033844 
119 0 0.629883 0.804199 0.035553 0.0416565 
87 0 0.122864 0.337402 0.0306702 0.0385437 
55 0 0.0124969 0.989746 0.0251465 0.0197906 
54 0 0.993652 0.409424 0.0117188 0.0487061 
51 0 0.0406494 0.984375 0.0317993 0.03125 
50 0 0.584961 0.500977 0.0324097 0.039856 
49 0 0.495361 0.394775 0.0320435 0.0408936 
47 0 0.272949 0.362549 0.0314331 0.0395813 
46 0 0.486816 0.865723 0.0296936 0.0375061 
45 0 0.56543 0.901855 0.0289001 0.0317688 
44 0 0.578125 0.150635 0.03125 0.0380249 
43 0 0.567383 0.103149 0.0304718 0.0388794 
42 0 0.220703 0.171875 0.0279236 0.0364685 
41 0 0.306152 0.314697 0.0277405 0.0364685 
40 0 0.541992 0.985352 0.0320435 0.0286407 
39 0 0.758789 0.56543 0.0332031 0.0390625 
35 0 0.0111923 0.258545 0.0229797 0.0432434 
34 0 0.584473 0.122192 0.0320435 0.0420532 
32 0 0.286621 0.112488 0.0294952 0.0361328 
31 0 0.218384 0.475586 0.033783 0.0408936 
30 0 0.989746 0.794434 0.0203094 0.0354309 
29 0 0.0214386 0.731445 0.032959 0.0453186 
27 0 0.236328 0.57373 0.0298767 0.0416565 
26 0 0.13269 0.196899 0.0332031 0.0430908 
24 0 0.26709 0.420898 0.0300751 0.0390625 
23 0 0.60791 0.0237885 0.0320435 0.0396423 
22 0 0.282715 0.218628 0.0322266 0.0411377 
21 0 0.0836182 0.805176 0.0296936 0.0369873 
20 0 0.507812 0.72998 0.0410156 0.0520935 
19 0 0.0890503 0.964355 0.0310974 0.0380249 
18 0 0.828125 0.434326 0.0335999 0.0403748 
17 0 0.192749 0.844727 0.03125 0.0395813 
16 0 0.313721 0.397949 0.0306702 0.0387878 
14 0 0.851562 0.749023 0.0343628 0.0453186 
13 0 0.868652 0.408447 0.0320435 0.0416565 
12 0 0.936035 0.208618 0.0414124 0.0585938 
8 0 0.835938 0.96875 0.0281219 0.0364685 
7 0 0.709473 0.635254 0.03125 0.0375061 
6 0 0.84668 0.843262 0.0304718 0.0364685 
5 0 0.854004 0.229126 0.0453186 0.0540466 
4 0 0.600098 0.210449 0.0328064 0.0453186 
3 0 0.773438 0.0734863 0.0316467 0.0392151 
2 0 0.242188 0.856445 0.03125 0.0426941 
1 0 0.645996 0.567871 0.0304718 0.0401001 
