743 0 0.62793 0.80127 0.0335999 0.0369873 
735 0 0.758789 0.159424 0.0285187 0.0357971 
725 0 0.82666 0.830566 0.0273438 0.0343628 
724 0 0.563477 0.161499 0.0265656 0.0352783 
718 1 0.0652466 0.829102 0.0350952 0.0458374 
684 0 0.74707 0.12439 0.0292969 0.0368347 
681 0 0.630371 0.0125046 0.0296936 0.0250092 
677 0 0.716309 0.787598 0.0265656 0.0333252 
662 0 0.992188 0.682129 0.015625 0.0354309 
655 0 0.231201 0.4729 0.0218811 0.0286407 
640 0 0.98291 0.0198822 0.0281219 0.0358582 
639 0 0.936035 0.206421 0.0375061 0.0507812 
626 0 0.174683 0.84668 0.0326233 0.0411377 
602 0 0.638184 0.418701 0.0371094 0.0458374 
584 0 0.578125 0.14917 0.0281219 0.0363159 
569 0 0.602539 0.209351 0.0296936 0.0437622 
506 0 0.508789 0.0312805 0.0265656 0.0375366 
435 0 0.713867 0.134399 0.03125 0.0387268 
416 0 0.86084 0.4104 0.0281219 0.0375061 
281 0 0.355957 0.0697632 0.028717 0.0353699 
245 0 0.261719 0.432373 0.0294952 0.0395813 
178 0 0.477295 0.0531311 0.0265656 0.0392761 
122 0 0.626465 0.240601 0.0332031 0.0395813 
55 0 0.0135345 0.989746 0.0271301 0.0208282 
54 0 0.989746 0.412598 0.0203094 0.0460815 
51 0 0.0429688 0.985352 0.0355225 0.0291595 
50 0 0.509277 0.608887 0.0343628 0.0479126 
49 0 0.457031 0.45459 0.0347595 0.0445251 
46 0 0.487549 0.862305 0.03125 0.0385437 
45 0 0.541992 0.985352 0.03125 0.0276031 
43 0 0.571289 0.102112 0.0300751 0.037384 
42 0 0.285156 0.206299 0.0326233 0.0412903 
41 0 0.226562 0.388428 0.0310516 0.0406189 
34 0 0.582031 0.12085 0.0328064 0.0375061 
32 0 0.219482 0.17395 0.0294952 0.0350342 
30 0 0.912598 0.98877 0.03125 0.0229187 
27 0 0.235962 0.569824 0.03125 0.0453186 
26 0 0.129639 0.196899 0.0343628 0.0479126 
22 0 0.266846 0.252197 0.0333862 0.0415344 
21 0 0.0849609 0.80127 0.0332642 0.0411377 
19 0 0.086731 0.961426 0.0345764 0.0437622 
18 0 0.82666 0.432373 0.0320435 0.0395813 
17 0 0.192139 0.848145 0.0332031 0.0416565 
14 0 0.828125 0.756348 0.03125 0.0416565 
8 0 0.824219 0.98877 0.0265656 0.0223999 
7 0 0.709473 0.630371 0.03125 0.0395813 
6 0 0.832031 0.87207 0.0265656 0.0354309 
5 0 0.851562 0.236938 0.0406189 0.0475159 
2 0 0.237549 0.856445 0.03125 0.0458374 
1 0 0.630371 0.616699 0.0296936 0.0411377 
