512 0 0.340332 0.009758 0.0343628 0.0203552 
464 0 0.762695 0.0416565 0.0343628 0.0459595 
459 0 0.541504 0.985352 0.0328064 0.0291595 
444 0 0.647461 0.489746 0.0347595 0.0463562 
439 1 0.831055 0.117188 0.0328064 0.0397644 
423 0 0.577148 0.152954 0.0296936 0.0361938 
410 0 0.311768 0.19165 0.0359497 0.0418091 
288 0 0.364014 0.0392456 0.0345764 0.0432434 
247 0 0.260986 0.440674 0.0322266 0.0395813 
238 0 0.722656 0.774902 0.0296936 0.0333252 
176 0 0.498535 0.0239563 0.0386658 0.0438843 
55 0 0.0132828 0.989746 0.0265656 0.0208282 
54 0 0.992188 0.408936 0.015625 0.0533752 
51 0 0.039856 0.987305 0.0328979 0.0249939 
50 0 0.550781 0.564453 0.0320435 0.0421753 
49 0 0.471191 0.422119 0.0402222 0.0567627 
46 0 0.486816 0.864746 0.0296936 0.0416565 
43 0 0.568848 0.105286 0.0285187 0.035675 
42 0 0.302979 0.24585 0.0371094 0.0420532 
41 0 0.259277 0.365723 0.0314331 0.0408936 
34 0 0.583008 0.121887 0.03125 0.039856 
32 0 0.243774 0.154419 0.0314331 0.0354309 
30 0 0.959961 0.897949 0.0328064 0.0375061 
29 0 0.0101547 0.776855 0.020874 0.0375061 
27 0 0.233643 0.577148 0.0320435 0.0458374 
26 0 0.129883 0.198975 0.038269 0.053009 
23 0 0.65332 0.209473 0.0343628 0.0393372 
22 0 0.281738 0.223999 0.03302 0.0408936 
21 0 0.0836182 0.806152 0.0296936 0.0375061 
20 0 0.493652 0.748047 0.0406189 0.0499878 
19 0 0.0898438 0.963379 0.0296936 0.0395813 
18 0 0.82959 0.436035 0.0351562 0.04245 
17 0 0.192383 0.84668 0.0354614 0.0437622 
14 0 0.846191 0.754395 0.0328064 0.0458374 
13 0 0.864258 0.413574 0.0335999 0.0437622 
12 0 0.935059 0.207642 0.0390625 0.0546875 
8 0 0.831055 0.983398 0.0281219 0.0333252 
7 0 0.708984 0.634277 0.0320435 0.0411377 
6 0 0.838379 0.860352 0.0265656 0.0375061 
5 0 0.851562 0.2323 0.0429688 0.0526123 
4 0 0.601562 0.213501 0.0289001 0.0354309 
3 0 0.766602 0.0971069 0.0292969 0.0391235 
2 0 0.239502 0.85791 0.0333862 0.0426941 
1 0 0.629883 0.60498 0.0324097 0.0437622 
512 0 0.340332 0.009758 0.0343628 0.0203552 
464 0 0.762695 0.0416565 0.0343628 0.0459595 
459 0 0.541504 0.985352 0.0328064 0.0291595 
444 0 0.647461 0.489746 0.0347595 0.0463562 
439 1 0.831055 0.117188 0.0328064 0.0397644 
423 0 0.577148 0.152954 0.0296936 0.0361938 
410 0 0.311768 0.19165 0.0359497 0.0418091 
288 0 0.364014 0.0392456 0.0345764 0.0432434 
247 0 0.260986 0.440674 0.0322266 0.0395813 
238 0 0.722656 0.774902 0.0296936 0.0333252 
176 0 0.498535 0.0239563 0.0386658 0.0438843 
55 0 0.0132828 0.989746 0.0265656 0.0208282 
54 0 0.992188 0.408936 0.015625 0.0533752 
51 0 0.039856 0.987305 0.0328979 0.0249939 
50 0 0.550781 0.564453 0.0320435 0.0421753 
49 0 0.471191 0.422119 0.0402222 0.0567627 
46 0 0.486816 0.864746 0.0296936 0.0416565 
43 0 0.568848 0.105286 0.0285187 0.035675 
42 0 0.302979 0.24585 0.0371094 0.0420532 
41 0 0.259277 0.365723 0.0314331 0.0408936 
34 0 0.583008 0.121887 0.03125 0.039856 
32 0 0.243774 0.154419 0.0314331 0.0354309 
30 0 0.959961 0.897949 0.0328064 0.0375061 
29 0 0.0101547 0.776855 0.020874 0.0375061 
27 0 0.233643 0.577148 0.0320435 0.0458374 
26 0 0.129883 0.198975 0.038269 0.053009 
23 0 0.65332 0.209473 0.0343628 0.0393372 
22 0 0.281738 0.223999 0.03302 0.0408936 
21 0 0.0836182 0.806152 0.0296936 0.0375061 
20 0 0.493652 0.748047 0.0406189 0.0499878 
19 0 0.0898438 0.963379 0.0296936 0.0395813 
18 0 0.82959 0.436035 0.0351562 0.04245 
17 0 0.192383 0.84668 0.0354614 0.0437622 
14 0 0.846191 0.754395 0.0328064 0.0458374 
13 0 0.864258 0.413574 0.0335999 0.0437622 
12 0 0.935059 0.207642 0.0390625 0.0546875 
8 0 0.831055 0.983398 0.0281219 0.0333252 
7 0 0.708984 0.634277 0.0320435 0.0411377 
6 0 0.838379 0.860352 0.0265656 0.0375061 
5 0 0.851562 0.2323 0.0429688 0.0526123 
4 0 0.601562 0.213501 0.0289001 0.0354309 
3 0 0.766602 0.0971069 0.0292969 0.0391235 
2 0 0.239502 0.85791 0.0333862 0.0426941 
1 0 0.629883 0.60498 0.0324097 0.0437622 
