496 0 0.990723 0.683105 0.015625 0.0416565 
494 0 0.270996 0.4104 0.0234375 0.0291595 
493 0 0.638184 0.422852 0.0390625 0.0458374 
435 0 0.761719 0.0438232 0.0351562 0.0459595 
416 0 0.681641 0.5 0.0343628 0.0421753 
412 1 0.819336 0.103638 0.0328064 0.0397034 
398 0 0.57666 0.152222 0.0292969 0.0343628 
386 0 0.311768 0.192505 0.035553 0.042572 
281 0 0.363281 0.0406799 0.0333862 0.0440063 
245 0 0.260986 0.440674 0.03125 0.0395813 
236 0 0.722656 0.774902 0.0296936 0.0333252 
178 0 0.498535 0.0239563 0.0386658 0.0438843 
122 0 0.65332 0.211548 0.0343628 0.0395813 
55 0 0.0132828 0.990723 0.026413 0.0187531 
54 0 0.992188 0.407715 0.015625 0.0510559 
51 0 0.039856 0.987305 0.0325317 0.0234375 
50 0 0.550781 0.564453 0.0332031 0.0416565 
49 0 0.471924 0.422607 0.039856 0.0567627 
46 0 0.486816 0.864746 0.0296936 0.0416565 
45 0 0.541504 0.985352 0.0328064 0.0291595 
43 0 0.567871 0.104675 0.0285187 0.0344543 
42 0 0.304199 0.246826 0.0376892 0.0432434 
41 0 0.259277 0.366699 0.0316467 0.0416565 
34 0 0.583008 0.121887 0.0320435 0.0395813 
32 0 0.244507 0.154785 0.03125 0.0341187 
30 0 0.959473 0.899902 0.0343628 0.0369873 
29 0 0.0096283 0.778809 0.0198669 0.0375061 
27 0 0.234375 0.577148 0.0314331 0.0458374 
26 0 0.129639 0.198975 0.0376892 0.0519409 
22 0 0.280518 0.224854 0.0345764 0.0406189 
21 0 0.0836182 0.806152 0.0296936 0.0375061 
20 0 0.493652 0.749023 0.0406189 0.0479126 
19 0 0.0898438 0.963379 0.0296936 0.0395813 
18 0 0.830566 0.435303 0.0343628 0.0421753 
17 0 0.192139 0.84668 0.0344849 0.0437622 
14 0 0.84668 0.75293 0.0335999 0.0473938 
13 0 0.864258 0.413574 0.0335999 0.0437622 
12 0 0.936035 0.209351 0.0406189 0.0562439 
8 0 0.831055 0.983398 0.0281219 0.0333252 
7 0 0.708496 0.633301 0.0320435 0.0411377 
6 0 0.838379 0.861328 0.0265656 0.0364685 
5 0 0.853027 0.231201 0.0437622 0.0541687 
4 0 0.601562 0.213501 0.0281219 0.0354309 
3 0 0.764648 0.0971069 0.0304718 0.0396423 
2 0 0.238281 0.858398 0.03302 0.0416565 
1 0 0.62793 0.60498 0.0289001 0.0364685 
