665 0 0.563477 0.161499 0.0265656 0.0354309 
662 0 0.993164 0.681641 0.014061 0.0385437 
655 0 0.241455 0.453125 0.0230408 0.0270844 
640 0 0.987305 0.0113373 0.0257874 0.0220795 
639 0 0.936523 0.208374 0.0390625 0.0540466 
636 0 0.966309 0.408936 0.0328064 0.0406189 
626 0 0.142212 0.939941 0.027832 0.0375061 
602 0 0.636719 0.418701 0.0371094 0.0463562 
584 0 0.578125 0.150024 0.0285187 0.0374451 
569 0 0.602539 0.209717 0.0296936 0.0411377 
533 0 0.904785 0.628418 0.0304718 0.0375061 
506 0 0.506348 0.0253601 0.0249939 0.0364075 
435 0 0.725098 0.110352 0.0335999 0.038147 
416 0 0.859375 0.411377 0.0304718 0.0390625 
281 0 0.356201 0.0635376 0.0281219 0.0354614 
245 0 0.260498 0.435303 0.0302734 0.0354309 
236 0 0.717285 0.783203 0.0285187 0.0333252 
178 0 0.480469 0.0489502 0.0265656 0.0354614 
122 0 0.62793 0.23877 0.03125 0.0386658 
55 0 0.0132828 0.990723 0.0265656 0.0187531 
54 0 0.992188 0.413574 0.0164032 0.0515747 
51 0 0.0413513 0.985352 0.0305939 0.0244751 
50 0 0.518066 0.60498 0.0324097 0.044281 
49 0 0.460938 0.442139 0.0359497 0.0481873 
46 0 0.487549 0.86377 0.03125 0.0385437 
45 0 0.541992 0.986328 0.03125 0.0270844 
43 0 0.569336 0.103149 0.0296936 0.0361938 
42 0 0.306641 0.215942 0.0314331 0.0397034 
41 0 0.233643 0.379395 0.0298767 0.0411377 
34 0 0.583008 0.119812 0.0320435 0.0395813 
32 0 0.235107 0.177002 0.0296936 0.0335999 
30 0 0.926758 0.969727 0.0320435 0.0364685 
29 0 0.00445557 0.8125 0.0086441 0.0375061 
27 0 0.235352 0.572754 0.0292969 0.0411377 
26 0 0.130493 0.197144 0.0328064 0.042572 
22 0 0.268799 0.242676 0.0316467 0.0395813 
21 0 0.0843506 0.804199 0.0282288 0.0369873 
20 0 0.489014 0.759277 0.0375061 0.0437622 
19 0 0.0882568 0.962402 0.0294952 0.0375061 
18 0 0.82666 0.43335 0.0343628 0.0416565 
17 0 0.191406 0.84668 0.0328064 0.0421753 
14 0 0.838379 0.75293 0.0328064 0.0479126 
8 0 0.823242 0.98877 0.0281219 0.0229187 
7 0 0.709473 0.630371 0.03125 0.0395813 
6 0 0.833008 0.870605 0.0281219 0.0375061 
5 0 0.850586 0.233276 0.0421753 0.0498657 
3 0 0.755371 0.109314 0.0300751 0.0390625 
2 0 0.236694 0.85791 0.0296936 0.0426941 
1 0 0.631348 0.61377 0.0296936 0.0395813 
