329 2 0.697754 0.0145798 0.0328064 0.0291595 
317 0 0.00782013 0.297607 0.0156097 0.0489502 
302 0 0.990723 0.681152 0.015625 0.0463562 
300 0 0.33667 0.0104523 0.0328064 0.0202484 
281 0 0.374268 0.0135803 0.0294952 0.0271912 
276 0 0.657227 0.92627 0.0421753 0.049469 
258 0 0.51709 0.0128021 0.0292969 0.0256653 
251 0 0.287109 0.189087 0.0349731 0.039978 
245 0 0.261719 0.438477 0.0328064 0.0395813 
236 0 0.727539 0.771973 0.0300751 0.0359497 
226 0 0.462158 0.45874 0.0367126 0.0523376 
178 0 0.504395 0.0197754 0.03125 0.0354614 
142 0 0.638184 0.421387 0.0390625 0.0492249 
122 0 0.660156 0.181396 0.0367126 0.0419312 
55 0 0.0132828 0.990723 0.0265198 0.0187531 
54 0 0.994629 0.410645 0.0109406 0.0505066 
51 0 0.039856 0.985352 0.0328064 0.0291595 
50 0 0.569824 0.526367 0.0335999 0.0401001 
49 0 0.484375 0.405273 0.0339966 0.04245 
46 0 0.487061 0.865723 0.0328064 0.044281 
45 0 0.541992 0.954102 0.0285187 0.033844 
43 0 0.569336 0.103149 0.0296936 0.0354309 
42 0 0.227295 0.193848 0.0298767 0.0440063 
41 0 0.283691 0.335693 0.0265656 0.0369873 
40 0 0.540527 0.986328 0.0375061 0.0281219 
39 0 0.755859 0.192505 0.0320435 0.0404968 
34 0 0.583496 0.12085 0.0335999 0.0416565 
32 0 0.26709 0.13208 0.0322266 0.0410156 
31 0 0.0557556 0.139038 0.029007 0.0364075 
30 0 0.975586 0.841797 0.0328064 0.0401001 
29 0 0.0179443 0.757324 0.0262146 0.0395813 
27 0 0.235107 0.579102 0.0328064 0.0458374 
26 0 0.131226 0.198975 0.0341797 0.0440063 
22 0 0.283691 0.219238 0.0343628 0.0395813 
21 0 0.0836182 0.806152 0.0296936 0.0375061 
20 0 0.497559 0.739746 0.0421753 0.0505066 
19 0 0.0890503 0.96582 0.03125 0.0395813 
18 0 0.829102 0.435059 0.0328064 0.0401001 
17 0 0.192139 0.844727 0.0343628 0.0426941 
16 0 0.160889 0.526367 0.0307617 0.0395813 
14 0 0.850586 0.75293 0.0359497 0.0479126 
13 0 0.865723 0.412598 0.03125 0.0416565 
12 0 0.936523 0.210449 0.0390625 0.058075 
8 0 0.832031 0.977539 0.0296936 0.0375061 
7 0 0.708496 0.633301 0.0328064 0.0416565 
6 0 0.842773 0.854004 0.0265656 0.0343628 
5 0 0.853027 0.229126 0.0437622 0.0541687 
4 0 0.603027 0.2146 0.03125 0.0379028 
3 0 0.771973 0.0802002 0.03125 0.0394287 
2 0 0.239868 0.856445 0.0324097 0.0416565 
1 0 0.630371 0.584473 0.0328064 0.0406189 
