810 0 0.62793 0.80127 0.0343628 0.0395813 
809 0 0.196045 0.841797 0.0422974 0.0510559 
803 0 0.976562 0.864258 0.0242157 0.0343628 
801 0 0.975586 0.0261078 0.0281219 0.0357361 
784 0 0.308594 0.194824 0.0263672 0.03125 
775 0 0.759766 0.236084 0.0273438 0.0354309 
765 0 0.775879 0.90625 0.0300751 0.0395813 
724 0 0.743164 0.135376 0.0300751 0.037384 
721 0 0.628906 0.014595 0.0296936 0.0292206 
716 0 0.716309 0.787598 0.0265656 0.0317688 
701 0 0.993164 0.682129 0.014061 0.0354309 
694 0 0.227295 0.477051 0.0230408 0.0294342 
674 0 0.936035 0.206299 0.038269 0.0503845 
635 0 0.637695 0.419678 0.038269 0.0484314 
615 0 0.578125 0.148926 0.0281219 0.0354309 
604 0 0.602539 0.209106 0.0296936 0.0403748 
534 0 0.507812 0.0312195 0.0257874 0.0337219 
464 0 0.711426 0.1427 0.0320435 0.0432434 
459 0 0.541504 0.986328 0.0328064 0.0276031 
444 0 0.86084 0.409424 0.0289001 0.0359497 
288 0 0.355469 0.0705566 0.026947 0.0338135 
247 0 0.260986 0.434326 0.0281219 0.035675 
176 0 0.47583 0.0531311 0.0265656 0.0395813 
55 0 0.0132828 0.989746 0.0266571 0.0208282 
54 0 0.989258 0.414551 0.0218811 0.046875 
51 0 0.0437622 0.985352 0.0342407 0.0291595 
50 0 0.504883 0.611328 0.0332031 0.0473938 
49 0 0.457031 0.461426 0.0328064 0.0437622 
46 0 0.487549 0.862305 0.03125 0.0406189 
43 0 0.571289 0.102417 0.0296936 0.0341187 
42 0 0.263184 0.197632 0.0304718 0.0375061 
41 0 0.224243 0.394775 0.0296936 0.0437622 
34 0 0.583496 0.12085 0.0328064 0.0380249 
32 0 0.213257 0.18042 0.0318298 0.0342407 
27 0 0.236694 0.569824 0.0296936 0.0437622 
26 0 0.129639 0.195801 0.0347595 0.0460815 
23 0 0.625488 0.238647 0.0328064 0.0403748 
22 0 0.265625 0.257324 0.0343628 0.0437622 
21 0 0.0838013 0.803223 0.0303192 0.0395813 
19 0 0.0896606 0.966309 0.033844 0.0406189 
18 0 0.82666 0.431152 0.0320435 0.0375061 
14 0 0.841309 0.768555 0.0328064 0.0416565 
8 0 0.824219 0.98877 0.0265656 0.0229187 
7 0 0.708496 0.630371 0.0328064 0.0401001 
6 0 0.832031 0.869629 0.0296936 0.0406189 
5 0 0.851562 0.234253 0.0429688 0.0489502 
2 0 0.236938 0.857422 0.0300751 0.0432434 
1 0 0.630371 0.615723 0.0300751 0.0401001 
810 0 0.62793 0.80127 0.0343628 0.0395813 
809 0 0.196045 0.841797 0.0422974 0.0510559 
803 0 0.976562 0.864258 0.0242157 0.0343628 
801 0 0.975586 0.0261078 0.0281219 0.0357361 
784 0 0.308594 0.194824 0.0263672 0.03125 
775 0 0.759766 0.236084 0.0273438 0.0354309 
765 0 0.775879 0.90625 0.0300751 0.0395813 
724 0 0.743164 0.135376 0.0300751 0.037384 
721 0 0.628906 0.014595 0.0296936 0.0292206 
716 0 0.716309 0.787598 0.0265656 0.0317688 
701 0 0.993164 0.682129 0.014061 0.0354309 
694 0 0.227295 0.477051 0.0230408 0.0294342 
674 0 0.936035 0.206299 0.038269 0.0503845 
635 0 0.637695 0.419678 0.038269 0.0484314 
615 0 0.578125 0.148926 0.0281219 0.0354309 
604 0 0.602539 0.209106 0.0296936 0.0403748 
534 0 0.507812 0.0312195 0.0257874 0.0337219 
464 0 0.711426 0.1427 0.0320435 0.0432434 
459 0 0.541504 0.986328 0.0328064 0.0276031 
444 0 0.86084 0.409424 0.0289001 0.0359497 
288 0 0.355469 0.0705566 0.026947 0.0338135 
247 0 0.260986 0.434326 0.0281219 0.035675 
176 0 0.47583 0.0531311 0.0265656 0.0395813 
55 0 0.0132828 0.989746 0.0266571 0.0208282 
54 0 0.989258 0.414551 0.0218811 0.046875 
51 0 0.0437622 0.985352 0.0342407 0.0291595 
50 0 0.504883 0.611328 0.0332031 0.0473938 
49 0 0.457031 0.461426 0.0328064 0.0437622 
46 0 0.487549 0.862305 0.03125 0.0406189 
43 0 0.571289 0.102417 0.0296936 0.0341187 
42 0 0.263184 0.197632 0.0304718 0.0375061 
41 0 0.224243 0.394775 0.0296936 0.0437622 
34 0 0.583496 0.12085 0.0328064 0.0380249 
32 0 0.213257 0.18042 0.0318298 0.0342407 
27 0 0.236694 0.569824 0.0296936 0.0437622 
26 0 0.129639 0.195801 0.0347595 0.0460815 
23 0 0.625488 0.238647 0.0328064 0.0403748 
22 0 0.265625 0.257324 0.0343628 0.0437622 
21 0 0.0838013 0.803223 0.0303192 0.0395813 
19 0 0.0896606 0.966309 0.033844 0.0406189 
18 0 0.82666 0.431152 0.0320435 0.0375061 
14 0 0.841309 0.768555 0.0328064 0.0416565 
8 0 0.824219 0.98877 0.0265656 0.0229187 
7 0 0.708496 0.630371 0.0328064 0.0401001 
6 0 0.832031 0.869629 0.0296936 0.0406189 
5 0 0.851562 0.234253 0.0429688 0.0489502 
2 0 0.236938 0.857422 0.0300751 0.0432434 
1 0 0.630371 0.615723 0.0300751 0.0401001 
