449 0 0.46875 0.471924 0.0339966 0.044281 
446 0 0.654785 0.927246 0.0406189 0.0541687 
445 0 0.575195 0.109497 0.0343628 0.0385437 
444 0 0.631836 0.578125 0.0332031 0.0406189 
439 1 0.899902 0.239868 0.0320435 0.0359497 
438 0 0.991211 0.679199 0.014061 0.0473938 
431 0 0.280518 0.391113 0.0261688 0.0315247 
424 0 0.63916 0.421875 0.039856 0.0473938 
423 0 0.57666 0.153564 0.0281219 0.033844 
410 0 0.311035 0.190796 0.0304718 0.0372314 
407 0 0.00531387 0.10437 0.0146484 0.0410156 
355 0 0.0545349 0.267822 0.0360718 0.0445251 
343 0 0.00547028 0.327881 0.01091 0.046875 
288 0 0.366455 0.0301666 0.0332031 0.0389099 
260 0 0.513184 0.015625 0.0265656 0.0270844 
247 0 0.260986 0.439697 0.0343628 0.0416565 
238 0 0.725098 0.772949 0.0300751 0.0369873 
227 0 0.057312 0.575195 0.0328064 0.0390625 
176 0 0.500977 0.0229187 0.0328064 0.0376282 
55 0 0.0137787 0.990234 0.0270691 0.0197906 
54 0 0.992188 0.409424 0.015625 0.0526123 
51 0 0.0392456 0.986328 0.0340881 0.0270844 
50 0 0.563477 0.533203 0.0320435 0.0375061 
49 0 0.478027 0.413574 0.0375061 0.0476685 
46 0 0.48584 0.865723 0.0300751 0.0426941 
45 0 0.532227 0.985352 0.0359497 0.0296936 
43 0 0.568848 0.103149 0.0281219 0.0354309 
42 0 0.270264 0.235718 0.0335999 0.0379028 
41 0 0.272705 0.355957 0.0296936 0.0390625 
39 0 0.649414 0.0483093 0.0332031 0.0410156 
34 0 0.584473 0.12085 0.03125 0.0375061 
32 0 0.247681 0.147949 0.0326233 0.0376282 
30 0 0.97168 0.866699 0.0375061 0.0411377 
29 0 0.014061 0.770508 0.0249939 0.0406189 
27 0 0.235107 0.578125 0.0324097 0.0437622 
26 0 0.129639 0.198975 0.0375061 0.0483093 
23 0 0.655273 0.19519 0.0359497 0.0419312 
22 0 0.283936 0.218018 0.0326233 0.038147 
21 0 0.0828857 0.806152 0.032074 0.0385437 
20 0 0.496094 0.745605 0.0421753 0.0499878 
19 0 0.0890503 0.964355 0.03125 0.0380249 
18 0 0.82959 0.435303 0.0320435 0.0416565 
17 0 0.192139 0.84668 0.0375061 0.0479126 
14 0 0.84668 0.755371 0.03125 0.0437622 
13 0 0.864258 0.413086 0.0343628 0.0429688 
12 0 0.936523 0.209106 0.0343628 0.0496216 
8 0 0.831055 0.982422 0.0281219 0.0322876 
7 0 0.709473 0.634277 0.03125 0.0395813 
6 0 0.84082 0.859375 0.0273438 0.0380249 
5 0 0.852539 0.229126 0.0421753 0.0497437 
4 0 0.604004 0.213501 0.0296936 0.0389404 
3 0 0.768555 0.0892944 0.0316467 0.0394592 
2 0 0.239868 0.857422 0.0328064 0.0406189 
1 0 0.631348 0.597168 0.0335999 0.0406189 
449 0 0.46875 0.471924 0.0339966 0.044281 
446 0 0.654785 0.927246 0.0406189 0.0541687 
445 0 0.575195 0.109497 0.0343628 0.0385437 
444 0 0.631836 0.578125 0.0332031 0.0406189 
439 1 0.899902 0.239868 0.0320435 0.0359497 
438 0 0.991211 0.679199 0.014061 0.0473938 
431 0 0.280518 0.391113 0.0261688 0.0315247 
424 0 0.63916 0.421875 0.039856 0.0473938 
423 0 0.57666 0.153564 0.0281219 0.033844 
410 0 0.311035 0.190796 0.0304718 0.0372314 
407 0 0.00531387 0.10437 0.0146484 0.0410156 
355 0 0.0545349 0.267822 0.0360718 0.0445251 
343 0 0.00547028 0.327881 0.01091 0.046875 
288 0 0.366455 0.0301666 0.0332031 0.0389099 
260 0 0.513184 0.015625 0.0265656 0.0270844 
247 0 0.260986 0.439697 0.0343628 0.0416565 
238 0 0.725098 0.772949 0.0300751 0.0369873 
227 0 0.057312 0.575195 0.0328064 0.0390625 
176 0 0.500977 0.0229187 0.0328064 0.0376282 
55 0 0.0137787 0.990234 0.0270691 0.0197906 
54 0 0.992188 0.409424 0.015625 0.0526123 
51 0 0.0392456 0.986328 0.0340881 0.0270844 
50 0 0.563477 0.533203 0.0320435 0.0375061 
49 0 0.478027 0.413574 0.0375061 0.0476685 
46 0 0.48584 0.865723 0.0300751 0.0426941 
45 0 0.532227 0.985352 0.0359497 0.0296936 
43 0 0.568848 0.103149 0.0281219 0.0354309 
42 0 0.270264 0.235718 0.0335999 0.0379028 
41 0 0.272705 0.355957 0.0296936 0.0390625 
39 0 0.649414 0.0483093 0.0332031 0.0410156 
34 0 0.584473 0.12085 0.03125 0.0375061 
32 0 0.247681 0.147949 0.0326233 0.0376282 
30 0 0.97168 0.866699 0.0375061 0.0411377 
29 0 0.014061 0.770508 0.0249939 0.0406189 
27 0 0.235107 0.578125 0.0324097 0.0437622 
26 0 0.129639 0.198975 0.0375061 0.0483093 
23 0 0.655273 0.19519 0.0359497 0.0419312 
22 0 0.283936 0.218018 0.0326233 0.038147 
21 0 0.0828857 0.806152 0.032074 0.0385437 
20 0 0.496094 0.745605 0.0421753 0.0499878 
19 0 0.0890503 0.964355 0.03125 0.0380249 
18 0 0.82959 0.435303 0.0320435 0.0416565 
17 0 0.192139 0.84668 0.0375061 0.0479126 
14 0 0.84668 0.755371 0.03125 0.0437622 
13 0 0.864258 0.413086 0.0343628 0.0429688 
12 0 0.936523 0.209106 0.0343628 0.0496216 
8 0 0.831055 0.982422 0.0281219 0.0322876 
7 0 0.709473 0.634277 0.03125 0.0395813 
6 0 0.84082 0.859375 0.0273438 0.0380249 
5 0 0.852539 0.229126 0.0421753 0.0497437 
4 0 0.604004 0.213501 0.0296936 0.0389404 
3 0 0.768555 0.0892944 0.0316467 0.0394592 
2 0 0.239868 0.857422 0.0328064 0.0406189 
1 0 0.631348 0.597168 0.0335999 0.0406189 
