379 0 0.285156 0.378174 0.0249939 0.0307312 
377 0 0.638184 0.422363 0.0394592 0.0518188 
374 0 0.991211 0.680176 0.014061 0.0463562 
373 0 0.578125 0.152344 0.0281219 0.0329285 
358 0 0.470215 0.46875 0.0339966 0.0497437 
347 0 0.941406 0.287354 0.0343628 0.0416565 
344 0 0.777344 0.0114899 0.0332031 0.0229797 
343 0 0.162842 0.294189 0.0350647 0.0447998 
333 0 0.00644684 0.318115 0.0129395 0.0471497 
281 0 0.368408 0.0225525 0.0318298 0.0361328 
276 0 0.654785 0.924316 0.0414124 0.0531311 
258 0 0.51416 0.0156708 0.0281219 0.0266113 
245 0 0.260986 0.439697 0.0343628 0.0414124 
236 0 0.725586 0.773926 0.0296936 0.0354309 
226 0 0.552734 0.51416 0.03125 0.0416565 
178 0 0.50293 0.0219574 0.0308533 0.0359802 
122 0 0.657227 0.189575 0.0359497 0.0416565 
55 0 0.0140762 0.989746 0.0281067 0.0208282 
54 0 0.992188 0.407227 0.015625 0.0502625 
51 0 0.0390625 0.985352 0.0343628 0.0276031 
50 0 0.563477 0.539551 0.0300751 0.0377502 
49 0 0.479004 0.411377 0.0371094 0.0518188 
46 0 0.486816 0.865723 0.0328064 0.0437622 
45 0 0.535156 0.974121 0.0332031 0.0348816 
43 0 0.569336 0.103149 0.0300751 0.0354309 
42 0 0.252686 0.214355 0.0343628 0.0420532 
41 0 0.278076 0.3479 0.0281219 0.0377502 
40 0 0.539062 0.987305 0.0339966 0.0249939 
39 0 0.702148 0.0932007 0.0300751 0.0386047 
34 0 0.583496 0.12085 0.0328064 0.0411377 
32 0 0.252441 0.141357 0.0347595 0.0391235 
30 0 0.97168 0.858398 0.0367126 0.0458374 
29 0 0.0148315 0.768555 0.026535 0.0385437 
27 0 0.235107 0.579102 0.0328064 0.0458374 
26 0 0.129639 0.198975 0.0379944 0.0492249 
22 0 0.283936 0.21936 0.033783 0.0408936 
21 0 0.0836182 0.805176 0.0296936 0.0401001 
20 0 0.497559 0.741699 0.0437622 0.0505066 
19 0 0.0890503 0.963379 0.03125 0.0380249 
18 0 0.82959 0.435303 0.0343628 0.0416565 
17 0 0.193115 0.845703 0.0357361 0.0458374 
16 0 0.123169 0.523926 0.0365295 0.0481873 
14 0 0.848633 0.754883 0.0328064 0.0437622 
13 0 0.865723 0.413574 0.0343628 0.0437622 
12 0 0.936035 0.210938 0.0375061 0.055603 
8 0 0.831055 0.981445 0.0281219 0.0333252 
7 0 0.709473 0.634277 0.03125 0.0395813 
6 0 0.842285 0.856445 0.0281219 0.0406189 
5 0 0.853027 0.22998 0.0429688 0.0519409 
4 0 0.603027 0.213501 0.03125 0.0395813 
3 0 0.770996 0.0865479 0.0308533 0.035675 
2 0 0.239868 0.859375 0.0324097 0.0426941 
1 0 0.628906 0.589355 0.0324097 0.0416565 
