704 0 0.564941 0.160645 0.0273438 0.0347595 
701 0 0.993164 0.682617 0.014061 0.0385437 
694 0 0.241455 0.453125 0.0230408 0.0270844 
675 0 0.986816 0.0114365 0.0265656 0.0223541 
674 0 0.936035 0.20752 0.038269 0.0535278 
671 0 0.967773 0.407227 0.0328064 0.0403748 
661 0 0.142212 0.9375 0.0279236 0.0380249 
635 0 0.636719 0.418701 0.0367126 0.0463562 
615 0 0.578125 0.150024 0.0281219 0.0374451 
604 0 0.602539 0.209473 0.0296936 0.0406189 
562 0 0.904785 0.632324 0.0304718 0.0375061 
534 0 0.506348 0.0258026 0.0249939 0.0361023 
464 0 0.725098 0.110474 0.0339966 0.0380249 
459 0 0.541992 0.986328 0.03125 0.0270844 
444 0 0.859375 0.411377 0.0304718 0.0390625 
288 0 0.356201 0.0635376 0.0281219 0.0354309 
247 0 0.260986 0.435303 0.0304718 0.0359497 
238 0 0.717285 0.783203 0.0281219 0.0333252 
176 0 0.479736 0.0496216 0.0261688 0.0348511 
55 0 0.0132828 0.990723 0.0265656 0.0187531 
54 0 0.992188 0.413086 0.015625 0.0507812 
51 0 0.040863 0.985352 0.0307312 0.0249939 
50 0 0.518066 0.60498 0.0328064 0.0437622 
49 0 0.460938 0.44165 0.0359497 0.0487061 
46 0 0.487549 0.86377 0.03125 0.0385437 
43 0 0.569336 0.102478 0.0296936 0.0365906 
42 0 0.306396 0.216309 0.03125 0.0390625 
41 0 0.233643 0.379883 0.0298767 0.0406189 
34 0 0.583008 0.119812 0.0320435 0.0395813 
32 0 0.235596 0.175659 0.0300751 0.0335999 
30 0 0.926758 0.969727 0.0328064 0.0359497 
29 0 0.00460052 0.8125 0.00882721 0.0375061 
27 0 0.235107 0.572754 0.0294952 0.0416565 
26 0 0.130493 0.196899 0.0328064 0.0428467 
23 0 0.62793 0.238647 0.03125 0.0387878 
22 0 0.268799 0.242065 0.0316467 0.0390625 
21 0 0.0838623 0.804199 0.028656 0.0375061 
20 0 0.488281 0.758301 0.0379028 0.044281 
19 0 0.0882568 0.962402 0.029541 0.0375061 
18 0 0.82666 0.43335 0.0343628 0.0416565 
17 0 0.190918 0.84668 0.0333862 0.0426941 
14 0 0.838379 0.75293 0.0328064 0.0479126 
8 0 0.823242 0.98877 0.0281219 0.0229187 
7 0 0.709473 0.630371 0.03125 0.0395813 
6 0 0.833008 0.870605 0.0281219 0.0375061 
5 0 0.851562 0.233887 0.0414124 0.0493469 
3 0 0.754883 0.109375 0.0304718 0.0392456 
2 0 0.236694 0.857422 0.0296936 0.0426941 
1 0 0.631348 0.61377 0.0304718 0.0395813 
704 0 0.564941 0.160645 0.0273438 0.0347595 
701 0 0.993164 0.682617 0.014061 0.0385437 
694 0 0.241455 0.453125 0.0230408 0.0270844 
675 0 0.986816 0.0114365 0.0265656 0.0223541 
674 0 0.936035 0.20752 0.038269 0.0535278 
671 0 0.967773 0.407227 0.0328064 0.0403748 
661 0 0.142212 0.9375 0.0279236 0.0380249 
635 0 0.636719 0.418701 0.0367126 0.0463562 
615 0 0.578125 0.150024 0.0281219 0.0374451 
604 0 0.602539 0.209473 0.0296936 0.0406189 
562 0 0.904785 0.632324 0.0304718 0.0375061 
534 0 0.506348 0.0258026 0.0249939 0.0361023 
464 0 0.725098 0.110474 0.0339966 0.0380249 
459 0 0.541992 0.986328 0.03125 0.0270844 
444 0 0.859375 0.411377 0.0304718 0.0390625 
288 0 0.356201 0.0635376 0.0281219 0.0354309 
247 0 0.260986 0.435303 0.0304718 0.0359497 
238 0 0.717285 0.783203 0.0281219 0.0333252 
176 0 0.479736 0.0496216 0.0261688 0.0348511 
55 0 0.0132828 0.990723 0.0265656 0.0187531 
54 0 0.992188 0.413086 0.015625 0.0507812 
51 0 0.040863 0.985352 0.0307312 0.0249939 
50 0 0.518066 0.60498 0.0328064 0.0437622 
49 0 0.460938 0.44165 0.0359497 0.0487061 
46 0 0.487549 0.86377 0.03125 0.0385437 
43 0 0.569336 0.102478 0.0296936 0.0365906 
42 0 0.306396 0.216309 0.03125 0.0390625 
41 0 0.233643 0.379883 0.0298767 0.0406189 
34 0 0.583008 0.119812 0.0320435 0.0395813 
32 0 0.235596 0.175659 0.0300751 0.0335999 
30 0 0.926758 0.969727 0.0328064 0.0359497 
29 0 0.00460052 0.8125 0.00882721 0.0375061 
27 0 0.235107 0.572754 0.0294952 0.0416565 
26 0 0.130493 0.196899 0.0328064 0.0428467 
23 0 0.62793 0.238647 0.03125 0.0387878 
22 0 0.268799 0.242065 0.0316467 0.0390625 
21 0 0.0838623 0.804199 0.028656 0.0375061 
20 0 0.488281 0.758301 0.0379028 0.044281 
19 0 0.0882568 0.962402 0.029541 0.0375061 
18 0 0.82666 0.43335 0.0343628 0.0416565 
17 0 0.190918 0.84668 0.0333862 0.0426941 
14 0 0.838379 0.75293 0.0328064 0.0479126 
8 0 0.823242 0.98877 0.0281219 0.0229187 
7 0 0.709473 0.630371 0.03125 0.0395813 
6 0 0.833008 0.870605 0.0281219 0.0375061 
5 0 0.851562 0.233887 0.0414124 0.0493469 
3 0 0.754883 0.109375 0.0304718 0.0392456 
2 0 0.236694 0.857422 0.0296936 0.0426941 
1 0 0.631348 0.61377 0.0304718 0.0395813 
