825 0 0.971191 0.866699 0.0249939 0.0333252 
818 0 0.215088 0.775879 0.0315552 0.0447998 
817 0 0.628418 0.80127 0.0351562 0.0395813 
815 0 0.563477 0.158569 0.0277405 0.0360718 
814 0 0.191406 0.852051 0.0367126 0.0473938 
801 0 0.973633 0.0301819 0.0281219 0.0393372 
791 0 0.408691 0.217041 0.0357361 0.044281 
784 0 0.307861 0.194946 0.0281219 0.0317688 
775 0 0.79541 0.330811 0.0300751 0.0390625 
765 0 0.714844 0.945312 0.0316467 0.0406189 
724 0 0.735352 0.148315 0.0300751 0.0375671 
721 0 0.624512 0.015625 0.0304718 0.031311 
716 0 0.714844 0.787598 0.0289001 0.0348816 
701 0 0.992188 0.683105 0.0132828 0.033844 
694 0 0.224976 0.482178 0.025589 0.0317688 
674 0 0.93457 0.206299 0.0375061 0.0481873 
635 0 0.635742 0.419189 0.0379028 0.0466003 
615 0 0.578125 0.148926 0.0281219 0.0354309 
604 0 0.601562 0.209351 0.0304718 0.0437622 
534 0 0.507812 0.0322876 0.0249939 0.0345764 
464 0 0.705566 0.152344 0.0324097 0.0413513 
459 0 0.541504 0.985352 0.0328064 0.0291595 
444 0 0.86084 0.409424 0.0289001 0.0375061 
288 0 0.353027 0.0718994 0.0275421 0.0315552 
247 0 0.260986 0.43335 0.0281219 0.0375061 
176 0 0.474121 0.0541687 0.0265656 0.0377197 
55 0 0.0148315 0.989746 0.0292664 0.0208282 
54 0 0.989746 0.414551 0.0203094 0.0458374 
51 0 0.0422363 0.984375 0.0348511 0.03125 
50 0 0.496826 0.614746 0.0316467 0.0453186 
49 0 0.455078 0.466064 0.0343628 0.0408936 
46 0 0.487549 0.862305 0.0316467 0.0416565 
43 0 0.570801 0.102112 0.0289001 0.0332642 
42 0 0.223999 0.213013 0.0308533 0.0360718 
41 0 0.218018 0.401123 0.0310516 0.0445251 
34 0 0.583496 0.121216 0.0328064 0.0385437 
32 0 0.208374 0.187378 0.0292969 0.033844 
27 0 0.235107 0.567871 0.0328064 0.0479126 
26 0 0.129639 0.195801 0.0343628 0.0457153 
23 0 0.625 0.240601 0.0316467 0.0395813 
22 0 0.261719 0.263428 0.0353394 0.0437622 
21 0 0.0843506 0.803223 0.0314331 0.0395813 
19 0 0.105469 0.982422 0.0296936 0.0354309 
18 0 0.82666 0.431152 0.03125 0.0375061 
14 0 0.838867 0.776367 0.0343628 0.0447998 
8 0 0.823242 0.987305 0.0281219 0.0249939 
7 0 0.708496 0.629395 0.0328064 0.0416565 
6 0 0.831055 0.870605 0.0289001 0.0364685 
5 0 0.851562 0.233032 0.0429688 0.0476685 
2 0 0.236694 0.856445 0.0328064 0.0453186 
1 0 0.630371 0.615723 0.0296936 0.0395813 
825 0 0.971191 0.866699 0.0249939 0.0333252 
818 0 0.215088 0.775879 0.0315552 0.0447998 
817 0 0.628418 0.80127 0.0351562 0.0395813 
815 0 0.563477 0.158569 0.0277405 0.0360718 
814 0 0.191406 0.852051 0.0367126 0.0473938 
801 0 0.973633 0.0301819 0.0281219 0.0393372 
791 0 0.408691 0.217041 0.0357361 0.044281 
784 0 0.307861 0.194946 0.0281219 0.0317688 
775 0 0.79541 0.330811 0.0300751 0.0390625 
765 0 0.714844 0.945312 0.0316467 0.0406189 
724 0 0.735352 0.148315 0.0300751 0.0375671 
721 0 0.624512 0.015625 0.0304718 0.031311 
716 0 0.714844 0.787598 0.0289001 0.0348816 
701 0 0.992188 0.683105 0.0132828 0.033844 
694 0 0.224976 0.482178 0.025589 0.0317688 
674 0 0.93457 0.206299 0.0375061 0.0481873 
635 0 0.635742 0.419189 0.0379028 0.0466003 
615 0 0.578125 0.148926 0.0281219 0.0354309 
604 0 0.601562 0.209351 0.0304718 0.0437622 
534 0 0.507812 0.0322876 0.0249939 0.0345764 
464 0 0.705566 0.152344 0.0324097 0.0413513 
459 0 0.541504 0.985352 0.0328064 0.0291595 
444 0 0.86084 0.409424 0.0289001 0.0375061 
288 0 0.353027 0.0718994 0.0275421 0.0315552 
247 0 0.260986 0.43335 0.0281219 0.0375061 
176 0 0.474121 0.0541687 0.0265656 0.0377197 
55 0 0.0148315 0.989746 0.0292664 0.0208282 
54 0 0.989746 0.414551 0.0203094 0.0458374 
51 0 0.0422363 0.984375 0.0348511 0.03125 
50 0 0.496826 0.614746 0.0316467 0.0453186 
49 0 0.455078 0.466064 0.0343628 0.0408936 
46 0 0.487549 0.862305 0.0316467 0.0416565 
43 0 0.570801 0.102112 0.0289001 0.0332642 
42 0 0.223999 0.213013 0.0308533 0.0360718 
41 0 0.218018 0.401123 0.0310516 0.0445251 
34 0 0.583496 0.121216 0.0328064 0.0385437 
32 0 0.208374 0.187378 0.0292969 0.033844 
27 0 0.235107 0.567871 0.0328064 0.0479126 
26 0 0.129639 0.195801 0.0343628 0.0457153 
23 0 0.625 0.240601 0.0316467 0.0395813 
22 0 0.261719 0.263428 0.0353394 0.0437622 
21 0 0.0843506 0.803223 0.0314331 0.0395813 
19 0 0.105469 0.982422 0.0296936 0.0354309 
18 0 0.82666 0.431152 0.03125 0.0375061 
14 0 0.838867 0.776367 0.0343628 0.0447998 
8 0 0.823242 0.987305 0.0281219 0.0249939 
7 0 0.708496 0.629395 0.0328064 0.0416565 
6 0 0.831055 0.870605 0.0289001 0.0364685 
5 0 0.851562 0.233032 0.0429688 0.0476685 
2 0 0.236694 0.856445 0.0328064 0.0453186 
1 0 0.630371 0.615723 0.0296936 0.0395813 
