489 0 0.410889 0.216675 0.0404358 0.0546875 
487 0 0.46875 0.468994 0.0347595 0.0479126 
483 0 0.309326 0.808105 0.0251923 0.0333252 
474 0 0.979492 0.86377 0.0257874 0.0348816 
464 0 0.768066 0.0291595 0.0328064 0.040741 
459 0 0.538086 0.986328 0.0363159 0.0270844 
444 0 0.663086 0.521484 0.0332031 0.0434875 
439 1 0.873535 0.176514 0.0289001 0.0348816 
438 0 0.991211 0.680176 0.014061 0.0437622 
423 0 0.579102 0.154175 0.0277405 0.0342407 
410 0 0.312012 0.190796 0.0388794 0.0429688 
288 0 0.365723 0.0331726 0.0345764 0.0409546 
260 0 0.510742 0.0198669 0.0292969 0.0322571 
247 0 0.260986 0.44043 0.0343628 0.0432434 
238 0 0.724121 0.774902 0.0320435 0.0375061 
227 0 0.0129776 0.5625 0.0272217 0.0416565 
176 0 0.5 0.0239563 0.0363159 0.0396423 
55 0 0.0132599 0.990723 0.0267639 0.0192719 
54 0 0.993164 0.408447 0.014061 0.0541687 
51 0 0.039856 0.986328 0.0328064 0.0260468 
50 0 0.557617 0.55127 0.0320435 0.0408936 
49 0 0.474121 0.415039 0.0371094 0.0479126 
46 0 0.486816 0.864746 0.0296936 0.0426941 
45 0 0.523926 0.990723 0.0304718 0.0182343 
43 0 0.569336 0.103149 0.0296936 0.035614 
42 0 0.295654 0.24646 0.0357361 0.0401001 
41 0 0.266357 0.358398 0.0298767 0.0416565 
39 0 0.567871 0.030899 0.0332031 0.0390015 
34 0 0.583496 0.12146 0.0328064 0.0410767 
32 0 0.243164 0.153076 0.0335999 0.0395813 
30 0 0.96582 0.882324 0.0351562 0.0390625 
29 0 0.0132828 0.771484 0.023407 0.0385437 
27 0 0.234375 0.578125 0.0314331 0.0437622 
26 0 0.129517 0.199951 0.0404358 0.0536499 
23 0 0.655273 0.199707 0.0359497 0.0433655 
22 0 0.283691 0.216675 0.035553 0.0411377 
21 0 0.083313 0.807129 0.0316772 0.0395813 
20 0 0.496094 0.74707 0.0421753 0.0505066 
19 0 0.0895386 0.964355 0.0288544 0.0375061 
18 0 0.830566 0.435303 0.0328064 0.0416565 
17 0 0.192749 0.846191 0.0350647 0.0426941 
14 0 0.847656 0.755371 0.0328064 0.0447998 
13 0 0.864258 0.412598 0.0343628 0.0416565 
12 0 0.936035 0.209717 0.039856 0.053894 
8 0 0.831055 0.983398 0.0281219 0.0333252 
7 0 0.709473 0.633301 0.03125 0.0416565 
6 0 0.84082 0.860352 0.0257874 0.0375061 
5 0 0.853027 0.231201 0.0421753 0.0497437 
4 0 0.601562 0.213501 0.03125 0.0390625 
3 0 0.768555 0.09375 0.0320435 0.0413513 
2 0 0.239868 0.85791 0.0328064 0.0406189 
1 0 0.628906 0.603027 0.0308533 0.0401001 
489 0 0.410889 0.216675 0.0404358 0.0546875 
487 0 0.46875 0.468994 0.0347595 0.0479126 
483 0 0.309326 0.808105 0.0251923 0.0333252 
474 0 0.979492 0.86377 0.0257874 0.0348816 
464 0 0.768066 0.0291595 0.0328064 0.040741 
459 0 0.538086 0.986328 0.0363159 0.0270844 
444 0 0.663086 0.521484 0.0332031 0.0434875 
439 1 0.873535 0.176514 0.0289001 0.0348816 
438 0 0.991211 0.680176 0.014061 0.0437622 
423 0 0.579102 0.154175 0.0277405 0.0342407 
410 0 0.312012 0.190796 0.0388794 0.0429688 
288 0 0.365723 0.0331726 0.0345764 0.0409546 
260 0 0.510742 0.0198669 0.0292969 0.0322571 
247 0 0.260986 0.44043 0.0343628 0.0432434 
238 0 0.724121 0.774902 0.0320435 0.0375061 
227 0 0.0129776 0.5625 0.0272217 0.0416565 
176 0 0.5 0.0239563 0.0363159 0.0396423 
55 0 0.0132599 0.990723 0.0267639 0.0192719 
54 0 0.993164 0.408447 0.014061 0.0541687 
51 0 0.039856 0.986328 0.0328064 0.0260468 
50 0 0.557617 0.55127 0.0320435 0.0408936 
49 0 0.474121 0.415039 0.0371094 0.0479126 
46 0 0.486816 0.864746 0.0296936 0.0426941 
45 0 0.523926 0.990723 0.0304718 0.0182343 
43 0 0.569336 0.103149 0.0296936 0.035614 
42 0 0.295654 0.24646 0.0357361 0.0401001 
41 0 0.266357 0.358398 0.0298767 0.0416565 
39 0 0.567871 0.030899 0.0332031 0.0390015 
34 0 0.583496 0.12146 0.0328064 0.0410767 
32 0 0.243164 0.153076 0.0335999 0.0395813 
30 0 0.96582 0.882324 0.0351562 0.0390625 
29 0 0.0132828 0.771484 0.023407 0.0385437 
27 0 0.234375 0.578125 0.0314331 0.0437622 
26 0 0.129517 0.199951 0.0404358 0.0536499 
23 0 0.655273 0.199707 0.0359497 0.0433655 
22 0 0.283691 0.216675 0.035553 0.0411377 
21 0 0.083313 0.807129 0.0316772 0.0395813 
20 0 0.496094 0.74707 0.0421753 0.0505066 
19 0 0.0895386 0.964355 0.0288544 0.0375061 
18 0 0.830566 0.435303 0.0328064 0.0416565 
17 0 0.192749 0.846191 0.0350647 0.0426941 
14 0 0.847656 0.755371 0.0328064 0.0447998 
13 0 0.864258 0.412598 0.0343628 0.0416565 
12 0 0.936035 0.209717 0.039856 0.053894 
8 0 0.831055 0.983398 0.0281219 0.0333252 
7 0 0.709473 0.633301 0.03125 0.0416565 
6 0 0.84082 0.860352 0.0257874 0.0375061 
5 0 0.853027 0.231201 0.0421753 0.0497437 
4 0 0.601562 0.213501 0.03125 0.0390625 
3 0 0.768555 0.09375 0.0320435 0.0413513 
2 0 0.239868 0.85791 0.0328064 0.0406189 
1 0 0.628906 0.603027 0.0308533 0.0401001 
