635 0 0.637695 0.422607 0.0375061 0.0447998 
634 0 0.979004 0.864746 0.0265656 0.0333252 
632 0 0.695312 0.0119934 0.0339966 0.0244751 
630 0 0.575195 0.111572 0.0343628 0.0400391 
615 0 0.578125 0.150024 0.0308533 0.0375061 
604 0 0.601562 0.210449 0.03125 0.0380249 
579 2 0.0114212 0.727539 0.0226746 0.0426941 
562 0 0.978027 0.417236 0.0320435 0.0421753 
535 0 0.991211 0.68457 0.014061 0.0426941 
534 0 0.50293 0.0198212 0.0308533 0.0349731 
464 0 0.744629 0.0720215 0.035553 0.0429077 
459 0 0.541992 0.985352 0.03125 0.0291595 
444 0 0.799805 0.413574 0.0328064 0.039856 
288 0 0.35791 0.0541992 0.03125 0.0374451 
247 0 0.261719 0.438232 0.0328064 0.0375061 
176 0 0.483643 0.0403748 0.0285187 0.0387878 
55 0 0.0138168 0.990723 0.0257263 0.0187531 
54 0 0.992188 0.412598 0.0164032 0.0499878 
51 0 0.0427551 0.987305 0.0305176 0.0249939 
50 0 0.533691 0.589355 0.0328064 0.0421753 
49 0 0.462891 0.430664 0.0375061 0.0520935 
46 0 0.48584 0.86377 0.03125 0.0421753 
43 0 0.569336 0.103882 0.0296936 0.0363159 
42 0 0.310059 0.22583 0.0332031 0.0420532 
41 0 0.245361 0.371826 0.0283203 0.0393372 
34 0 0.583008 0.12085 0.0339966 0.0417175 
32 0 0.240601 0.161499 0.03125 0.0352783 
30 0 0.942871 0.93457 0.0328064 0.0364685 
29 0 0.00654221 0.795898 0.0132828 0.0401001 
27 0 0.233643 0.576172 0.0296936 0.0432434 
26 0 0.130493 0.198975 0.0357361 0.0479126 
23 0 0.636719 0.235474 0.035553 0.040741 
22 0 0.273438 0.235474 0.0343628 0.0404968 
21 0 0.0843506 0.805176 0.0281219 0.0354309 
20 0 0.489746 0.751953 0.0418091 0.0458374 
19 0 0.0898438 0.963379 0.0294952 0.0395813 
18 0 0.829102 0.434082 0.0328064 0.0401001 
17 0 0.192139 0.845703 0.0343628 0.0416565 
14 0 0.842285 0.754395 0.0343628 0.0499878 
13 0 0.864746 0.413574 0.0328064 0.0395813 
12 0 0.936523 0.208984 0.0390625 0.0549622 
8 0 0.824219 0.987305 0.0265656 0.0249939 
7 0 0.708496 0.631348 0.0320435 0.0416565 
6 0 0.834961 0.868652 0.0265656 0.0385437 
5 0 0.851562 0.237427 0.0414124 0.046875 
3 0 0.757812 0.0980225 0.0308533 0.037384 
2 0 0.236938 0.856934 0.0300751 0.0385437 
1 0 0.630371 0.610352 0.0328064 0.0421753 
635 0 0.637695 0.422607 0.0375061 0.0447998 
634 0 0.979004 0.864746 0.0265656 0.0333252 
632 0 0.695312 0.0119934 0.0339966 0.0244751 
630 0 0.575195 0.111572 0.0343628 0.0400391 
615 0 0.578125 0.150024 0.0308533 0.0375061 
604 0 0.601562 0.210449 0.03125 0.0380249 
579 2 0.0114212 0.727539 0.0226746 0.0426941 
562 0 0.978027 0.417236 0.0320435 0.0421753 
535 0 0.991211 0.68457 0.014061 0.0426941 
534 0 0.50293 0.0198212 0.0308533 0.0349731 
464 0 0.744629 0.0720215 0.035553 0.0429077 
459 0 0.541992 0.985352 0.03125 0.0291595 
444 0 0.799805 0.413574 0.0328064 0.039856 
288 0 0.35791 0.0541992 0.03125 0.0374451 
247 0 0.261719 0.438232 0.0328064 0.0375061 
176 0 0.483643 0.0403748 0.0285187 0.0387878 
55 0 0.0138168 0.990723 0.0257263 0.0187531 
54 0 0.992188 0.412598 0.0164032 0.0499878 
51 0 0.0427551 0.987305 0.0305176 0.0249939 
50 0 0.533691 0.589355 0.0328064 0.0421753 
49 0 0.462891 0.430664 0.0375061 0.0520935 
46 0 0.48584 0.86377 0.03125 0.0421753 
43 0 0.569336 0.103882 0.0296936 0.0363159 
42 0 0.310059 0.22583 0.0332031 0.0420532 
41 0 0.245361 0.371826 0.0283203 0.0393372 
34 0 0.583008 0.12085 0.0339966 0.0417175 
32 0 0.240601 0.161499 0.03125 0.0352783 
30 0 0.942871 0.93457 0.0328064 0.0364685 
29 0 0.00654221 0.795898 0.0132828 0.0401001 
27 0 0.233643 0.576172 0.0296936 0.0432434 
26 0 0.130493 0.198975 0.0357361 0.0479126 
23 0 0.636719 0.235474 0.035553 0.040741 
22 0 0.273438 0.235474 0.0343628 0.0404968 
21 0 0.0843506 0.805176 0.0281219 0.0354309 
20 0 0.489746 0.751953 0.0418091 0.0458374 
19 0 0.0898438 0.963379 0.0294952 0.0395813 
18 0 0.829102 0.434082 0.0328064 0.0401001 
17 0 0.192139 0.845703 0.0343628 0.0416565 
14 0 0.842285 0.754395 0.0343628 0.0499878 
13 0 0.864746 0.413574 0.0328064 0.0395813 
12 0 0.936523 0.208984 0.0390625 0.0549622 
8 0 0.824219 0.987305 0.0265656 0.0249939 
7 0 0.708496 0.631348 0.0320435 0.0416565 
6 0 0.834961 0.868652 0.0265656 0.0385437 
5 0 0.851562 0.237427 0.0414124 0.046875 
3 0 0.757812 0.0980225 0.0308533 0.037384 
2 0 0.236938 0.856934 0.0300751 0.0385437 
1 0 0.630371 0.610352 0.0328064 0.0421753 
