460 0 0.34082 0.0104141 0.0324097 0.0205383 
443 0 0.979004 0.86377 0.0249939 0.033844 
435 0 0.76709 0.0292664 0.0316467 0.0415344 
416 0 0.65918 0.52002 0.0285187 0.0393372 
412 1 0.862305 0.17041 0.0289001 0.0364685 
411 0 0.990723 0.681641 0.0148468 0.0447998 
398 0 0.579102 0.153076 0.0261688 0.0321655 
386 0 0.311035 0.190308 0.0333862 0.039856 
281 0 0.364746 0.0329895 0.0332031 0.0404358 
245 0 0.260986 0.439697 0.0343628 0.04245 
236 0 0.723633 0.775879 0.0308533 0.0359497 
178 0 0.499512 0.0239563 0.0367126 0.0410156 
122 0 0.657227 0.199951 0.035553 0.0419312 
55 0 0.0140762 0.989746 0.0278625 0.0197906 
54 0 0.992188 0.408447 0.0148468 0.0544128 
51 0 0.039856 0.986328 0.0328064 0.0265656 
50 0 0.556152 0.551758 0.0316467 0.0403748 
49 0 0.475098 0.414551 0.0359497 0.0453186 
46 0 0.486816 0.864746 0.0296936 0.0416565 
45 0 0.538574 0.986328 0.0359497 0.0270844 
43 0 0.569336 0.103271 0.0296936 0.0360718 
42 0 0.300293 0.250244 0.0353394 0.0380249 
41 0 0.265625 0.359375 0.0289001 0.0401001 
39 0 0.556152 0.0259399 0.0316467 0.0387268 
34 0 0.583496 0.121094 0.0332031 0.0411377 
32 0 0.24292 0.153442 0.0328064 0.0390625 
30 0 0.96582 0.883301 0.0343628 0.0385437 
29 0 0.0132828 0.771973 0.0233917 0.0380249 
27 0 0.234741 0.578125 0.0314331 0.0437622 
26 0 0.129517 0.200317 0.0404358 0.0536499 
22 0 0.282715 0.219849 0.0363159 0.0434875 
21 0 0.0828247 0.807129 0.0314331 0.0395813 
20 0 0.496094 0.749512 0.0421753 0.0499878 
19 0 0.0890503 0.964355 0.0281677 0.0375061 
18 0 0.82959 0.435303 0.0335999 0.0416565 
17 0 0.192993 0.845703 0.0358276 0.0432434 
16 0 0.0125961 0.583496 0.0259705 0.0411377 
14 0 0.847656 0.754395 0.0328064 0.0447998 
13 0 0.864258 0.412598 0.0335999 0.0416565 
12 0 0.936035 0.210205 0.0406189 0.0542908 
8 0 0.831055 0.983398 0.0281219 0.0333252 
7 0 0.709473 0.633301 0.03125 0.0385437 
6 0 0.84082 0.860352 0.0257874 0.0375061 
5 0 0.853027 0.230591 0.0429688 0.0505066 
4 0 0.602539 0.213989 0.03125 0.0387878 
3 0 0.76709 0.0947876 0.0308533 0.0394592 
2 0 0.239014 0.85791 0.0339966 0.0406189 
1 0 0.629883 0.602539 0.0289001 0.0385437 
