246 0 0.754883 0.762695 0.0277405 0.0369873 
244 0 0.991211 0.678223 0.014061 0.0473938 
240 0 0.978027 0.860352 0.0320435 0.0380249 
238 0 0.739746 0.759277 0.0289001 0.0380249 
227 0 0.256348 0.4375 0.0322266 0.0419312 
221 0 0.0403442 0.375977 0.0350952 0.0453186 
210 0 0.992188 0.982422 0.0148468 0.0364685 
208 0 0.307861 0.344482 0.0220642 0.0265656 
176 0 0.496094 0.0159149 0.0308533 0.0316467 
140 0 0.637695 0.419678 0.035553 0.0481873 
117 0 0.629883 0.804199 0.0371094 0.0426941 
55 0 0.0124969 0.989746 0.0247498 0.0203094 
54 0 0.993652 0.408447 0.0124969 0.0458374 
51 0 0.0406189 0.984375 0.0315247 0.0270844 
50 0 0.581055 0.507324 0.0316467 0.0385437 
49 0 0.492188 0.401611 0.03125 0.0419312 
46 0 0.486816 0.865723 0.0320435 0.0385437 
45 0 0.559082 0.919922 0.0304718 0.0348816 
44 0 0.578613 0.150757 0.0304718 0.0364075 
43 0 0.567871 0.103271 0.0296936 0.0368347 
42 0 0.220337 0.17395 0.0281219 0.0376282 
41 0 0.300293 0.320801 0.0302734 0.0385437 
40 0 0.541504 0.985352 0.0328064 0.0291595 
39 0 0.777344 0.4646 0.0332031 0.0432434 
35 0 0.00928497 0.275635 0.0184937 0.0459595 
34 0 0.584473 0.122009 0.0320435 0.0414124 
32 0 0.274658 0.119812 0.0304718 0.0390625 
31 0 0.166748 0.357178 0.0304718 0.0346375 
30 0 0.98584 0.810059 0.0281219 0.0364685 
29 0 0.0212708 0.740723 0.0301056 0.0426941 
27 0 0.234375 0.577148 0.028717 0.0426941 
26 0 0.13208 0.194824 0.0332947 0.0440063 
23 0 0.664062 0.165649 0.0351562 0.040741 
22 0 0.282715 0.216675 0.0343628 0.0421753 
21 0 0.0836182 0.805176 0.0296936 0.0369873 
20 0 0.506836 0.732422 0.0414124 0.0520935 
19 0 0.0883789 0.964355 0.0293427 0.0375061 
18 0 0.828125 0.434326 0.0343628 0.0432434 
17 0 0.192993 0.844727 0.0327148 0.0395813 
16 0 0.321777 0.450195 0.0328064 0.0416565 
14 0 0.851562 0.75 0.0367126 0.0463562 
13 0 0.867188 0.407227 0.0335999 0.0440063 
12 0 0.936035 0.209351 0.0406189 0.0562439 
8 0 0.834961 0.970703 0.0296936 0.0375061 
7 0 0.708496 0.632812 0.03125 0.0395813 
6 0 0.845215 0.845703 0.0281219 0.033844 
5 0 0.853027 0.229126 0.046875 0.0541687 
4 0 0.601562 0.212769 0.03125 0.0414124 
3 0 0.773438 0.0750122 0.03125 0.0415039 
2 0 0.240601 0.85498 0.03125 0.0395813 
1 0 0.634277 0.571777 0.0292969 0.0395813 
246 0 0.754883 0.762695 0.0277405 0.0369873 
244 0 0.991211 0.678223 0.014061 0.0473938 
240 0 0.978027 0.860352 0.0320435 0.0380249 
238 0 0.739746 0.759277 0.0289001 0.0380249 
227 0 0.256348 0.4375 0.0322266 0.0419312 
221 0 0.0403442 0.375977 0.0350952 0.0453186 
210 0 0.992188 0.982422 0.0148468 0.0364685 
208 0 0.307861 0.344482 0.0220642 0.0265656 
176 0 0.496094 0.0159149 0.0308533 0.0316467 
140 0 0.637695 0.419678 0.035553 0.0481873 
117 0 0.629883 0.804199 0.0371094 0.0426941 
55 0 0.0124969 0.989746 0.0247498 0.0203094 
54 0 0.993652 0.408447 0.0124969 0.0458374 
51 0 0.0406189 0.984375 0.0315247 0.0270844 
50 0 0.581055 0.507324 0.0316467 0.0385437 
49 0 0.492188 0.401611 0.03125 0.0419312 
46 0 0.486816 0.865723 0.0320435 0.0385437 
45 0 0.559082 0.919922 0.0304718 0.0348816 
44 0 0.578613 0.150757 0.0304718 0.0364075 
43 0 0.567871 0.103271 0.0296936 0.0368347 
42 0 0.220337 0.17395 0.0281219 0.0376282 
41 0 0.300293 0.320801 0.0302734 0.0385437 
40 0 0.541504 0.985352 0.0328064 0.0291595 
39 0 0.777344 0.4646 0.0332031 0.0432434 
35 0 0.00928497 0.275635 0.0184937 0.0459595 
34 0 0.584473 0.122009 0.0320435 0.0414124 
32 0 0.274658 0.119812 0.0304718 0.0390625 
31 0 0.166748 0.357178 0.0304718 0.0346375 
30 0 0.98584 0.810059 0.0281219 0.0364685 
29 0 0.0212708 0.740723 0.0301056 0.0426941 
27 0 0.234375 0.577148 0.028717 0.0426941 
26 0 0.13208 0.194824 0.0332947 0.0440063 
23 0 0.664062 0.165649 0.0351562 0.040741 
22 0 0.282715 0.216675 0.0343628 0.0421753 
21 0 0.0836182 0.805176 0.0296936 0.0369873 
20 0 0.506836 0.732422 0.0414124 0.0520935 
19 0 0.0883789 0.964355 0.0293427 0.0375061 
18 0 0.828125 0.434326 0.0343628 0.0432434 
17 0 0.192993 0.844727 0.0327148 0.0395813 
16 0 0.321777 0.450195 0.0328064 0.0416565 
14 0 0.851562 0.75 0.0367126 0.0463562 
13 0 0.867188 0.407227 0.0335999 0.0440063 
12 0 0.936035 0.209351 0.0406189 0.0562439 
8 0 0.834961 0.970703 0.0296936 0.0375061 
7 0 0.708496 0.632812 0.03125 0.0395813 
6 0 0.845215 0.845703 0.0281219 0.033844 
5 0 0.853027 0.229126 0.046875 0.0541687 
4 0 0.601562 0.212769 0.03125 0.0414124 
3 0 0.773438 0.0750122 0.03125 0.0415039 
2 0 0.240601 0.85498 0.03125 0.0395813 
1 0 0.634277 0.571777 0.0292969 0.0395813 
