276 0 0.657227 0.92627 0.0390625 0.046875 
274 0 0.340332 0.0094223 0.0308533 0.0184174 
258 0 0.524902 0.0114594 0.0273438 0.0220642 
254 0 0.38916 0.0797119 0.0314331 0.0372314 
251 0 0.385498 0.0349731 0.0326233 0.0357666 
246 0 0.978027 0.862305 0.0281219 0.0375061 
245 0 0.265625 0.438477 0.03125 0.0380249 
244 0 0.786621 0.893555 0.0296936 0.0401001 
236 0 0.731445 0.764648 0.0285187 0.0343628 
226 0 0.393799 0.46875 0.033783 0.0411377 
221 0 0.0367432 0.37915 0.0328674 0.0458374 
178 0 0.501953 0.0142365 0.0296936 0.0283661 
142 0 0.636719 0.420898 0.035553 0.0458374 
122 0 0.661133 0.17395 0.035553 0.0402222 
119 0 0.628906 0.804199 0.035553 0.0416565 
55 0 0.0132904 0.990723 0.0259094 0.0192719 
54 0 0.994629 0.40918 0.0109406 0.0479126 
51 0 0.039856 0.985352 0.0328064 0.0291595 
50 0 0.57666 0.514648 0.0320435 0.038269 
49 0 0.489014 0.404053 0.0292969 0.0380249 
46 0 0.483643 0.86377 0.0363159 0.0437622 
45 0 0.551758 0.935547 0.0277405 0.0322876 
44 0 0.578125 0.150635 0.0281219 0.0328064 
43 0 0.567871 0.102112 0.0296936 0.0374451 
42 0 0.220703 0.175781 0.0275421 0.0359497 
41 0 0.29126 0.323975 0.0273438 0.039856 
40 0 0.541504 0.985352 0.0351562 0.0291595 
39 0 0.786621 0.340576 0.0332031 0.04245 
34 0 0.583496 0.119141 0.0308533 0.0388794 
32 0 0.26709 0.124756 0.0314331 0.0385437 
31 0 0.119141 0.265869 0.0302734 0.037384 
30 0 0.98291 0.82373 0.03125 0.0395813 
29 0 0.0195007 0.74707 0.0298157 0.044281 
27 0 0.235962 0.578125 0.03125 0.0437622 
26 0 0.132812 0.196899 0.0324097 0.0444031 
22 0 0.282715 0.21814 0.0343628 0.0411377 
21 0 0.0836182 0.806152 0.0296936 0.0375061 
20 0 0.502441 0.73877 0.042572 0.0520935 
19 0 0.0887451 0.96582 0.0317993 0.0401001 
18 0 0.829102 0.434326 0.0328064 0.0395813 
17 0 0.192139 0.84375 0.03125 0.0416565 
16 0 0.199707 0.501465 0.0294952 0.0375061 
14 0 0.851562 0.750977 0.0367126 0.0463562 
13 0 0.865723 0.4104 0.03125 0.0416565 
12 0 0.936035 0.210449 0.039856 0.058075 
8 0 0.833008 0.975098 0.0281219 0.0375061 
7 0 0.708496 0.633301 0.0304718 0.0380249 
6 0 0.842773 0.850098 0.0265656 0.0333252 
5 0 0.852539 0.228149 0.0453186 0.0526123 
4 0 0.602539 0.212891 0.0308533 0.0387878 
3 0 0.772461 0.0771484 0.0328064 0.041687 
2 0 0.241455 0.854004 0.0328064 0.0416565 
1 0 0.633789 0.578125 0.0308533 0.0395813 
