783 0 0.969727 0.87207 0.0265656 0.0354309 
776 0 0.195557 0.720703 0.0319214 0.0437622 
773 0 0.561035 0.161499 0.0277405 0.035553 
772 0 0.192261 0.85498 0.0369263 0.0479126 
760 0 0.973633 0.0394592 0.0281219 0.038147 
752 0 0.407715 0.217651 0.0343628 0.0437622 
744 0 0.307129 0.196899 0.0273438 0.0329285 
735 0 0.791992 0.376709 0.0285187 0.0395813 
725 0 0.696289 0.969727 0.0339966 0.0421753 
684 0 0.735352 0.151001 0.0296936 0.0365906 
681 0 0.624023 0.0156555 0.0304718 0.0315247 
677 0 0.71582 0.787598 0.0285187 0.0348816 
662 0 0.992188 0.680176 0.0148468 0.0369873 
655 0 0.221924 0.484375 0.0249939 0.03125 
639 0 0.935059 0.206665 0.0359497 0.0492249 
584 0 0.578125 0.148193 0.0281219 0.033905 
569 0 0.602051 0.209351 0.0296936 0.0440063 
506 0 0.506836 0.0312805 0.0265656 0.0329895 
435 0 0.704102 0.156006 0.0328064 0.0412903 
416 0 0.861816 0.4104 0.0296936 0.0375061 
281 0 0.352295 0.0725098 0.0265656 0.0318298 
245 0 0.260254 0.431152 0.0289001 0.0377502 
178 0 0.474121 0.0541687 0.0265656 0.0376587 
122 0 0.625 0.240601 0.03125 0.0395813 
55 0 0.0148468 0.98877 0.0297394 0.0229187 
54 0 0.988281 0.415527 0.0203094 0.0473938 
51 0 0.0429993 0.984375 0.0360718 0.03125 
50 0 0.491455 0.616699 0.0324097 0.0432434 
49 0 0.45459 0.470947 0.0367126 0.0406189 
46 0 0.487549 0.861328 0.03125 0.0395813 
45 0 0.541504 0.985352 0.0332031 0.0291595 
43 0 0.570312 0.102112 0.0277405 0.0333252 
42 0 0.201538 0.232178 0.0324097 0.0377502 
41 0 0.215576 0.404785 0.0281219 0.04245 
34 0 0.583496 0.120178 0.0308533 0.0369873 
32 0 0.207031 0.19165 0.0294952 0.0365906 
27 0 0.235107 0.564453 0.0328064 0.0499878 
26 0 0.129639 0.195435 0.0343628 0.0437622 
22 0 0.259277 0.26709 0.0343628 0.04245 
21 0 0.0836792 0.802246 0.0322876 0.0411377 
19 0 0.104126 0.985352 0.0313416 0.0291595 
18 0 0.827148 0.432373 0.0296936 0.0359497 
14 0 0.836914 0.780273 0.0359497 0.044281 
8 0 0.823242 0.987305 0.0265656 0.0249939 
7 0 0.708496 0.629395 0.0328064 0.0416565 
6 0 0.82959 0.867676 0.03125 0.0395813 
5 0 0.850586 0.2323 0.0421753 0.0488281 
2 0 0.235962 0.857422 0.0308533 0.0437622 
1 0 0.630371 0.615723 0.0296936 0.0411377 
