710 0 0.628906 0.802246 0.0351562 0.0380249 
684 0 0.731934 0.0791016 0.0277405 0.0398865 
681 0 0.634277 0.0104141 0.03125 0.0207977 
677 0 0.716309 0.785645 0.0265656 0.0333252 
675 0 0.133301 0.911621 0.0353394 0.0421753 
662 0 0.992188 0.683105 0.0148468 0.0375061 
655 0 0.233643 0.4646 0.0222626 0.0273438 
640 0 0.98291 0.0177765 0.0281219 0.0309143 
639 0 0.936523 0.206543 0.0375061 0.0514221 
626 0 0.134521 0.893555 0.0322266 0.0390625 
602 0 0.63623 0.419189 0.038269 0.0481873 
584 0 0.578125 0.148926 0.0281219 0.0352783 
569 0 0.602539 0.210449 0.0296936 0.0416565 
533 0 0.854492 0.754883 0.0320435 0.0416565 
506 0 0.507812 0.0281372 0.0249939 0.0353699 
435 0 0.717773 0.126099 0.0300751 0.0360718 
416 0 0.860352 0.4104 0.0296936 0.0375061 
281 0 0.356201 0.067688 0.0281219 0.0355835 
245 0 0.261475 0.432617 0.0289001 0.0369873 
178 0 0.478027 0.0512695 0.0281219 0.0365295 
122 0 0.627441 0.240601 0.0328064 0.0395813 
55 0 0.0133057 0.989746 0.0264587 0.0208282 
54 0 0.990723 0.413086 0.0187531 0.0533752 
51 0 0.0421753 0.98584 0.0344238 0.0281219 
50 0 0.513184 0.60498 0.0300751 0.0447998 
49 0 0.458496 0.446777 0.0371094 0.0487061 
46 0 0.488281 0.86377 0.0296936 0.0395813 
45 0 0.541992 0.986328 0.0316467 0.0270844 
43 0 0.570312 0.102112 0.0292969 0.0333252 
42 0 0.29541 0.216431 0.0339966 0.0391846 
41 0 0.228882 0.38623 0.0302734 0.0406189 
34 0 0.584473 0.122803 0.03125 0.0369263 
32 0 0.226562 0.171875 0.0316467 0.0354309 
30 0 0.918945 0.984375 0.03125 0.03125 
27 0 0.235596 0.571777 0.0302734 0.044281 
26 0 0.129639 0.196899 0.0343628 0.0441284 
22 0 0.26709 0.246826 0.0343628 0.039978 
21 0 0.0843506 0.803223 0.0335999 0.0411377 
19 0 0.0882568 0.962402 0.0331116 0.0416565 
18 0 0.827148 0.43335 0.0328064 0.0411377 
17 0 0.189819 0.848145 0.0359497 0.0453186 
14 0 0.836914 0.75293 0.0328064 0.0458374 
8 0 0.823242 0.98877 0.0281219 0.0229187 
7 0 0.709961 0.631348 0.0328064 0.0411377 
6 0 0.832031 0.87207 0.0265656 0.0354309 
5 0 0.851562 0.237183 0.0406189 0.046875 
3 0 0.752441 0.114685 0.0296936 0.0371094 
2 0 0.237549 0.856445 0.0314331 0.0447998 
1 0 0.630859 0.615723 0.0296936 0.0395813 
