602 0 0.636719 0.420898 0.0347595 0.0455627 
584 0 0.578125 0.150024 0.03125 0.0375061 
569 0 0.601562 0.209351 0.03125 0.039856 
550 2 0.0103455 0.731445 0.0206451 0.0401001 
533 0 0.950195 0.473877 0.0320435 0.0385437 
506 0 0.504883 0.0215149 0.0281219 0.033783 
503 0 0.991211 0.68457 0.014061 0.0437622 
435 0 0.736816 0.0859375 0.0371094 0.0414124 
416 0 0.819336 0.36084 0.0328064 0.0416565 
281 0 0.357666 0.0570374 0.0296936 0.0375977 
245 0 0.259277 0.438232 0.0341797 0.0380249 
236 0 0.71875 0.782227 0.0285187 0.0354309 
178 0 0.483643 0.0437622 0.0292969 0.0408325 
122 0 0.635254 0.236084 0.0359497 0.04245 
55 0 0.0139923 0.990723 0.0251923 0.0187531 
54 0 0.989258 0.4104 0.0179749 0.0541687 
51 0 0.0413818 0.987305 0.0294495 0.0249939 
50 0 0.53125 0.59375 0.0308533 0.0406189 
49 0 0.460205 0.431885 0.0390625 0.0544128 
46 0 0.48584 0.862305 0.0308533 0.0416565 
45 0 0.541992 0.986328 0.03125 0.0270844 
43 0 0.569336 0.102234 0.0296936 0.0371094 
42 0 0.312744 0.223999 0.0332031 0.0395813 
41 0 0.244385 0.373535 0.0285187 0.038269 
34 0 0.583008 0.12085 0.0343628 0.0416565 
32 0 0.239014 0.170776 0.03125 0.0343628 
30 0 0.94043 0.942871 0.03125 0.0359497 
29 0 0.00617981 0.802246 0.0121765 0.0406189 
27 0 0.234375 0.575195 0.0283203 0.0426941 
26 0 0.131104 0.198975 0.034668 0.0473938 
22 0 0.272705 0.23645 0.0324097 0.0395813 
21 0 0.0843506 0.805176 0.0281219 0.0354309 
20 0 0.490723 0.75293 0.0429688 0.0479126 
19 0 0.0898438 0.962402 0.0297394 0.0375061 
18 0 0.82959 0.434326 0.0320435 0.0393372 
17 0 0.191162 0.845703 0.0340881 0.0416565 
14 0 0.842285 0.754395 0.0343628 0.0484314 
13 0 0.864258 0.413574 0.0343628 0.0432434 
12 0 0.935059 0.208496 0.0390625 0.0549622 
8 0 0.823242 0.98877 0.0249939 0.0229187 
7 0 0.708496 0.631348 0.0328064 0.0416565 
6 0 0.834473 0.870605 0.0249939 0.0375061 
5 0 0.850586 0.235474 0.0421753 0.0501404 
3 0 0.758789 0.100403 0.0332031 0.0392456 
2 0 0.236694 0.857422 0.0300751 0.0395813 
1 0 0.630371 0.610352 0.0324097 0.0385437 
