838 0 0.637695 0.414551 0.038269 0.0492249 
834 0 0.62793 0.802246 0.0343628 0.0406189 
825 0 0.96875 0.874023 0.0249939 0.0348816 
818 0 0.193604 0.712402 0.0314331 0.044281 
815 0 0.561035 0.1604 0.0281219 0.033844 
814 0 0.192749 0.85498 0.0359497 0.0479126 
801 0 0.970215 0.0413513 0.0257874 0.0360413 
791 0 0.408691 0.217651 0.0335999 0.0437622 
784 0 0.306152 0.196899 0.0251923 0.0317688 
775 0 0.775879 0.381348 0.0285187 0.0369873 
765 0 0.70459 0.984375 0.0292969 0.033844 
724 0 0.735352 0.154175 0.0296936 0.0352783 
721 0 0.623535 0.0159607 0.0289001 0.0325623 
716 0 0.714844 0.788086 0.0296936 0.0354309 
701 0 0.993164 0.680176 0.014061 0.0359497 
694 0 0.222656 0.485352 0.0234375 0.0294342 
674 0 0.935059 0.206299 0.0359497 0.0499878 
615 0 0.578125 0.147949 0.0281219 0.0333252 
604 0 0.602539 0.20874 0.0296936 0.044281 
534 0 0.506836 0.0320129 0.0257874 0.0322876 
464 0 0.704102 0.155151 0.0328064 0.0395813 
459 0 0.540527 0.986328 0.03125 0.0276031 
444 0 0.86084 0.409912 0.0281219 0.0367126 
288 0 0.352295 0.072937 0.0265656 0.0332947 
247 0 0.260986 0.431152 0.0277405 0.0369873 
176 0 0.474121 0.0541687 0.0265656 0.0375061 
55 0 0.0140533 0.98877 0.0281982 0.0229187 
54 0 0.989746 0.414551 0.0203094 0.0460815 
51 0 0.0421753 0.984375 0.0357971 0.03125 
50 0 0.490723 0.615723 0.03125 0.0421753 
49 0 0.453613 0.470947 0.0367126 0.0408936 
46 0 0.487549 0.862305 0.0332031 0.0406189 
43 0 0.570312 0.102112 0.0277405 0.0333252 
42 0 0.206421 0.244629 0.0307617 0.039856 
41 0 0.213257 0.40625 0.0270538 0.0426941 
34 0 0.583984 0.120178 0.0304718 0.0378113 
32 0 0.206299 0.194702 0.0301819 0.0354309 
27 0 0.235107 0.56543 0.0328064 0.0479126 
26 0 0.129028 0.195679 0.0332031 0.0421753 
23 0 0.624023 0.240601 0.0324097 0.0393372 
22 0 0.258545 0.269775 0.0332031 0.039978 
21 0 0.0836792 0.802246 0.032135 0.0406189 
19 0 0.102234 0.985352 0.0325623 0.0291595 
18 0 0.827148 0.432373 0.0296936 0.0354309 
14 0 0.834961 0.783203 0.0359497 0.0453186 
8 0 0.823242 0.987305 0.0257874 0.0249939 
7 0 0.708496 0.629395 0.0328064 0.0416565 
6 0 0.831055 0.869141 0.03125 0.0406189 
5 0 0.850586 0.2323 0.0421753 0.0475159 
2 0 0.236328 0.856445 0.0318298 0.0432434 
1 0 0.631348 0.615723 0.0281219 0.0395813 
838 0 0.637695 0.414551 0.038269 0.0492249 
834 0 0.62793 0.802246 0.0343628 0.0406189 
825 0 0.96875 0.874023 0.0249939 0.0348816 
818 0 0.193604 0.712402 0.0314331 0.044281 
815 0 0.561035 0.1604 0.0281219 0.033844 
814 0 0.192749 0.85498 0.0359497 0.0479126 
801 0 0.970215 0.0413513 0.0257874 0.0360413 
791 0 0.408691 0.217651 0.0335999 0.0437622 
784 0 0.306152 0.196899 0.0251923 0.0317688 
775 0 0.775879 0.381348 0.0285187 0.0369873 
765 0 0.70459 0.984375 0.0292969 0.033844 
724 0 0.735352 0.154175 0.0296936 0.0352783 
721 0 0.623535 0.0159607 0.0289001 0.0325623 
716 0 0.714844 0.788086 0.0296936 0.0354309 
701 0 0.993164 0.680176 0.014061 0.0359497 
694 0 0.222656 0.485352 0.0234375 0.0294342 
674 0 0.935059 0.206299 0.0359497 0.0499878 
615 0 0.578125 0.147949 0.0281219 0.0333252 
604 0 0.602539 0.20874 0.0296936 0.044281 
534 0 0.506836 0.0320129 0.0257874 0.0322876 
464 0 0.704102 0.155151 0.0328064 0.0395813 
459 0 0.540527 0.986328 0.03125 0.0276031 
444 0 0.86084 0.409912 0.0281219 0.0367126 
288 0 0.352295 0.072937 0.0265656 0.0332947 
247 0 0.260986 0.431152 0.0277405 0.0369873 
176 0 0.474121 0.0541687 0.0265656 0.0375061 
55 0 0.0140533 0.98877 0.0281982 0.0229187 
54 0 0.989746 0.414551 0.0203094 0.0460815 
51 0 0.0421753 0.984375 0.0357971 0.03125 
50 0 0.490723 0.615723 0.03125 0.0421753 
49 0 0.453613 0.470947 0.0367126 0.0408936 
46 0 0.487549 0.862305 0.0332031 0.0406189 
43 0 0.570312 0.102112 0.0277405 0.0333252 
42 0 0.206421 0.244629 0.0307617 0.039856 
41 0 0.213257 0.40625 0.0270538 0.0426941 
34 0 0.583984 0.120178 0.0304718 0.0378113 
32 0 0.206299 0.194702 0.0301819 0.0354309 
27 0 0.235107 0.56543 0.0328064 0.0479126 
26 0 0.129028 0.195679 0.0332031 0.0421753 
23 0 0.624023 0.240601 0.0324097 0.0393372 
22 0 0.258545 0.269775 0.0332031 0.039978 
21 0 0.0836792 0.802246 0.032135 0.0406189 
19 0 0.102234 0.985352 0.0325623 0.0291595 
18 0 0.827148 0.432373 0.0296936 0.0354309 
14 0 0.834961 0.783203 0.0359497 0.0453186 
8 0 0.823242 0.987305 0.0257874 0.0249939 
7 0 0.708496 0.629395 0.0328064 0.0416565 
6 0 0.831055 0.869141 0.03125 0.0406189 
5 0 0.850586 0.2323 0.0421753 0.0475159 
2 0 0.236328 0.856445 0.0318298 0.0432434 
1 0 0.631348 0.615723 0.0281219 0.0395813 
