661 0 0.142334 0.987305 0.0316467 0.0239563 
660 0 0.415527 0.990723 0.03125 0.0187531 
635 0 0.637207 0.419189 0.0351562 0.0450439 
615 0 0.578613 0.150024 0.0304718 0.0371704 
604 0 0.601562 0.210083 0.0300751 0.0401001 
579 2 0.00801849 0.732422 0.0167236 0.0369873 
562 0 0.95459 0.510742 0.0304718 0.0377502 
534 0 0.505371 0.0218964 0.0265656 0.0351868 
464 0 0.735352 0.0876465 0.0351562 0.0418701 
459 0 0.541504 0.985352 0.0324097 0.0291595 
444 0 0.858398 0.388428 0.03125 0.0385437 
288 0 0.35791 0.0583191 0.03125 0.0375977 
247 0 0.262451 0.4375 0.0318298 0.0375061 
238 0 0.71875 0.78125 0.03125 0.0364685 
176 0 0.48291 0.0448303 0.0281219 0.0395203 
55 0 0.0147858 0.990723 0.0260925 0.0187531 
54 0 0.989258 0.411377 0.0179749 0.053894 
51 0 0.0414124 0.987305 0.0296936 0.0249939 
50 0 0.528809 0.594727 0.0320435 0.0432434 
49 0 0.46167 0.434326 0.0390625 0.0557251 
46 0 0.486816 0.862305 0.0308533 0.0416565 
43 0 0.568848 0.102844 0.0304718 0.0369263 
42 0 0.311279 0.223999 0.0333862 0.039856 
41 0 0.243164 0.374023 0.0285187 0.0395813 
34 0 0.583496 0.12085 0.0332031 0.0418701 
32 0 0.237061 0.173096 0.0306702 0.0341187 
30 0 0.938965 0.945801 0.03125 0.0369873 
29 0 0.00624847 0.805176 0.0123291 0.0395813 
27 0 0.235107 0.576172 0.0292969 0.0437622 
26 0 0.129883 0.198608 0.0336914 0.0450439 
23 0 0.633789 0.237549 0.0339966 0.0416565 
22 0 0.272705 0.237549 0.0332031 0.0415344 
21 0 0.0843506 0.805176 0.0281219 0.0354309 
20 0 0.491455 0.751953 0.0421753 0.0484314 
19 0 0.0889893 0.962402 0.0282288 0.0375061 
18 0 0.829102 0.434082 0.0328064 0.0401001 
17 0 0.191406 0.844727 0.0328064 0.0390625 
14 0 0.841309 0.75293 0.0328064 0.0479126 
13 0 0.864258 0.416504 0.03125 0.0395813 
12 0 0.936035 0.208618 0.0406189 0.0545654 
8 0 0.822754 0.98877 0.0265656 0.0229187 
7 0 0.709473 0.631348 0.03125 0.0416565 
6 0 0.834473 0.870605 0.0257874 0.0375061 
5 0 0.850586 0.23291 0.0421753 0.0510559 
3 0 0.758789 0.101013 0.0328064 0.0396423 
2 0 0.237061 0.858398 0.0302734 0.0416565 
1 0 0.631348 0.609375 0.03125 0.0390625 
661 0 0.142334 0.987305 0.0316467 0.0239563 
660 0 0.415527 0.990723 0.03125 0.0187531 
635 0 0.637207 0.419189 0.0351562 0.0450439 
615 0 0.578613 0.150024 0.0304718 0.0371704 
604 0 0.601562 0.210083 0.0300751 0.0401001 
579 2 0.00801849 0.732422 0.0167236 0.0369873 
562 0 0.95459 0.510742 0.0304718 0.0377502 
534 0 0.505371 0.0218964 0.0265656 0.0351868 
464 0 0.735352 0.0876465 0.0351562 0.0418701 
459 0 0.541504 0.985352 0.0324097 0.0291595 
444 0 0.858398 0.388428 0.03125 0.0385437 
288 0 0.35791 0.0583191 0.03125 0.0375977 
247 0 0.262451 0.4375 0.0318298 0.0375061 
238 0 0.71875 0.78125 0.03125 0.0364685 
176 0 0.48291 0.0448303 0.0281219 0.0395203 
55 0 0.0147858 0.990723 0.0260925 0.0187531 
54 0 0.989258 0.411377 0.0179749 0.053894 
51 0 0.0414124 0.987305 0.0296936 0.0249939 
50 0 0.528809 0.594727 0.0320435 0.0432434 
49 0 0.46167 0.434326 0.0390625 0.0557251 
46 0 0.486816 0.862305 0.0308533 0.0416565 
43 0 0.568848 0.102844 0.0304718 0.0369263 
42 0 0.311279 0.223999 0.0333862 0.039856 
41 0 0.243164 0.374023 0.0285187 0.0395813 
34 0 0.583496 0.12085 0.0332031 0.0418701 
32 0 0.237061 0.173096 0.0306702 0.0341187 
30 0 0.938965 0.945801 0.03125 0.0369873 
29 0 0.00624847 0.805176 0.0123291 0.0395813 
27 0 0.235107 0.576172 0.0292969 0.0437622 
26 0 0.129883 0.198608 0.0336914 0.0450439 
23 0 0.633789 0.237549 0.0339966 0.0416565 
22 0 0.272705 0.237549 0.0332031 0.0415344 
21 0 0.0843506 0.805176 0.0281219 0.0354309 
20 0 0.491455 0.751953 0.0421753 0.0484314 
19 0 0.0889893 0.962402 0.0282288 0.0375061 
18 0 0.829102 0.434082 0.0328064 0.0401001 
17 0 0.191406 0.844727 0.0328064 0.0390625 
14 0 0.841309 0.75293 0.0328064 0.0479126 
13 0 0.864258 0.416504 0.03125 0.0395813 
12 0 0.936035 0.208618 0.0406189 0.0545654 
8 0 0.822754 0.98877 0.0265656 0.0229187 
7 0 0.709473 0.631348 0.03125 0.0416565 
6 0 0.834473 0.870605 0.0257874 0.0375061 
5 0 0.850586 0.23291 0.0421753 0.0510559 
3 0 0.758789 0.101013 0.0328064 0.0396423 
2 0 0.237061 0.858398 0.0302734 0.0416565 
1 0 0.631348 0.609375 0.03125 0.0390625 
