684 0 0.720703 0.0102997 0.03125 0.0183868 
681 0 0.633789 0.0104141 0.0343628 0.0208282 
677 0 0.717285 0.78418 0.0292969 0.0354309 
675 0 0.19397 0.952148 0.0332947 0.046875 
667 0 0.979004 0.861328 0.0265656 0.0354309 
662 0 0.992188 0.682617 0.014061 0.0385437 
655 0 0.237915 0.459473 0.0228577 0.0270844 
640 0 0.98584 0.0125275 0.0281219 0.0250549 
639 0 0.936523 0.207275 0.0359497 0.0526123 
636 0 0.991211 0.366211 0.0203094 0.0387878 
626 0 0.141846 0.929199 0.0302734 0.0416565 
602 0 0.635742 0.418701 0.0375061 0.0460815 
584 0 0.579102 0.151123 0.0300751 0.0364685 
569 0 0.602539 0.209351 0.0292969 0.0395813 
533 0 0.884277 0.675293 0.0304718 0.0385437 
506 0 0.506348 0.026062 0.0257874 0.0354614 
435 0 0.720215 0.114685 0.0320435 0.0377502 
416 0 0.858398 0.4104 0.0296936 0.0375061 
281 0 0.356201 0.0656738 0.0281219 0.0354919 
245 0 0.260986 0.434326 0.0290985 0.0354309 
178 0 0.479004 0.0511169 0.0265656 0.0349426 
122 0 0.627441 0.239624 0.0328064 0.0376282 
55 0 0.0132828 0.990723 0.0265656 0.0187531 
54 0 0.989746 0.413574 0.0171814 0.0518188 
51 0 0.0421753 0.986328 0.0317383 0.0265656 
50 0 0.516602 0.606445 0.0328064 0.0432434 
49 0 0.459473 0.442627 0.0351562 0.0447998 
46 0 0.488281 0.862305 0.0296936 0.0380249 
45 0 0.541992 0.986328 0.03125 0.0270844 
43 0 0.569336 0.101807 0.0296936 0.0365906 
42 0 0.301025 0.220093 0.0332031 0.0391846 
41 0 0.232056 0.382324 0.0300751 0.0401001 
34 0 0.583008 0.12085 0.0324097 0.0375061 
32 0 0.232056 0.172119 0.0296936 0.0345154 
30 0 0.92334 0.975098 0.0343628 0.0411377 
27 0 0.235962 0.572754 0.0283203 0.0416565 
26 0 0.130493 0.197876 0.0328064 0.0418091 
22 0 0.268066 0.243774 0.0328064 0.0376282 
21 0 0.0843506 0.804199 0.03125 0.0375061 
19 0 0.0890503 0.961426 0.03125 0.0380249 
18 0 0.828125 0.43335 0.0343628 0.0416565 
17 0 0.190674 0.84668 0.0339966 0.0411377 
14 0 0.838379 0.75293 0.0328064 0.0479126 
8 0 0.823242 0.98877 0.0281219 0.0229187 
7 0 0.709473 0.630371 0.03125 0.0395813 
6 0 0.833008 0.87207 0.0249939 0.0354309 
5 0 0.851562 0.23645 0.0421753 0.0509033 
3 0 0.753906 0.111206 0.0304718 0.0390015 
2 0 0.237549 0.857422 0.03125 0.0437622 
1 0 0.630371 0.614746 0.0300751 0.0401001 
