825 0 0.96875 0.875977 0.0249939 0.0348816 
818 0 0.196899 0.712402 0.0316467 0.0421753 
815 0 0.561035 0.159668 0.0281219 0.0363159 
814 0 0.189209 0.853027 0.0354614 0.0463562 
801 0 0.96875 0.0426636 0.0249939 0.0350342 
791 0 0.408203 0.216919 0.033783 0.0414124 
784 0 0.307129 0.196533 0.026947 0.0330811 
775 0 0.794434 0.392822 0.03125 0.0385437 
765 0 0.674805 0.984375 0.03125 0.0317688 
724 0 0.735352 0.15625 0.0289001 0.0369873 
721 0 0.623535 0.0166626 0.03125 0.0333862 
716 0 0.713867 0.787598 0.0300751 0.0364685 
701 0 0.992188 0.681152 0.0148468 0.0364685 
694 0 0.221069 0.485352 0.0242157 0.029953 
674 0 0.935059 0.206299 0.0359497 0.0496216 
615 0 0.578125 0.148804 0.0292969 0.0359497 
604 0 0.602539 0.209106 0.0292969 0.0428467 
534 0 0.506836 0.0332642 0.0265656 0.0329285 
464 0 0.704102 0.158325 0.0320435 0.0408936 
459 0 0.540527 0.985352 0.0320435 0.0291595 
444 0 0.861816 0.409912 0.0296936 0.038269 
288 0 0.35083 0.0739136 0.0273438 0.032074 
247 0 0.260986 0.431152 0.0281219 0.0375061 
176 0 0.474121 0.0552063 0.0265656 0.0394287 
55 0 0.0135498 0.989746 0.0277405 0.0208282 
54 0 0.989746 0.414551 0.0203094 0.0458374 
51 0 0.0422668 0.984375 0.0358887 0.03125 
50 0 0.488281 0.618652 0.0316467 0.0432434 
49 0 0.453857 0.473877 0.0359497 0.0395813 
46 0 0.487549 0.861816 0.0335999 0.0426941 
43 0 0.569336 0.102112 0.0265656 0.0333252 
42 0 0.202393 0.247192 0.0302734 0.0402222 
41 0 0.213257 0.40625 0.0265656 0.0414124 
34 0 0.584473 0.12085 0.03125 0.0375061 
32 0 0.205444 0.194824 0.030365 0.035553 
27 0 0.235107 0.56543 0.0328064 0.0473938 
26 0 0.129639 0.195801 0.0318298 0.0420532 
23 0 0.625 0.240601 0.0320435 0.0393372 
22 0 0.257812 0.270752 0.0345764 0.0416565 
21 0 0.0844116 0.802246 0.0313416 0.0390625 
19 0 0.101379 0.986328 0.032074 0.0270844 
18 0 0.827148 0.431396 0.0296936 0.0364685 
14 0 0.834961 0.783203 0.0359497 0.0458374 
8 0 0.823242 0.987305 0.0281219 0.0249939 
7 0 0.708496 0.629395 0.0328064 0.0416565 
6 0 0.831055 0.868652 0.03125 0.0406189 
5 0 0.851562 0.231934 0.0437622 0.0505066 
2 0 0.236694 0.857422 0.0322266 0.0437622 
1 0 0.631836 0.615723 0.0289001 0.0395813 
825 0 0.96875 0.875977 0.0249939 0.0348816 
818 0 0.196899 0.712402 0.0316467 0.0421753 
815 0 0.561035 0.159668 0.0281219 0.0363159 
814 0 0.189209 0.853027 0.0354614 0.0463562 
801 0 0.96875 0.0426636 0.0249939 0.0350342 
791 0 0.408203 0.216919 0.033783 0.0414124 
784 0 0.307129 0.196533 0.026947 0.0330811 
775 0 0.794434 0.392822 0.03125 0.0385437 
765 0 0.674805 0.984375 0.03125 0.0317688 
724 0 0.735352 0.15625 0.0289001 0.0369873 
721 0 0.623535 0.0166626 0.03125 0.0333862 
716 0 0.713867 0.787598 0.0300751 0.0364685 
701 0 0.992188 0.681152 0.0148468 0.0364685 
694 0 0.221069 0.485352 0.0242157 0.029953 
674 0 0.935059 0.206299 0.0359497 0.0496216 
615 0 0.578125 0.148804 0.0292969 0.0359497 
604 0 0.602539 0.209106 0.0292969 0.0428467 
534 0 0.506836 0.0332642 0.0265656 0.0329285 
464 0 0.704102 0.158325 0.0320435 0.0408936 
459 0 0.540527 0.985352 0.0320435 0.0291595 
444 0 0.861816 0.409912 0.0296936 0.038269 
288 0 0.35083 0.0739136 0.0273438 0.032074 
247 0 0.260986 0.431152 0.0281219 0.0375061 
176 0 0.474121 0.0552063 0.0265656 0.0394287 
55 0 0.0135498 0.989746 0.0277405 0.0208282 
54 0 0.989746 0.414551 0.0203094 0.0458374 
51 0 0.0422668 0.984375 0.0358887 0.03125 
50 0 0.488281 0.618652 0.0316467 0.0432434 
49 0 0.453857 0.473877 0.0359497 0.0395813 
46 0 0.487549 0.861816 0.0335999 0.0426941 
43 0 0.569336 0.102112 0.0265656 0.0333252 
42 0 0.202393 0.247192 0.0302734 0.0402222 
41 0 0.213257 0.40625 0.0265656 0.0414124 
34 0 0.584473 0.12085 0.03125 0.0375061 
32 0 0.205444 0.194824 0.030365 0.035553 
27 0 0.235107 0.56543 0.0328064 0.0473938 
26 0 0.129639 0.195801 0.0318298 0.0420532 
23 0 0.625 0.240601 0.0320435 0.0393372 
22 0 0.257812 0.270752 0.0345764 0.0416565 
21 0 0.0844116 0.802246 0.0313416 0.0390625 
19 0 0.101379 0.986328 0.032074 0.0270844 
18 0 0.827148 0.431396 0.0296936 0.0364685 
14 0 0.834961 0.783203 0.0359497 0.0458374 
8 0 0.823242 0.987305 0.0281219 0.0249939 
7 0 0.708496 0.629395 0.0328064 0.0416565 
6 0 0.831055 0.868652 0.03125 0.0406189 
5 0 0.851562 0.231934 0.0437622 0.0505066 
2 0 0.236694 0.857422 0.0322266 0.0437622 
1 0 0.631836 0.615723 0.0289001 0.0395813 
