236 0 0.741211 0.759277 0.0257874 0.0317688 
235 0 0.976562 0.860352 0.0289001 0.0333252 
232 0 0.990723 0.679199 0.015625 0.0484314 
226 0 0.317627 0.433838 0.0298767 0.038269 
223 0 0.718262 0.736816 0.0296936 0.0406189 
221 0 0.0395813 0.375 0.0359802 0.044281 
210 0 0.980469 0.958984 0.0296936 0.0385437 
208 0 0.307129 0.34375 0.0234375 0.0286407 
178 0 0.496826 0.0146027 0.03125 0.0292053 
142 0 0.636719 0.420898 0.0359497 0.0499878 
122 0 0.664062 0.163574 0.035553 0.039978 
119 0 0.629883 0.804199 0.0343628 0.0426941 
87 0 0.00681305 0.203857 0.0207977 0.038269 
55 0 0.0122299 0.989746 0.0243683 0.0208282 
54 0 0.993652 0.408447 0.0117188 0.0463562 
51 0 0.0401001 0.984375 0.0317993 0.0270844 
50 0 0.583496 0.505371 0.0328064 0.0395813 
49 0 0.49292 0.399902 0.0324097 0.0414124 
46 0 0.486816 0.865723 0.0304718 0.0354309 
45 0 0.561523 0.914551 0.0296936 0.033844 
44 0 0.577148 0.150146 0.0296936 0.0365295 
43 0 0.567383 0.105835 0.03125 0.0408325 
42 0 0.219482 0.17395 0.0290985 0.0385437 
41 0 0.300781 0.319336 0.0294952 0.0372314 
40 0 0.541992 0.985352 0.0324097 0.0286407 
39 0 0.772461 0.493408 0.0343628 0.0447998 
35 0 0.0106888 0.271973 0.0203247 0.0406189 
34 0 0.584473 0.120728 0.0320435 0.0418701 
32 0 0.277344 0.118896 0.0300751 0.0372925 
31 0 0.180298 0.378418 0.0323181 0.0406189 
30 0 0.987305 0.808105 0.0257874 0.0369873 
29 0 0.021637 0.73877 0.030365 0.0432434 
27 0 0.234375 0.577148 0.0281219 0.0406189 
26 0 0.132812 0.194824 0.0343628 0.0437622 
22 0 0.282715 0.217651 0.0343628 0.0432434 
21 0 0.0836182 0.806152 0.0295868 0.0375061 
20 0 0.506836 0.732422 0.0406189 0.0510559 
19 0 0.0883789 0.964355 0.0291443 0.0375061 
18 0 0.828125 0.43335 0.0343628 0.0411377 
17 0 0.192993 0.844727 0.0327148 0.0395813 
16 0 0.265381 0.418457 0.0316467 0.0369873 
14 0 0.851562 0.75 0.0343628 0.0453186 
13 0 0.867188 0.408447 0.0320435 0.0416565 
12 0 0.936035 0.209351 0.039856 0.0566406 
8 0 0.835938 0.970703 0.0281219 0.0369873 
7 0 0.709473 0.632812 0.0316467 0.0385437 
6 0 0.844727 0.844727 0.0296936 0.0354309 
5 0 0.853027 0.229126 0.0453186 0.0541687 
4 0 0.601562 0.21167 0.0320435 0.042572 
3 0 0.773438 0.0740356 0.03125 0.0400085 
2 0 0.240967 0.85498 0.0306702 0.0395813 
1 0 0.635254 0.569824 0.0292969 0.0395813 
