463 0 0.469238 0.468262 0.0343628 0.0476685 
435 0 0.766602 0.0313416 0.0328064 0.0419312 
416 0 0.659668 0.508301 0.0328064 0.0447998 
412 1 0.879883 0.138794 0.0281219 0.0389404 
411 0 0.990723 0.681641 0.015625 0.0426941 
398 0 0.577148 0.153442 0.0289001 0.0346375 
386 0 0.310059 0.190674 0.0326233 0.0393372 
281 0 0.364746 0.0354919 0.0328064 0.041626 
245 0 0.260986 0.441162 0.0343628 0.0419312 
236 0 0.723633 0.775879 0.0316467 0.0364685 
178 0 0.498535 0.0238342 0.0371094 0.0417175 
122 0 0.65625 0.201294 0.0343628 0.0430908 
55 0 0.0135345 0.989746 0.0273132 0.0208282 
54 0 0.992188 0.408936 0.015625 0.0549622 
51 0 0.0395813 0.986328 0.0333557 0.0270844 
50 0 0.555664 0.556152 0.0332031 0.0416565 
49 0 0.475098 0.416748 0.0343628 0.0450439 
46 0 0.487549 0.865234 0.0300751 0.0406189 
45 0 0.540039 0.986328 0.0359497 0.0270844 
43 0 0.568848 0.104187 0.0281219 0.033905 
42 0 0.295898 0.246948 0.0359497 0.0403748 
41 0 0.26416 0.361572 0.0289001 0.0390625 
39 0 0.552246 0.00941467 0.0300751 0.0206146 
34 0 0.584473 0.121887 0.0320435 0.0400391 
32 0 0.243774 0.153931 0.0332031 0.0386658 
30 0 0.963867 0.885254 0.0343628 0.0375061 
29 0 0.0125732 0.772949 0.022644 0.0375061 
27 0 0.235107 0.578125 0.0328064 0.0437622 
26 0 0.129028 0.199951 0.0392456 0.0541687 
22 0 0.282715 0.218018 0.0341797 0.0423279 
21 0 0.0828247 0.807129 0.0310516 0.0395813 
20 0 0.494629 0.749023 0.0421753 0.0515747 
19 0 0.0890503 0.964355 0.0281219 0.0375061 
18 0 0.830566 0.436035 0.0328064 0.0408936 
17 0 0.192993 0.84668 0.0359497 0.0437622 
16 0 0.00589752 0.591797 0.0163116 0.0401001 
14 0 0.84668 0.755371 0.0320435 0.0437622 
13 0 0.864746 0.412598 0.0328064 0.0416565 
12 0 0.93457 0.209351 0.039856 0.0546875 
8 0 0.831055 0.983398 0.0281219 0.0333252 
7 0 0.709473 0.631348 0.03125 0.0401001 
6 0 0.839844 0.860352 0.0265656 0.0375061 
5 0 0.853027 0.229614 0.0437622 0.0499878 
4 0 0.602539 0.214233 0.0296936 0.0361938 
3 0 0.76709 0.0951538 0.0308533 0.0388794 
2 0 0.239624 0.85791 0.0335999 0.0406189 
1 0 0.630371 0.60498 0.0296936 0.0411377 
