768 0 0.62793 0.80127 0.0343628 0.0385437 
767 0 0.197266 0.842773 0.041687 0.0489502 
762 0 0.976562 0.86377 0.0242157 0.033844 
760 0 0.976562 0.0260773 0.0289001 0.0362549 
752 0 0.409424 0.217651 0.0351562 0.0445251 
744 0 0.308594 0.194824 0.0263672 0.03125 
735 0 0.757812 0.228394 0.0277405 0.0352783 
725 0 0.775879 0.905273 0.0304718 0.0401001 
684 0 0.742188 0.135376 0.0300751 0.0371704 
681 0 0.628906 0.014595 0.0296936 0.0292206 
677 0 0.716309 0.788574 0.0265656 0.03125 
662 0 0.993164 0.682129 0.014061 0.0354309 
655 0 0.227783 0.477051 0.0228577 0.0296936 
639 0 0.93457 0.206299 0.038269 0.0507812 
602 0 0.637695 0.420166 0.0386658 0.0489502 
584 0 0.578125 0.148926 0.0281219 0.0354309 
569 0 0.602539 0.209351 0.0296936 0.0402222 
506 0 0.507812 0.03125 0.0261688 0.0341187 
435 0 0.710938 0.142822 0.0316467 0.0426941 
416 0 0.86084 0.409424 0.0296936 0.0361938 
281 0 0.355469 0.0708618 0.0271454 0.0335999 
245 0 0.260986 0.434326 0.0281219 0.0359497 
178 0 0.47583 0.0531311 0.0273438 0.0395813 
122 0 0.625488 0.239624 0.0335999 0.0410156 
55 0 0.0132828 0.989746 0.0267029 0.0208282 
54 0 0.989258 0.413574 0.0218811 0.0479126 
51 0 0.0437622 0.985352 0.0341187 0.0286407 
50 0 0.505371 0.61084 0.0328064 0.046875 
49 0 0.457031 0.46167 0.0328064 0.0437622 
46 0 0.487549 0.862305 0.03125 0.0401001 
45 0 0.541504 0.986328 0.0328064 0.0270844 
43 0 0.571289 0.102722 0.0296936 0.0340576 
42 0 0.263184 0.196045 0.0304718 0.0375061 
41 0 0.224243 0.394775 0.0296936 0.0434875 
34 0 0.583496 0.120972 0.0328064 0.0383606 
32 0 0.214111 0.181274 0.0309601 0.0333252 
27 0 0.236694 0.569824 0.0296936 0.0437622 
26 0 0.129517 0.195801 0.0349731 0.0463562 
22 0 0.265625 0.257324 0.0343628 0.0441284 
21 0 0.0838013 0.803223 0.0302734 0.0385437 
19 0 0.0893555 0.96582 0.0342407 0.0406189 
18 0 0.82666 0.431152 0.0320435 0.0375061 
14 0 0.841309 0.768555 0.0328064 0.0416565 
8 0 0.824219 0.98877 0.0265656 0.0234375 
7 0 0.708496 0.630859 0.0324097 0.0406189 
6 0 0.831055 0.869141 0.0304718 0.0406189 
5 0 0.851562 0.233643 0.0437622 0.0501404 
2 0 0.236694 0.856445 0.0300751 0.0421753 
1 0 0.629883 0.615723 0.0304718 0.0401001 
