209 0 0.0444641 0.36499 0.0326538 0.04245 
208 0 0.307861 0.34375 0.0222626 0.0294342 
206 0 0.991211 0.678223 0.014061 0.0479126 
201 0 0.0141754 0.358643 0.0272217 0.0453186 
192 0 0.696289 0.589355 0.0308533 0.0401001 
176 0 0.502441 0.0125275 0.0335999 0.0250092 
140 0 0.636719 0.42041 0.0363159 0.0492249 
120 0 0.58252 0.0535889 0.0289001 0.037262 
119 0 0.743652 0.757324 0.0265656 0.0364685 
117 0 0.630371 0.804199 0.0371094 0.0426941 
85 0 0.147583 0.409912 0.0294952 0.0359497 
56 0 0.563477 0.160522 0.0277405 0.0341187 
55 0 0.0125122 0.989746 0.0250244 0.0192719 
54 0 0.993652 0.409668 0.0124969 0.0473938 
51 0 0.0406799 0.984375 0.0316467 0.0302124 
50 0 0.586914 0.497803 0.0328064 0.0408936 
49 0 0.495361 0.393799 0.0332031 0.0416565 
47 0 0.243896 0.370361 0.0296936 0.0414124 
46 0 0.486816 0.866699 0.0296936 0.0385437 
45 0 0.567871 0.898926 0.0296936 0.0328064 
44 0 0.578125 0.151001 0.03125 0.035614 
43 0 0.567871 0.102234 0.0296936 0.0367737 
42 0 0.220703 0.17627 0.0273438 0.0363159 
41 0 0.309326 0.3125 0.0281219 0.0375061 
40 0 0.541504 0.985352 0.0328064 0.0291595 
39 0 0.768555 0.576172 0.03125 0.0411377 
35 0 0.0117798 0.256592 0.0243378 0.0423279 
34 0 0.584961 0.122925 0.0324097 0.0414124 
32 0 0.290527 0.110657 0.0279236 0.0352173 
31 0 0.250732 0.50293 0.0320435 0.0395813 
30 0 0.990723 0.791504 0.0187531 0.0348816 
29 0 0.022583 0.72998 0.0325623 0.0437622 
27 0 0.231201 0.575195 0.0279236 0.0411377 
26 0 0.133057 0.196777 0.0316467 0.0426941 
24 0 0.26709 0.420898 0.0310516 0.0375061 
23 0 0.666992 0.151489 0.035553 0.0408325 
22 0 0.283691 0.217651 0.0326233 0.0395813 
21 0 0.083374 0.805176 0.0287628 0.0354309 
20 0 0.509766 0.729492 0.0429688 0.0520935 
19 0 0.0890503 0.964355 0.03125 0.0375061 
18 0 0.828125 0.43457 0.0343628 0.0401001 
17 0 0.191406 0.844727 0.0328064 0.0395813 
16 0 0.321777 0.390381 0.0296936 0.0380249 
14 0 0.851562 0.748047 0.0343628 0.0458374 
13 0 0.868652 0.408447 0.03125 0.0421753 
12 0 0.936035 0.209839 0.0406189 0.0579529 
8 0 0.835938 0.966797 0.0281219 0.0375061 
7 0 0.708008 0.63623 0.0320435 0.0395813 
6 0 0.84668 0.842773 0.0335999 0.0401001 
5 0 0.852539 0.227051 0.0453186 0.0545654 
4 0 0.602539 0.212524 0.0328064 0.0453186 
3 0 0.772461 0.0718994 0.0328064 0.0396423 
2 0 0.242188 0.856445 0.03125 0.0416565 
1 0 0.646973 0.56543 0.0308533 0.0395813 
209 0 0.0444641 0.36499 0.0326538 0.04245 
208 0 0.307861 0.34375 0.0222626 0.0294342 
206 0 0.991211 0.678223 0.014061 0.0479126 
201 0 0.0141754 0.358643 0.0272217 0.0453186 
192 0 0.696289 0.589355 0.0308533 0.0401001 
176 0 0.502441 0.0125275 0.0335999 0.0250092 
140 0 0.636719 0.42041 0.0363159 0.0492249 
120 0 0.58252 0.0535889 0.0289001 0.037262 
119 0 0.743652 0.757324 0.0265656 0.0364685 
117 0 0.630371 0.804199 0.0371094 0.0426941 
85 0 0.147583 0.409912 0.0294952 0.0359497 
56 0 0.563477 0.160522 0.0277405 0.0341187 
55 0 0.0125122 0.989746 0.0250244 0.0192719 
54 0 0.993652 0.409668 0.0124969 0.0473938 
51 0 0.0406799 0.984375 0.0316467 0.0302124 
50 0 0.586914 0.497803 0.0328064 0.0408936 
49 0 0.495361 0.393799 0.0332031 0.0416565 
47 0 0.243896 0.370361 0.0296936 0.0414124 
46 0 0.486816 0.866699 0.0296936 0.0385437 
45 0 0.567871 0.898926 0.0296936 0.0328064 
44 0 0.578125 0.151001 0.03125 0.035614 
43 0 0.567871 0.102234 0.0296936 0.0367737 
42 0 0.220703 0.17627 0.0273438 0.0363159 
41 0 0.309326 0.3125 0.0281219 0.0375061 
40 0 0.541504 0.985352 0.0328064 0.0291595 
39 0 0.768555 0.576172 0.03125 0.0411377 
35 0 0.0117798 0.256592 0.0243378 0.0423279 
34 0 0.584961 0.122925 0.0324097 0.0414124 
32 0 0.290527 0.110657 0.0279236 0.0352173 
31 0 0.250732 0.50293 0.0320435 0.0395813 
30 0 0.990723 0.791504 0.0187531 0.0348816 
29 0 0.022583 0.72998 0.0325623 0.0437622 
27 0 0.231201 0.575195 0.0279236 0.0411377 
26 0 0.133057 0.196777 0.0316467 0.0426941 
24 0 0.26709 0.420898 0.0310516 0.0375061 
23 0 0.666992 0.151489 0.035553 0.0408325 
22 0 0.283691 0.217651 0.0326233 0.0395813 
21 0 0.083374 0.805176 0.0287628 0.0354309 
20 0 0.509766 0.729492 0.0429688 0.0520935 
19 0 0.0890503 0.964355 0.03125 0.0375061 
18 0 0.828125 0.43457 0.0343628 0.0401001 
17 0 0.191406 0.844727 0.0328064 0.0395813 
16 0 0.321777 0.390381 0.0296936 0.0380249 
14 0 0.851562 0.748047 0.0343628 0.0458374 
13 0 0.868652 0.408447 0.03125 0.0421753 
12 0 0.936035 0.209839 0.0406189 0.0579529 
8 0 0.835938 0.966797 0.0281219 0.0375061 
7 0 0.708008 0.63623 0.0320435 0.0395813 
6 0 0.84668 0.842773 0.0335999 0.0401001 
5 0 0.852539 0.227051 0.0453186 0.0545654 
4 0 0.602539 0.212524 0.0328064 0.0453186 
3 0 0.772461 0.0718994 0.0328064 0.0396423 
2 0 0.242188 0.856445 0.03125 0.0416565 
1 0 0.646973 0.56543 0.0308533 0.0395813 
