776 0 0.220337 0.803223 0.0304718 0.0401001 
775 0 0.62793 0.80127 0.0343628 0.0395813 
773 0 0.5625 0.1604 0.0281219 0.0343628 
772 0 0.191528 0.848145 0.0353394 0.044281 
760 0 0.973633 0.0305481 0.0257874 0.0368042 
752 0 0.408203 0.217651 0.0335999 0.0436096 
744 0 0.307861 0.19458 0.0263672 0.0307312 
735 0 0.783691 0.306152 0.0332031 0.039856 
725 0 0.721191 0.945801 0.0328064 0.0401001 
684 0 0.737305 0.146973 0.0281219 0.0359497 
681 0 0.625977 0.015625 0.0296936 0.031311 
677 0 0.71582 0.787598 0.0281219 0.0333252 
662 0 0.992188 0.681152 0.0124969 0.033844 
655 0 0.224609 0.482178 0.025589 0.0315247 
639 0 0.93457 0.205933 0.0367126 0.0493469 
602 0 0.635742 0.418701 0.0363159 0.0458374 
584 0 0.578125 0.148926 0.0281219 0.0354309 
569 0 0.602539 0.209351 0.0296936 0.0437622 
506 0 0.507812 0.03125 0.0249939 0.0332947 
435 0 0.705566 0.151855 0.0316467 0.0409546 
416 0 0.86084 0.409424 0.0281219 0.0354309 
281 0 0.353027 0.0715332 0.0249939 0.0301056 
245 0 0.260986 0.43335 0.0281219 0.0375061 
178 0 0.475098 0.0541687 0.0249939 0.0374756 
122 0 0.625 0.240601 0.03125 0.0395813 
55 0 0.0140991 0.989746 0.0284424 0.0208282 
54 0 0.989746 0.413818 0.0203094 0.046875 
51 0 0.0429993 0.984375 0.0350952 0.03125 
50 0 0.498535 0.614746 0.03125 0.044281 
49 0 0.45459 0.4646 0.0335999 0.0411377 
46 0 0.487549 0.861328 0.03125 0.0395813 
45 0 0.541504 0.985352 0.0324097 0.0281219 
43 0 0.570312 0.102112 0.0277405 0.0325012 
42 0 0.235352 0.215332 0.0304718 0.0357971 
41 0 0.220337 0.401123 0.03125 0.0447998 
34 0 0.584473 0.121887 0.03125 0.0358582 
32 0 0.20874 0.186401 0.0284119 0.0313721 
27 0 0.235107 0.567871 0.0324097 0.0479126 
26 0 0.128906 0.195801 0.0332947 0.0426941 
22 0 0.262451 0.262939 0.0345764 0.042572 
21 0 0.0843506 0.803223 0.03125 0.0395813 
19 0 0.105469 0.97998 0.0307617 0.0369873 
18 0 0.82666 0.431152 0.03125 0.0375061 
14 0 0.84082 0.775879 0.0351562 0.0447998 
8 0 0.823242 0.987305 0.0281219 0.0249939 
7 0 0.708008 0.629395 0.0320435 0.0411377 
6 0 0.831055 0.870605 0.0281219 0.0375061 
5 0 0.851562 0.233276 0.0406189 0.0462341 
2 0 0.236694 0.856445 0.0328064 0.0458374 
1 0 0.630371 0.615723 0.0296936 0.0395813 
