704 0 0.564941 0.161499 0.0277405 0.035553 
675 0 0.986816 0.0105362 0.0265656 0.0220795 
674 0 0.936523 0.207886 0.0390625 0.0523376 
671 0 0.953125 0.387451 0.0320435 0.0411377 
661 0 0.142822 0.94043 0.0271454 0.0364685 
635 0 0.635742 0.418701 0.0371094 0.0458374 
615 0 0.578125 0.150024 0.0285187 0.0371704 
604 0 0.602539 0.210449 0.0296936 0.0416565 
562 0 0.88916 0.610352 0.0320435 0.0390625 
534 0 0.505371 0.0252533 0.0265656 0.0367737 
464 0 0.725586 0.109375 0.0328064 0.0390015 
459 0 0.541992 0.986328 0.03125 0.0270844 
444 0 0.85791 0.410889 0.0304718 0.0408936 
288 0 0.356201 0.0636597 0.0283203 0.0361938 
247 0 0.260254 0.435791 0.0302734 0.0364685 
238 0 0.717285 0.78418 0.0281219 0.0354309 
176 0 0.480469 0.0491333 0.0277405 0.0365295 
55 0 0.0132828 0.990723 0.0265656 0.0187531 
54 0 0.990723 0.412598 0.0179749 0.0515747 
51 0 0.0413818 0.987305 0.0332642 0.025528 
50 0 0.519531 0.604004 0.0328064 0.0447998 
49 0 0.460205 0.440918 0.0359497 0.0479126 
46 0 0.487549 0.862305 0.03125 0.0380249 
43 0 0.569336 0.102112 0.0304718 0.0375061 
42 0 0.304688 0.218018 0.0310516 0.039978 
41 0 0.234375 0.37915 0.0308533 0.0416565 
34 0 0.58252 0.119812 0.0328064 0.0393982 
32 0 0.236694 0.176392 0.0296936 0.0335999 
30 0 0.928711 0.96875 0.0328064 0.0375061 
29 0 0.00467682 0.8125 0.00936127 0.0364685 
27 0 0.235352 0.572754 0.0292969 0.0421753 
26 0 0.130493 0.196899 0.0328064 0.042572 
23 0 0.627441 0.238525 0.0320435 0.0393372 
22 0 0.268799 0.242676 0.0332031 0.039856 
21 0 0.0843506 0.804199 0.0289612 0.0375061 
20 0 0.486816 0.759277 0.0390625 0.044281 
19 0 0.0887451 0.962402 0.0292969 0.0375061 
18 0 0.82666 0.434326 0.0335999 0.0401001 
17 0 0.19104 0.84668 0.0335083 0.0426941 
14 0 0.838867 0.75293 0.0343628 0.0479126 
8 0 0.823242 0.98877 0.0281219 0.0229187 
7 0 0.709961 0.631348 0.0308533 0.0385437 
6 0 0.833008 0.873047 0.0281219 0.0375061 
5 0 0.851562 0.233765 0.0437622 0.0489502 
3 0 0.756348 0.1073 0.03125 0.0395813 
2 0 0.236694 0.858398 0.0296936 0.0416565 
1 0 0.631836 0.612305 0.0300751 0.0411377 
704 0 0.564941 0.161499 0.0277405 0.035553 
675 0 0.986816 0.0105362 0.0265656 0.0220795 
674 0 0.936523 0.207886 0.0390625 0.0523376 
671 0 0.953125 0.387451 0.0320435 0.0411377 
661 0 0.142822 0.94043 0.0271454 0.0364685 
635 0 0.635742 0.418701 0.0371094 0.0458374 
615 0 0.578125 0.150024 0.0285187 0.0371704 
604 0 0.602539 0.210449 0.0296936 0.0416565 
562 0 0.88916 0.610352 0.0320435 0.0390625 
534 0 0.505371 0.0252533 0.0265656 0.0367737 
464 0 0.725586 0.109375 0.0328064 0.0390015 
459 0 0.541992 0.986328 0.03125 0.0270844 
444 0 0.85791 0.410889 0.0304718 0.0408936 
288 0 0.356201 0.0636597 0.0283203 0.0361938 
247 0 0.260254 0.435791 0.0302734 0.0364685 
238 0 0.717285 0.78418 0.0281219 0.0354309 
176 0 0.480469 0.0491333 0.0277405 0.0365295 
55 0 0.0132828 0.990723 0.0265656 0.0187531 
54 0 0.990723 0.412598 0.0179749 0.0515747 
51 0 0.0413818 0.987305 0.0332642 0.025528 
50 0 0.519531 0.604004 0.0328064 0.0447998 
49 0 0.460205 0.440918 0.0359497 0.0479126 
46 0 0.487549 0.862305 0.03125 0.0380249 
43 0 0.569336 0.102112 0.0304718 0.0375061 
42 0 0.304688 0.218018 0.0310516 0.039978 
41 0 0.234375 0.37915 0.0308533 0.0416565 
34 0 0.58252 0.119812 0.0328064 0.0393982 
32 0 0.236694 0.176392 0.0296936 0.0335999 
30 0 0.928711 0.96875 0.0328064 0.0375061 
29 0 0.00467682 0.8125 0.00936127 0.0364685 
27 0 0.235352 0.572754 0.0292969 0.0421753 
26 0 0.130493 0.196899 0.0328064 0.042572 
23 0 0.627441 0.238525 0.0320435 0.0393372 
22 0 0.268799 0.242676 0.0332031 0.039856 
21 0 0.0843506 0.804199 0.0289612 0.0375061 
20 0 0.486816 0.759277 0.0390625 0.044281 
19 0 0.0887451 0.962402 0.0292969 0.0375061 
18 0 0.82666 0.434326 0.0335999 0.0401001 
17 0 0.19104 0.84668 0.0335083 0.0426941 
14 0 0.838867 0.75293 0.0343628 0.0479126 
8 0 0.823242 0.98877 0.0281219 0.0229187 
7 0 0.709961 0.631348 0.0308533 0.0385437 
6 0 0.833008 0.873047 0.0281219 0.0375061 
5 0 0.851562 0.233765 0.0437622 0.0489502 
3 0 0.756348 0.1073 0.03125 0.0395813 
2 0 0.236694 0.858398 0.0296936 0.0416565 
1 0 0.631836 0.612305 0.0300751 0.0411377 
