774 0 0.486816 0.76123 0.0394592 0.0437622 
772 0 0.193115 0.842285 0.042572 0.0572815 
762 0 0.975586 0.864746 0.0249939 0.0328064 
760 0 0.975586 0.0271149 0.0265656 0.0365906 
752 0 0.408691 0.217651 0.0347595 0.0440063 
744 0 0.307861 0.194824 0.0253906 0.03125 
735 0 0.76709 0.240112 0.0277405 0.037384 
725 0 0.770996 0.911621 0.0300751 0.0390625 
684 0 0.742188 0.135376 0.0289001 0.0375061 
681 0 0.628906 0.0146332 0.0296936 0.0288086 
677 0 0.716309 0.788574 0.0265656 0.03125 
662 0 0.993164 0.682129 0.014061 0.0354309 
655 0 0.227295 0.477783 0.0234375 0.0296936 
639 0 0.936035 0.206909 0.038269 0.0507812 
602 0 0.637695 0.419678 0.0375061 0.0476685 
584 0 0.578125 0.148926 0.0281219 0.0354309 
569 0 0.602539 0.208374 0.0296936 0.0415344 
506 0 0.507812 0.0312195 0.0249939 0.0333252 
435 0 0.710938 0.144775 0.03125 0.0436096 
416 0 0.861816 0.4104 0.0296936 0.0369873 
281 0 0.355469 0.0699463 0.0265656 0.0323181 
245 0 0.260986 0.434326 0.0281219 0.0354309 
178 0 0.47583 0.0533752 0.0265656 0.0391541 
122 0 0.625 0.240601 0.03125 0.0397034 
55 0 0.0132828 0.989746 0.0265656 0.0208282 
54 0 0.989258 0.413574 0.0218811 0.0466003 
51 0 0.0437622 0.985352 0.0345764 0.0291595 
50 0 0.504883 0.611328 0.0339966 0.0479126 
49 0 0.457031 0.462402 0.0328064 0.0421753 
46 0 0.487549 0.861328 0.03125 0.0395813 
45 0 0.541992 0.986328 0.0320435 0.0270844 
43 0 0.571289 0.102112 0.0281219 0.0333252 
42 0 0.258301 0.202026 0.0308533 0.0360718 
41 0 0.223877 0.396973 0.0302734 0.0434875 
34 0 0.583496 0.12085 0.0328064 0.0379639 
32 0 0.212524 0.181274 0.0297852 0.0334778 
27 0 0.236694 0.569824 0.0296936 0.044281 
26 0 0.129639 0.196899 0.0343628 0.0445251 
22 0 0.265625 0.258301 0.0343628 0.0457153 
21 0 0.0836182 0.803223 0.0324097 0.0395813 
19 0 0.0906982 0.964355 0.0344238 0.0432434 
18 0 0.82666 0.431152 0.03125 0.0375061 
14 0 0.842285 0.77002 0.0335999 0.0421753 
8 0 0.823242 0.98877 0.0273438 0.0229187 
7 0 0.708496 0.630371 0.0328064 0.0395813 
6 0 0.831055 0.869629 0.0304718 0.0395813 
5 0 0.850586 0.234497 0.0421753 0.0487061 
2 0 0.237549 0.857422 0.03125 0.0432434 
1 0 0.630371 0.615723 0.0296936 0.0395813 
