437 0 0.309082 0.807129 0.0271454 0.0354309 
435 0 0.769531 0.0229645 0.0328064 0.037262 
434 0 0.629395 0.804199 0.0351562 0.0421753 
430 0 0.539062 0.987305 0.0328064 0.0239563 
416 0 0.658203 0.550293 0.0304718 0.0408936 
412 1 0.885742 0.207031 0.0320435 0.0375061 
411 0 0.990723 0.679199 0.015625 0.0453186 
404 0 0.278564 0.395264 0.0253906 0.03125 
398 0 0.577148 0.153564 0.0292969 0.035675 
386 0 0.311035 0.190674 0.0316467 0.0394592 
343 0 0.0109329 0.276611 0.0277863 0.0430908 
281 0 0.365723 0.0305023 0.0343628 0.0387268 
258 0 0.512695 0.0156174 0.0281219 0.0271606 
245 0 0.260498 0.439697 0.033783 0.0416565 
236 0 0.724121 0.773926 0.0296936 0.0354309 
178 0 0.499268 0.0239868 0.0335999 0.0393372 
122 0 0.65625 0.196899 0.0363159 0.0437622 
55 0 0.013382 0.989746 0.0275421 0.0208282 
54 0 0.993164 0.408447 0.014061 0.0541687 
51 0 0.0395813 0.986328 0.0340271 0.0270844 
50 0 0.557617 0.543945 0.0324097 0.0411377 
49 0 0.476562 0.413574 0.0351562 0.0458374 
46 0 0.487549 0.865723 0.0308533 0.0437622 
45 0 0.525879 0.98877 0.0328064 0.0229187 
43 0 0.569336 0.103149 0.0296936 0.0354309 
42 0 0.280029 0.240601 0.0357361 0.0359497 
41 0 0.270264 0.360352 0.0281219 0.0377502 
39 0 0.614258 0.0475769 0.0347595 0.0412292 
34 0 0.583496 0.121887 0.0320435 0.0395203 
32 0 0.244873 0.1521 0.0306702 0.0363159 
30 0 0.967773 0.874023 0.0343628 0.0401001 
29 0 0.0135498 0.771973 0.0243225 0.0395813 
27 0 0.235107 0.578125 0.0324097 0.0437622 
26 0 0.129639 0.199951 0.0375061 0.049469 
22 0 0.282715 0.216675 0.0363159 0.0376282 
21 0 0.0828247 0.806152 0.0314331 0.0401001 
20 0 0.496094 0.745605 0.0421753 0.0499878 
19 0 0.0890503 0.963379 0.03125 0.0390625 
18 0 0.830566 0.436035 0.0328064 0.0408936 
17 0 0.192139 0.845703 0.0375061 0.0473938 
16 0 0.0250244 0.578125 0.0342102 0.0395813 
14 0 0.847656 0.755371 0.0328064 0.044281 
13 0 0.864746 0.412598 0.0328064 0.0416565 
12 0 0.936035 0.207642 0.0367126 0.0513 
8 0 0.831055 0.983398 0.0281219 0.0333252 
7 0 0.709473 0.634277 0.03125 0.0406189 
6 0 0.84082 0.860352 0.0265656 0.0390625 
5 0 0.852539 0.229126 0.0421753 0.0497437 
4 0 0.602539 0.2146 0.0308533 0.0385437 
3 0 0.768555 0.0910034 0.03125 0.040741 
2 0 0.239868 0.857422 0.0328064 0.0395813 
1 0 0.630371 0.598145 0.0328064 0.0406189 
