783 0 0.970215 0.866699 0.0257874 0.0333252 
776 0 0.219727 0.785645 0.0320435 0.0447998 
775 0 0.628418 0.80127 0.0351562 0.0401001 
773 0 0.5625 0.159424 0.0277405 0.035675 
772 0 0.191406 0.849121 0.0359497 0.0463562 
760 0 0.973633 0.0301666 0.0296936 0.039032 
752 0 0.408691 0.217651 0.0353394 0.0437622 
744 0 0.307861 0.195801 0.0283203 0.0321655 
735 0 0.794434 0.322998 0.0308533 0.0393372 
725 0 0.717285 0.942383 0.0308533 0.0395813 
684 0 0.736328 0.147949 0.0296936 0.0368347 
681 0 0.625 0.015625 0.0304718 0.031311 
677 0 0.71582 0.788086 0.0281219 0.0343628 
662 0 0.992188 0.682617 0.0124969 0.0343628 
655 0 0.224243 0.481934 0.0261688 0.0317688 
639 0 0.93457 0.206299 0.0375061 0.0467529 
602 0 0.636719 0.419189 0.0379028 0.0466003 
584 0 0.578125 0.148926 0.0281219 0.0354309 
569 0 0.601562 0.209351 0.0300751 0.0437622 
506 0 0.507812 0.0319214 0.0249939 0.033844 
435 0 0.705566 0.152222 0.0328064 0.0419312 
416 0 0.86084 0.408936 0.0296936 0.0377502 
281 0 0.353027 0.0715942 0.026947 0.0318604 
245 0 0.260986 0.43335 0.0281219 0.0375061 
178 0 0.474121 0.0544128 0.0265656 0.0379944 
122 0 0.624023 0.240601 0.0320435 0.0395813 
55 0 0.0145721 0.989746 0.0288544 0.0208282 
54 0 0.989746 0.414551 0.0203094 0.0458374 
51 0 0.0427246 0.984375 0.0351562 0.03125 
50 0 0.497559 0.614746 0.0320435 0.0447998 
49 0 0.453857 0.4646 0.0339966 0.0408936 
46 0 0.487549 0.862305 0.0316467 0.0416565 
45 0 0.541504 0.985352 0.0328064 0.0286407 
43 0 0.571289 0.102112 0.0289001 0.0332642 
42 0 0.22583 0.213135 0.0322266 0.0367126 
41 0 0.219116 0.401611 0.0322266 0.0450439 
34 0 0.583496 0.121826 0.0320435 0.0386658 
32 0 0.208618 0.186401 0.0296936 0.0343628 
27 0 0.235107 0.567871 0.0328064 0.0479126 
26 0 0.129639 0.195801 0.0342712 0.0455627 
22 0 0.261719 0.263428 0.0353394 0.0437622 
21 0 0.0843506 0.803223 0.0316772 0.0401001 
19 0 0.105469 0.982422 0.0298309 0.0354309 
18 0 0.82666 0.431152 0.03125 0.0375061 
14 0 0.838867 0.776855 0.0351562 0.0453186 
8 0 0.823242 0.987305 0.0281219 0.0249939 
7 0 0.708496 0.629395 0.0320435 0.0416565 
6 0 0.831055 0.871582 0.0289001 0.0364685 
5 0 0.851562 0.233765 0.0421753 0.0463562 
2 0 0.236694 0.85498 0.0328064 0.044281 
1 0 0.630371 0.614746 0.0296936 0.0401001 
