467 0 0.308594 0.807129 0.0265656 0.0354309 
465 0 0.628906 0.804199 0.035553 0.0416565 
464 0 0.770508 0.020813 0.0343628 0.036499 
463 0 0.653809 0.927246 0.0421753 0.0541687 
459 0 0.540527 0.98877 0.0308533 0.0229187 
444 0 0.657227 0.56543 0.0296936 0.0375061 
439 1 0.90332 0.192261 0.03125 0.04245 
438 0 0.992188 0.679199 0.0132828 0.0453186 
431 0 0.278809 0.393799 0.0246124 0.0302124 
423 0 0.577148 0.153809 0.0265656 0.0341187 
410 0 0.310059 0.190674 0.0306702 0.0367126 
355 0 0.0321045 0.259277 0.0336304 0.0450439 
288 0 0.365234 0.0305939 0.0341797 0.040741 
260 0 0.513184 0.0166779 0.0265656 0.028656 
247 0 0.260986 0.438721 0.0343628 0.0411377 
238 0 0.725098 0.773926 0.03125 0.0354309 
227 0 0.0379333 0.561523 0.0328369 0.0401001 
176 0 0.5 0.0229187 0.0328064 0.0375671 
55 0 0.014061 0.989746 0.027832 0.0208282 
54 0 0.992188 0.409912 0.0148468 0.0533752 
51 0 0.0390625 0.986328 0.0337524 0.0265656 
50 0 0.558594 0.54248 0.0332031 0.0408936 
49 0 0.477295 0.413086 0.0363159 0.0476685 
46 0 0.486816 0.864746 0.0296936 0.0416565 
45 0 0.526367 0.987305 0.0335999 0.0249939 
43 0 0.569336 0.103149 0.0296936 0.0354309 
42 0 0.282471 0.247437 0.033783 0.0371094 
41 0 0.270752 0.359375 0.0279236 0.038269 
39 0 0.619629 0.0591736 0.0308533 0.0362244 
34 0 0.584473 0.12085 0.0320435 0.0390625 
32 0 0.246094 0.151733 0.0296936 0.0341187 
30 0 0.970215 0.870605 0.0343628 0.0411377 
29 0 0.0140762 0.771973 0.0249329 0.0395813 
27 0 0.235596 0.578125 0.0322266 0.044281 
26 0 0.129639 0.199097 0.038269 0.0497437 
23 0 0.65625 0.196899 0.0367126 0.0433655 
22 0 0.282471 0.219116 0.033783 0.0385437 
21 0 0.0831299 0.806152 0.0314941 0.0401001 
20 0 0.496094 0.744629 0.0418091 0.0479126 
19 0 0.0890503 0.964355 0.0310516 0.0375061 
18 0 0.82959 0.435303 0.03125 0.0395813 
17 0 0.192139 0.845703 0.0372009 0.0463562 
14 0 0.84668 0.755371 0.03125 0.0437622 
13 0 0.864258 0.413574 0.0335999 0.0434875 
12 0 0.936035 0.208374 0.0375061 0.0531311 
8 0 0.831055 0.983398 0.0281219 0.0333252 
7 0 0.709473 0.634277 0.03125 0.0395813 
6 0 0.84082 0.859375 0.0265656 0.0364685 
5 0 0.853027 0.229126 0.0437622 0.0496216 
4 0 0.603027 0.213745 0.03125 0.0386658 
3 0 0.768066 0.0906372 0.0324097 0.0408325 
2 0 0.239014 0.857422 0.0322266 0.0395813 
1 0 0.629883 0.599121 0.0316467 0.0395813 
467 0 0.308594 0.807129 0.0265656 0.0354309 
465 0 0.628906 0.804199 0.035553 0.0416565 
464 0 0.770508 0.020813 0.0343628 0.036499 
463 0 0.653809 0.927246 0.0421753 0.0541687 
459 0 0.540527 0.98877 0.0308533 0.0229187 
444 0 0.657227 0.56543 0.0296936 0.0375061 
439 1 0.90332 0.192261 0.03125 0.04245 
438 0 0.992188 0.679199 0.0132828 0.0453186 
431 0 0.278809 0.393799 0.0246124 0.0302124 
423 0 0.577148 0.153809 0.0265656 0.0341187 
410 0 0.310059 0.190674 0.0306702 0.0367126 
355 0 0.0321045 0.259277 0.0336304 0.0450439 
288 0 0.365234 0.0305939 0.0341797 0.040741 
260 0 0.513184 0.0166779 0.0265656 0.028656 
247 0 0.260986 0.438721 0.0343628 0.0411377 
238 0 0.725098 0.773926 0.03125 0.0354309 
227 0 0.0379333 0.561523 0.0328369 0.0401001 
176 0 0.5 0.0229187 0.0328064 0.0375671 
55 0 0.014061 0.989746 0.027832 0.0208282 
54 0 0.992188 0.409912 0.0148468 0.0533752 
51 0 0.0390625 0.986328 0.0337524 0.0265656 
50 0 0.558594 0.54248 0.0332031 0.0408936 
49 0 0.477295 0.413086 0.0363159 0.0476685 
46 0 0.486816 0.864746 0.0296936 0.0416565 
45 0 0.526367 0.987305 0.0335999 0.0249939 
43 0 0.569336 0.103149 0.0296936 0.0354309 
42 0 0.282471 0.247437 0.033783 0.0371094 
41 0 0.270752 0.359375 0.0279236 0.038269 
39 0 0.619629 0.0591736 0.0308533 0.0362244 
34 0 0.584473 0.12085 0.0320435 0.0390625 
32 0 0.246094 0.151733 0.0296936 0.0341187 
30 0 0.970215 0.870605 0.0343628 0.0411377 
29 0 0.0140762 0.771973 0.0249329 0.0395813 
27 0 0.235596 0.578125 0.0322266 0.044281 
26 0 0.129639 0.199097 0.038269 0.0497437 
23 0 0.65625 0.196899 0.0367126 0.0433655 
22 0 0.282471 0.219116 0.033783 0.0385437 
21 0 0.0831299 0.806152 0.0314941 0.0401001 
20 0 0.496094 0.744629 0.0418091 0.0479126 
19 0 0.0890503 0.964355 0.0310516 0.0375061 
18 0 0.82959 0.435303 0.03125 0.0395813 
17 0 0.192139 0.845703 0.0372009 0.0463562 
14 0 0.84668 0.755371 0.03125 0.0437622 
13 0 0.864258 0.413574 0.0335999 0.0434875 
12 0 0.936035 0.208374 0.0375061 0.0531311 
8 0 0.831055 0.983398 0.0281219 0.0333252 
7 0 0.709473 0.634277 0.03125 0.0395813 
6 0 0.84082 0.859375 0.0265656 0.0364685 
5 0 0.853027 0.229126 0.0437622 0.0496216 
4 0 0.603027 0.213745 0.03125 0.0386658 
3 0 0.768066 0.0906372 0.0324097 0.0408325 
2 0 0.239014 0.857422 0.0322266 0.0395813 
1 0 0.629883 0.599121 0.0316467 0.0395813 
