793 0 0.979004 0.022995 0.0296936 0.0374146 
791 0 0.408691 0.215576 0.0361328 0.0462341 
784 0 0.307861 0.194824 0.0249939 0.0318909 
775 0 0.790527 0.155151 0.0308533 0.0371094 
765 0 0.793945 0.862305 0.0304718 0.0385437 
758 1 0.0290985 0.813965 0.0324707 0.0437622 
724 0 0.744141 0.131714 0.0289001 0.0362549 
721 0 0.628906 0.0135574 0.0296936 0.0271149 
716 0 0.716309 0.787598 0.0265656 0.0333252 
701 0 0.992188 0.682129 0.0148468 0.0354309 
694 0 0.229736 0.475098 0.0220642 0.0291595 
674 0 0.936035 0.207275 0.038269 0.0520935 
661 0 0.188721 0.852051 0.0413208 0.0505066 
635 0 0.636719 0.420898 0.035553 0.0458374 
615 0 0.578125 0.148926 0.0281219 0.0354919 
604 0 0.600586 0.210449 0.0304718 0.0416565 
534 0 0.508789 0.0316467 0.0265656 0.0350952 
464 0 0.712402 0.140503 0.03125 0.0409546 
459 0 0.541992 0.986328 0.03125 0.0270844 
444 0 0.86084 0.409424 0.0289001 0.0354309 
288 0 0.354736 0.0697632 0.0289001 0.0353699 
247 0 0.260986 0.43335 0.0281219 0.0375061 
176 0 0.476562 0.0522156 0.0281219 0.0385742 
55 0 0.0137711 0.989746 0.0271454 0.0208282 
54 0 0.989258 0.413574 0.0218811 0.0440063 
51 0 0.0436096 0.986328 0.0346069 0.0276031 
50 0 0.507812 0.609375 0.0343628 0.0479126 
49 0 0.457031 0.457275 0.0332031 0.0437622 
46 0 0.487549 0.862305 0.03125 0.0416565 
43 0 0.571289 0.102112 0.0296936 0.0336609 
42 0 0.28125 0.196167 0.0310516 0.0403748 
41 0 0.22583 0.391602 0.0300751 0.0419312 
34 0 0.583008 0.121643 0.0339966 0.0383606 
32 0 0.216431 0.176025 0.0320435 0.0348816 
30 0 0.90918 0.990723 0.0304718 0.0187531 
27 0 0.235962 0.569824 0.0308533 0.0437622 
26 0 0.129639 0.196899 0.0345764 0.0479126 
23 0 0.625977 0.240601 0.0328064 0.0395813 
22 0 0.266357 0.25415 0.0332031 0.0458374 
21 0 0.0843506 0.803223 0.0317383 0.0395813 
19 0 0.086731 0.962402 0.0359497 0.0473938 
18 0 0.82666 0.431152 0.03125 0.0375061 
14 0 0.82959 0.762695 0.0335999 0.0447998 
8 0 0.823242 0.98877 0.0281219 0.0229187 
7 0 0.708496 0.631348 0.0328064 0.0411377 
6 0 0.833008 0.869629 0.0281219 0.0380249 
5 0 0.851562 0.234375 0.0406189 0.0514221 
2 0 0.237549 0.856934 0.03125 0.0447998 
1 0 0.630371 0.615723 0.0296936 0.0395813 
793 0 0.979004 0.022995 0.0296936 0.0374146 
791 0 0.408691 0.215576 0.0361328 0.0462341 
784 0 0.307861 0.194824 0.0249939 0.0318909 
775 0 0.790527 0.155151 0.0308533 0.0371094 
765 0 0.793945 0.862305 0.0304718 0.0385437 
758 1 0.0290985 0.813965 0.0324707 0.0437622 
724 0 0.744141 0.131714 0.0289001 0.0362549 
721 0 0.628906 0.0135574 0.0296936 0.0271149 
716 0 0.716309 0.787598 0.0265656 0.0333252 
701 0 0.992188 0.682129 0.0148468 0.0354309 
694 0 0.229736 0.475098 0.0220642 0.0291595 
674 0 0.936035 0.207275 0.038269 0.0520935 
661 0 0.188721 0.852051 0.0413208 0.0505066 
635 0 0.636719 0.420898 0.035553 0.0458374 
615 0 0.578125 0.148926 0.0281219 0.0354919 
604 0 0.600586 0.210449 0.0304718 0.0416565 
534 0 0.508789 0.0316467 0.0265656 0.0350952 
464 0 0.712402 0.140503 0.03125 0.0409546 
459 0 0.541992 0.986328 0.03125 0.0270844 
444 0 0.86084 0.409424 0.0289001 0.0354309 
288 0 0.354736 0.0697632 0.0289001 0.0353699 
247 0 0.260986 0.43335 0.0281219 0.0375061 
176 0 0.476562 0.0522156 0.0281219 0.0385742 
55 0 0.0137711 0.989746 0.0271454 0.0208282 
54 0 0.989258 0.413574 0.0218811 0.0440063 
51 0 0.0436096 0.986328 0.0346069 0.0276031 
50 0 0.507812 0.609375 0.0343628 0.0479126 
49 0 0.457031 0.457275 0.0332031 0.0437622 
46 0 0.487549 0.862305 0.03125 0.0416565 
43 0 0.571289 0.102112 0.0296936 0.0336609 
42 0 0.28125 0.196167 0.0310516 0.0403748 
41 0 0.22583 0.391602 0.0300751 0.0419312 
34 0 0.583008 0.121643 0.0339966 0.0383606 
32 0 0.216431 0.176025 0.0320435 0.0348816 
30 0 0.90918 0.990723 0.0304718 0.0187531 
27 0 0.235962 0.569824 0.0308533 0.0437622 
26 0 0.129639 0.196899 0.0345764 0.0479126 
23 0 0.625977 0.240601 0.0328064 0.0395813 
22 0 0.266357 0.25415 0.0332031 0.0458374 
21 0 0.0843506 0.803223 0.0317383 0.0395813 
19 0 0.086731 0.962402 0.0359497 0.0473938 
18 0 0.82666 0.431152 0.03125 0.0375061 
14 0 0.82959 0.762695 0.0335999 0.0447998 
8 0 0.823242 0.98877 0.0281219 0.0229187 
7 0 0.708496 0.631348 0.0328064 0.0411377 
6 0 0.833008 0.869629 0.0281219 0.0380249 
5 0 0.851562 0.234375 0.0406189 0.0514221 
2 0 0.237549 0.856934 0.03125 0.0447998 
1 0 0.630371 0.615723 0.0296936 0.0395813 
