744 0 0.308105 0.192993 0.0259705 0.0328064 
743 0 0.62793 0.802246 0.0328064 0.0375061 
735 0 0.77832 0.152222 0.0335999 0.0380859 
725 0 0.803223 0.829102 0.0316467 0.0401001 
724 0 0.5625 0.161377 0.026947 0.0354309 
718 1 0.0392456 0.834473 0.0325317 0.0411377 
684 0 0.744141 0.129639 0.0296936 0.0372314 
681 0 0.628906 0.0124969 0.0292969 0.0249939 
677 0 0.716309 0.787598 0.0261688 0.0333252 
662 0 0.992188 0.682129 0.014061 0.0354309 
655 0 0.230469 0.473877 0.0234375 0.0304718 
640 0 0.981445 0.0217896 0.0273438 0.034668 
639 0 0.936035 0.204468 0.0375061 0.053009 
626 0 0.180054 0.84375 0.0325317 0.0432434 
602 0 0.638184 0.419678 0.038269 0.046875 
584 0 0.578125 0.150024 0.0281219 0.0374451 
569 0 0.602539 0.209717 0.0296936 0.0426941 
506 0 0.508789 0.03125 0.0265656 0.0375061 
435 0 0.713379 0.137573 0.0324097 0.0421143 
416 0 0.86084 0.4104 0.0304718 0.0375061 
281 0 0.356201 0.0697632 0.0281219 0.0354309 
245 0 0.26123 0.433838 0.0300751 0.0393372 
178 0 0.476562 0.0531311 0.0277405 0.0395813 
122 0 0.626465 0.240601 0.0343628 0.0402222 
55 0 0.0140839 0.989746 0.0279236 0.0208282 
54 0 0.989746 0.412598 0.0203094 0.0458374 
51 0 0.0422974 0.985352 0.0366211 0.0291595 
50 0 0.508789 0.609375 0.0339966 0.0479126 
49 0 0.457031 0.454834 0.0351562 0.0458374 
46 0 0.487549 0.86377 0.03125 0.0395813 
45 0 0.541504 0.985352 0.0328064 0.0291595 
43 0 0.571289 0.101318 0.0296936 0.0354919 
42 0 0.281982 0.198486 0.0326233 0.0415344 
41 0 0.22583 0.389648 0.0322266 0.0416565 
34 0 0.582031 0.12085 0.0328064 0.0375061 
32 0 0.21875 0.17395 0.0310516 0.0354309 
30 0 0.912598 0.989746 0.03125 0.0218811 
27 0 0.235962 0.569824 0.03125 0.0437622 
26 0 0.129639 0.196899 0.0343628 0.0453186 
22 0 0.265625 0.252197 0.0339966 0.0416565 
21 0 0.0843506 0.803223 0.0339966 0.0421753 
19 0 0.0870361 0.961426 0.0349731 0.0421753 
18 0 0.825684 0.432373 0.0328064 0.0395813 
14 0 0.830566 0.758301 0.03125 0.0421753 
8 0 0.823242 0.98877 0.0273438 0.0229187 
7 0 0.709473 0.630371 0.03125 0.0390625 
6 0 0.833008 0.870605 0.0281219 0.0364685 
5 0 0.851562 0.235962 0.0406189 0.0481873 
2 0 0.237061 0.856445 0.0320435 0.0458374 
1 0 0.630371 0.616699 0.0296936 0.0416565 
