516 0 0.575195 0.113159 0.0343628 0.0390625 
512 0 0.340576 0.0107193 0.0353394 0.0212708 
464 0 0.762695 0.0399475 0.0343628 0.0436096 
459 0 0.541504 0.985352 0.0335999 0.0291595 
444 0 0.644531 0.498291 0.0328064 0.044281 
439 1 0.849121 0.0997314 0.0328064 0.042511 
423 0 0.57666 0.152344 0.0296936 0.0357971 
410 0 0.312012 0.192749 0.0363159 0.0432434 
288 0 0.364014 0.0386047 0.0345764 0.0436707 
247 0 0.261719 0.440186 0.0328064 0.0403748 
238 0 0.722656 0.774902 0.0296936 0.033844 
176 0 0.5 0.0239563 0.0394592 0.0440063 
55 0 0.0132675 0.989746 0.0265808 0.0208282 
54 0 0.990723 0.4104 0.0171814 0.0541687 
51 0 0.0398254 0.986328 0.0331421 0.0270844 
50 0 0.550781 0.563477 0.0328064 0.0432434 
49 0 0.471924 0.422119 0.0406189 0.0567627 
46 0 0.486816 0.864746 0.0296936 0.0416565 
43 0 0.567383 0.105225 0.0289001 0.035675 
42 0 0.307129 0.24585 0.0372925 0.0416565 
41 0 0.260986 0.364502 0.0314331 0.0416565 
34 0 0.583496 0.122131 0.0324097 0.0410767 
32 0 0.243896 0.154175 0.0316467 0.037384 
30 0 0.960938 0.895996 0.0320435 0.0369873 
29 0 0.0109253 0.775879 0.0218506 0.0395813 
27 0 0.233765 0.577148 0.0308533 0.0458374 
26 0 0.129639 0.199707 0.0397339 0.0546875 
23 0 0.654785 0.209106 0.0339966 0.0385437 
22 0 0.28125 0.223145 0.0339966 0.0433655 
21 0 0.0836182 0.806152 0.0298767 0.0375061 
20 0 0.493652 0.745605 0.0406189 0.0489502 
19 0 0.0898438 0.964355 0.0298309 0.0416565 
18 0 0.82959 0.435303 0.0343628 0.0416565 
17 0 0.192993 0.84668 0.0358276 0.0437622 
14 0 0.846191 0.754395 0.0328064 0.0458374 
13 0 0.864258 0.413574 0.0335999 0.0437622 
12 0 0.936035 0.210449 0.038269 0.0544128 
8 0 0.830566 0.983398 0.0296936 0.0333252 
7 0 0.708496 0.633301 0.0316467 0.0416565 
6 0 0.838867 0.860352 0.0257874 0.0375061 
5 0 0.853027 0.231567 0.0445251 0.053009 
4 0 0.600586 0.213501 0.0292969 0.0354309 
3 0 0.766602 0.0968628 0.0296936 0.0392456 
2 0 0.239502 0.857422 0.0333862 0.0421753 
1 0 0.629883 0.606445 0.0316467 0.0426941 
516 0 0.575195 0.113159 0.0343628 0.0390625 
512 0 0.340576 0.0107193 0.0353394 0.0212708 
464 0 0.762695 0.0399475 0.0343628 0.0436096 
459 0 0.541504 0.985352 0.0335999 0.0291595 
444 0 0.644531 0.498291 0.0328064 0.044281 
439 1 0.849121 0.0997314 0.0328064 0.042511 
423 0 0.57666 0.152344 0.0296936 0.0357971 
410 0 0.312012 0.192749 0.0363159 0.0432434 
288 0 0.364014 0.0386047 0.0345764 0.0436707 
247 0 0.261719 0.440186 0.0328064 0.0403748 
238 0 0.722656 0.774902 0.0296936 0.033844 
176 0 0.5 0.0239563 0.0394592 0.0440063 
55 0 0.0132675 0.989746 0.0265808 0.0208282 
54 0 0.990723 0.4104 0.0171814 0.0541687 
51 0 0.0398254 0.986328 0.0331421 0.0270844 
50 0 0.550781 0.563477 0.0328064 0.0432434 
49 0 0.471924 0.422119 0.0406189 0.0567627 
46 0 0.486816 0.864746 0.0296936 0.0416565 
43 0 0.567383 0.105225 0.0289001 0.035675 
42 0 0.307129 0.24585 0.0372925 0.0416565 
41 0 0.260986 0.364502 0.0314331 0.0416565 
34 0 0.583496 0.122131 0.0324097 0.0410767 
32 0 0.243896 0.154175 0.0316467 0.037384 
30 0 0.960938 0.895996 0.0320435 0.0369873 
29 0 0.0109253 0.775879 0.0218506 0.0395813 
27 0 0.233765 0.577148 0.0308533 0.0458374 
26 0 0.129639 0.199707 0.0397339 0.0546875 
23 0 0.654785 0.209106 0.0339966 0.0385437 
22 0 0.28125 0.223145 0.0339966 0.0433655 
21 0 0.0836182 0.806152 0.0298767 0.0375061 
20 0 0.493652 0.745605 0.0406189 0.0489502 
19 0 0.0898438 0.964355 0.0298309 0.0416565 
18 0 0.82959 0.435303 0.0343628 0.0416565 
17 0 0.192993 0.84668 0.0358276 0.0437622 
14 0 0.846191 0.754395 0.0328064 0.0458374 
13 0 0.864258 0.413574 0.0335999 0.0437622 
12 0 0.936035 0.210449 0.038269 0.0544128 
8 0 0.830566 0.983398 0.0296936 0.0333252 
7 0 0.708496 0.633301 0.0316467 0.0416565 
6 0 0.838867 0.860352 0.0257874 0.0375061 
5 0 0.853027 0.231567 0.0445251 0.053009 
4 0 0.600586 0.213501 0.0292969 0.0354309 
3 0 0.766602 0.0968628 0.0296936 0.0392456 
2 0 0.239502 0.857422 0.0333862 0.0421753 
1 0 0.629883 0.606445 0.0316467 0.0426941 
