365 0 0.311768 0.190674 0.0300751 0.035675 
358 0 0.470215 0.469727 0.0347595 0.0484314 
347 0 0.96582 0.303711 0.0335999 0.0421753 
344 0 0.780273 0.0104141 0.0332031 0.02005 
343 0 0.193604 0.274902 0.0359497 0.0450439 
342 0 0.630371 0.804199 0.0359497 0.0416565 
333 0 0.00624847 0.312988 0.0124969 0.0471497 
281 0 0.369629 0.0208893 0.0289001 0.0333557 
276 0 0.655273 0.928223 0.0414124 0.0520935 
258 0 0.515625 0.0142288 0.0289001 0.0265656 
245 0 0.260986 0.438965 0.0322266 0.0393372 
236 0 0.726562 0.773926 0.0308533 0.0343628 
226 0 0.532227 0.469971 0.0332031 0.0421753 
178 0 0.503906 0.0198364 0.0304718 0.0361023 
142 0 0.63916 0.421875 0.0394592 0.0513 
122 0 0.658691 0.1875 0.035553 0.0415344 
55 0 0.0140762 0.989746 0.0281067 0.0203094 
54 0 0.993652 0.407227 0.0132828 0.0518188 
51 0 0.0390625 0.985352 0.0343628 0.0291595 
50 0 0.56543 0.535645 0.03125 0.0372314 
49 0 0.479736 0.410889 0.0343628 0.0466003 
46 0 0.48584 0.865723 0.0343628 0.0437622 
45 0 0.536133 0.966797 0.0304718 0.0333252 
43 0 0.569336 0.103149 0.0296936 0.035553 
42 0 0.245483 0.208252 0.0300751 0.0393372 
41 0 0.279785 0.345215 0.0259705 0.0377502 
40 0 0.541504 0.987305 0.0324097 0.0249939 
39 0 0.729492 0.110413 0.03125 0.038147 
34 0 0.584473 0.121887 0.03125 0.0395203 
32 0 0.254883 0.137451 0.0324097 0.0386047 
31 0 0.0338745 0.0226898 0.0306396 0.0391235 
30 0 0.973633 0.856445 0.038269 0.046875 
29 0 0.015625 0.766602 0.0281219 0.0416565 
27 0 0.235107 0.578125 0.0326233 0.0447998 
26 0 0.130493 0.198975 0.0361328 0.0481873 
22 0 0.284424 0.21875 0.0328064 0.0376282 
21 0 0.0836182 0.805176 0.0297394 0.0395813 
20 0 0.497559 0.741699 0.0421753 0.0499878 
19 0 0.0890503 0.965332 0.0310516 0.0385437 
18 0 0.82959 0.435303 0.0343628 0.0416565 
17 0 0.192993 0.845703 0.0356445 0.0453186 
16 0 0.130615 0.524414 0.0341797 0.0450439 
14 0 0.848633 0.754395 0.0343628 0.0453186 
13 0 0.864746 0.413086 0.0328064 0.0429688 
12 0 0.936035 0.209595 0.038269 0.0545654 
8 0 0.831055 0.981445 0.0281219 0.033844 
7 0 0.709473 0.633301 0.03125 0.0401001 
6 0 0.841309 0.856445 0.0296936 0.0406189 
5 0 0.852539 0.228149 0.0421753 0.0520935 
4 0 0.603027 0.213501 0.03125 0.0395813 
3 0 0.770508 0.083374 0.0304718 0.0372009 
2 0 0.238647 0.860352 0.0345764 0.0447998 
1 0 0.629883 0.586426 0.03125 0.0395813 
