814 0 0.193115 0.839355 0.0422974 0.0567627 
803 0 0.976562 0.86377 0.0257874 0.0333252 
801 0 0.975586 0.0267792 0.0265656 0.0359192 
791 0 0.409424 0.217651 0.0343628 0.044281 
784 0 0.308105 0.194824 0.0257874 0.03125 
775 0 0.763672 0.239868 0.0273438 0.0371094 
765 0 0.774902 0.911621 0.0300751 0.0406189 
724 0 0.742188 0.135376 0.0289001 0.0375061 
721 0 0.628906 0.0149384 0.0296936 0.0284882 
716 0 0.716309 0.788574 0.0265656 0.0317688 
701 0 0.993164 0.682129 0.014061 0.0354309 
694 0 0.227295 0.477051 0.0234375 0.0291595 
674 0 0.936035 0.206299 0.038269 0.0503845 
635 0 0.637695 0.42041 0.0379028 0.0476685 
615 0 0.578125 0.148926 0.0281219 0.0354309 
604 0 0.602539 0.208374 0.0296936 0.0414124 
534 0 0.507812 0.0312347 0.0249939 0.0333557 
464 0 0.710938 0.144775 0.0316467 0.0434875 
459 0 0.541504 0.986328 0.0324097 0.0270844 
444 0 0.861816 0.4104 0.0296936 0.0367126 
288 0 0.355469 0.0708618 0.0265656 0.0333862 
247 0 0.260986 0.434326 0.0281219 0.0354309 
176 0 0.47583 0.0531311 0.0265656 0.0395813 
55 0 0.0132675 0.989746 0.0265808 0.0208282 
54 0 0.989746 0.414551 0.0203094 0.0458374 
51 0 0.0435791 0.985352 0.034729 0.0291595 
50 0 0.504883 0.611328 0.0343628 0.0473938 
49 0 0.457031 0.461914 0.0328064 0.0429688 
46 0 0.487549 0.861328 0.03125 0.0406189 
43 0 0.571777 0.102112 0.0292969 0.0334778 
42 0 0.26123 0.203735 0.0304718 0.0367126 
41 0 0.224243 0.395264 0.0296936 0.0429688 
34 0 0.583496 0.121216 0.0332031 0.0383606 
32 0 0.212891 0.181274 0.0298767 0.0334778 
27 0 0.236694 0.568848 0.0296936 0.0447998 
26 0 0.129639 0.196533 0.0343628 0.0453186 
23 0 0.625 0.239868 0.0320435 0.039978 
22 0 0.265625 0.258301 0.0341797 0.0453186 
21 0 0.0836792 0.803223 0.032074 0.0395813 
19 0 0.0906372 0.96582 0.0344238 0.0426941 
18 0 0.82666 0.431152 0.03125 0.0375061 
14 0 0.841309 0.77002 0.0328064 0.0421753 
8 0 0.823242 0.98877 0.0273438 0.0229187 
7 0 0.708496 0.630371 0.0328064 0.0406189 
6 0 0.832031 0.869629 0.0296936 0.0395813 
5 0 0.851562 0.235474 0.0429688 0.049469 
2 0 0.237549 0.857422 0.0308533 0.0437622 
1 0 0.630371 0.615723 0.0296936 0.0395813 
814 0 0.193115 0.839355 0.0422974 0.0567627 
803 0 0.976562 0.86377 0.0257874 0.0333252 
801 0 0.975586 0.0267792 0.0265656 0.0359192 
791 0 0.409424 0.217651 0.0343628 0.044281 
784 0 0.308105 0.194824 0.0257874 0.03125 
775 0 0.763672 0.239868 0.0273438 0.0371094 
765 0 0.774902 0.911621 0.0300751 0.0406189 
724 0 0.742188 0.135376 0.0289001 0.0375061 
721 0 0.628906 0.0149384 0.0296936 0.0284882 
716 0 0.716309 0.788574 0.0265656 0.0317688 
701 0 0.993164 0.682129 0.014061 0.0354309 
694 0 0.227295 0.477051 0.0234375 0.0291595 
674 0 0.936035 0.206299 0.038269 0.0503845 
635 0 0.637695 0.42041 0.0379028 0.0476685 
615 0 0.578125 0.148926 0.0281219 0.0354309 
604 0 0.602539 0.208374 0.0296936 0.0414124 
534 0 0.507812 0.0312347 0.0249939 0.0333557 
464 0 0.710938 0.144775 0.0316467 0.0434875 
459 0 0.541504 0.986328 0.0324097 0.0270844 
444 0 0.861816 0.4104 0.0296936 0.0367126 
288 0 0.355469 0.0708618 0.0265656 0.0333862 
247 0 0.260986 0.434326 0.0281219 0.0354309 
176 0 0.47583 0.0531311 0.0265656 0.0395813 
55 0 0.0132675 0.989746 0.0265808 0.0208282 
54 0 0.989746 0.414551 0.0203094 0.0458374 
51 0 0.0435791 0.985352 0.034729 0.0291595 
50 0 0.504883 0.611328 0.0343628 0.0473938 
49 0 0.457031 0.461914 0.0328064 0.0429688 
46 0 0.487549 0.861328 0.03125 0.0406189 
43 0 0.571777 0.102112 0.0292969 0.0334778 
42 0 0.26123 0.203735 0.0304718 0.0367126 
41 0 0.224243 0.395264 0.0296936 0.0429688 
34 0 0.583496 0.121216 0.0332031 0.0383606 
32 0 0.212891 0.181274 0.0298767 0.0334778 
27 0 0.236694 0.568848 0.0296936 0.0447998 
26 0 0.129639 0.196533 0.0343628 0.0453186 
23 0 0.625 0.239868 0.0320435 0.039978 
22 0 0.265625 0.258301 0.0341797 0.0453186 
21 0 0.0836792 0.803223 0.032074 0.0395813 
19 0 0.0906372 0.96582 0.0344238 0.0426941 
18 0 0.82666 0.431152 0.03125 0.0375061 
14 0 0.841309 0.77002 0.0328064 0.0421753 
8 0 0.823242 0.98877 0.0273438 0.0229187 
7 0 0.708496 0.630371 0.0328064 0.0406189 
6 0 0.832031 0.869629 0.0296936 0.0395813 
5 0 0.851562 0.235474 0.0429688 0.049469 
2 0 0.237549 0.857422 0.0308533 0.0437622 
1 0 0.630371 0.615723 0.0296936 0.0395813 
