0 0.483594 0.759375 0.0390625 0.04375
0 0.307813 0.194792 0.025 0.03125
0 0.410156 0.217708 0.0359375 0.04375
0 0.715625 0.7875 0.025 0.0333333
0 0.7125 0.142708 0.03125 0.04375
0 0.274219 0.2 0.0328125 0.0416667
0 0.260938 0.433333 0.028125 0.0375
0 0.782812 0.189583 0.028125 0.0375
0 0.74375 0.133333 0.03125 0.0375
0 0.6375 0.420833 0.0375 0.0458333
0 0.236719 0.56875 0.0296875 0.0458333
0 0.4875 0.8625 0.03125 0.0416667
0 0.228906 0.475 0.0234375 0.0291667
0 0.084375 0.803125 0.03125 0.0395833
0 0.476562 0.053125 0.028125 0.0395833
0 0.457031 0.458333 0.0328125 0.0416667
0 0.772656 0.871875 0.0296875 0.0395833
0 0.629687 0.0135417 0.028125 0.0270833
0 0.851562 0.233333 0.040625 0.05
0 0.571094 0.102083 0.0296875 0.0333333
0 0.354688 0.0697917 0.028125 0.0354167
0 0.842969 0.767708 0.0328125 0.0395833
0 0.216406 0.177083 0.0296875 0.0333333
0 0.625781 0.240625 0.0328125 0.0395833
0 0.225 0.391667 0.028125 0.0416667
0 0.708594 0.63125 0.0328125 0.0416667
0 0.989062 0.4125 0.021875 0.0458333
0 0.129688 0.196875 0.034375 0.04375
0 0.826563 0.43125 0.03125 0.0375
0 0.0867188 0.961458 0.0359375 0.04375
0 0.190625 0.848958 0.0375 0.04375
0 0.507031 0.610417 0.0328125 0.0458333
0 0.832812 0.869792 0.028125 0.0395833
0 0.860937 0.410417 0.028125 0.0375
0 0.600781 0.210417 0.0296875 0.0416667
0 0.267188 0.25625 0.034375 0.0458333
0 0.630469 0.615625 0.0296875 0.0395833
0 0.936719 0.208333 0.0390625 0.0541667
0 0.582812 0.121875 0.034375 0.0395833
0 0.507812 0.0322917 0.028125 0.0354167
0 0.2375 0.857292 0.03125 0.04375
0 0.578125 0.148958 0.028125 0.0354167
