0 0.1875 0.94375 0.028125 0.0375
0 0.71875 0.780208 0.03125 0.0354167
0 0.578125 0.15 0.03125 0.0375
0 0.309375 0.191667 0.025 0.0375
0 0.463281 0.43125 0.0390625 0.0541667
0 0.601562 0.209375 0.03125 0.0395833
0 0.636719 0.235417 0.0359375 0.0416667
0 0.486719 0.863542 0.0296875 0.0395833
0 0.757812 0.0989583 0.034375 0.0395833
0 0.851562 0.236458 0.040625 0.0479167
0 0.94375 0.934375 0.03125 0.0354167
0 0.240625 0.161458 0.03125 0.0354167
0 0.273438 0.234375 0.034375 0.0395833
0 0.489062 0.752083 0.040625 0.0458333
0 0.829687 0.435417 0.03125 0.0375
0 0.0898438 0.9625 0.0296875 0.0375
0 0.569531 0.103125 0.0296875 0.0354167
0 0.484375 0.040625 0.028125 0.0395833
0 0.084375 0.805208 0.028125 0.0354167
0 0.310937 0.225 0.034375 0.0416667
0 0.807813 0.410417 0.034375 0.0375
0 0.973437 0.423958 0.03125 0.0395833
0 0.261719 0.438542 0.0328125 0.0354167
0 0.233594 0.576042 0.0296875 0.04375
0 0.357812 0.0541667 0.03125 0.0375
0 0.532812 0.588542 0.03125 0.0395833
0 0.638281 0.421875 0.0359375 0.04375
0 0.823438 0.9875 0.028125 0.025
0 0.245312 0.370833 0.028125 0.0375
0 0.865625 0.413542 0.03125 0.0395833
0 0.129688 0.198958 0.034375 0.0479167
0 0.192188 0.845833 0.034375 0.0416667
0 0.709375 0.63125 0.03125 0.0416667
0 0.745313 0.071875 0.034375 0.04375
0 0.834375 0.86875 0.025 0.0375
0 0.582812 0.120833 0.034375 0.0416667
0 0.2375 0.857292 0.03125 0.0395833
0 0.935938 0.209375 0.040625 0.05625
0 0.63125 0.611458 0.03125 0.0395833
0 0.842188 0.754167 0.034375 0.05
