0 0.65625 0.925 0.040625 0.05
0 0.578125 0.151042 0.028125 0.0354167
0 0.489844 0.404167 0.0296875 0.0416667
0 0.200781 0.497917 0.0296875 0.0375
0 0.628906 0.804167 0.0359375 0.0416667
0 0.552344 0.934375 0.0265625 0.03125
0 0.291406 0.323958 0.0296875 0.0395833
0 0.125781 0.280208 0.0296875 0.03125
0 0.577344 0.513542 0.0328125 0.0395833
0 0.542188 0.985417 0.034375 0.0291667
0 0.220313 0.176042 0.028125 0.0354167
0 0.499219 0.0135417 0.0296875 0.0270833
0 0.377344 0.0604167 0.0296875 0.0333333
0 0.0195312 0.746875 0.0296875 0.04375
0 0.982813 0.823958 0.028125 0.0395833
0 0.235938 0.578125 0.03125 0.04375
0 0.265625 0.438542 0.03125 0.0395833
0 0.39375 0.469792 0.034375 0.04375
0 0.851562 0.751042 0.034375 0.04375
0 0.661719 0.172917 0.0359375 0.0416667
0 0.483594 0.863542 0.0359375 0.04375
0 0.567969 0.102083 0.0296875 0.0375
0 0.730469 0.764583 0.0296875 0.0333333
0 0.636719 0.419792 0.0359375 0.04375
0 0.774219 0.342708 0.0328125 0.04375
0 0.790625 0.883333 0.03125 0.0375
0 0.0835937 0.80625 0.0296875 0.0375
0 0.502344 0.736458 0.0421875 0.0520833
0 0.865625 0.410417 0.03125 0.0416667
0 0.192969 0.84375 0.0328125 0.0416667
0 0.267188 0.125 0.03125 0.0375
0 0.709375 0.633333 0.03125 0.0416667
0 0.0382813 0.379167 0.0359375 0.05
0 0.772656 0.0770833 0.0328125 0.0416667
0 0.583594 0.120833 0.0296875 0.0375
0 0.828906 0.434375 0.0328125 0.0395833
0 0.853125 0.229167 0.046875 0.0541667
0 0.282813 0.21875 0.034375 0.0416667
0 0.603125 0.2125 0.03125 0.0375
0 0.832812 0.973958 0.028125 0.0354167
0 0.842969 0.85 0.0265625 0.0333333
0 0.132812 0.196875 0.034375 0.04375
0 0.401563 0.0260417 0.034375 0.0354167
0 0.632812 0.577083 0.03125 0.0375
0 0.241406 0.854167 0.0328125 0.0416667
0 0.935938 0.210417 0.040625 0.0583333
