0 0.182812 0.940625 0.028125 0.0354167
0 0.575 0.111458 0.034375 0.0395833
0 0.310937 0.192708 0.034375 0.04375
0 0.640625 0.421875 0.0375 0.0520833
2 0.182031 0.940625 0.0296875 0.0354167
0 0.565625 0.160417 0.03125 0.0375
0 0.602344 0.211458 0.0296875 0.0354167
0 0.471094 0.426042 0.0390625 0.05625
0 0.578125 0.153125 0.03125 0.0354167
0 0.486719 0.864583 0.0296875 0.0416667
0 0.648438 0.217708 0.0375 0.0395833
0 0.764063 0.0979167 0.028125 0.0375
0 0.803906 0.101042 0.0296875 0.0354167
0 0.936719 0.209375 0.0390625 0.05625
0 0.992188 0.408333 0.015625 0.0541667
0 0.6875 0.486458 0.03125 0.04375
0 0.546875 0.56875 0.0375 0.0458333
0 0.567969 0.104167 0.0296875 0.0375
0 0.278906 0.226042 0.0328125 0.0395833
0 0.0890625 0.9625 0.03125 0.0416667
0 0.957031 0.90625 0.0328125 0.0375
0 0.708594 0.633333 0.0328125 0.0416667
0 0.722656 0.776042 0.0296875 0.0354167
0 0.084375 0.805208 0.03125 0.0395833
0 0.242969 0.153125 0.0328125 0.0395833
0 0.260938 0.439583 0.03125 0.0375
0 0.864062 0.413542 0.034375 0.04375
0 0.829687 0.985417 0.028125 0.0291667
0 0.192188 0.846875 0.034375 0.04375
0 0.128906 0.2 0.0390625 0.0541667
0 0.233594 0.578125 0.0296875 0.04375
0 0.829687 0.435417 0.034375 0.0416667
0 0.851562 0.234375 0.040625 0.0479167
0 0.628906 0.605208 0.0296875 0.0395833
0 0.3625 0.0427083 0.03125 0.0395833
0 0.257031 0.36875 0.0296875 0.0375
0 0.302344 0.240625 0.0390625 0.04375
0 0.757812 0.05 0.034375 0.0458333
0 0.582812 0.122917 0.034375 0.0416667
0 0.8375 0.861458 0.025 0.0354167
0 0.495313 0.028125 0.0375 0.04375
0 0.49375 0.75 0.040625 0.05
0 0.846094 0.753125 0.0328125 0.0479167
0 0.239063 0.858333 0.034375 0.0416667
