0 0.629687 0.804167 0.034375 0.0416667
0 0.46875 0.46875 0.034375 0.0458333
0 0.309375 0.808333 0.025 0.0333333
0 0.278125 0.397917 0.025 0.0291667
0 0.410156 0.216667 0.0390625 0.0541667
0 0.314844 0.189583 0.0421875 0.0458333
0 0.578125 0.154167 0.028125 0.0333333
0 0.4875 0.865625 0.03125 0.04375
0 0.967188 0.880208 0.034375 0.0395833
0 0.475781 0.414583 0.0359375 0.0458333
0 0.88125 0.172917 0.025 0.0333333
0 0.292969 0.246875 0.0359375 0.0395833
0 0.569531 0.103125 0.0296875 0.0354167
0 0.24375 0.153125 0.034375 0.0395833
0 0.283594 0.216667 0.0359375 0.0416667
0 0.853125 0.230208 0.04375 0.0479167
0 0.76875 0.09375 0.03125 0.0416667
0 0.0132813 0.555208 0.0265625 0.0395833
0 0.724219 0.775 0.0328125 0.0375
0 0.267188 0.358333 0.028125 0.0416667
0 0.0132813 0.772917 0.0234375 0.0375
0 0.767969 0.028125 0.0328125 0.0395833
0 0.655469 0.198958 0.0359375 0.04375
0 0.709375 0.633333 0.03125 0.0416667
0 0.234375 0.577083 0.03125 0.0458333
0 0.864062 0.4125 0.034375 0.0416667
0 0.829687 0.435417 0.034375 0.0416667
0 0.0828125 0.807292 0.03125 0.0395833
0 0.557031 0.55 0.0328125 0.0416667
0 0.575781 0.0270833 0.0328125 0.0375
0 0.192969 0.845833 0.0328125 0.0416667
0 0.499219 0.0239583 0.0359375 0.0395833
0 0.629687 0.603125 0.03125 0.0395833
0 0.365625 0.0322917 0.034375 0.0395833
0 0.260938 0.440625 0.034375 0.04375
0 0.129688 0.2 0.040625 0.0541667
0 0.657031 0.527083 0.0328125 0.0458333
0 0.839844 0.860417 0.0265625 0.0375
0 0.603125 0.213542 0.03125 0.0395833
0 0.935156 0.210417 0.0390625 0.0541667
0 0.583594 0.120833 0.0328125 0.0416667
0 0.239844 0.858333 0.0328125 0.0416667
0 0.847656 0.754167 0.0328125 0.0458333
0 0.496094 0.745833 0.0421875 0.05
0 0.83125 0.983333 0.028125 0.0333333
