0 0.310156 0.191667 0.0328125 0.0375
0 0.629687 0.804167 0.0375 0.0416667
0 0.577344 0.152083 0.0265625 0.0333333
0 0.479688 0.409375 0.034375 0.0479167
0 0.485938 0.864583 0.034375 0.0458333
0 0.239063 0.267708 0.0375 0.04375
0 0.638281 0.421875 0.0390625 0.0479167
0 0.5375 0.9625 0.028125 0.0333333
0 0.50625 0.475 0.034375 0.0416667
0 0.135937 0.529167 0.034375 0.0458333
0 0.726562 0.771875 0.028125 0.0354167
0 0.567187 0.53125 0.03125 0.0375
0 0.655469 0.928125 0.0421875 0.0520833
0 0.285937 0.216667 0.034375 0.0375
0 0.239844 0.196875 0.0296875 0.0395833
0 0.542188 0.985417 0.034375 0.0291667
0 0.973437 0.852083 0.040625 0.05
0 0.280469 0.339583 0.0296875 0.0416667
0 0.503906 0.0197917 0.0296875 0.0354167
0 0.569531 0.103125 0.0296875 0.0354167
0 0.235156 0.579167 0.0328125 0.0458333
0 0.260938 0.439583 0.034375 0.0416667
0 0.084375 0.80625 0.03125 0.0416667
0 0.709375 0.633333 0.03125 0.0375
0 0.657812 0.186458 0.034375 0.0395833
0 0.829687 0.435417 0.034375 0.0416667
0 0.584375 0.121875 0.03125 0.0395833
0 0.192969 0.846875 0.0359375 0.04375
0 0.732031 0.1375 0.0328125 0.0375
0 0.371875 0.01875 0.028125 0.0333333
0 0.865625 0.4125 0.03125 0.0416667
0 0.130469 0.197917 0.0359375 0.0458333
0 0.497656 0.741667 0.0421875 0.05
0 0.603125 0.213542 0.03125 0.0395833
0 0.771875 0.0822917 0.03125 0.0395833
0 0.629687 0.585417 0.03125 0.0416667
0 0.852344 0.229167 0.0421875 0.05
0 0.257812 0.132292 0.03125 0.0395833
0 0.842188 0.85625 0.028125 0.0375
0 0.935156 0.209375 0.0390625 0.0520833
0 0.848437 0.754167 0.034375 0.0458333
0 0.83125 0.980208 0.03125 0.0354167
0 0.239063 0.859375 0.034375 0.04375
