0 0.654688 0.928125 0.040625 0.0520833
0 0.469531 0.467708 0.0328125 0.0479167
1 0.929688 0.209375 0.053125 0.0645833
0 0.576563 0.152083 0.028125 0.0333333
0 0.283594 0.217708 0.0328125 0.0395833
0 0.486719 0.864583 0.0328125 0.0458333
0 0.629687 0.591667 0.034375 0.0416667
0 0.280469 0.389583 0.0265625 0.0333333
0 0.310937 0.189583 0.03125 0.0375
0 0.478125 0.4125 0.0375 0.05
0 0.638281 0.421875 0.0390625 0.0479167
0 0.930469 0.209375 0.0390625 0.0479167
0 0.564844 0.53125 0.0296875 0.0375
0 0.26875 0.233333 0.0375 0.0416667
0 0.06875 0.553125 0.03125 0.0395833
0 0.248437 0.146875 0.03125 0.0354167
0 0.725781 0.772917 0.0296875 0.0375
0 0.973437 0.863542 0.034375 0.0395833
0 0.0148437 0.770833 0.0265625 0.0416667
0 0.273438 0.353125 0.028125 0.0395833
0 0.0796875 0.302083 0.0375 0.05
0 0.617188 0.579167 0.034375 0.0458333
0 0.0835937 0.805208 0.0328125 0.0395833
0 0.500781 0.0229167 0.0328125 0.0375
0 0.652344 0.0739583 0.0328125 0.0354167
0 0.709375 0.633333 0.03125 0.0416667
0 0.234375 0.578125 0.03125 0.04375
0 0.569531 0.103125 0.0296875 0.0354167
0 0.239844 0.857292 0.0328125 0.04375
0 0.260156 0.438542 0.0359375 0.04375
0 0.864062 0.4125 0.034375 0.0416667
0 0.76875 0.0885417 0.03125 0.0395833
0 0.532812 0.984375 0.034375 0.03125
0 0.829687 0.435417 0.034375 0.0416667
0 0.19375 0.846875 0.0375 0.0479167
0 0.602344 0.214583 0.0296875 0.0375
0 0.496094 0.74375 0.0421875 0.05
0 0.584375 0.120833 0.03125 0.0375
0 0.842188 0.858333 0.028125 0.0416667
0 0.852344 0.229167 0.0421875 0.05
0 0.655469 0.192708 0.0359375 0.0395833
0 0.365625 0.028125 0.034375 0.0395833
0 0.847656 0.755208 0.0328125 0.04375
0 0.129688 0.198958 0.040625 0.0520833
0 0.83125 0.983333 0.028125 0.0333333
