0 0.628125 0.801042 0.034375 0.0395833
0 0.561719 0.159375 0.0265625 0.0354167
0 0.307031 0.194792 0.0265625 0.03125
0 0.934375 0.205208 0.0375 0.0479167
0 0.636719 0.41875 0.0359375 0.0458333
0 0.715625 0.7875 0.028125 0.0333333
0 0.727344 0.934375 0.0296875 0.0354167
0 0.736719 0.145833 0.0296875 0.0375
0 0.70625 0.152083 0.03125 0.0416667
0 0.260938 0.433333 0.028125 0.0375
0 0.570312 0.103125 0.028125 0.03125
0 0.235938 0.567708 0.03125 0.0479167
0 0.851562 0.235417 0.040625 0.0458333
0 0.209375 0.186458 0.028125 0.03125
0 0.353906 0.0708333 0.0265625 0.0333333
0 0.4875 0.861458 0.03125 0.0395833
0 0.83125 0.870833 0.03125 0.0375
0 0.760938 0.30625 0.028125 0.0375
0 0.5 0.614583 0.03125 0.0458333
0 0.084375 0.803125 0.03125 0.0395833
0 0.191406 0.847917 0.0328125 0.0458333
0 0.235156 0.210417 0.0296875 0.0333333
0 0.823438 0.9875 0.028125 0.025
0 0.225 0.480208 0.025 0.03125
0 0.263281 0.263542 0.0359375 0.04375
0 0.455469 0.463542 0.0328125 0.0395833
0 0.04375 0.984375 0.034375 0.03125
0 0.129688 0.194792 0.034375 0.04375
0 0.625 0.240625 0.03125 0.0395833
0 0.475 0.0541667 0.025 0.0375
0 0.407813 0.217708 0.034375 0.04375
0 0.602344 0.209375 0.0296875 0.04375
0 0.630469 0.616667 0.0296875 0.0416667
0 0.584375 0.122917 0.03125 0.0375
0 0.708594 0.629167 0.0328125 0.0416667
0 0.860937 0.409375 0.028125 0.0354167
0 0.216406 0.805208 0.0328125 0.04375
0 0.825 0.43125 0.03125 0.0375
0 0.840625 0.775 0.0375 0.0458333
0 0.578125 0.148958 0.028125 0.0354167
0 0.220313 0.4 0.03125 0.0458333
0 0.2375 0.857292 0.03125 0.04375
0 0.507031 0.03125 0.0265625 0.0333333
0 0.105469 0.978125 0.0328125 0.0395833
