0 0.820312 0.634375 0.025 0.03125
0 0.313281 0.778125 0.0234375 0.0354167
0 0.629687 0.804167 0.034375 0.0416667
0 0.658594 0.928125 0.0421875 0.0520833
0 0.564062 0.160417 0.028125 0.0333333
0 0.4875 0.864583 0.03125 0.0375
0 0.745313 0.742708 0.028125 0.03125
0 0.735937 0.801042 0.028125 0.0395833
0 0.500781 0.385417 0.0296875 0.0375
0 0.071875 0.264583 0.03125 0.0416667
0 0.547656 0.788542 0.0296875 0.0354167
0 0.672656 0.620833 0.0296875 0.0375
0 0.315625 0.30625 0.025 0.0375
0 0.198437 0.126042 0.028125 0.0395833
0 0.541406 0.985417 0.0328125 0.0291667
0 0.7 0.160417 0.03125 0.0416667
0 0.673437 0.13125 0.034375 0.0375
0 0.707812 0.639583 0.028125 0.0375
0 0.0296875 0.726042 0.03125 0.04375
0 0.0890625 0.963542 0.03125 0.0395833
0 0.511719 0.719792 0.0390625 0.0479167
0 0.111719 0.508333 0.0296875 0.0375
0 0.584375 0.122917 0.03125 0.0375
0 0.307813 0.1 0.028125 0.0375
0 0.584375 0.876042 0.03125 0.0395833
0 0.585938 0.486458 0.034375 0.0395833
0 0.0835937 0.805208 0.0296875 0.0354167
0 0.914062 0.710417 0.028125 0.0375
0 0.415625 0.16875 0.025 0.0375
0 0.836719 0.963542 0.0296875 0.0395833
0 0.239063 0.579167 0.028125 0.0416667
0 0.132812 0.19375 0.034375 0.0458333
0 0.272656 0.413542 0.0296875 0.0395833
0 0.604688 0.30625 0.03125 0.0416667
0 0.567187 0.1 0.03125 0.0375
0 0.86875 0.408333 0.03125 0.0416667
0 0.578125 0.15 0.028125 0.0333333
0 0.635938 0.420833 0.034375 0.0458333
0 0.827344 0.432292 0.0328125 0.04375
0 0.242969 0.854167 0.0296875 0.0416667
0 0.934375 0.207292 0.0375 0.0520833
0 0.0453125 0.361458 0.034375 0.0395833
0 0.854688 0.747917 0.034375 0.0458333
0 0.282813 0.217708 0.034375 0.0395833
0 0.01875 0.225 0.034375 0.0458333
0 0.190625 0.84375 0.03125 0.0375
0 0.357031 0.716667 0.0328125 0.0416667
0 0.601562 0.211458 0.034375 0.04375
0 0.9875 0.773958 0.025 0.0395833
0 0.846875 0.8375 0.03125 0.0375
0 0.770312 0.0635417 0.028125 0.0395833
0 0.853125 0.228125 0.046875 0.05625
0 0.646094 0.5625 0.0296875 0.0416667
