2 0.0414063 0.708333 0.0265625 0.0333333
0 0.629687 0.804167 0.034375 0.0416667
0 0.578125 0.15 0.028125 0.0333333
0 0.490625 0.403125 0.03125 0.0395833
0 0.736719 0.765625 0.0296875 0.0354167
0 0.216406 0.453125 0.0328125 0.0395833
0 0.373437 0.4375 0.0375 0.0416667
0 0.292969 0.321875 0.0296875 0.0395833
0 0.765625 0.378125 0.025 0.04375
0 0.264844 0.4375 0.0328125 0.0416667
0 0.760156 0.84375 0.0296875 0.0375
0 0.542188 0.985417 0.034375 0.0291667
0 0.34375 0.0625 0.03125 0.0375
0 0.851562 0.748958 0.0375 0.0479167
0 0.220313 0.172917 0.028125 0.0375
0 0.567969 0.102083 0.0296875 0.0375
0 0.0203125 0.745833 0.028125 0.0416667
0 0.234375 0.576042 0.03125 0.04375
0 0.0375 0.376042 0.034375 0.0479167
0 0.6625 0.171875 0.034375 0.0395833
0 0.0140625 0.276042 0.025 0.0395833
0 0.555469 0.930208 0.0296875 0.03125
0 0.484375 0.863542 0.034375 0.04375
0 0.578906 0.511458 0.0328125 0.0395833
0 0.192188 0.84375 0.03125 0.0375
0 0.0835937 0.80625 0.0296875 0.0375
0 0.282813 0.21875 0.034375 0.0416667
0 0.145313 0.315625 0.03125 0.0354167
0 0.708594 0.633333 0.0328125 0.0416667
0 0.584375 0.119792 0.03125 0.0395833
0 0.773438 0.075 0.03125 0.0416667
0 0.984375 0.81875 0.03125 0.0375
0 0.269531 0.121875 0.0328125 0.0395833
0 0.842969 0.848958 0.0265625 0.0354167
0 0.603125 0.211458 0.03125 0.0395833
0 0.503125 0.735417 0.04375 0.0541667
0 0.132031 0.195833 0.0359375 0.0458333
0 0.865625 0.410417 0.03125 0.0416667
0 0.828906 0.435417 0.0328125 0.0416667
0 0.6375 0.419792 0.034375 0.0479167
0 0.833594 0.975 0.0296875 0.0375
0 0.852344 0.229167 0.0453125 0.0541667
0 0.240625 0.854167 0.03125 0.0416667
0 0.633594 0.576042 0.0296875 0.0395833
0 0.935938 0.209375 0.040625 0.05625
