0 0.600781 0.209375 0.0328125 0.0395833
0 0.257031 0.430208 0.0265625 0.0354167
0 0.563281 0.161458 0.0296875 0.0354167
0 0.577344 0.151042 0.0328125 0.0354167
0 0.761719 0.101042 0.0328125 0.0395833
0 0.719531 0.78125 0.0296875 0.0333333
0 0.465625 0.430208 0.0375 0.0520833
0 0.485938 0.863542 0.03125 0.04375
0 0.539062 0.579167 0.03125 0.0416667
0 0.948438 0.922917 0.034375 0.0375
0 0.275 0.230208 0.034375 0.0395833
0 0.567969 0.105208 0.0296875 0.0354167
0 0.540625 0.984375 0.034375 0.03125
0 0.749219 0.0677083 0.0328125 0.0395833
0 0.851562 0.234375 0.040625 0.0479167
0 0.971875 0.354167 0.03125 0.0375
0 0.835938 0.866667 0.028125 0.0416667
0 0.638281 0.421875 0.0359375 0.04375
0 0.0835937 0.805208 0.0296875 0.0395833
0 0.825 0.9875 0.025 0.025
0 0.0890625 0.963542 0.03125 0.04375
0 0.3125 0.230208 0.034375 0.0395833
0 0.239063 0.858333 0.03125 0.0416667
0 0.232812 0.577083 0.028125 0.0416667
0 0.192188 0.845833 0.034375 0.0416667
0 0.24375 0.155208 0.03125 0.0354167
0 0.2625 0.439583 0.03125 0.0375
0 0.864062 0.413542 0.034375 0.04375
0 0.249219 0.370833 0.0296875 0.0375
0 0.709375 0.632292 0.03125 0.0395833
0 0.771875 0.44375 0.03125 0.0375
0 0.129688 0.2 0.0375 0.05
0 0.642187 0.230208 0.034375 0.0395833
0 0.829687 0.434375 0.034375 0.0395833
0 0.360156 0.05 0.0296875 0.0333333
0 0.63125 0.608333 0.03125 0.0416667
0 0.491406 0.752083 0.0421875 0.0458333
0 0.486719 0.0395833 0.0296875 0.0375
0 0.748438 0.021875 0.03125 0.0395833
0 0.582812 0.120833 0.034375 0.0416667
0 0.935938 0.208333 0.040625 0.0583333
0 0.84375 0.75625 0.03125 0.0458333
