0 0.564062 0.161458 0.028125 0.0354167
0 0.851562 0.233333 0.04375 0.05
0 0.249219 0.440625 0.0234375 0.03125
0 0.460938 0.434375 0.040625 0.05625
0 0.578125 0.15 0.03125 0.0375
0 0.486719 0.8625 0.0296875 0.0416667
0 0.939062 0.945833 0.03125 0.0375
0 0.636719 0.419792 0.0359375 0.04375
0 0.2375 0.173958 0.03125 0.0354167
0 0.735937 0.0875 0.034375 0.0416667
0 0.758594 0.101042 0.0328125 0.0395833
0 0.141406 0.988542 0.0296875 0.0229167
0 0.542188 0.985417 0.03125 0.0291667
0 0.71875 0.78125 0.03125 0.0375
0 0.261719 0.4375 0.0328125 0.0375
0 0.084375 0.805208 0.028125 0.0354167
0 0.24375 0.373958 0.028125 0.0395833
0 0.634375 0.2375 0.034375 0.0416667
0 0.865625 0.415625 0.03125 0.0395833
0 0.272656 0.2375 0.0328125 0.0416667
0 0.235156 0.575 0.0296875 0.0416667
0 0.482812 0.0447917 0.028125 0.0395833
0 0.529688 0.595833 0.03125 0.0416667
0 0.823438 0.988542 0.028125 0.0229167
0 0.600781 0.209375 0.0296875 0.0395833
0 0.130469 0.197917 0.0328125 0.0458333
0 0.709375 0.63125 0.03125 0.0416667
0 0.828125 0.434375 0.03125 0.0395833
0 0.3125 0.223958 0.034375 0.0395833
0 0.0890625 0.961458 0.028125 0.0395833
0 0.56875 0.102083 0.03125 0.0375
0 0.857813 0.377083 0.03125 0.0375
0 0.357812 0.0583333 0.03125 0.0375
0 0.191406 0.845833 0.0328125 0.0375
0 0.935938 0.208333 0.040625 0.0541667
0 0.491406 0.752083 0.0421875 0.05
0 0.583594 0.120833 0.0328125 0.0416667
0 0.835156 0.870833 0.0265625 0.0375
0 0.236719 0.858333 0.0296875 0.0416667
0 0.63125 0.610417 0.03125 0.0375
0 0.842188 0.753125 0.034375 0.0479167
