0 0.4875 0.758333 0.0375 0.0458333
0 0.628906 0.803125 0.0328125 0.0395833
0 0.238281 0.459375 0.0234375 0.0270833
0 0.716406 0.784375 0.0296875 0.0354167
0 0.260938 0.434375 0.03125 0.0354167
0 0.851562 0.235417 0.040625 0.05
0 0.303125 0.216667 0.03125 0.0375
0 0.4875 0.864583 0.03125 0.0375
0 0.50625 0.025 0.025 0.0375
0 0.459375 0.442708 0.0375 0.0479167
0 0.753906 0.111458 0.0296875 0.0395833
0 0.721094 0.113542 0.0328125 0.0395833
0 0.578906 0.15 0.0296875 0.0375
0 0.569531 0.103125 0.0296875 0.0354167
0 0.635938 0.41875 0.0375 0.0458333
0 0.9375 0.208333 0.0375 0.0541667
0 0.478906 0.05 0.0265625 0.0333333
0 0.232031 0.172917 0.0296875 0.0333333
0 0.141406 0.929167 0.0296875 0.0416667
0 0.823438 0.988542 0.028125 0.0229167
0 0.084375 0.804167 0.03125 0.0375
0 0.179688 0.9625 0.03125 0.0458333
0 0.235156 0.571875 0.0296875 0.04375
0 0.627344 0.239583 0.0328125 0.0375
0 0.879687 0.658333 0.034375 0.0416667
0 0.130469 0.198958 0.0328125 0.04375
0 0.191406 0.846875 0.0328125 0.0395833
0 0.826563 0.433333 0.034375 0.0416667
0 0.602344 0.209375 0.0296875 0.0395833
0 0.516406 0.605208 0.0328125 0.04375
0 0.35625 0.0645833 0.028125 0.0375
0 0.0890625 0.9625 0.03125 0.0375
0 0.232812 0.380208 0.03125 0.0395833
0 0.859375 0.410417 0.03125 0.0375
0 0.709375 0.630208 0.03125 0.0395833
0 0.582812 0.120833 0.034375 0.0375
0 0.839063 0.754167 0.034375 0.05
0 0.832812 0.871875 0.028125 0.0354167
0 0.267969 0.24375 0.0328125 0.0375
0 0.63125 0.613542 0.03125 0.0395833
0 0.2375 0.857292 0.03125 0.04375
