0 0.565625 0.160417 0.028125 0.0333333
0 0.717188 0.78125 0.028125 0.0375
0 0.458594 0.429167 0.0359375 0.05
0 0.238281 0.167708 0.0296875 0.0354167
0 0.486719 0.8625 0.0296875 0.0416667
0 0.759375 0.101042 0.03125 0.0354167
0 0.851562 0.236458 0.040625 0.0520833
0 0.578125 0.15 0.03125 0.0375
0 0.942187 0.939583 0.034375 0.0375
0 0.635156 0.235417 0.0359375 0.0416667
0 0.274219 0.236458 0.0328125 0.0395833
0 0.569531 0.103125 0.0296875 0.0354167
0 0.084375 0.805208 0.028125 0.0354167
0 0.260156 0.436458 0.0328125 0.0354167
0 0.0890625 0.963542 0.03125 0.0395833
0 0.24375 0.372917 0.028125 0.0375
0 0.484375 0.0427083 0.028125 0.0395833
0 0.233594 0.576042 0.0296875 0.04375
0 0.823438 0.9875 0.028125 0.025
0 0.130469 0.198958 0.0359375 0.0479167
0 0.316406 0.223958 0.0328125 0.0395833
0 0.532031 0.591667 0.0296875 0.0416667
0 0.864844 0.413542 0.0328125 0.0395833
0 0.966406 0.454167 0.0296875 0.0375
0 0.638281 0.422917 0.0359375 0.0458333
0 0.491406 0.752083 0.0421875 0.0458333
0 0.191406 0.845833 0.0328125 0.0416667
0 0.357031 0.05625 0.0296875 0.0375
0 0.601562 0.211458 0.03125 0.0395833
0 0.828125 0.435417 0.03125 0.0375
0 0.74375 0.0802083 0.034375 0.0395833
0 0.935938 0.208333 0.040625 0.0541667
0 0.708594 0.63125 0.0328125 0.0416667
0 0.582812 0.120833 0.034375 0.0416667
0 0.820312 0.403125 0.034375 0.0395833
0 0.834375 0.869792 0.025 0.0395833
0 0.2375 0.858333 0.03125 0.0416667
0 0.842188 0.754167 0.034375 0.05
0 0.630469 0.610417 0.0328125 0.0375
