0 0.577344 0.152083 0.0328125 0.0375
0 0.252344 0.429167 0.0234375 0.0333333
0 0.720312 0.779167 0.028125 0.0333333
0 0.600781 0.210417 0.0328125 0.0375
0 0.466406 0.43125 0.0390625 0.0541667
0 0.538281 0.58125 0.0328125 0.0416667
0 0.638281 0.421875 0.0359375 0.04375
0 0.760938 0.1 0.03125 0.0375
0 0.485156 0.863542 0.0328125 0.04375
0 0.764844 0.396875 0.0328125 0.04375
0 0.274219 0.23125 0.0328125 0.0375
0 0.851562 0.234375 0.040625 0.0520833
0 0.947656 0.926042 0.0328125 0.0354167
2 0.0125 0.726042 0.025 0.0354167
0 0.084375 0.804167 0.028125 0.0375
0 0.232812 0.577083 0.028125 0.0416667
0 0.261719 0.438542 0.0296875 0.0354167
0 0.242969 0.15625 0.0296875 0.0333333
0 0.567969 0.103125 0.0296875 0.0354167
0 0.825 0.986458 0.025 0.0270833
0 0.967188 0.371875 0.028125 0.0395833
0 0.835938 0.866667 0.028125 0.0416667
0 0.0890625 0.9625 0.03125 0.0416667
0 0.864844 0.413542 0.0328125 0.04375
0 0.248437 0.371875 0.028125 0.0395833
0 0.640625 0.230208 0.034375 0.0395833
0 0.191406 0.845833 0.0359375 0.0416667
0 0.748438 0.0666667 0.034375 0.0458333
0 0.709375 0.632292 0.03125 0.0395833
0 0.308594 0.230208 0.0328125 0.0395833
0 0.489844 0.752083 0.0421875 0.0458333
0 0.359375 0.0510417 0.028125 0.0354167
0 0.130469 0.2 0.0359375 0.05
0 0.63125 0.609375 0.03125 0.04375
0 0.4875 0.0385417 0.03125 0.0395833
0 0.829687 0.434375 0.034375 0.0395833
0 0.2375 0.858333 0.03125 0.0416667
0 0.582812 0.120833 0.034375 0.0416667
0 0.935938 0.209375 0.040625 0.0604167
0 0.84375 0.754167 0.034375 0.05
