0 0.182031 0.94375 0.0265625 0.0375
2 0.182812 0.942708 0.025 0.0354167
0 0.308594 0.192708 0.0296875 0.0354167
0 0.199219 0.935417 0.0265625 0.0375
0 0.6375 0.422917 0.0375 0.0458333
0 0.564062 0.1625 0.028125 0.0333333
0 0.603125 0.2125 0.03125 0.0375
0 0.578125 0.15 0.03125 0.0375
0 0.761719 0.0989583 0.0296875 0.0395833
0 0.951563 0.917708 0.034375 0.0354167
0 0.485938 0.864583 0.03125 0.0416667
0 0.723437 0.423958 0.034375 0.0395833
0 0.276563 0.23125 0.034375 0.0375
0 0.541406 0.985417 0.0328125 0.0291667
0 0.8375 0.865625 0.025 0.04375
0 0.720312 0.779167 0.028125 0.0333333
0 0.360938 0.0489583 0.03125 0.0395833
0 0.851562 0.234375 0.040625 0.0479167
0 0.251563 0.370833 0.028125 0.0375
0 0.46875 0.427083 0.0375 0.0541667
0 0.0835937 0.80625 0.0296875 0.0375
0 0.0890625 0.9625 0.03125 0.0416667
0 0.778125 0.0291667 0.03125 0.0416667
0 0.826563 0.986458 0.028125 0.0270833
0 0.56875 0.104167 0.03125 0.0375
0 0.709375 0.632292 0.03125 0.0395833
0 0.864844 0.4125 0.0328125 0.0416667
0 0.239063 0.858333 0.03125 0.0416667
0 0.232812 0.577083 0.028125 0.0416667
0 0.24375 0.155208 0.03125 0.0354167
0 0.935938 0.208333 0.040625 0.0583333
0 0.542969 0.579167 0.0328125 0.0416667
0 0.829687 0.434375 0.034375 0.0395833
0 0.191406 0.845833 0.0359375 0.0416667
0 0.261719 0.441667 0.0328125 0.0375
0 0.4875 0.0364583 0.03125 0.0395833
0 0.130469 0.2 0.0390625 0.0541667
0 0.308594 0.2375 0.0390625 0.0416667
0 0.755469 0.0572917 0.0328125 0.0395833
0 0.642969 0.225 0.0359375 0.0416667
0 0.582812 0.121875 0.034375 0.04375
0 0.492969 0.75 0.0390625 0.0458333
0 0.84375 0.75625 0.03125 0.0458333
0 0.630469 0.609375 0.0296875 0.0354167
