0 0.491406 0.403125 0.0296875 0.0395833
0 0.242188 0.454167 0.03125 0.0375
0 0.751562 0.808333 0.03125 0.0375
0 0.578125 0.15 0.03125 0.0375
0 0.566406 0.104167 0.0296875 0.0375
0 0.664062 0.16875 0.034375 0.0375
0 0.485938 0.863542 0.034375 0.04375
0 0.628906 0.804167 0.0359375 0.0416667
0 0.265625 0.434375 0.03125 0.0395833
0 0.984375 0.814583 0.03125 0.0416667
0 0.0210938 0.74375 0.0296875 0.0416667
0 0.541406 0.985417 0.0359375 0.0291667
0 0.734375 0.763542 0.028125 0.0354167
0 0.557031 0.925 0.0296875 0.0333333
0 0.353125 0.425 0.034375 0.0416667
0 0.240625 0.854167 0.03125 0.0416667
0 0.0835937 0.80625 0.0296875 0.0375
0 0.220313 0.175 0.028125 0.0375
0 0.579687 0.508333 0.03125 0.0375
0 0.234375 0.576042 0.03125 0.04375
0 0.852344 0.748958 0.0359375 0.04375
0 0.191406 0.844792 0.0328125 0.0395833
0 0.773438 0.0739583 0.03125 0.0395833
0 0.294531 0.321875 0.0296875 0.0395833
0 0.709375 0.632292 0.03125 0.0395833
0 0.835156 0.972917 0.0296875 0.0375
0 0.272656 0.120833 0.0296875 0.0375
0 0.764844 0.425 0.0296875 0.0375
0 0.584375 0.120833 0.03125 0.0416667
0 0.852344 0.229167 0.0453125 0.0541667
0 0.6375 0.419792 0.034375 0.0479167
0 0.18125 0.317708 0.03125 0.0395833
0 0.282813 0.21875 0.034375 0.0416667
0 0.867188 0.409375 0.034375 0.04375
0 0.503906 0.734375 0.0421875 0.0520833
0 0.603125 0.213542 0.03125 0.0395833
0 0.828125 0.434375 0.03125 0.0395833
0 0.633594 0.573958 0.0296875 0.0395833
0 0.132812 0.194792 0.034375 0.04375
0 0.84375 0.846875 0.028125 0.0354167
0 0.935938 0.208333 0.040625 0.0583333
