0 0.814844 0.639583 0.0296875 0.0375
0 0.653125 0.939583 0.03125 0.0375
0 0.780469 0.613542 0.0296875 0.0354167
0 0.65625 0.919792 0.04375 0.0520833
0 0.488281 0.865625 0.0296875 0.0395833
0 0.563281 0.161458 0.0265625 0.0354167
0 0.071875 0.202083 0.028125 0.0375
0 0.673437 0.132292 0.034375 0.0395833
0 0.501562 0.385417 0.03125 0.0375
0 0.746094 0.741667 0.0296875 0.0375
0 0.585938 0.871875 0.034375 0.0395833
0 0.316406 0.30625 0.0234375 0.0375
0 0.19375 0.113542 0.028125 0.0395833
0 0.482812 0.767708 0.03125 0.0354167
0 0.385156 0.752083 0.0359375 0.0458333
0 0.185937 0.592708 0.028125 0.04375
0 0.745313 0.844792 0.034375 0.0395833
0 0.5875 0.486458 0.03125 0.0395833
0 0.310156 0.0958333 0.0265625 0.0375
0 0.578125 0.151042 0.028125 0.0354167
0 0.567187 0.251042 0.03125 0.0395833
0 0.046875 0.358333 0.034375 0.0416667
0 0.74375 0.0677083 0.03125 0.0354167
0 0.0890625 0.963542 0.03125 0.0395833
0 0.0296875 0.727083 0.03125 0.0416667
0 0.283594 0.217708 0.0328125 0.0395833
0 0.584375 0.121875 0.03125 0.0395833
0 0.895312 0.6375 0.03125 0.0333333
0 0.239063 0.579167 0.028125 0.0416667
0 0.653906 0.98125 0.0328125 0.0375
0 0.985937 0.767708 0.028125 0.0395833
0 0.0195312 0.221875 0.0328125 0.04375
0 0.0835937 0.805208 0.0296875 0.0354167
0 0.935938 0.207292 0.0375 0.0520833
0 0.434375 0.122917 0.025 0.0333333
0 0.771094 0.0645833 0.0296875 0.0375
0 0.274219 0.4125 0.0296875 0.0375
0 0.514844 0.71875 0.0421875 0.05
0 0.191406 0.84375 0.0296875 0.0375
0 0.660156 0.1875 0.0328125 0.0416667
0 0.86875 0.408333 0.03125 0.0416667
0 0.854688 0.747917 0.034375 0.0458333
0 0.826563 0.432292 0.034375 0.04375
0 0.133594 0.19375 0.0328125 0.0458333
0 0.707812 0.639583 0.028125 0.0375
0 0.567969 0.102083 0.0328125 0.0416667
0 0.636719 0.420833 0.0359375 0.05
0 0.836719 0.9625 0.0296875 0.0375
0 0.601562 0.210417 0.03125 0.0458333
0 0.242969 0.85 0.0296875 0.0416667
0 0.846875 0.8375 0.03125 0.0375
0 0.853125 0.227083 0.04375 0.0541667
0 0.645312 0.5625 0.028125 0.0375
