0 0.04375 0.3625 0.034375 0.0416667
0 0.307813 0.342708 0.025 0.0270833
0 0.820312 0.636458 0.021875 0.03125
0 0.408594 0.217708 0.0390625 0.0520833
0 0.563281 0.160417 0.0265625 0.0333333
0 0.4875 0.865625 0.028125 0.0395833
0 0.252344 0.55625 0.0265625 0.0333333
0 0.725 0.784375 0.03125 0.0395833
0 0.360938 0.5125 0.03125 0.0375
0 0.339844 0.301042 0.0296875 0.0395833
0 0.217187 0.155208 0.028125 0.0395833
0 0.636719 0.5 0.0265625 0.0375
0 0.577344 0.15 0.0296875 0.0333333
0 0.028125 0.729167 0.03125 0.0416667
0 0.499219 0.390625 0.0296875 0.0395833
0 0.571875 0.8875 0.03125 0.0333333
0 0.935938 0.210417 0.040625 0.0541667
0 0.0898438 0.964583 0.0296875 0.0375
0 0.196094 0.273958 0.0296875 0.0395833
0 0.835938 0.964583 0.028125 0.0375
0 0.241406 0.85625 0.0296875 0.0375
0 0.239063 0.580208 0.03125 0.04375
0 0.299219 0.105208 0.0296875 0.0395833
0 0.771875 0.06875 0.028125 0.0333333
0 0.0828125 0.805208 0.028125 0.0354167
0 0.310937 0.310417 0.028125 0.0375
0 0.567969 0.102083 0.0296875 0.0375
0 0.584375 0.121875 0.03125 0.0395833
0 0.5875 0.491667 0.03125 0.0375
0 0.667188 0.138542 0.034375 0.0395833
0 0.6375 0.419792 0.03125 0.04375
0 0.192188 0.844792 0.03125 0.0395833
0 0.282813 0.216667 0.034375 0.0416667
0 0.511719 0.725 0.0390625 0.0458333
0 0.744531 0.75 0.0265625 0.0333333
0 0.602344 0.2125 0.0328125 0.0458333
0 0.771094 0.663542 0.0296875 0.0395833
0 0.985937 0.790625 0.028125 0.0395833
0 0.015625 0.244792 0.03125 0.04375
0 0.132812 0.196875 0.034375 0.04375
0 0.629687 0.805208 0.034375 0.0395833
0 0.271875 0.414583 0.03125 0.0375
0 0.86875 0.408333 0.03125 0.0416667
0 0.635156 0.113542 0.0296875 0.0395833
0 0.828125 0.433333 0.03125 0.0416667
0 0.853125 0.228125 0.046875 0.05625
0 0.853125 0.75 0.03125 0.0416667
0 0.708594 0.636458 0.0296875 0.0395833
0 0.847656 0.838542 0.0265625 0.0354167
0 0.646875 0.5625 0.028125 0.0375
