0 0.308594 0.807292 0.0265625 0.0354167
0 0.629687 0.804167 0.034375 0.0416667
0 0.578125 0.152083 0.028125 0.0333333
0 0.311719 0.191667 0.0359375 0.0416667
0 0.4875 0.865625 0.03125 0.04375
0 0.278125 0.396875 0.025 0.03125
0 0.475781 0.413542 0.0359375 0.04375
0 0.244531 0.154167 0.0328125 0.0375
0 0.897656 0.176042 0.0328125 0.04375
0 0.291406 0.248958 0.0328125 0.0395833
0 0.0132813 0.771875 0.0234375 0.0395833
0 0.852344 0.229167 0.0421875 0.05
0 0.282813 0.217708 0.034375 0.0395833
0 0.725 0.773958 0.03125 0.0354167
0 0.660937 0.5375 0.028125 0.0416667
0 0.767969 0.09375 0.0328125 0.0416667
0 0.0828125 0.80625 0.03125 0.0375
0 0.569531 0.103125 0.0296875 0.0354167
0 0.269531 0.359375 0.0296875 0.0395833
0 0.655469 0.197917 0.0359375 0.0416667
0 0.709375 0.633333 0.03125 0.0416667
0 0.767969 0.025 0.0328125 0.0416667
0 0.557813 0.546875 0.03125 0.0395833
0 0.234375 0.578125 0.03125 0.04375
0 0.935156 0.209375 0.0390625 0.0520833
0 0.830469 0.435417 0.0328125 0.0416667
0 0.498437 0.0239583 0.034375 0.0395833
0 0.864062 0.4125 0.034375 0.0416667
0 0.260938 0.440625 0.034375 0.04375
0 0.192969 0.846875 0.0359375 0.04375
0 0.128906 0.2 0.0390625 0.05
0 0.584375 0.0510417 0.03125 0.0354167
0 0.583594 0.120833 0.0328125 0.0416667
0 0.366406 0.0322917 0.0328125 0.0395833
0 0.840625 0.860417 0.025 0.0375
0 0.603125 0.214583 0.03125 0.0375
0 0.239063 0.858333 0.034375 0.0416667
0 0.628906 0.6 0.0296875 0.0375
0 0.847656 0.755208 0.0328125 0.04375
0 0.83125 0.983333 0.028125 0.0333333
0 0.496094 0.744792 0.0421875 0.0520833
