0 0.266406 0.8875 0.0265625 0.0291667
0 0.488281 0.758333 0.0390625 0.0416667
0 0.260938 0.434375 0.028125 0.0354167
0 0.719531 0.119792 0.0296875 0.0354167
0 0.717188 0.784375 0.028125 0.0354167
0 0.235938 0.460417 0.021875 0.0291667
0 0.301562 0.217708 0.034375 0.0395833
0 0.753906 0.111458 0.0296875 0.0354167
0 0.488281 0.863542 0.0296875 0.0395833
0 0.6375 0.419792 0.0375 0.0479167
0 0.151562 0.945833 0.028125 0.0333333
0 0.460156 0.44375 0.0390625 0.05
0 0.50625 0.0260417 0.025 0.0354167
0 0.230469 0.171875 0.0296875 0.0354167
0 0.478906 0.0510417 0.0265625 0.0354167
0 0.823438 0.988542 0.028125 0.0229167
0 0.084375 0.804167 0.03125 0.0375
0 0.921875 0.977083 0.03125 0.0375
0 0.9375 0.207292 0.0375 0.0520833
0 0.235938 0.571875 0.028125 0.04375
0 0.627344 0.240625 0.0328125 0.0395833
0 0.515625 0.60625 0.03125 0.0458333
0 0.130469 0.197917 0.0328125 0.0416667
0 0.569531 0.102083 0.0296875 0.0375
0 0.857813 0.690625 0.028125 0.0354167
0 0.355469 0.0666667 0.0296875 0.0375
0 0.709375 0.630208 0.03125 0.0395833
0 0.191406 0.846875 0.0328125 0.0395833
0 0.851562 0.236458 0.040625 0.0520833
0 0.602344 0.210417 0.0296875 0.0416667
0 0.0890625 0.9625 0.03125 0.0375
0 0.838281 0.753125 0.0328125 0.0479167
0 0.146094 0.928125 0.0296875 0.0354167
0 0.583594 0.121875 0.0328125 0.0395833
0 0.827344 0.432292 0.0328125 0.0395833
0 0.859375 0.410417 0.03125 0.0375
0 0.232031 0.383333 0.0296875 0.0416667
0 0.267969 0.244792 0.0328125 0.0395833
0 0.832812 0.871875 0.028125 0.0354167
0 0.630469 0.615625 0.0296875 0.0395833
0 0.578906 0.15 0.0296875 0.0375
0 0.2375 0.857292 0.03125 0.04375
