0 0.820312 0.634375 0.021875 0.03125
0 0.628906 0.805208 0.0328125 0.0395833
0 0.564844 0.160417 0.0265625 0.0333333
0 0.745313 0.741667 0.028125 0.0333333
0 0.739062 0.798958 0.028125 0.0395833
0 0.4875 0.864583 0.03125 0.0375
0 0.658594 0.926042 0.0390625 0.0520833
0 0.105469 0.516667 0.0328125 0.0416667
0 0.500781 0.386458 0.0296875 0.0354167
0 0.697656 0.161458 0.0328125 0.04375
0 0.672656 0.13125 0.0359375 0.0416667
0 0.199219 0.126042 0.0265625 0.0395833
0 0.0460938 0.361458 0.0328125 0.0395833
0 0.315625 0.30625 0.025 0.0375
0 0.670313 0.598958 0.034375 0.0395833
0 0.0289063 0.727083 0.0328125 0.0416667
0 0.584375 0.875 0.03125 0.0375
0 0.0890625 0.963542 0.03125 0.0395833
0 0.0757812 0.269792 0.0328125 0.04375
0 0.54375 0.802083 0.028125 0.0375
0 0.707812 0.639583 0.028125 0.0375
0 0.354688 0.703125 0.034375 0.04375
0 0.514063 0.720833 0.040625 0.05
0 0.584375 0.121875 0.03125 0.0395833
0 0.585938 0.486458 0.034375 0.0395833
0 0.0835937 0.805208 0.0296875 0.0354167
0 0.307813 0.1 0.028125 0.0375
0 0.239063 0.578125 0.028125 0.0395833
0 0.6 0.311458 0.03125 0.0395833
0 0.271875 0.413542 0.03125 0.0395833
0 0.567187 0.101042 0.03125 0.0395833
0 0.133594 0.194792 0.0328125 0.04375
0 0.191406 0.84375 0.0296875 0.0375
0 0.836719 0.963542 0.0296875 0.0395833
0 0.910156 0.711458 0.0296875 0.0395833
0 0.86875 0.408333 0.03125 0.0416667
0 0.935156 0.208333 0.0390625 0.0541667
0 0.411719 0.173958 0.0265625 0.0354167
0 0.578125 0.15 0.028125 0.0333333
0 0.282031 0.217708 0.0328125 0.0395833
0 0.827344 0.432292 0.0328125 0.04375
0 0.242969 0.853125 0.0296875 0.0395833
0 0.0179687 0.226042 0.0328125 0.04375
0 0.635938 0.420833 0.034375 0.0458333
0 0.853906 0.747917 0.0328125 0.0458333
0 0.771094 0.0635417 0.0296875 0.0395833
0 0.9875 0.773958 0.025 0.0395833
0 0.601562 0.210417 0.034375 0.0458333
0 0.846875 0.8375 0.03125 0.0375
0 0.851562 0.228125 0.046875 0.05625
0 0.646875 0.5625 0.028125 0.0375
