0 0.564062 0.159375 0.025 0.0354167
0 0.307813 0.195833 0.028125 0.0333333
0 0.628125 0.802083 0.034375 0.0375
0 0.716406 0.7875 0.0265625 0.0333333
0 0.211719 0.182292 0.0296875 0.0354167
0 0.260938 0.434375 0.028125 0.0354167
0 0.636719 0.419792 0.0390625 0.0479167
0 0.851562 0.234375 0.040625 0.0479167
0 0.235938 0.56875 0.03125 0.0458333
0 0.185156 0.814583 0.0265625 0.0375
0 0.355469 0.0697917 0.0265625 0.03125
0 0.4875 0.861458 0.03125 0.0395833
0 0.741406 0.136458 0.0296875 0.0354167
0 0.935156 0.207292 0.0390625 0.0520833
0 0.776563 0.247917 0.028125 0.0375
0 0.192188 0.845833 0.034375 0.0416667
0 0.475781 0.053125 0.0265625 0.0395833
0 0.757812 0.90625 0.028125 0.0375
0 0.0835937 0.803125 0.0328125 0.0395833
0 0.823438 0.9875 0.028125 0.025
0 0.709375 0.145833 0.03125 0.0416667
0 0.253125 0.194792 0.03125 0.0395833
0 0.227344 0.479167 0.0234375 0.0291667
0 0.570312 0.102083 0.028125 0.0333333
0 0.129688 0.195833 0.034375 0.0458333
0 0.989062 0.414583 0.021875 0.0458333
0 0.0921875 0.963542 0.034375 0.04375
0 0.457812 0.4625 0.034375 0.0416667
0 0.628125 0.0145833 0.028125 0.0291667
0 0.708594 0.630208 0.0328125 0.0395833
0 0.842188 0.771875 0.034375 0.04375
0 0.222656 0.395833 0.0296875 0.0416667
0 0.583594 0.120833 0.0328125 0.0375
0 0.408594 0.217708 0.0359375 0.04375
0 0.625 0.240625 0.03125 0.0395833
0 0.602344 0.208333 0.0296875 0.0416667
0 0.832812 0.869792 0.028125 0.0395833
0 0.629687 0.616667 0.028125 0.0416667
0 0.504687 0.611458 0.034375 0.0479167
0 0.826563 0.43125 0.03125 0.0375
0 0.861719 0.410417 0.0296875 0.0375
0 0.264844 0.259375 0.0359375 0.0479167
0 0.238281 0.85625 0.0328125 0.0458333
0 0.507812 0.03125 0.025 0.0333333
0 0.578125 0.148958 0.028125 0.0354167
