0 0.46875 0.467708 0.03125 0.0479167
0 0.6375 0.421875 0.0375 0.0479167
0 0.576563 0.154167 0.028125 0.0333333
0 0.4875 0.864583 0.03125 0.0416667
0 0.3125 0.190625 0.03125 0.0354167
0 0.280469 0.390625 0.0265625 0.0354167
0 0.478125 0.4125 0.0375 0.05
0 0.563281 0.532292 0.0328125 0.0395833
0 0.283594 0.217708 0.0359375 0.0395833
0 0.248437 0.146875 0.03125 0.0354167
0 0.972656 0.864583 0.0359375 0.0416667
0 0.271094 0.241667 0.0328125 0.0375
0 0.239063 0.857292 0.034375 0.04375
0 0.725 0.773958 0.03125 0.0395833
0 0.0140625 0.769792 0.025 0.0395833
0 0.0125 0.09375 0.025 0.0375
0 0.272656 0.354167 0.0296875 0.0416667
0 0.915625 0.2375 0.03125 0.0333333
0 0.500781 0.0229167 0.0328125 0.0375
0 0.234375 0.578125 0.03125 0.04375
0 0.852344 0.229167 0.0421875 0.05
0 0.569531 0.103125 0.0296875 0.0354167
0 0.0835937 0.80625 0.0328125 0.0416667
0 0.644531 0.0708333 0.0328125 0.0375
0 0.709375 0.633333 0.03125 0.0416667
0 0.76875 0.0885417 0.03125 0.0395833
0 0.0765625 0.575 0.03125 0.0416667
0 0.864844 0.413542 0.0328125 0.04375
0 0.829687 0.436458 0.034375 0.0395833
0 0.260156 0.439583 0.0359375 0.0416667
0 0.0679687 0.288542 0.0359375 0.0479167
0 0.192969 0.845833 0.0359375 0.0458333
0 0.603125 0.214583 0.03125 0.0375
0 0.532031 0.984375 0.0359375 0.03125
0 0.654688 0.19375 0.034375 0.0416667
0 0.583594 0.120833 0.0296875 0.0375
0 0.935938 0.205208 0.034375 0.0479167
0 0.842188 0.859375 0.028125 0.0395833
0 0.627344 0.589583 0.0390625 0.0541667
0 0.366406 0.028125 0.0328125 0.0395833
0 0.496094 0.74375 0.0421875 0.05
0 0.846875 0.755208 0.03125 0.04375
0 0.130469 0.198958 0.0390625 0.0479167
0 0.83125 0.983333 0.028125 0.0333333
