0 0.563281 0.161458 0.0265625 0.0354167
0 0.241406 0.454167 0.0234375 0.0291667
0 0.4875 0.759375 0.0375 0.04375
0 0.260156 0.435417 0.0296875 0.0375
0 0.717188 0.783333 0.028125 0.0333333
0 0.904688 0.635417 0.028125 0.0375
0 0.4875 0.863542 0.03125 0.0395833
0 0.851562 0.233333 0.040625 0.05
0 0.235938 0.176042 0.03125 0.0354167
0 0.50625 0.0260417 0.025 0.0354167
0 0.724219 0.110417 0.0328125 0.0375
0 0.754687 0.109375 0.03125 0.0395833
0 0.9375 0.207292 0.0375 0.0520833
0 0.635938 0.41875 0.0375 0.0458333
0 0.0835937 0.804167 0.0296875 0.0375
0 0.460938 0.441667 0.034375 0.05
0 0.235156 0.572917 0.0296875 0.0416667
0 0.569531 0.102083 0.0296875 0.0375
0 0.479688 0.0489583 0.028125 0.0354167
0 0.305469 0.219792 0.0328125 0.0395833
0 0.628125 0.239583 0.03125 0.0375
0 0.823438 0.988542 0.028125 0.0229167
0 0.971094 0.4 0.0296875 0.0375
0 0.130469 0.196875 0.0328125 0.04375
0 0.190625 0.846875 0.034375 0.04375
0 0.142969 0.934375 0.0296875 0.0395833
0 0.826563 0.433333 0.034375 0.0416667
0 0.35625 0.0635417 0.028125 0.0354167
0 0.602344 0.210417 0.0296875 0.0416667
0 0.859375 0.410417 0.03125 0.0375
0 0.709375 0.630208 0.03125 0.0395833
0 0.0882813 0.9625 0.0296875 0.0375
0 0.517969 0.605208 0.0328125 0.04375
0 0.26875 0.242708 0.03125 0.0395833
0 0.582812 0.120833 0.03125 0.0375
0 0.233594 0.380208 0.0296875 0.0395833
0 0.838281 0.753125 0.0328125 0.0479167
0 0.578125 0.15 0.028125 0.0375
0 0.832812 0.872917 0.028125 0.0375
0 0.63125 0.613542 0.03125 0.0395833
0 0.236719 0.857292 0.0296875 0.04375
