0 0.563281 0.159375 0.0265625 0.0354167
0 0.613281 0.826042 0.0328125 0.0395833
0 0.714844 0.13125 0.0296875 0.0375
0 0.9375 0.207292 0.0375 0.0520833
0 0.75 0.120833 0.034375 0.0416667
0 0.767187 0.135417 0.03125 0.0416667
0 0.716406 0.786458 0.0265625 0.0354167
0 0.851562 0.235417 0.040625 0.0458333
0 0.260938 0.433333 0.028125 0.0375
0 0.175781 0.8625 0.0359375 0.0416667
0 0.6375 0.417708 0.0375 0.0479167
0 0.4875 0.863542 0.03125 0.0395833
0 0.457812 0.451042 0.034375 0.04375
0 0.192188 0.846875 0.034375 0.04375
0 0.222656 0.173958 0.0296875 0.0354167
0 0.476562 0.053125 0.028125 0.0395833
0 0.230469 0.46875 0.0203125 0.0291667
0 0.235938 0.570833 0.03125 0.0416667
0 0.628125 0.802083 0.034375 0.0375
0 0.228125 0.3875 0.028125 0.0416667
0 0.288281 0.211458 0.0328125 0.0395833
0 0.823438 0.989583 0.028125 0.0208333
0 0.0875 0.963542 0.03125 0.0395833
0 0.569531 0.102083 0.0296875 0.0375
0 0.084375 0.803125 0.03125 0.0395833
0 0.078125 0.841667 0.03125 0.0416667
0 0.129688 0.196875 0.034375 0.0479167
0 0.267188 0.25 0.034375 0.0416667
0 0.510938 0.607292 0.034375 0.0479167
0 0.58125 0.120833 0.03125 0.0375
0 0.508594 0.0302083 0.0265625 0.0354167
0 0.832812 0.754167 0.028125 0.0416667
0 0.355469 0.0697917 0.0296875 0.0354167
0 0.626562 0.240625 0.03125 0.0395833
0 0.832812 0.871875 0.028125 0.0354167
0 0.832812 0.801042 0.028125 0.0354167
0 0.860156 0.410417 0.0296875 0.0375
0 0.826563 0.432292 0.034375 0.0395833
0 0.602344 0.209375 0.0296875 0.04375
0 0.989062 0.410417 0.021875 0.0458333
0 0.709375 0.630208 0.03125 0.0395833
0 0.630469 0.617708 0.0296875 0.0395833
0 0.578125 0.148958 0.028125 0.0354167
0 0.2375 0.857292 0.03125 0.04375
