0 0.638281 0.413542 0.0390625 0.0479167
0 0.307813 0.197917 0.028125 0.0333333
0 0.560938 0.161458 0.028125 0.0354167
0 0.734375 0.15 0.03125 0.0375
0 0.715625 0.7875 0.028125 0.0333333
0 0.234375 0.566667 0.03125 0.05
0 0.196875 0.73125 0.03125 0.0458333
0 0.4875 0.861458 0.03125 0.0395833
0 0.792188 0.36875 0.028125 0.0375
0 0.835938 0.780208 0.034375 0.04375
0 0.704687 0.15625 0.034375 0.0416667
0 0.221875 0.484375 0.025 0.03125
0 0.578125 0.147917 0.028125 0.0333333
0 0.260938 0.43125 0.028125 0.0375
0 0.210156 0.230208 0.0328125 0.0354167
0 0.570312 0.102083 0.028125 0.0333333
0 0.851562 0.23125 0.04375 0.05
0 0.084375 0.802083 0.03125 0.0375
0 0.823438 0.988542 0.028125 0.0229167
0 0.83125 0.86875 0.03125 0.0416667
0 0.623438 0.015625 0.03125 0.03125
0 0.407813 0.217708 0.034375 0.04375
0 0.708594 0.629167 0.0328125 0.0416667
0 0.207031 0.190625 0.0296875 0.0354167
0 0.710156 0.9625 0.0296875 0.0416667
0 0.0429688 0.984375 0.0359375 0.03125
0 0.129688 0.196875 0.034375 0.04375
0 0.625 0.240625 0.03125 0.0395833
0 0.352344 0.071875 0.0265625 0.03125
0 0.259375 0.266667 0.034375 0.0416667
0 0.475 0.0541667 0.025 0.0375
0 0.584375 0.120833 0.03125 0.0375
0 0.103906 0.985417 0.0296875 0.0291667
0 0.215625 0.403125 0.028125 0.04375
0 0.453906 0.469792 0.0359375 0.0395833
0 0.192188 0.855208 0.034375 0.04375
0 0.492969 0.615625 0.0328125 0.04375
0 0.828125 0.43125 0.03125 0.0375
0 0.602344 0.208333 0.0296875 0.0458333
0 0.860937 0.410417 0.028125 0.0375
0 0.630469 0.616667 0.0296875 0.0416667
0 0.934375 0.20625 0.0375 0.05
0 0.236719 0.85625 0.0296875 0.0416667
0 0.507031 0.0333333 0.0265625 0.0333333
