0 0.576563 0.153125 0.028125 0.0354167
0 0.282031 0.3875 0.0265625 0.0291667
0 0.639063 0.41875 0.040625 0.0541667
0 0.285156 0.219792 0.0359375 0.04375
0 0.469531 0.470833 0.0359375 0.0458333
0 0.4875 0.865625 0.03125 0.04375
0 0.310937 0.189583 0.034375 0.0375
0 0.613281 0.533333 0.0328125 0.0416667
0 0.261719 0.229167 0.0359375 0.0416667
0 0.564844 0.530208 0.0328125 0.04375
0 0.478125 0.4125 0.0375 0.05
0 0.04375 0.0833333 0.034375 0.0416667
0 0.25 0.144792 0.034375 0.0395833
0 0.725 0.773958 0.03125 0.0354167
0 0.0804688 0.536458 0.0359375 0.04375
0 0.240625 0.857292 0.03125 0.0395833
0 0.084375 0.805208 0.03125 0.0395833
0 0.76875 0.0895833 0.03125 0.0375
0 0.5 0.021875 0.03125 0.0395833
0 0.274219 0.353125 0.0296875 0.0395833
0 0.709375 0.633333 0.03125 0.0416667
0 0.529688 0.982292 0.034375 0.0354167
0 0.936719 0.230208 0.0390625 0.0479167
0 0.667188 0.0666667 0.03125 0.0375
0 0.569531 0.103125 0.0296875 0.0354167
0 0.234375 0.578125 0.03125 0.04375
0 0.864062 0.411458 0.034375 0.04375
0 0.830469 0.436458 0.0328125 0.04375
0 0.260938 0.439583 0.034375 0.0416667
0 0.192969 0.845833 0.0359375 0.0458333
0 0.0945313 0.272917 0.0359375 0.05
0 0.655469 0.192708 0.0359375 0.04375
0 0.603125 0.213542 0.03125 0.0395833
0 0.584375 0.121875 0.03125 0.0395833
0 0.935156 0.208333 0.0390625 0.0541667
0 0.628125 0.592708 0.03125 0.04375
0 0.498437 0.74375 0.04375 0.05
0 0.130469 0.2 0.0390625 0.05
0 0.853125 0.230208 0.04375 0.0520833
0 0.840625 0.857292 0.028125 0.0395833
0 0.846875 0.754167 0.03125 0.0416667
0 0.366406 0.0270833 0.0328125 0.0375
0 0.83125 0.983333 0.028125 0.0333333
