0 0.267188 0.430208 0.028125 0.0354167
0 0.4875 0.864583 0.03125 0.0375
0 0.241406 0.855208 0.0296875 0.0395833
0 0.294531 0.428125 0.0296875 0.0354167
0 0.578125 0.151042 0.03125 0.0354167
0 0.307031 0.342708 0.0203125 0.0270833
0 0.947656 0.9375 0.0296875 0.0375
0 0.5625 0.9125 0.03125 0.0333333
0 0.49375 0.398958 0.03125 0.0395833
0 0.307031 0.389583 0.0296875 0.0333333
0 0.300781 0.314583 0.0296875 0.0375
0 0.0210938 0.7375 0.0296875 0.0416667
0 0.0101562 0.271875 0.0203125 0.0395833
0 0.729688 0.694792 0.03125 0.0395833
0 0.280469 0.11875 0.0296875 0.0375
0 0.20625 0.385417 0.03125 0.0333333
0 0.0882813 0.964583 0.0296875 0.0375
0 0.0414063 0.221875 0.0296875 0.0395833
0 0.56875 0.102083 0.03125 0.0375
0 0.665625 0.161458 0.0375 0.04375
0 0.0835937 0.80625 0.0296875 0.0375
0 0.773438 0.0739583 0.03125 0.0395833
0 0.221875 0.176042 0.025 0.0354167
0 0.585156 0.121875 0.0328125 0.0395833
0 0.767187 0.504167 0.03125 0.0416667
0 0.584375 0.504167 0.034375 0.0416667
0 0.852344 0.75 0.0359375 0.0458333
0 0.0398437 0.372917 0.0328125 0.0416667
0 0.988281 0.803125 0.0234375 0.0395833
0 0.192188 0.84375 0.03125 0.0375
0 0.497656 0.0135417 0.0296875 0.0270833
0 0.708594 0.635417 0.0296875 0.0375
0 0.235156 0.579167 0.0296875 0.0416667
0 0.852344 0.229167 0.0453125 0.0541667
0 0.835938 0.96875 0.028125 0.0375
0 0.635156 0.569792 0.0296875 0.0395833
0 0.282813 0.21875 0.034375 0.0416667
0 0.600781 0.213542 0.0328125 0.0395833
0 0.828906 0.433333 0.0328125 0.0416667
0 0.86875 0.408333 0.03125 0.0416667
0 0.133594 0.195833 0.0328125 0.0416667
0 0.635938 0.420833 0.034375 0.05
0 0.846094 0.84375 0.0296875 0.0375
0 0.935938 0.208333 0.040625 0.0583333
0 0.629687 0.805208 0.034375 0.04375
0 0.507812 0.730208 0.040625 0.0520833
