0 0.566406 0.160417 0.0296875 0.0333333
0 0.851562 0.232292 0.04375 0.0520833
0 0.460156 0.43125 0.0390625 0.0541667
0 0.308594 0.189583 0.0265625 0.0375
0 0.578125 0.151042 0.03125 0.0395833
0 0.635938 0.420833 0.034375 0.0458333
0 0.2375 0.171875 0.03125 0.0354167
0 0.4875 0.8625 0.03125 0.0416667
0 0.71875 0.782292 0.03125 0.0354167
0 0.735937 0.0833333 0.034375 0.0416667
0 0.757812 0.1 0.034375 0.0416667
0 0.569531 0.105208 0.0328125 0.0395833
0 0.940625 0.942708 0.03125 0.0354167
0 0.634375 0.236458 0.034375 0.04375
0 0.272656 0.236458 0.0328125 0.0395833
0 0.084375 0.805208 0.028125 0.0354167
0 0.482812 0.0447917 0.028125 0.0395833
0 0.242969 0.373958 0.0296875 0.0395833
0 0.235156 0.576042 0.0296875 0.04375
0 0.260938 0.436458 0.034375 0.0395833
0 0.83125 0.36875 0.034375 0.0416667
0 0.0890625 0.9625 0.03125 0.0375
0 0.530469 0.592708 0.0328125 0.04375
0 0.823438 0.988542 0.028125 0.0229167
0 0.310937 0.222917 0.034375 0.0416667
0 0.13125 0.197917 0.034375 0.0458333
0 0.600781 0.209375 0.0296875 0.0395833
0 0.357812 0.0572917 0.03125 0.0395833
0 0.828906 0.434375 0.0328125 0.0395833
0 0.191406 0.845833 0.0328125 0.0416667
0 0.864844 0.414583 0.0328125 0.0416667
0 0.489844 0.751042 0.0421875 0.0479167
0 0.709375 0.63125 0.03125 0.0416667
0 0.932813 0.46875 0.034375 0.0375
0 0.835156 0.870833 0.0265625 0.0375
0 0.582031 0.119792 0.0359375 0.04375
0 0.935938 0.208333 0.040625 0.0541667
0 0.63125 0.610417 0.03125 0.0416667
0 0.236719 0.858333 0.0296875 0.0416667
0 0.842188 0.754167 0.034375 0.05
