0 0.565625 0.160417 0.03125 0.0375
0 0.310156 0.191667 0.0328125 0.0416667
0 0.700781 0.514583 0.0328125 0.0375
0 0.577344 0.153125 0.0296875 0.0354167
0 0.471094 0.423958 0.0390625 0.05625
0 0.486719 0.864583 0.0296875 0.0416667
0 0.547656 0.569792 0.0359375 0.04375
0 0.569531 0.10625 0.0296875 0.0375
0 0.650781 0.215625 0.0359375 0.0395833
0 0.764844 0.0979167 0.0296875 0.0375
0 0.601562 0.213542 0.028125 0.0354167
0 0.0890625 0.963542 0.03125 0.0395833
0 0.709375 0.633333 0.03125 0.0416667
0 0.851562 0.233333 0.040625 0.05
0 0.24375 0.154167 0.03125 0.0375
0 0.722656 0.775 0.0296875 0.0333333
0 0.957812 0.903125 0.034375 0.0354167
0 0.260938 0.440625 0.03125 0.0395833
0 0.864062 0.413542 0.034375 0.04375
0 0.308594 0.246875 0.0359375 0.04375
0 0.0828125 0.80625 0.03125 0.0375
0 0.192969 0.847917 0.0359375 0.0458333
0 0.279687 0.226042 0.034375 0.0395833
0 0.825781 0.075 0.0296875 0.0375
0 0.233594 0.578125 0.0296875 0.04375
0 0.630469 0.605208 0.0296875 0.0395833
0 0.830469 0.436458 0.0359375 0.04375
0 0.838281 0.860417 0.0265625 0.0375
0 0.363281 0.0416667 0.0328125 0.0416667
0 0.129688 0.2 0.040625 0.0541667
0 0.760156 0.046875 0.0359375 0.04375
0 0.582812 0.121875 0.034375 0.04375
0 0.257031 0.367708 0.0328125 0.0395833
0 0.238281 0.858333 0.0328125 0.0416667
0 0.49375 0.748958 0.040625 0.0479167
0 0.846094 0.753125 0.0328125 0.0479167
0 0.496875 0.028125 0.0375 0.04375
0 0.830469 0.983333 0.0296875 0.0333333
0 0.935938 0.209375 0.040625 0.0604167
