0 0.6375 0.420833 0.0375 0.0458333
0 0.576563 0.111458 0.034375 0.0395833
0 0.309375 0.808333 0.025 0.0333333
0 0.314063 0.189583 0.040625 0.0458333
0 0.578125 0.153125 0.028125 0.0354167
0 0.278125 0.397917 0.025 0.0291667
0 0.4875 0.865625 0.03125 0.04375
0 0.966406 0.878125 0.0359375 0.0395833
0 0.475781 0.414583 0.0359375 0.0416667
0 0.569531 0.104167 0.0265625 0.0333333
0 0.291406 0.248958 0.0328125 0.0395833
0 0.767969 0.09375 0.0328125 0.0416667
0 0.0132813 0.771875 0.0234375 0.0395833
0 0.244531 0.153125 0.0328125 0.0395833
0 0.725 0.773958 0.03125 0.0354167
0 0.015625 0.546875 0.03125 0.0395833
0 0.282813 0.217708 0.034375 0.0395833
0 0.26875 0.358333 0.03125 0.0416667
0 0.0828125 0.80625 0.03125 0.0375
0 0.235156 0.578125 0.0296875 0.04375
0 0.655469 0.198958 0.0359375 0.04375
0 0.830469 0.435417 0.0328125 0.0416667
0 0.864062 0.4125 0.034375 0.0416667
0 0.709375 0.633333 0.03125 0.0416667
0 0.659375 0.536458 0.028125 0.0395833
0 0.498437 0.0239583 0.034375 0.0395833
0 0.557813 0.55 0.028125 0.0375
0 0.853125 0.229167 0.04375 0.05
0 0.192969 0.846875 0.0359375 0.04375
0 0.5875 0.0291667 0.028125 0.0375
0 0.260938 0.440625 0.034375 0.0395833
0 0.840625 0.860417 0.025 0.0375
0 0.895312 0.165625 0.034375 0.04375
0 0.129688 0.2 0.0375 0.05
0 0.365625 0.0322917 0.034375 0.0395833
0 0.583594 0.121875 0.0328125 0.0395833
0 0.602344 0.213542 0.0296875 0.0354167
0 0.239844 0.858333 0.0328125 0.0416667
0 0.629687 0.602083 0.028125 0.0375
0 0.935938 0.209375 0.040625 0.05625
0 0.496094 0.745833 0.0421875 0.05
0 0.846875 0.754167 0.03125 0.0458333
0 0.83125 0.983333 0.028125 0.0333333
