0 0.575 0.113542 0.034375 0.0395833
0 0.629687 0.804167 0.034375 0.0416667
0 0.263281 0.414583 0.0265625 0.0291667
0 0.182812 0.939583 0.028125 0.0375
0 0.310156 0.192708 0.0359375 0.04375
0 0.6375 0.422917 0.0375 0.0458333
2 0.182812 0.939583 0.028125 0.0375
0 0.470313 0.425 0.040625 0.0583333
0 0.764844 0.0989583 0.0296875 0.0354167
0 0.578125 0.153125 0.03125 0.0354167
0 0.689062 0.464583 0.03125 0.0416667
0 0.853125 0.234375 0.04375 0.0520833
0 0.486719 0.864583 0.0296875 0.0416667
0 0.567969 0.105208 0.0296875 0.0354167
0 0.992188 0.407292 0.015625 0.0520833
0 0.009375 0.782292 0.01875 0.0354167
0 0.0898438 0.963542 0.0296875 0.0395833
0 0.647656 0.21875 0.0359375 0.0416667
0 0.278125 0.226042 0.034375 0.0395833
0 0.792969 0.0833333 0.0296875 0.0416667
0 0.546094 0.571875 0.0359375 0.04375
0 0.0835937 0.80625 0.0296875 0.0375
0 0.95625 0.90625 0.03125 0.0375
0 0.601562 0.213542 0.03125 0.0354167
0 0.864844 0.413542 0.0328125 0.04375
0 0.722656 0.777083 0.0296875 0.0333333
0 0.709375 0.632292 0.03125 0.0395833
0 0.242969 0.153125 0.0328125 0.0395833
0 0.492188 0.03125 0.034375 0.0416667
0 0.260938 0.439583 0.03125 0.0375
0 0.233594 0.577083 0.0296875 0.0416667
0 0.829687 0.435417 0.034375 0.0416667
0 0.128906 0.2 0.0390625 0.0541667
0 0.828906 0.985417 0.0265625 0.0291667
0 0.192969 0.845833 0.0328125 0.0416667
0 0.3625 0.0447917 0.034375 0.04375
0 0.628125 0.605208 0.028125 0.0354167
0 0.25625 0.36875 0.028125 0.0375
0 0.582812 0.122917 0.034375 0.0416667
0 0.307031 0.239583 0.0390625 0.0458333
0 0.838281 0.861458 0.0265625 0.0395833
0 0.757812 0.0510417 0.034375 0.04375
0 0.846094 0.754167 0.0328125 0.0458333
0 0.238281 0.858333 0.0328125 0.0416667
0 0.49375 0.748958 0.040625 0.0479167
0 0.935938 0.209375 0.040625 0.05625
