0 0.740625 0.757292 0.028125 0.0354167
0 0.935156 0.204167 0.0390625 0.0541667
0 0.314844 0.416667 0.0265625 0.0333333
0 0.307813 0.342708 0.021875 0.0270833
0 0.0429688 0.371875 0.0328125 0.04375
0 0.486719 0.865625 0.0296875 0.0354167
0 0.301562 0.403125 0.028125 0.03125
0 0.492969 0.397917 0.0328125 0.0416667
0 0.240625 0.855208 0.03125 0.0395833
0 0.267969 0.428125 0.0296875 0.0354167
0 0.851562 0.229167 0.046875 0.0541667
0 0.219531 0.173958 0.0265625 0.0354167
0 0.566406 0.0125 0.0296875 0.025
0 0.303125 0.315625 0.028125 0.0395833
0 0.0210938 0.736458 0.0296875 0.04375
0 0.0890625 0.964583 0.03125 0.0375
0 0.934375 0.923958 0.03125 0.0395833
0 0.498437 0.0135417 0.03125 0.0270833
0 0.585156 0.120833 0.0328125 0.0416667
0 0.851562 0.747917 0.034375 0.0458333
0 0.773438 0.0739583 0.03125 0.0395833
0 0.578125 0.15 0.03125 0.0375
0 0.70625 0.68125 0.028125 0.0375
0 0.584375 0.503125 0.034375 0.0395833
0 0.0835937 0.80625 0.0296875 0.0375
0 0.563281 0.909375 0.0296875 0.03125
0 0.235938 0.576042 0.028125 0.0395833
0 0.567969 0.103125 0.0328125 0.0395833
0 0.192969 0.844792 0.0328125 0.0395833
0 0.665625 0.160417 0.0375 0.0416667
0 0.0625 0.259375 0.028125 0.04375
0 0.282031 0.116667 0.0296875 0.0333333
0 0.132812 0.195833 0.03125 0.0416667
0 0.75625 0.516667 0.03125 0.0416667
0 0.282813 0.21875 0.034375 0.0416667
0 0.709375 0.63125 0.03125 0.0375
0 0.629687 0.804167 0.0375 0.0416667
0 0.635938 0.420833 0.034375 0.05
0 0.867969 0.407292 0.0328125 0.04375
0 0.828125 0.434375 0.03125 0.0395833
0 0.225 0.410417 0.03125 0.0416667
0 0.635156 0.566667 0.0296875 0.0416667
0 0.835938 0.967708 0.028125 0.0395833
0 0.600781 0.2125 0.0328125 0.0416667
0 0.845312 0.844792 0.028125 0.0354167
0 0.507812 0.730208 0.040625 0.0520833
