0 0.313281 0.180208 0.0234375 0.03125
0 0.627344 0.807292 0.0328125 0.04375
0 0.6125 0.828125 0.03125 0.0395833
0 0.0453125 0.361458 0.034375 0.04375
0 0.5625 0.160417 0.028125 0.0333333
0 0.4875 0.864583 0.028125 0.0375
0 0.578125 0.151042 0.028125 0.03125
0 0.5 0.389583 0.03125 0.0375
0 0.666406 0.136458 0.0328125 0.0395833
0 0.302344 0.103125 0.0296875 0.0395833
0 0.14375 0.277083 0.03125 0.0416667
0 0.028125 0.729167 0.03125 0.0416667
0 0.367969 0.254167 0.0296875 0.0416667
0 0.0210938 0.527083 0.0296875 0.0375
0 0.210156 0.142708 0.0265625 0.0395833
0 0.634375 0.154167 0.03125 0.0333333
0 0.985937 0.780208 0.028125 0.0395833
0 0.74375 0.747917 0.028125 0.0333333
0 0.782812 0.723958 0.034375 0.0395833
0 0.0882813 0.963542 0.0296875 0.0395833
0 0.655469 0.802083 0.0328125 0.0416667
0 0.58125 0.879167 0.03125 0.0333333
0 0.948438 0.808333 0.028125 0.0416667
0 0.280469 0.608333 0.0328125 0.0416667
0 0.3125 0.308333 0.028125 0.0375
0 0.0835937 0.805208 0.0296875 0.0354167
0 0.567187 0.102083 0.03125 0.0375
0 0.584375 0.121875 0.03125 0.0395833
0 0.771094 0.0697917 0.0296875 0.0354167
0 0.510938 0.722917 0.040625 0.0458333
0 0.485938 0.573958 0.03125 0.0354167
0 0.015625 0.2375 0.03125 0.0416667
0 0.192188 0.844792 0.03125 0.0395833
0 0.242969 0.855208 0.0296875 0.0395833
0 0.602344 0.2125 0.0296875 0.0416667
0 0.282813 0.217708 0.034375 0.0395833
0 0.239063 0.577083 0.03125 0.0458333
0 0.272656 0.413542 0.0296875 0.0354167
0 0.632812 0.425 0.034375 0.0458333
0 0.707031 0.638542 0.0296875 0.0395833
0 0.585938 0.490625 0.034375 0.0395833
0 0.853125 0.748958 0.03125 0.0395833
0 0.828125 0.433333 0.03125 0.0416667
0 0.86875 0.408333 0.03125 0.0416667
0 0.935938 0.209375 0.040625 0.05625
0 0.853125 0.228125 0.04375 0.05625
0 0.848437 0.838542 0.028125 0.0354167
0 0.132812 0.195833 0.034375 0.0458333
0 0.646094 0.5625 0.0296875 0.0375
