0 0.307813 0.342708 0.021875 0.0270833
0 0.28125 0.408333 0.03125 0.0333333
0 0.486719 0.865625 0.0296875 0.0354167
0 0.186719 0.404167 0.0296875 0.0333333
0 0.266406 0.430208 0.0328125 0.0395833
0 0.736719 0.720833 0.0265625 0.0375
0 0.492188 0.398958 0.03125 0.0395833
0 0.301562 0.317708 0.028125 0.0354167
0 0.241406 0.85625 0.0296875 0.0375
0 0.567969 0.104167 0.0296875 0.0375
0 0.021875 0.738542 0.03125 0.04375
0 0.278125 0.117708 0.03125 0.0354167
0 0.541406 0.985417 0.0328125 0.0291667
0 0.561719 0.913542 0.0296875 0.0354167
0 0.772656 0.509375 0.0359375 0.0479167
0 0.0125 0.245833 0.021875 0.0333333
0 0.3125 0.407292 0.028125 0.0395833
0 0.664844 0.161458 0.0359375 0.0395833
0 0.0382813 0.372917 0.0359375 0.0458333
0 0.497656 0.0145833 0.0328125 0.0291667
0 0.220313 0.179167 0.028125 0.0375
0 0.0835937 0.80625 0.0296875 0.0375
0 0.709375 0.633333 0.03125 0.0375
0 0.578125 0.151042 0.03125 0.0354167
0 0.585156 0.121875 0.0328125 0.0395833
0 0.9875 0.805208 0.025 0.0354167
0 0.772656 0.0739583 0.0296875 0.0395833
0 0.192969 0.844792 0.0328125 0.0395833
0 0.583594 0.505208 0.0328125 0.0395833
0 0.851562 0.75 0.034375 0.0458333
0 0.234375 0.578125 0.028125 0.0395833
0 0.132031 0.195833 0.0328125 0.0458333
0 0.835938 0.969792 0.028125 0.0354167
0 0.283594 0.217708 0.0328125 0.0395833
0 0.635156 0.570833 0.0296875 0.0416667
0 0.86875 0.408333 0.03125 0.0416667
0 0.828906 0.434375 0.0328125 0.0395833
0 0.935938 0.209375 0.040625 0.0604167
0 0.601562 0.2125 0.034375 0.0416667
0 0.636719 0.420833 0.0359375 0.05
0 0.853125 0.229167 0.04375 0.0541667
0 0.845312 0.844792 0.028125 0.0354167
0 0.629687 0.804167 0.034375 0.0416667
0 0.507812 0.73125 0.040625 0.05
