0 0.630469 0.804167 0.0359375 0.0416667
0 0.307813 0.80625 0.028125 0.0333333
0 0.470313 0.466667 0.034375 0.05
0 0.278906 0.395833 0.0234375 0.0333333
0 0.2875 0.25 0.0375 0.0416667
0 0.313281 0.189583 0.0359375 0.0416667
0 0.477344 0.414583 0.0359375 0.0458333
0 0.577344 0.154167 0.0296875 0.0333333
0 0.4875 0.865625 0.03125 0.04375
0 0.934375 0.209375 0.0375 0.0520833
0 0.853125 0.229167 0.04375 0.05
0 0.967188 0.873958 0.034375 0.0395833
0 0.88125 0.204167 0.03125 0.0416667
0 0.723437 0.775 0.03125 0.0375
0 0.283594 0.217708 0.0359375 0.04375
0 0.56875 0.103125 0.028125 0.0354167
0 0.244531 0.153125 0.0328125 0.0395833
0 0.76875 0.0916667 0.03125 0.0416667
0 0.0132813 0.770833 0.0234375 0.0375
0 0.0828125 0.805208 0.03125 0.0395833
0 0.235156 0.577083 0.0328125 0.0458333
0 0.499219 0.0239583 0.0359375 0.0395833
0 0.829687 0.436458 0.034375 0.0395833
0 0.709375 0.633333 0.03125 0.0416667
0 0.269531 0.3625 0.0296875 0.0416667
0 0.557031 0.545833 0.0328125 0.0416667
0 0.769531 0.0239583 0.0328125 0.0395833
0 0.584375 0.121875 0.03125 0.0395833
0 0.192969 0.846875 0.0359375 0.04375
0 0.365625 0.03125 0.034375 0.0416667
0 0.260938 0.440625 0.034375 0.04375
0 0.864062 0.4125 0.034375 0.0416667
0 0.65625 0.197917 0.0375 0.0458333
0 0.60625 0.0385417 0.03125 0.0354167
0 0.129688 0.2 0.040625 0.0541667
0 0.840625 0.859375 0.025 0.0395833
0 0.603125 0.214583 0.03125 0.0375
0 0.657031 0.547917 0.0296875 0.0416667
0 0.239844 0.857292 0.0328125 0.0395833
0 0.496094 0.746875 0.0421875 0.0479167
0 0.846875 0.755208 0.03125 0.04375
0 0.629687 0.6 0.03125 0.0416667
0 0.83125 0.983333 0.028125 0.0333333
