0 0.410937 0.216667 0.040625 0.0541667
0 0.46875 0.469792 0.034375 0.0479167
0 0.309375 0.808333 0.025 0.0333333
0 0.475 0.414583 0.0375 0.0458333
0 0.311719 0.190625 0.0359375 0.0395833
0 0.4875 0.865625 0.03125 0.04375
0 0.578906 0.154167 0.0265625 0.0333333
0 0.296094 0.246875 0.0359375 0.0395833
0 0.242969 0.153125 0.0328125 0.0395833
0 0.853125 0.23125 0.04375 0.05
0 0.76875 0.09375 0.03125 0.0416667
0 0.767969 0.0291667 0.0328125 0.0416667
0 0.567187 0.0322917 0.034375 0.0395833
0 0.724219 0.775 0.0328125 0.0375
0 0.557031 0.551042 0.0328125 0.0395833
0 0.664062 0.520833 0.034375 0.0416667
0 0.709375 0.633333 0.03125 0.0416667
0 0.283594 0.216667 0.0359375 0.0416667
0 0.266406 0.358333 0.0296875 0.0416667
0 0.0132813 0.772917 0.0234375 0.0375
0 0.234375 0.578125 0.03125 0.04375
0 0.570312 0.103125 0.028125 0.0354167
0 0.830469 0.435417 0.0328125 0.0416667
0 0.864062 0.4125 0.034375 0.0416667
0 0.873438 0.177083 0.028125 0.0333333
0 0.0835937 0.807292 0.0328125 0.0395833
0 0.129688 0.2 0.040625 0.0541667
0 0.628906 0.602083 0.0296875 0.0375
0 0.655469 0.2 0.0359375 0.0416667
0 0.260938 0.440625 0.034375 0.04375
0 0.840625 0.860417 0.025 0.0375
0 0.192188 0.845833 0.034375 0.0416667
0 0.5 0.0239583 0.0375 0.0395833
0 0.365625 0.0333333 0.034375 0.0416667
0 0.583594 0.121875 0.0328125 0.0395833
0 0.935938 0.209375 0.040625 0.0520833
0 0.601562 0.213542 0.03125 0.0395833
0 0.496875 0.745833 0.04375 0.05
0 0.239844 0.858333 0.0328125 0.0416667
0 0.847656 0.755208 0.0328125 0.04375
0 0.83125 0.983333 0.028125 0.0333333
