0 0.46875 0.476042 0.03125 0.0395833
0 0.563281 0.160417 0.0265625 0.0333333
0 0.628125 0.802083 0.034375 0.0375
0 0.936719 0.205208 0.0359375 0.0520833
0 0.715625 0.784375 0.028125 0.0354167
0 0.261719 0.432292 0.0296875 0.0395833
0 0.232812 0.464583 0.021875 0.0291667
0 0.851562 0.2375 0.040625 0.0458333
0 0.761719 0.0802083 0.0296875 0.0395833
0 0.488281 0.864583 0.0296875 0.0375
0 0.458594 0.446875 0.0359375 0.0479167
0 0.717969 0.128125 0.0296875 0.0354167
0 0.228125 0.386458 0.03125 0.0395833
0 0.225781 0.171875 0.0328125 0.0354167
0 0.477344 0.0520833 0.0265625 0.0375
0 0.753125 0.114583 0.03125 0.0375
0 0.636719 0.417708 0.0390625 0.0479167
0 0.823438 0.988542 0.028125 0.0229167
0 0.633594 0.0114583 0.0328125 0.0229167
0 0.236719 0.571875 0.0296875 0.04375
0 0.110156 0.903125 0.0328125 0.0395833
0 0.0882813 0.9625 0.0328125 0.0416667
0 0.129688 0.196875 0.034375 0.04375
0 0.0835937 0.803125 0.0328125 0.0395833
0 0.292969 0.210417 0.0328125 0.0416667
0 0.508594 0.028125 0.0265625 0.0354167
0 0.989062 0.411458 0.021875 0.0479167
0 0.569531 0.103125 0.0296875 0.0354167
0 0.626562 0.240625 0.034375 0.0395833
0 0.35625 0.0677083 0.028125 0.0354167
0 0.5125 0.607292 0.03125 0.04375
0 0.190625 0.846875 0.034375 0.04375
0 0.709375 0.630208 0.03125 0.0395833
0 0.8375 0.755208 0.03125 0.04375
0 0.860156 0.410417 0.0296875 0.0375
0 0.829687 0.433333 0.034375 0.0416667
0 0.133594 0.858333 0.0296875 0.0416667
0 0.832031 0.871875 0.0265625 0.0354167
0 0.582812 0.120833 0.03125 0.0375
0 0.851562 0.775 0.028125 0.0333333
0 0.603125 0.210417 0.03125 0.0416667
0 0.267188 0.246875 0.034375 0.0395833
0 0.578125 0.148958 0.028125 0.0354167
0 0.630469 0.615625 0.0296875 0.0395833
0 0.2375 0.85625 0.03125 0.0458333
