0 0.564062 0.1625 0.028125 0.0333333
0 0.578125 0.15 0.03125 0.0375
0 0.7375 0.0864583 0.0375 0.0395833
0 0.460938 0.43125 0.040625 0.0541667
0 0.851562 0.235417 0.040625 0.05
0 0.239063 0.170833 0.03125 0.0333333
0 0.4875 0.8625 0.03125 0.0416667
0 0.758594 0.101042 0.0328125 0.0395833
0 0.71875 0.782292 0.03125 0.0354167
0 0.6375 0.420833 0.034375 0.0458333
0 0.273438 0.236458 0.034375 0.0395833
0 0.635156 0.235417 0.0359375 0.0416667
0 0.084375 0.805208 0.028125 0.0354167
0 0.940625 0.942708 0.03125 0.0354167
0 0.24375 0.372917 0.028125 0.0375
0 0.482812 0.04375 0.028125 0.0416667
0 0.313281 0.223958 0.0328125 0.0395833
0 0.234375 0.576042 0.028125 0.04375
0 0.0898438 0.9625 0.0296875 0.0375
0 0.490625 0.752083 0.04375 0.0458333
0 0.823438 0.988542 0.028125 0.0229167
0 0.53125 0.591667 0.03125 0.0416667
0 0.829687 0.434375 0.034375 0.0395833
0 0.13125 0.198958 0.034375 0.0479167
0 0.357031 0.05625 0.0296875 0.0375
0 0.81875 0.3625 0.03125 0.0416667
0 0.864062 0.413542 0.034375 0.04375
0 0.258594 0.438542 0.0359375 0.0395833
0 0.708594 0.63125 0.0328125 0.0416667
0 0.192188 0.845833 0.034375 0.0416667
0 0.601562 0.209375 0.03125 0.0395833
0 0.569531 0.102083 0.0296875 0.0375
0 0.935938 0.208333 0.040625 0.0541667
0 0.834375 0.86875 0.025 0.0375
0 0.582812 0.120833 0.034375 0.0416667
0 0.950781 0.473958 0.0328125 0.0395833
0 0.236719 0.858333 0.0296875 0.0416667
0 0.630469 0.610417 0.0328125 0.0375
0 0.842188 0.754167 0.034375 0.05
