0 0.636719 0.41875 0.0359375 0.0458333
0 0.260938 0.434375 0.028125 0.0354167
0 0.716406 0.784375 0.0265625 0.0354167
0 0.720312 0.119792 0.028125 0.0354167
0 0.3 0.219792 0.034375 0.0395833
0 0.753906 0.111458 0.0296875 0.0354167
0 0.165625 0.939583 0.028125 0.0375
0 0.4875 0.863542 0.03125 0.0395833
0 0.460156 0.44375 0.0390625 0.05
0 0.235938 0.461458 0.021875 0.0270833
0 0.507031 0.0270833 0.0265625 0.0375
0 0.229687 0.171875 0.03125 0.0354167
0 0.149219 0.926042 0.0296875 0.0354167
0 0.478906 0.0510417 0.0265625 0.0354167
0 0.0835937 0.804167 0.0296875 0.0375
0 0.823438 0.988542 0.028125 0.0229167
0 0.921875 0.978125 0.034375 0.0395833
0 0.9375 0.207292 0.0375 0.0520833
0 0.130469 0.197917 0.0328125 0.0416667
0 0.569531 0.102083 0.0296875 0.0375
0 0.515625 0.60625 0.03125 0.0458333
0 0.627344 0.240625 0.0328125 0.0395833
0 0.235938 0.571875 0.028125 0.04375
0 0.355469 0.0666667 0.0296875 0.0333333
0 0.851562 0.235417 0.040625 0.05
0 0.860937 0.69375 0.028125 0.0375
0 0.191406 0.846875 0.0328125 0.0395833
0 0.827344 0.432292 0.0328125 0.0395833
0 0.859375 0.410417 0.03125 0.0375
0 0.602344 0.210417 0.0296875 0.0416667
0 0.709375 0.630208 0.03125 0.0395833
0 0.583594 0.120833 0.0328125 0.0375
0 0.838281 0.753125 0.0328125 0.0479167
0 0.0890625 0.9625 0.03125 0.0416667
0 0.267969 0.24375 0.0328125 0.0375
0 0.232031 0.384375 0.0296875 0.0395833
0 0.630469 0.614583 0.0296875 0.0375
0 0.832812 0.871875 0.028125 0.0354167
0 0.578906 0.148958 0.0296875 0.0354167
0 0.2375 0.85625 0.03125 0.0458333
