0 0.488281 0.757292 0.0390625 0.04375
0 0.2375 0.459375 0.021875 0.0270833
0 0.260938 0.434375 0.028125 0.0354167
0 0.716406 0.784375 0.0296875 0.0354167
0 0.9375 0.208333 0.0375 0.05
0 0.851562 0.235417 0.040625 0.05
0 0.720312 0.114583 0.03125 0.0375
0 0.300781 0.219792 0.0328125 0.0395833
0 0.4875 0.863542 0.03125 0.0395833
0 0.754687 0.111458 0.03125 0.0395833
0 0.459375 0.442708 0.034375 0.04375
0 0.50625 0.0260417 0.025 0.0354167
0 0.232031 0.171875 0.0296875 0.0354167
0 0.823438 0.988542 0.028125 0.0229167
0 0.923437 0.975 0.034375 0.0416667
0 0.084375 0.804167 0.03125 0.0375
0 0.235938 0.572917 0.028125 0.0416667
0 0.636719 0.41875 0.0390625 0.0458333
0 0.627344 0.239583 0.0328125 0.0375
0 0.578125 0.151042 0.03125 0.0354167
0 0.569531 0.102083 0.0296875 0.0375
0 0.478906 0.05 0.0265625 0.0375
0 0.142969 0.928125 0.0296875 0.0395833
0 0.516406 0.60625 0.0328125 0.0416667
0 0.130469 0.196875 0.0328125 0.04375
0 0.882031 0.678125 0.0296875 0.0395833
0 0.603125 0.209375 0.028125 0.0395833
0 0.826563 0.433333 0.034375 0.0375
0 0.232031 0.382292 0.0296875 0.0395833
0 0.0890625 0.9625 0.03125 0.0416667
0 0.194531 0.944792 0.0359375 0.0479167
0 0.858594 0.410417 0.0296875 0.0375
0 0.190625 0.845833 0.034375 0.0416667
0 0.709375 0.630208 0.03125 0.0395833
0 0.583594 0.120833 0.0328125 0.0375
0 0.832812 0.871875 0.028125 0.0354167
0 0.355469 0.065625 0.0296875 0.0354167
0 0.839063 0.754167 0.034375 0.05
0 0.267969 0.24375 0.0328125 0.0375
0 0.630469 0.614583 0.0296875 0.0375
0 0.2375 0.857292 0.03125 0.04375
