0 0.629687 0.804167 0.034375 0.0416667
0 0.726562 0.772917 0.03125 0.0375
0 0.310937 0.190625 0.03125 0.0395833
0 0.270312 0.228125 0.034375 0.0395833
0 0.4875 0.864583 0.03125 0.0458333
0 0.464844 0.480208 0.0328125 0.0479167
0 0.48125 0.40625 0.034375 0.0458333
0 0.0164062 0.759375 0.0265625 0.0395833
0 0.504687 0.0197917 0.03125 0.0354167
0 0.261719 0.13125 0.0328125 0.0416667
0 0.372656 0.0166667 0.0296875 0.0291667
0 0.638281 0.421875 0.0390625 0.0479167
0 0.709375 0.633333 0.03125 0.0375
0 0.260938 0.4375 0.034375 0.0416667
0 0.56875 0.103125 0.03125 0.0354167
0 0.238281 0.188542 0.0296875 0.0395833
0 0.235938 0.578125 0.03125 0.04375
0 0.0835937 0.805208 0.0296875 0.0395833
0 0.658594 0.185417 0.0359375 0.0416667
0 0.570312 0.529167 0.034375 0.0416667
0 0.282031 0.222917 0.0390625 0.0416667
0 0.828906 0.434375 0.0328125 0.0395833
0 0.154687 0.528125 0.034375 0.04375
0 0.749219 0.158333 0.0328125 0.0416667
0 0.583594 0.120833 0.0328125 0.0416667
0 0.282813 0.336458 0.028125 0.0395833
0 0.853125 0.229167 0.04375 0.0541667
0 0.865625 0.413542 0.03125 0.04375
0 0.192188 0.845833 0.034375 0.0416667
0 0.0578125 0.0864583 0.028125 0.0395833
0 0.602344 0.214583 0.0328125 0.0416667
0 0.542188 0.985417 0.034375 0.0291667
0 0.497656 0.740625 0.0453125 0.0520833
0 0.129688 0.197917 0.0375 0.0458333
0 0.842188 0.854167 0.028125 0.0375
0 0.83125 0.978125 0.028125 0.0354167
0 0.771094 0.0822917 0.0328125 0.0395833
0 0.85 0.754167 0.0375 0.0458333
0 0.630469 0.585417 0.0328125 0.0416667
0 0.239063 0.858333 0.034375 0.0416667
0 0.936719 0.210417 0.0390625 0.0583333
0 0.657031 0.926042 0.0421875 0.0520833
