0 0.246875 0.446875 0.025 0.03125
0 0.851562 0.238542 0.040625 0.04375
0 0.9375 0.207292 0.0375 0.0520833
0 0.525 0.6 0.03125 0.0416667
0 0.486719 0.864583 0.0296875 0.0375
0 0.569531 0.103125 0.0296875 0.0354167
0 0.898438 0.420833 0.03125 0.0416667
0 0.260938 0.4375 0.03125 0.0375
0 0.757031 0.104167 0.0296875 0.0375
0 0.71875 0.782292 0.03125 0.0354167
0 0.140625 0.951042 0.025 0.0354167
0 0.636719 0.41875 0.0359375 0.0458333
0 0.461719 0.441667 0.0359375 0.0458333
0 0.925 0.572917 0.03125 0.0375
0 0.730469 0.0989583 0.0328125 0.0395833
0 0.864062 0.414583 0.03125 0.0416667
0 0.50625 0.025 0.025 0.0375
0 0.825781 0.433333 0.0359375 0.0458333
0 0.309375 0.226042 0.03125 0.0395833
0 0.2375 0.176042 0.03125 0.03125
0 0.990625 0.4125 0.01875 0.0541667
0 0.823438 0.988542 0.028125 0.0229167
0 0.578125 0.15 0.03125 0.0375
0 0.084375 0.804167 0.028125 0.0375
0 0.235156 0.575 0.0296875 0.0416667
0 0.130469 0.197917 0.0328125 0.0458333
0 0.271094 0.239583 0.0328125 0.0416667
0 0.0882813 0.9625 0.0296875 0.0375
0 0.238281 0.378125 0.0296875 0.0395833
0 0.63125 0.238542 0.03125 0.0395833
0 0.490625 0.75625 0.040625 0.0416667
0 0.191406 0.845833 0.0328125 0.0416667
0 0.602344 0.209375 0.0296875 0.0395833
0 0.709375 0.630208 0.03125 0.0395833
0 0.582812 0.120833 0.034375 0.0416667
0 0.357812 0.0614583 0.028125 0.0354167
0 0.833594 0.872917 0.0265625 0.0375
0 0.48125 0.0479167 0.028125 0.0375
0 0.236719 0.858333 0.0296875 0.0416667
0 0.63125 0.6125 0.03125 0.0416667
0 0.840625 0.754167 0.034375 0.05
