0 0.629687 0.803125 0.034375 0.0479167
0 0.260156 0.429167 0.0265625 0.0333333
0 0.601562 0.211458 0.03125 0.0395833
0 0.308594 0.19375 0.0296875 0.0375
0 0.196094 0.9375 0.0328125 0.0416667
0 0.563281 0.163542 0.0296875 0.0354167
0 0.7625 0.1 0.03125 0.0375
0 0.578125 0.151042 0.03125 0.0354167
0 0.951563 0.916667 0.034375 0.0333333
0 0.836719 0.866667 0.0265625 0.0416667
0 0.277344 0.23125 0.0328125 0.0375
0 0.485938 0.863542 0.03125 0.04375
0 0.46875 0.427083 0.040625 0.0541667
0 0.780469 0.0458333 0.0296875 0.0375
0 0.720312 0.779167 0.028125 0.0333333
0 0.360938 0.0479167 0.03125 0.0416667
0 0.713281 0.423958 0.0328125 0.04375
0 0.990625 0.409375 0.01875 0.05625
0 0.251563 0.369792 0.028125 0.0395833
0 0.826563 0.985417 0.028125 0.0291667
0 0.244531 0.155208 0.0296875 0.0354167
0 0.084375 0.80625 0.028125 0.0375
0 0.852344 0.234375 0.0421875 0.0520833
0 0.567969 0.103125 0.0296875 0.0354167
0 0.0898438 0.9625 0.0296875 0.0416667
0 0.6375 0.421875 0.0375 0.0479167
0 0.753906 0.0541667 0.0359375 0.0416667
0 0.864844 0.4125 0.0328125 0.0416667
0 0.2375 0.859375 0.03125 0.0395833
0 0.233594 0.578125 0.0296875 0.04375
0 0.708594 0.633333 0.0328125 0.0416667
0 0.829687 0.434375 0.034375 0.0395833
0 0.54375 0.578125 0.034375 0.04375
0 0.191406 0.845833 0.0359375 0.0416667
0 0.488281 0.0385417 0.0296875 0.0395833
0 0.303906 0.2375 0.0359375 0.0416667
0 0.261719 0.441667 0.0296875 0.0375
0 0.644531 0.225 0.0359375 0.0416667
0 0.130469 0.198958 0.0390625 0.0520833
0 0.582812 0.122917 0.034375 0.0416667
0 0.936719 0.208333 0.0390625 0.0583333
0 0.492969 0.748958 0.0390625 0.0479167
0 0.63125 0.608333 0.03125 0.0375
0 0.844531 0.754167 0.0328125 0.0458333
