0 0.657031 0.927083 0.0390625 0.05
2 0.0414063 0.708333 0.0265625 0.0333333
0 0.578906 0.151042 0.0296875 0.0354167
0 0.628906 0.804167 0.0359375 0.0416667
0 0.490625 0.403125 0.03125 0.0395833
0 0.222656 0.453125 0.0328125 0.0395833
0 0.735937 0.764583 0.028125 0.0375
0 0.149219 0.321875 0.0328125 0.0354167
0 0.371094 0.441667 0.0328125 0.0416667
0 0.292969 0.322917 0.0296875 0.0416667
0 0.264062 0.4375 0.034375 0.0416667
0 0.767187 0.840625 0.028125 0.0395833
0 0.326562 0.0708333 0.028125 0.0375
0 0.220313 0.173958 0.028125 0.0395833
0 0.6625 0.171875 0.034375 0.0395833
0 0.851562 0.75 0.0375 0.05
0 0.542188 0.985417 0.034375 0.0291667
0 0.555469 0.928125 0.0296875 0.03125
0 0.567969 0.102083 0.0296875 0.0375
0 0.0210938 0.745833 0.0296875 0.0416667
0 0.234375 0.576042 0.03125 0.04375
0 0.764063 0.384375 0.028125 0.0395833
0 0.484375 0.863542 0.0375 0.04375
0 0.192188 0.84375 0.03125 0.0375
0 0.578906 0.511458 0.0328125 0.0395833
0 0.0835937 0.80625 0.0296875 0.0375
0 0.269531 0.121875 0.0296875 0.0354167
0 0.709375 0.633333 0.03125 0.0416667
0 0.282813 0.21875 0.034375 0.0416667
0 0.773438 0.075 0.03125 0.0416667
0 0.0382813 0.377083 0.0359375 0.05
0 0.584375 0.119792 0.03125 0.0395833
0 0.503125 0.736458 0.04375 0.05625
0 0.603125 0.209375 0.03125 0.0395833
0 0.132031 0.195833 0.0359375 0.0458333
0 0.984375 0.819792 0.03125 0.0395833
0 0.865625 0.410417 0.03125 0.0416667
0 0.6375 0.419792 0.0375 0.0479167
0 0.828906 0.434375 0.0328125 0.0395833
0 0.834375 0.975 0.028125 0.0375
0 0.240625 0.854167 0.03125 0.0416667
0 0.853125 0.229167 0.04375 0.0541667
0 0.84375 0.85 0.025 0.0333333
0 0.632812 0.576042 0.03125 0.0395833
0 0.935938 0.209375 0.040625 0.05625
