0 0.578906 0.152083 0.0265625 0.0333333
0 0.639063 0.421875 0.0375 0.0479167
0 0.469531 0.46875 0.0328125 0.0458333
0 0.283594 0.382292 0.0265625 0.03125
0 0.486719 0.865625 0.0296875 0.04375
0 0.284375 0.219792 0.034375 0.0395833
0 0.275781 0.352083 0.0296875 0.0375
0 0.311719 0.189583 0.0328125 0.0375
0 0.927344 0.267708 0.0359375 0.0395833
0 0.477344 0.411458 0.0359375 0.0479167
0 0.603125 0.534375 0.03125 0.0354167
0 0.725781 0.773958 0.0296875 0.0354167
0 0.257812 0.222917 0.034375 0.0416667
0 0.0148437 0.770833 0.0265625 0.0416667
0 0.096875 0.575 0.034375 0.0416667
0 0.239844 0.85625 0.0328125 0.0416667
0 0.501562 0.0229167 0.03125 0.0375
0 0.56875 0.539583 0.03125 0.0333333
0 0.108594 0.302083 0.0359375 0.0458333
0 0.0835937 0.805208 0.0296875 0.0395833
0 0.25 0.14375 0.03125 0.0375
0 0.709375 0.633333 0.03125 0.0375
0 0.569531 0.103125 0.0296875 0.0354167
0 0.830469 0.435417 0.0328125 0.0416667
0 0.864062 0.413542 0.034375 0.04375
0 0.532031 0.979167 0.0328125 0.0333333
0 0.260156 0.439583 0.0328125 0.0416667
0 0.853125 0.229167 0.04375 0.05
0 0.671875 0.0947917 0.03125 0.0395833
0 0.192969 0.847917 0.0359375 0.0458333
0 0.841406 0.857292 0.0265625 0.0395833
0 0.769531 0.0854167 0.0328125 0.0375
0 0.584375 0.120833 0.03125 0.0375
0 0.234375 0.577083 0.03125 0.0458333
0 0.497656 0.744792 0.0421875 0.0479167
0 0.603125 0.213542 0.03125 0.0395833
0 0.130469 0.198958 0.0390625 0.0520833
0 0.628906 0.591667 0.0328125 0.0416667
0 0.65625 0.191667 0.0375 0.0416667
0 0.847656 0.755208 0.0328125 0.04375
0 0.367188 0.0239583 0.03125 0.0354167
0 0.83125 0.98125 0.028125 0.0333333
0 0.936719 0.211458 0.0390625 0.05625
