0 0.235156 0.339583 0.0296875 0.0375
0 0.407813 0.217708 0.0375 0.0520833
0 0.308594 0.344792 0.0203125 0.0270833
0 0.742969 0.757292 0.0265625 0.0354167
0 0.564062 0.161458 0.028125 0.0354167
0 0.485938 0.864583 0.028125 0.0375
0 0.586719 0.496875 0.0328125 0.0395833
0 0.56875 0.896875 0.03125 0.0354167
0 0.682813 0.572917 0.028125 0.0375
0 0.496875 0.392708 0.03125 0.0395833
0 0.177344 0.429167 0.0296875 0.0416667
0 0.220313 0.171875 0.028125 0.0354167
0 0.249219 0.35625 0.0296875 0.0375
0 0.578125 0.151042 0.03125 0.0354167
0 0.5875 0.0708333 0.03125 0.0375
0 0.667188 0.151042 0.034375 0.0395833
0 0.510156 0.729167 0.0421875 0.05
0 0.232812 0.575 0.028125 0.0416667
0 0.325 0.375 0.03125 0.0375
0 0.567969 0.103125 0.0265625 0.0354167
0 0.292188 0.109375 0.028125 0.0354167
0 0.771875 0.071875 0.03125 0.0395833
0 0.0828125 0.80625 0.028125 0.0375
0 0.853125 0.228125 0.046875 0.05625
0 0.629687 0.804167 0.0375 0.0416667
0 0.269531 0.417708 0.0296875 0.0354167
0 0.584375 0.121875 0.03125 0.0395833
0 0.0125 0.255208 0.025 0.04375
0 0.774219 0.59375 0.0359375 0.0416667
0 0.6375 0.420833 0.034375 0.0458333
0 0.835938 0.966667 0.028125 0.0375
0 0.132812 0.195833 0.03125 0.0416667
0 0.191406 0.844792 0.0328125 0.0395833
0 0.310937 0.310417 0.028125 0.0375
0 0.245312 0.497917 0.03125 0.0375
0 0.828125 0.434375 0.034375 0.0395833
0 0.282813 0.217708 0.03125 0.0395833
0 0.242188 0.85625 0.03125 0.0416667
0 0.602344 0.213542 0.0328125 0.04375
0 0.853125 0.746875 0.03125 0.04375
0 0.708594 0.636458 0.0328125 0.0395833
0 0.86875 0.408333 0.03125 0.0416667
0 0.935938 0.209375 0.040625 0.05625
0 0.646094 0.564583 0.0296875 0.0375
0 0.835938 0.845833 0.034375 0.0416667
