0 0.745313 0.744792 0.021875 0.03125
0 0.199219 0.578125 0.0234375 0.0270833
0 0.630469 0.805208 0.0328125 0.0395833
0 0.564062 0.160417 0.025 0.0333333
0 0.4875 0.864583 0.028125 0.0375
0 0.935156 0.208333 0.0390625 0.05
0 0.332031 0.710417 0.0328125 0.0375
0 0.639063 0.617708 0.028125 0.0354167
0 0.5 0.386458 0.03125 0.0354167
0 0.582812 0.328125 0.028125 0.0395833
0 0.584375 0.875 0.03125 0.0333333
0 0.672656 0.13125 0.0328125 0.0375
0 0.735156 0.797917 0.0265625 0.0375
0 0.0289063 0.728125 0.0328125 0.04375
0 0.5125 0.719792 0.0375 0.04375
0 0.314844 0.307292 0.0265625 0.0395833
0 0.55625 0.792708 0.03125 0.0395833
0 0.195312 0.135417 0.028125 0.0375
0 0.0875 0.509375 0.03125 0.0395833
0 0.396094 0.165625 0.0296875 0.0354167
0 0.0882813 0.963542 0.0296875 0.0395833
0 0.584375 0.121875 0.03125 0.0395833
0 0.0945313 0.258333 0.0359375 0.0458333
0 0.684375 0.154167 0.03125 0.0375
0 0.307813 0.101042 0.028125 0.0354167
0 0.242969 0.855208 0.0296875 0.0395833
0 0.585156 0.486458 0.0328125 0.0395833
0 0.578125 0.151042 0.028125 0.03125
0 0.836719 0.963542 0.0296875 0.0395833
0 0.0835937 0.805208 0.0296875 0.0354167
0 0.272656 0.413542 0.0296875 0.0395833
0 0.567187 0.101042 0.03125 0.0395833
0 0.907812 0.732292 0.028125 0.0395833
0 0.191406 0.844792 0.0296875 0.0354167
0 0.239063 0.578125 0.028125 0.0395833
0 0.707031 0.635417 0.0296875 0.0375
0 0.133594 0.194792 0.0328125 0.04375
0 0.86875 0.408333 0.03125 0.0416667
0 0.828125 0.432292 0.03125 0.04375
0 0.771094 0.0625 0.0296875 0.0375
0 0.846875 0.8375 0.028125 0.0375
0 0.0179687 0.226042 0.0328125 0.04375
0 0.853906 0.747917 0.0328125 0.0458333
0 0.601562 0.210417 0.034375 0.0458333
0 0.636719 0.420833 0.0359375 0.0458333
0 0.9875 0.773958 0.025 0.0395833
0 0.282031 0.216667 0.0328125 0.0416667
0 0.852344 0.227083 0.0453125 0.0541667
0 0.0460938 0.360417 0.0359375 0.0416667
0 0.646875 0.5625 0.03125 0.0416667
