0 0.469531 0.467708 0.0328125 0.0479167
0 0.282031 0.383333 0.0265625 0.0333333
0 0.311719 0.190625 0.0328125 0.0395833
0 0.486719 0.865625 0.0328125 0.04375
0 0.284375 0.219792 0.034375 0.0395833
0 0.275781 0.35 0.0296875 0.0375
0 0.597656 0.529167 0.0328125 0.0416667
0 0.569531 0.535417 0.0359375 0.0458333
0 0.477344 0.411458 0.0390625 0.0520833
0 0.257031 0.223958 0.0328125 0.04375
0 0.725781 0.773958 0.0296875 0.0354167
0 0.971875 0.860417 0.0375 0.0458333
0 0.108594 0.572917 0.0328125 0.0416667
0 0.239844 0.85625 0.0328125 0.0416667
0 0.25 0.14375 0.03125 0.0375
0 0.686719 0.0875 0.0328125 0.0375
0 0.5 0.0229167 0.03125 0.0375
0 0.709375 0.633333 0.03125 0.0416667
0 0.0835937 0.805208 0.0296875 0.0395833
0 0.992188 0.408333 0.015625 0.05
0 0.853125 0.230208 0.04375 0.0520833
0 0.532812 0.978125 0.034375 0.0354167
0 0.56875 0.103125 0.03125 0.0354167
0 0.234375 0.578125 0.03125 0.04375
0 0.260938 0.439583 0.034375 0.0416667
0 0.770312 0.0864583 0.03125 0.0354167
0 0.864062 0.4125 0.034375 0.0416667
0 0.11875 0.3125 0.0375 0.0458333
0 0.829687 0.435417 0.034375 0.0458333
0 0.583594 0.120833 0.0328125 0.0416667
0 0.935938 0.2625 0.034375 0.0375
0 0.841406 0.858333 0.0265625 0.0375
0 0.19375 0.846875 0.0375 0.0479167
0 0.65625 0.192708 0.0375 0.04375
0 0.603125 0.213542 0.03125 0.0395833
0 0.496875 0.74375 0.04375 0.05
0 0.628125 0.590625 0.034375 0.04375
0 0.129688 0.198958 0.0375 0.0520833
0 0.366406 0.025 0.0328125 0.0375
0 0.848437 0.755208 0.034375 0.04375
0 0.83125 0.98125 0.028125 0.0333333
0 0.9375 0.209375 0.0375 0.0520833
