0 0.307813 0.195833 0.028125 0.0333333
0 0.628125 0.802083 0.034375 0.0416667
0 0.408594 0.217708 0.0359375 0.04375
0 0.934375 0.205208 0.0375 0.04375
0 0.735156 0.146875 0.0296875 0.0395833
0 0.851562 0.233333 0.04375 0.0458333
0 0.714844 0.7875 0.0296875 0.0333333
0 0.705469 0.154167 0.0328125 0.0416667
0 0.224219 0.482292 0.0234375 0.03125
0 0.224219 0.21875 0.0296875 0.0375
0 0.260938 0.433333 0.028125 0.0375
0 0.4875 0.8625 0.03125 0.0416667
0 0.570312 0.102083 0.028125 0.0333333
0 0.235156 0.567708 0.0328125 0.0479167
0 0.261719 0.264583 0.0359375 0.0416667
0 0.207813 0.1875 0.028125 0.0333333
0 0.714844 0.948958 0.0328125 0.0395833
0 0.353125 0.071875 0.028125 0.03125
0 0.084375 0.803125 0.03125 0.0395833
0 0.83125 0.871875 0.03125 0.0354167
0 0.0429688 0.984375 0.0359375 0.03125
0 0.454688 0.465625 0.034375 0.0395833
0 0.583594 0.119792 0.0328125 0.0395833
0 0.823438 0.9875 0.028125 0.025
0 0.795313 0.327083 0.03125 0.0375
0 0.496875 0.613542 0.03125 0.04375
0 0.475 0.0541667 0.025 0.0375
0 0.129688 0.195833 0.034375 0.0416667
0 0.708594 0.629167 0.0328125 0.0416667
0 0.625 0.240625 0.03125 0.0395833
0 0.578125 0.147917 0.03125 0.0375
0 0.839063 0.777083 0.034375 0.0458333
0 0.826563 0.43125 0.03125 0.0375
0 0.19375 0.85625 0.0375 0.05
0 0.602344 0.209375 0.0296875 0.04375
0 0.860937 0.410417 0.028125 0.0375
0 0.21875 0.402083 0.03125 0.0458333
0 0.216406 0.7625 0.0328125 0.0458333
0 0.630469 0.615625 0.0296875 0.0395833
0 0.2375 0.85625 0.03125 0.0458333
0 0.507031 0.0322917 0.0265625 0.0354167
0 0.10625 0.983333 0.03125 0.0333333
