0 0.188281 0.944792 0.0296875 0.0395833
0 0.308594 0.19375 0.0265625 0.0375
0 0.578125 0.15 0.03125 0.0375
0 0.460156 0.428125 0.0359375 0.0479167
0 0.600781 0.209375 0.0296875 0.0395833
0 0.758594 0.1 0.0328125 0.0375
0 0.635938 0.235417 0.0375 0.0416667
0 0.485938 0.8625 0.03125 0.0416667
0 0.239844 0.163542 0.0296875 0.0354167
0 0.942969 0.936458 0.0328125 0.0395833
0 0.569531 0.104167 0.0296875 0.0333333
0 0.811719 0.405208 0.0328125 0.0354167
0 0.6375 0.421875 0.0375 0.04375
0 0.504687 0.01875 0.028125 0.0333333
0 0.851562 0.235417 0.040625 0.05
0 0.966406 0.43125 0.0296875 0.0375
0 0.273438 0.236458 0.034375 0.0395833
0 0.084375 0.805208 0.028125 0.0354167
0 0.489844 0.752083 0.0421875 0.0458333
0 0.829687 0.435417 0.03125 0.0375
0 0.0898438 0.9625 0.0296875 0.0375
0 0.483594 0.0427083 0.0265625 0.0354167
0 0.233594 0.576042 0.0296875 0.04375
0 0.865625 0.414583 0.03125 0.0416667
0 0.313281 0.226042 0.0328125 0.0395833
0 0.245312 0.370833 0.028125 0.0375
0 0.823438 0.9875 0.028125 0.025
0 0.260156 0.4375 0.0328125 0.0375
0 0.533594 0.5875 0.0328125 0.0416667
0 0.708594 0.63125 0.0328125 0.0416667
0 0.191406 0.845833 0.0359375 0.0416667
0 0.129688 0.198958 0.034375 0.0479167
0 0.358594 0.0541667 0.0296875 0.0375
0 0.745313 0.0729167 0.034375 0.0416667
0 0.582812 0.120833 0.034375 0.0416667
0 0.834375 0.86875 0.025 0.0375
0 0.236719 0.857292 0.0296875 0.0395833
0 0.935938 0.209375 0.040625 0.05625
0 0.630469 0.610417 0.0328125 0.0416667
0 0.842188 0.754167 0.034375 0.05
