0 0.307813 0.195833 0.028125 0.0333333
0 0.5625 0.159375 0.028125 0.0354167
0 0.628125 0.801042 0.034375 0.0395833
0 0.636719 0.41875 0.0390625 0.0458333
0 0.735937 0.147917 0.028125 0.0375
0 0.224219 0.482292 0.0265625 0.03125
0 0.715625 0.7875 0.028125 0.0333333
0 0.260938 0.433333 0.028125 0.0375
0 0.235156 0.567708 0.0328125 0.0479167
0 0.408594 0.217708 0.0359375 0.04375
0 0.225781 0.2125 0.0328125 0.0375
0 0.851562 0.234375 0.040625 0.04375
0 0.4875 0.8625 0.03125 0.0416667
0 0.571094 0.102083 0.0296875 0.0333333
0 0.207813 0.1875 0.028125 0.0333333
0 0.261719 0.263542 0.0359375 0.04375
0 0.353125 0.071875 0.028125 0.03125
0 0.705469 0.153125 0.0328125 0.0395833
0 0.084375 0.803125 0.03125 0.0395833
0 0.934375 0.20625 0.0375 0.0458333
0 0.832812 0.870833 0.028125 0.0375
0 0.0421875 0.984375 0.034375 0.03125
0 0.496875 0.614583 0.03125 0.0458333
0 0.989062 0.414583 0.021875 0.0458333
0 0.453906 0.466667 0.0328125 0.0416667
0 0.794531 0.323958 0.0296875 0.0395833
0 0.129688 0.195833 0.034375 0.0458333
0 0.823438 0.9875 0.028125 0.025
0 0.191406 0.85 0.0359375 0.0458333
0 0.474219 0.0541667 0.0265625 0.0375
0 0.708594 0.629167 0.0328125 0.0416667
0 0.583594 0.121875 0.0328125 0.0395833
0 0.624219 0.240625 0.0328125 0.0395833
0 0.602344 0.209375 0.0296875 0.04375
0 0.717188 0.942708 0.03125 0.0395833
0 0.839063 0.777083 0.034375 0.0458333
0 0.826563 0.43125 0.028125 0.0375
0 0.21875 0.401042 0.03125 0.04375
0 0.578125 0.148958 0.028125 0.0354167
0 0.630469 0.615625 0.0296875 0.0395833
0 0.860937 0.410417 0.028125 0.0375
0 0.236719 0.85625 0.0328125 0.0458333
0 0.507031 0.0322917 0.0265625 0.0354167
0 0.21875 0.783333 0.03125 0.0416667
0 0.105469 0.982292 0.0296875 0.0354167
