0 0.4875 0.761458 0.0375 0.04375
0 0.611719 0.826042 0.0328125 0.04375
0 0.628125 0.802083 0.034375 0.0375
0 0.308594 0.194792 0.0265625 0.03125
0 0.715625 0.788542 0.025 0.03125
0 0.260938 0.434375 0.028125 0.0354167
0 0.711719 0.14375 0.0328125 0.0416667
0 0.213281 0.180208 0.0296875 0.03125
0 0.757812 0.223958 0.028125 0.0354167
0 0.6375 0.420833 0.0375 0.05
0 0.084375 0.803125 0.03125 0.0395833
0 0.4875 0.8625 0.03125 0.0416667
0 0.742969 0.135417 0.0296875 0.0375
0 0.236719 0.569792 0.0296875 0.04375
0 0.476562 0.053125 0.028125 0.0395833
0 0.935938 0.207292 0.040625 0.0520833
0 0.0898438 0.966667 0.0359375 0.0416667
0 0.457031 0.4625 0.0328125 0.0416667
0 0.776563 0.904167 0.03125 0.0416667
0 0.628906 0.0145833 0.0296875 0.0291667
0 0.354688 0.0708333 0.028125 0.0333333
0 0.228125 0.476042 0.021875 0.03125
0 0.989062 0.413542 0.021875 0.0479167
0 0.851562 0.235417 0.040625 0.05
0 0.709375 0.629167 0.03125 0.0416667
0 0.264062 0.19375 0.03125 0.0375
0 0.571094 0.102083 0.0296875 0.0333333
0 0.224219 0.394792 0.0296875 0.04375
0 0.625 0.240625 0.034375 0.0395833
0 0.842188 0.76875 0.034375 0.0416667
0 0.129688 0.195833 0.034375 0.0458333
0 0.601562 0.208333 0.028125 0.0416667
0 0.408594 0.216667 0.0359375 0.0458333
0 0.860937 0.410417 0.028125 0.0375
0 0.826563 0.43125 0.034375 0.0375
0 0.505469 0.611458 0.0328125 0.0479167
0 0.630469 0.616667 0.0296875 0.0416667
0 0.583594 0.121875 0.0328125 0.0395833
0 0.578125 0.148958 0.028125 0.0354167
0 0.265625 0.257292 0.034375 0.04375
0 0.83125 0.870833 0.03125 0.0416667
0 0.508594 0.0322917 0.0265625 0.0354167
0 0.195312 0.845833 0.040625 0.0458333
0 0.2375 0.857292 0.03125 0.04375
