0 0.309375 0.188542 0.025 0.0354167
0 0.565625 0.160417 0.028125 0.0333333
0 0.250781 0.4375 0.0265625 0.0333333
0 0.717969 0.78125 0.0296875 0.0375
0 0.740625 0.084375 0.0375 0.04375
0 0.578125 0.15 0.03125 0.0375
0 0.460156 0.43125 0.0390625 0.0541667
0 0.758594 0.1 0.0328125 0.0375
0 0.4875 0.8625 0.03125 0.0416667
0 0.851562 0.235417 0.040625 0.05
0 0.238281 0.169792 0.0296875 0.0354167
0 0.569531 0.104167 0.0296875 0.0375
0 0.635938 0.235417 0.034375 0.0416667
0 0.274219 0.236458 0.0328125 0.0395833
0 0.965625 0.467708 0.028125 0.0354167
0 0.940625 0.941667 0.03125 0.0375
0 0.084375 0.805208 0.028125 0.0354167
0 0.6375 0.420833 0.034375 0.0458333
0 0.260156 0.4375 0.0328125 0.0375
0 0.315625 0.223958 0.03125 0.0395833
0 0.244531 0.372917 0.0296875 0.0375
0 0.0890625 0.963542 0.03125 0.0395833
0 0.482812 0.0427083 0.028125 0.0395833
0 0.234375 0.576042 0.028125 0.04375
0 0.864844 0.413542 0.0328125 0.0395833
0 0.823438 0.988542 0.028125 0.0229167
0 0.53125 0.591667 0.03125 0.0416667
0 0.809375 0.380208 0.03125 0.04375
0 0.357812 0.0572917 0.028125 0.0354167
0 0.491406 0.753125 0.0421875 0.0479167
0 0.130469 0.197917 0.0359375 0.0458333
0 0.191406 0.845833 0.0328125 0.0416667
0 0.708594 0.63125 0.0328125 0.0416667
0 0.828125 0.434375 0.03125 0.0395833
0 0.601562 0.210417 0.03125 0.0416667
0 0.935938 0.208333 0.040625 0.0541667
0 0.582812 0.120833 0.034375 0.0416667
0 0.834375 0.86875 0.025 0.0375
0 0.2375 0.857292 0.03125 0.0395833
0 0.842188 0.755208 0.034375 0.0479167
0 0.629687 0.611458 0.034375 0.0395833
