0 0.578125 0.15 0.028125 0.0333333
0 0.491406 0.402083 0.0265625 0.0375
0 0.629687 0.804167 0.034375 0.0416667
0 0.735937 0.763542 0.028125 0.0354167
0 0.292188 0.321875 0.028125 0.0395833
0 0.0890625 0.964583 0.03125 0.0375
0 0.264844 0.4375 0.0296875 0.0375
0 0.383594 0.441667 0.0328125 0.0416667
0 0.979688 0.861458 0.028125 0.0395833
0 0.542188 0.985417 0.034375 0.0291667
0 0.495313 0.0145833 0.028125 0.0291667
0 0.765625 0.86875 0.028125 0.0375
0 0.554688 0.932292 0.028125 0.03125
0 0.851562 0.75 0.034375 0.0458333
0 0.567969 0.103125 0.0296875 0.0395833
0 0.0203125 0.745833 0.03125 0.0458333
0 0.235156 0.576042 0.0296875 0.04375
0 0.203125 0.470833 0.03125 0.0416667
0 0.578125 0.513542 0.034375 0.0395833
0 0.661719 0.171875 0.0359375 0.0395833
0 0.360156 0.0927083 0.0265625 0.03125
0 0.483594 0.8625 0.0359375 0.0458333
0 0.984375 0.820833 0.03125 0.0375
0 0.789062 0.370833 0.034375 0.0416667
0 0.773438 0.075 0.03125 0.0416667
0 0.0835937 0.80625 0.0296875 0.0375
0 0.192188 0.84375 0.03125 0.0375
0 0.282813 0.21875 0.034375 0.0416667
0 0.709375 0.633333 0.03125 0.0416667
0 0.584375 0.119792 0.03125 0.0395833
0 0.155469 0.285417 0.0296875 0.0375
0 0.269531 0.120833 0.0296875 0.0375
0 0.503125 0.736458 0.04375 0.0520833
0 0.865625 0.410417 0.03125 0.0416667
0 0.636719 0.420833 0.0359375 0.0458333
0 0.828125 0.435417 0.03125 0.0375
0 0.219531 0.182292 0.0265625 0.0395833
0 0.603125 0.211458 0.03125 0.0395833
0 0.832812 0.972917 0.028125 0.0375
0 0.842969 0.85 0.0265625 0.0333333
0 0.0375 0.378125 0.034375 0.04375
0 0.853125 0.229167 0.04375 0.0541667
0 0.132812 0.196875 0.034375 0.04375
0 0.242188 0.854167 0.03125 0.0416667
0 0.633594 0.576042 0.0296875 0.0395833
0 0.935938 0.210417 0.040625 0.0583333
