0 0.410937 0.216667 0.034375 0.05
0 0.820312 0.638542 0.021875 0.03125
0 0.313281 0.779167 0.0234375 0.0333333
0 0.307813 0.34375 0.021875 0.0291667
0 0.745313 0.745833 0.028125 0.0333333
0 0.486719 0.865625 0.0296875 0.0395833
0 0.563281 0.160417 0.0265625 0.0333333
0 0.614062 0.811458 0.034375 0.04375
0 0.76875 0.75625 0.028125 0.0375
0 0.201562 0.135417 0.028125 0.0375
0 0.500781 0.3875 0.0296875 0.0375
0 0.302344 0.678125 0.0328125 0.0354167
0 0.0546875 0.484375 0.034375 0.04375
0 0.541406 0.986458 0.0328125 0.0270833
0 0.772656 0.0677083 0.0328125 0.0395833
0 0.578125 0.15 0.028125 0.0333333
0 0.125781 0.279167 0.0296875 0.0416667
0 0.0148437 0.23125 0.0296875 0.0416667
0 0.0289063 0.728125 0.0328125 0.04375
0 0.935156 0.208333 0.0421875 0.0541667
0 0.928125 0.778125 0.025 0.0354167
0 0.582812 0.594792 0.03125 0.0395833
0 0.0890625 0.963542 0.03125 0.0395833
0 0.382031 0.216667 0.0296875 0.0375
0 0.607813 0.377083 0.028125 0.0375
0 0.582812 0.878125 0.03125 0.0354167
0 0.314844 0.309375 0.0265625 0.0395833
0 0.585156 0.121875 0.0296875 0.0395833
0 0.835938 0.964583 0.028125 0.0375
0 0.304688 0.102083 0.028125 0.0375
0 0.628125 0.804167 0.0375 0.0416667
0 0.242188 0.855208 0.03125 0.0395833
0 0.0835937 0.804167 0.0296875 0.0375
0 0.271875 0.413542 0.03125 0.0395833
0 0.567187 0.102083 0.03125 0.0375
0 0.191406 0.84375 0.0296875 0.0375
0 0.5125 0.721875 0.040625 0.0479167
0 0.707031 0.639583 0.0296875 0.0375
0 0.282813 0.216667 0.034375 0.0416667
0 0.86875 0.408333 0.03125 0.0416667
0 0.585938 0.4875 0.034375 0.0416667
0 0.239844 0.579167 0.0296875 0.0416667
0 0.66875 0.135417 0.0375 0.0458333
0 0.602344 0.211458 0.0328125 0.04375
0 0.6375 0.420833 0.034375 0.0458333
0 0.9875 0.777083 0.025 0.0375
0 0.828125 0.433333 0.03125 0.0416667
0 0.853125 0.748958 0.03125 0.0395833
0 0.133594 0.194792 0.0328125 0.04375
0 0.848437 0.8375 0.028125 0.0333333
0 0.853125 0.228125 0.04375 0.05625
0 0.0453125 0.361458 0.034375 0.0395833
0 0.646875 0.561458 0.028125 0.0354167
