0 0.307813 0.344792 0.021875 0.0270833
0 0.742188 0.759375 0.028125 0.0395833
0 0.754687 0.75625 0.028125 0.0375
0 0.265625 0.433333 0.03125 0.0416667
0 0.250781 0.429167 0.0328125 0.0416667
0 0.492188 0.4 0.03125 0.0416667
0 0.486719 0.865625 0.0328125 0.0395833
0 0.171875 0.35625 0.03125 0.0333333
0 0.664844 0.164583 0.0359375 0.0416667
0 0.240625 0.855208 0.03125 0.0395833
0 0.567969 0.104167 0.0296875 0.0375
0 0.300781 0.319792 0.0296875 0.0395833
0 0.578125 0.151042 0.03125 0.0354167
0 0.220313 0.175 0.028125 0.0375
0 0.542188 0.985417 0.034375 0.0291667
0 0.317969 0.45625 0.0359375 0.0458333
0 0.559375 0.919792 0.03125 0.0354167
0 0.274219 0.119792 0.0296875 0.0395833
0 0.773438 0.075 0.03125 0.0416667
0 0.0210938 0.741667 0.0296875 0.0416667
0 0.584375 0.122917 0.03125 0.0416667
0 0.851562 0.748958 0.0375 0.0479167
0 0.0835937 0.80625 0.0296875 0.0375
0 0.600781 0.2125 0.0328125 0.0416667
0 0.132031 0.194792 0.0328125 0.04375
0 0.234375 0.579167 0.028125 0.0416667
0 0.0398437 0.376042 0.0328125 0.04375
0 0.58125 0.507292 0.03125 0.0395833
0 0.628906 0.804167 0.0359375 0.0416667
0 0.192969 0.84375 0.0328125 0.0375
0 0.708594 0.633333 0.0328125 0.0416667
0 0.496094 0.015625 0.0296875 0.03125
0 0.835156 0.971875 0.0296875 0.0395833
0 0.985937 0.810417 0.028125 0.0375
0 0.282813 0.216667 0.034375 0.0416667
0 0.828125 0.434375 0.034375 0.04375
0 0.778125 0.470833 0.034375 0.0416667
0 0.638281 0.419792 0.0359375 0.0479167
0 0.853125 0.229167 0.046875 0.0541667
0 0.867188 0.408333 0.034375 0.0416667
0 0.845312 0.845833 0.028125 0.0333333
0 0.634375 0.571875 0.03125 0.0395833
0 0.935938 0.209375 0.040625 0.05625
0 0.507031 0.732292 0.0421875 0.0520833
