0 0.654688 0.922917 0.040625 0.0541667
0 0.630469 0.804167 0.0328125 0.0416667
2 0.199219 0.577083 0.0234375 0.0291667
0 0.564844 0.161458 0.0265625 0.03125
0 0.486719 0.865625 0.0296875 0.0395833
0 0.200781 0.13125 0.0296875 0.0416667
0 0.744531 0.745833 0.0265625 0.0333333
0 0.5 0.386458 0.03125 0.0354167
0 0.0726563 0.536458 0.0359375 0.04375
0 0.378125 0.166667 0.03125 0.0375
0 0.627344 0.591667 0.0296875 0.0416667
0 0.680469 0.135417 0.0390625 0.0416667
0 0.111719 0.2625 0.0328125 0.0416667
0 0.028125 0.729167 0.03125 0.0416667
0 0.314063 0.688542 0.034375 0.04375
0 0.578906 0.153125 0.0296875 0.03125
0 0.774219 0.0635417 0.0296875 0.0395833
0 0.569531 0.80625 0.0328125 0.0375
0 0.608594 0.330208 0.0296875 0.04375
0 0.314844 0.307292 0.0265625 0.0395833
0 0.0882813 0.963542 0.0296875 0.0395833
0 0.759375 0.795833 0.03125 0.0416667
0 0.932813 0.722917 0.028125 0.0333333
0 0.242969 0.854167 0.0296875 0.0375
0 0.582812 0.877083 0.03125 0.0375
0 0.585156 0.122917 0.0296875 0.0375
0 0.8375 0.964583 0.03125 0.0375
0 0.567187 0.102083 0.028125 0.0375
0 0.0835937 0.805208 0.0296875 0.0354167
0 0.935156 0.209375 0.0390625 0.0520833
0 0.271875 0.414583 0.03125 0.0375
0 0.707031 0.638542 0.0296875 0.0354167
0 0.133594 0.194792 0.0296875 0.04375
0 0.585938 0.4875 0.034375 0.0416667
0 0.239063 0.579167 0.03125 0.0416667
0 0.86875 0.408333 0.03125 0.0416667
0 0.192188 0.844792 0.03125 0.0395833
0 0.307031 0.101042 0.0296875 0.0354167
0 0.511719 0.719792 0.0390625 0.0479167
0 0.828125 0.433333 0.03125 0.0416667
0 0.0179687 0.229167 0.0328125 0.0416667
0 0.0453125 0.3625 0.034375 0.0416667
0 0.9875 0.772917 0.025 0.0375
0 0.854688 0.747917 0.034375 0.0458333
0 0.636719 0.419792 0.0359375 0.0479167
0 0.848437 0.8375 0.028125 0.0375
0 0.601562 0.211458 0.034375 0.04375
0 0.282813 0.215625 0.034375 0.0395833
0 0.852344 0.227083 0.0453125 0.0541667
0 0.646094 0.561458 0.0265625 0.0354167
