0 0.575781 0.1125 0.0359375 0.0416667
0 0.602344 0.211458 0.0328125 0.0395833
0 0.628906 0.804167 0.0359375 0.0416667
0 0.578906 0.151042 0.0296875 0.0354167
2 0.182031 0.940625 0.0265625 0.0354167
0 0.310937 0.192708 0.034375 0.0395833
0 0.6375 0.421875 0.0375 0.04375
0 0.763281 0.101042 0.0328125 0.0354167
0 0.485938 0.863542 0.03125 0.04375
0 0.469531 0.427083 0.0390625 0.0541667
0 0.767187 0.075 0.034375 0.0333333
0 0.567969 0.105208 0.0296875 0.0354167
0 0.276563 0.228125 0.034375 0.0395833
0 0.254687 0.36875 0.028125 0.0375
0 0.851562 0.234375 0.040625 0.0520833
0 0.361719 0.0479167 0.0328125 0.0416667
0 0.953125 0.913542 0.03125 0.0354167
0 0.24375 0.155208 0.03125 0.0354167
0 0.490625 0.034375 0.03125 0.0395833
0 0.721094 0.779167 0.0296875 0.0333333
0 0.864062 0.413542 0.034375 0.04375
0 0.826563 0.985417 0.028125 0.0291667
0 0.084375 0.805208 0.03125 0.0395833
0 0.754687 0.0552083 0.034375 0.04375
0 0.9875 0.311458 0.025 0.04375
0 0.545313 0.576042 0.034375 0.04375
0 0.0898438 0.9625 0.0328125 0.0416667
0 0.709375 0.632292 0.03125 0.0395833
0 0.232812 0.578125 0.03125 0.04375
0 0.719531 0.461458 0.0359375 0.04375
0 0.8375 0.863542 0.028125 0.04375
0 0.646875 0.222917 0.0375 0.0416667
0 0.935938 0.209375 0.040625 0.05625
0 0.192188 0.845833 0.034375 0.0416667
0 0.829687 0.435417 0.034375 0.0416667
0 0.260938 0.441667 0.03125 0.0375
0 0.307031 0.238542 0.0390625 0.04375
0 0.582812 0.121875 0.034375 0.04375
0 0.129688 0.2 0.040625 0.0541667
0 0.2375 0.858333 0.03125 0.0416667
0 0.63125 0.60625 0.028125 0.0375
0 0.49375 0.748958 0.040625 0.0479167
0 0.844531 0.753125 0.0328125 0.0479167
