0 0.65625 0.926042 0.040625 0.0479167
0 0.578125 0.15 0.028125 0.0333333
0 0.489844 0.404167 0.0296875 0.0375
0 0.785937 0.865625 0.034375 0.04375
0 0.735156 0.766667 0.0296875 0.0333333
0 0.291406 0.322917 0.0265625 0.0416667
0 0.551562 0.934375 0.028125 0.03125
0 0.220313 0.178125 0.028125 0.0354167
0 0.389844 0.469792 0.0328125 0.0395833
0 0.264844 0.4375 0.0296875 0.0375
0 0.541406 0.985417 0.0328125 0.0291667
0 0.577344 0.5125 0.0328125 0.0416667
0 0.235938 0.578125 0.03125 0.04375
0 0.567969 0.103125 0.0296875 0.0354167
0 0.661719 0.171875 0.0359375 0.0395833
0 0.140625 0.272917 0.03125 0.0333333
0 0.499219 0.0145833 0.0296875 0.0291667
0 0.0195312 0.746875 0.0296875 0.04375
0 0.982813 0.822917 0.028125 0.0375
0 0.851562 0.748958 0.034375 0.04375
0 0.629687 0.804167 0.034375 0.0416667
0 0.208594 0.49375 0.0328125 0.0416667
0 0.413281 0.0447917 0.0328125 0.0395833
0 0.709375 0.633333 0.03125 0.0416667
0 0.483594 0.8625 0.0359375 0.0416667
0 0.764844 0.35625 0.0296875 0.0416667
0 0.0835937 0.80625 0.0296875 0.0375
0 0.584375 0.119792 0.03125 0.0395833
0 0.192188 0.84375 0.03125 0.0375
0 0.282813 0.21875 0.034375 0.0416667
0 0.772656 0.0770833 0.0328125 0.0416667
0 0.865625 0.410417 0.03125 0.0416667
0 0.26875 0.122917 0.03125 0.0375
0 0.828906 0.435417 0.0328125 0.0375
0 0.636719 0.420833 0.0359375 0.0458333
0 0.0375 0.378125 0.03125 0.0479167
0 0.853125 0.229167 0.04375 0.0541667
0 0.503125 0.7375 0.04375 0.05
0 0.833594 0.973958 0.0265625 0.0354167
0 0.132031 0.196875 0.0328125 0.04375
0 0.603125 0.213542 0.03125 0.0395833
0 0.357031 0.0677083 0.0296875 0.0354167
0 0.842188 0.85 0.028125 0.0333333
0 0.241406 0.854167 0.0328125 0.0416667
0 0.632812 0.577083 0.03125 0.0375
0 0.935938 0.209375 0.040625 0.05625
