0 0.491406 0.402083 0.0296875 0.0375
0 0.239063 0.453125 0.03125 0.0354167
0 0.628906 0.804167 0.0359375 0.0416667
0 0.578906 0.151042 0.0296875 0.0354167
0 0.752344 0.809375 0.0328125 0.0395833
0 0.663281 0.169792 0.0328125 0.0395833
0 0.566406 0.103125 0.0296875 0.0395833
0 0.485938 0.863542 0.034375 0.04375
0 0.266406 0.435417 0.0296875 0.0375
0 0.0203125 0.74375 0.03125 0.0458333
0 0.542188 0.985417 0.034375 0.0291667
0 0.35625 0.426042 0.03125 0.0395833
0 0.984375 0.813542 0.03125 0.04375
0 0.557031 0.925 0.0296875 0.0333333
0 0.733594 0.763542 0.0265625 0.0354167
0 0.851562 0.748958 0.034375 0.04375
0 0.0835937 0.80625 0.0296875 0.0375
0 0.579687 0.508333 0.03125 0.0375
0 0.235156 0.576042 0.0296875 0.04375
0 0.240625 0.854167 0.03125 0.0416667
0 0.294531 0.320833 0.0296875 0.0416667
0 0.220313 0.175 0.028125 0.0375
0 0.773438 0.0739583 0.03125 0.0395833
0 0.179688 0.314583 0.03125 0.0416667
0 0.191406 0.844792 0.0328125 0.0395833
0 0.709375 0.632292 0.03125 0.0395833
0 0.835938 0.972917 0.028125 0.0375
0 0.271875 0.120833 0.03125 0.0375
0 0.584375 0.119792 0.03125 0.0395833
0 0.6375 0.419792 0.034375 0.0479167
0 0.760156 0.422917 0.0296875 0.0375
0 0.282813 0.21875 0.034375 0.0416667
0 0.852344 0.229167 0.0453125 0.0541667
0 0.867188 0.408333 0.034375 0.0416667
0 0.503906 0.734375 0.0421875 0.0520833
0 0.828125 0.434375 0.03125 0.0395833
0 0.603125 0.213542 0.03125 0.0395833
0 0.633594 0.572917 0.0296875 0.0375
0 0.132812 0.194792 0.034375 0.04375
0 0.84375 0.846875 0.025 0.0354167
0 0.935938 0.208333 0.040625 0.0583333
