0 0.309375 0.192708 0.03125 0.0395833
0 0.717188 0.45 0.028125 0.0333333
0 0.575 0.111458 0.034375 0.0395833
0 0.6375 0.421875 0.0375 0.0479167
0 0.629687 0.804167 0.034375 0.0416667
0 0.602344 0.211458 0.0328125 0.0395833
2 0.182812 0.941667 0.028125 0.0375
0 0.469531 0.426042 0.0390625 0.0520833
0 0.764063 0.101042 0.03125 0.0354167
0 0.704687 0.460417 0.034375 0.0416667
0 0.780469 0.0739583 0.0265625 0.0354167
0 0.485938 0.863542 0.03125 0.04375
0 0.578906 0.151042 0.0296875 0.0354167
0 0.935938 0.210417 0.040625 0.0583333
0 0.721094 0.779167 0.0296875 0.0333333
0 0.00859375 0.785417 0.0171875 0.0375
0 0.540625 0.984375 0.034375 0.03125
0 0.276563 0.227083 0.03125 0.0375
0 0.254687 0.369792 0.028125 0.0395833
0 0.084375 0.80625 0.028125 0.0375
0 0.864062 0.413542 0.034375 0.04375
0 0.954687 0.911458 0.034375 0.0395833
0 0.753906 0.0552083 0.0328125 0.04375
0 0.567969 0.103125 0.0296875 0.0354167
0 0.828125 0.985417 0.025 0.0291667
0 0.361719 0.046875 0.0328125 0.0395833
0 0.0898438 0.963542 0.0296875 0.0395833
0 0.24375 0.154167 0.03125 0.0333333
0 0.545313 0.575 0.034375 0.0416667
0 0.260938 0.440625 0.03125 0.0354167
0 0.709375 0.632292 0.03125 0.0395833
0 0.233594 0.579167 0.0296875 0.0416667
0 0.829687 0.435417 0.034375 0.0416667
0 0.492188 0.034375 0.03125 0.0395833
0 0.8375 0.863542 0.025 0.04375
0 0.852344 0.233333 0.0421875 0.05
0 0.192188 0.845833 0.034375 0.0416667
0 0.646875 0.222917 0.0375 0.0416667
0 0.300781 0.239583 0.0359375 0.0416667
0 0.630469 0.605208 0.0296875 0.0395833
0 0.128906 0.198958 0.0390625 0.0520833
0 0.583594 0.122917 0.0328125 0.0416667
0 0.2375 0.858333 0.03125 0.0416667
0 0.845312 0.754167 0.034375 0.05
0 0.494531 0.748958 0.0390625 0.0479167
