0 0.629687 0.803125 0.034375 0.0395833
0 0.703125 0.455208 0.03125 0.0395833
0 0.309375 0.19375 0.028125 0.0375
0 0.564062 0.160417 0.028125 0.0333333
0 0.459375 0.429167 0.0375 0.05
0 0.238281 0.167708 0.0265625 0.03125
0 0.71875 0.78125 0.03125 0.0333333
0 0.486719 0.863542 0.0296875 0.0395833
0 0.759375 0.1 0.03125 0.0375
0 0.578125 0.151042 0.03125 0.0354167
0 0.942187 0.939583 0.034375 0.0375
0 0.851562 0.236458 0.040625 0.0520833
0 0.635156 0.235417 0.0359375 0.0416667
0 0.541406 0.985417 0.0328125 0.0291667
0 0.829687 0.435417 0.034375 0.0375
0 0.273438 0.236458 0.03125 0.0395833
0 0.260156 0.4375 0.0328125 0.0375
0 0.084375 0.804167 0.028125 0.0333333
0 0.0898438 0.963542 0.0296875 0.0395833
0 0.484375 0.0416667 0.028125 0.0375
0 0.13125 0.198958 0.034375 0.0479167
0 0.233594 0.576042 0.0296875 0.04375
0 0.24375 0.372917 0.028125 0.0375
0 0.823438 0.9875 0.028125 0.025
0 0.569531 0.103125 0.0296875 0.0354167
0 0.314844 0.223958 0.0328125 0.0395833
0 0.638281 0.420833 0.0359375 0.0458333
0 0.53125 0.590625 0.03125 0.0395833
0 0.601562 0.211458 0.03125 0.0395833
0 0.490625 0.751042 0.040625 0.0479167
0 0.865625 0.413542 0.03125 0.0395833
0 0.959375 0.451042 0.03125 0.0395833
0 0.191406 0.845833 0.0328125 0.0416667
0 0.357812 0.0552083 0.028125 0.0354167
0 0.744531 0.0791667 0.0328125 0.0416667
0 0.708594 0.63125 0.0328125 0.0416667
0 0.935938 0.208333 0.040625 0.0541667
0 0.820312 0.409375 0.034375 0.0395833
0 0.582812 0.120833 0.034375 0.0416667
0 0.834375 0.86875 0.025 0.0375
0 0.2375 0.857292 0.03125 0.0395833
0 0.842188 0.754167 0.034375 0.05
0 0.630469 0.610417 0.0328125 0.0375
