0 0.578125 0.153125 0.028125 0.0354167
0 0.629687 0.804167 0.034375 0.0416667
0 0.311719 0.190625 0.0296875 0.0354167
0 0.2875 0.373958 0.025 0.0270833
0 0.469531 0.472917 0.0359375 0.0458333
0 0.485938 0.865625 0.034375 0.04375
0 0.727344 0.772917 0.0296875 0.0333333
0 0.479688 0.410417 0.034375 0.0458333
0 0.529688 0.466667 0.034375 0.0416667
0 0.194531 0.26875 0.0359375 0.0458333
0 0.565625 0.535417 0.03125 0.0375
0 0.535937 0.966667 0.03125 0.0333333
0 0.964063 0.30625 0.034375 0.0416667
0 0.65625 0.928125 0.040625 0.0520833
0 0.0335938 0.0302083 0.0296875 0.0395833
0 0.129688 0.525 0.034375 0.0458333
0 0.0835937 0.805208 0.0296875 0.0395833
0 0.280469 0.34375 0.0265625 0.0375
0 0.284375 0.21875 0.03125 0.0375
0 0.972656 0.855208 0.0390625 0.0479167
0 0.829687 0.435417 0.034375 0.0416667
0 0.504687 0.0197917 0.03125 0.0354167
0 0.260938 0.438542 0.034375 0.0395833
0 0.245312 0.209375 0.028125 0.0395833
0 0.709375 0.633333 0.03125 0.0416667
0 0.584375 0.121875 0.03125 0.0395833
0 0.569531 0.103125 0.0296875 0.0354167
0 0.235156 0.578125 0.0328125 0.04375
0 0.638281 0.420833 0.0390625 0.05
0 0.864062 0.413542 0.034375 0.04375
0 0.853125 0.228125 0.04375 0.0520833
0 0.725 0.1125 0.03125 0.0375
0 0.255469 0.136458 0.0328125 0.0395833
0 0.192188 0.846875 0.034375 0.04375
0 0.657812 0.1875 0.034375 0.0416667
0 0.130469 0.198958 0.0359375 0.0479167
0 0.239063 0.859375 0.034375 0.04375
0 0.370313 0.0208333 0.028125 0.0333333
0 0.603125 0.213542 0.03125 0.0395833
0 0.83125 0.980208 0.028125 0.0354167
0 0.770312 0.0833333 0.03125 0.0375
0 0.629687 0.5875 0.03125 0.0416667
0 0.848437 0.754167 0.034375 0.0458333
0 0.842188 0.855208 0.028125 0.0395833
0 0.496875 0.741667 0.04375 0.05
0 0.935938 0.210417 0.040625 0.0541667
