0 0.628125 0.802083 0.034375 0.0416667
0 0.407813 0.217708 0.034375 0.0395833
0 0.6375 0.414583 0.0375 0.05
0 0.482812 0.761458 0.04375 0.0479167
0 0.307031 0.195833 0.0265625 0.0333333
0 0.560938 0.159375 0.028125 0.0354167
0 0.714063 0.7875 0.03125 0.0375
0 0.485938 0.61875 0.03125 0.0458333
0 0.735156 0.157292 0.0296875 0.0395833
0 0.577344 0.148958 0.0296875 0.0354167
0 0.235156 0.564583 0.0328125 0.0458333
0 0.185156 0.717708 0.0328125 0.04375
0 0.221094 0.4875 0.0234375 0.0291667
0 0.188281 0.853125 0.0359375 0.04375
0 0.261719 0.430208 0.0265625 0.0354167
0 0.4875 0.861458 0.034375 0.04375
0 0.570312 0.102083 0.028125 0.0333333
0 0.703906 0.158333 0.0359375 0.0458333
0 0.708594 0.629167 0.0328125 0.0416667
0 0.823438 0.9875 0.028125 0.025
0 0.0835937 0.802083 0.0296875 0.0375
0 0.66875 0.986458 0.03125 0.0270833
0 0.129688 0.195833 0.034375 0.0416667
0 0.191406 0.25625 0.0296875 0.0416667
0 0.624219 0.239583 0.0328125 0.0416667
0 0.0429688 0.983333 0.0359375 0.0333333
0 0.835156 0.785417 0.0359375 0.0458333
0 0.800781 0.407292 0.0296875 0.0354167
0 0.205469 0.195833 0.0296875 0.0375
0 0.350781 0.075 0.0265625 0.0333333
0 0.583594 0.119792 0.0328125 0.0395833
0 0.83125 0.869792 0.03125 0.0395833
0 0.826563 0.433333 0.028125 0.0333333
0 0.474219 0.0552083 0.0265625 0.0395833
0 0.852344 0.232292 0.0453125 0.0520833
0 0.934375 0.20625 0.0375 0.05
0 0.453125 0.476042 0.0375 0.0395833
0 0.622656 0.0166667 0.0296875 0.0333333
0 0.601562 0.208333 0.03125 0.0416667
0 0.211719 0.408333 0.0265625 0.0416667
0 0.63125 0.616667 0.03125 0.0416667
0 0.257812 0.272917 0.034375 0.0416667
0 0.860937 0.408333 0.028125 0.0375
0 0.236719 0.85625 0.0328125 0.0458333
0 0.507031 0.0333333 0.0265625 0.0333333
