0 0.564062 0.1625 0.028125 0.0333333
0 0.245312 0.448958 0.025 0.03125
0 0.935938 0.208333 0.0375 0.05
0 0.851562 0.238542 0.0375 0.04375
0 0.717969 0.782292 0.0296875 0.03125
0 0.4875 0.863542 0.03125 0.0395833
0 0.260938 0.436458 0.028125 0.0354167
0 0.75625 0.10625 0.03125 0.0416667
0 0.922656 0.382292 0.0328125 0.04375
0 0.729688 0.103125 0.034375 0.0395833
0 0.309375 0.222917 0.034375 0.0416667
0 0.505469 0.025 0.0265625 0.0375
0 0.934375 0.960417 0.03125 0.0375
0 0.522656 0.602083 0.0328125 0.0416667
0 0.636719 0.417708 0.0359375 0.0479167
0 0.460938 0.440625 0.034375 0.04375
0 0.140625 0.947917 0.028125 0.0375
0 0.2375 0.177083 0.03125 0.0333333
0 0.084375 0.804167 0.03125 0.0375
0 0.823438 0.989583 0.028125 0.0208333
0 0.235156 0.575 0.0296875 0.0416667
0 0.578125 0.148958 0.03125 0.0354167
0 0.826563 0.433333 0.034375 0.0416667
0 0.56875 0.102083 0.028125 0.0375
0 0.130469 0.198958 0.0328125 0.04375
0 0.490625 0.757292 0.0375 0.04375
0 0.269531 0.240625 0.0328125 0.0395833
0 0.2375 0.378125 0.028125 0.0395833
0 0.191406 0.845833 0.0328125 0.0416667
0 0.628906 0.239583 0.0328125 0.0375
0 0.709375 0.63125 0.03125 0.0375
0 0.0882813 0.9625 0.0296875 0.0375
0 0.907812 0.584375 0.028125 0.0395833
0 0.602344 0.209375 0.0296875 0.0395833
0 0.357812 0.0625 0.028125 0.0375
0 0.583594 0.120833 0.0328125 0.0416667
0 0.833594 0.872917 0.0265625 0.0375
0 0.859375 0.411458 0.03125 0.0395833
0 0.48125 0.0479167 0.028125 0.0375
0 0.632031 0.6125 0.0296875 0.0416667
0 0.840625 0.754167 0.034375 0.05
0 0.236719 0.858333 0.0296875 0.0416667
