0 0.277344 0.401042 0.0234375 0.03125
0 0.307813 0.808333 0.025 0.0333333
0 0.469531 0.469792 0.0328125 0.04375
0 0.3 0.248958 0.034375 0.0395833
0 0.964063 0.884375 0.034375 0.0395833
0 0.577344 0.154167 0.0265625 0.0333333
0 0.310937 0.190625 0.03125 0.0395833
0 0.8625 0.164583 0.03125 0.0416667
0 0.474219 0.414583 0.0359375 0.0416667
0 0.486719 0.864583 0.0296875 0.0416667
0 0.282031 0.219792 0.0359375 0.04375
0 0.723437 0.776042 0.03125 0.0354167
0 0.767969 0.0947917 0.0328125 0.0395833
0 0.709375 0.633333 0.03125 0.0375
0 0.767187 0.0291667 0.03125 0.0416667
0 0.265625 0.359375 0.028125 0.0395833
0 0.55625 0.552083 0.03125 0.0375
0 0.569531 0.103125 0.0296875 0.0354167
0 0.0132813 0.772917 0.0234375 0.0375
0 0.0828125 0.807292 0.03125 0.0395833
0 0.853125 0.23125 0.04375 0.05
0 0.235156 0.577083 0.0328125 0.0458333
0 0.830469 0.435417 0.0328125 0.0416667
0 0.65625 0.2 0.0375 0.0416667
0 0.242969 0.153125 0.0328125 0.0395833
0 0.657812 0.520833 0.028125 0.0375
0 0.864062 0.4125 0.034375 0.0416667
0 0.260938 0.439583 0.034375 0.0416667
0 0.840625 0.860417 0.025 0.0375
0 0.364844 0.0333333 0.0328125 0.0416667
0 0.496094 0.75 0.0421875 0.05
0 0.128906 0.201042 0.0390625 0.0520833
0 0.192969 0.845833 0.0359375 0.0416667
0 0.557813 0.01875 0.028125 0.0333333
0 0.583594 0.121875 0.0328125 0.0395833
0 0.5 0.0239583 0.0375 0.0395833
0 0.935938 0.209375 0.040625 0.0520833
0 0.629687 0.602083 0.028125 0.0375
0 0.603125 0.214583 0.03125 0.0375
0 0.847656 0.754167 0.0328125 0.0458333
0 0.239063 0.858333 0.034375 0.0416667
0 0.83125 0.983333 0.025 0.0333333
