0 0.190625 0.94375 0.03125 0.0375
0 0.629687 0.804167 0.034375 0.0416667
0 0.578125 0.15 0.03125 0.0375
0 0.6375 0.421875 0.0375 0.04375
0 0.71875 0.78125 0.03125 0.0375
0 0.463281 0.430208 0.0390625 0.0520833
0 0.759375 0.101042 0.03125 0.0395833
0 0.635938 0.235417 0.0375 0.0416667
0 0.601562 0.209375 0.03125 0.0395833
0 0.485938 0.8625 0.03125 0.0416667
0 0.273438 0.234375 0.034375 0.0395833
0 0.803125 0.398958 0.03125 0.0354167
0 0.569531 0.103125 0.0296875 0.0354167
0 0.944531 0.93125 0.0328125 0.0375
0 0.489844 0.752083 0.0421875 0.0458333
0 0.485156 0.0395833 0.0296875 0.0375
0 0.084375 0.805208 0.028125 0.0354167
0 0.742969 0.075 0.0328125 0.0416667
0 0.240625 0.161458 0.03125 0.0354167
0 0.261719 0.439583 0.0328125 0.0375
0 0.0890625 0.9625 0.028125 0.0375
0 0.246875 0.371875 0.028125 0.0395833
0 0.233594 0.576042 0.0296875 0.04375
0 0.534375 0.5875 0.034375 0.0416667
0 0.129688 0.198958 0.034375 0.0479167
0 0.311719 0.227083 0.0328125 0.0416667
0 0.357812 0.0541667 0.03125 0.0375
0 0.865625 0.413542 0.03125 0.0395833
0 0.851562 0.235417 0.040625 0.05
0 0.824219 0.9875 0.0265625 0.025
0 0.709375 0.63125 0.03125 0.0416667
0 0.192188 0.845833 0.034375 0.0416667
0 0.828906 0.433333 0.0328125 0.0416667
0 0.964063 0.410417 0.028125 0.0375
0 0.632031 0.6125 0.0328125 0.0416667
0 0.582812 0.120833 0.034375 0.0416667
0 0.835156 0.86875 0.0265625 0.0416667
0 0.935938 0.209375 0.0375 0.05625
0 0.236719 0.85625 0.0296875 0.0375
0 0.842188 0.754167 0.034375 0.05
