0 0.563281 0.159375 0.0296875 0.0395833
0 0.307813 0.195833 0.028125 0.0333333
0 0.628125 0.802083 0.034375 0.0416667
0 0.85 0.232292 0.04375 0.0479167
0 0.735937 0.147917 0.03125 0.0375
0 0.714844 0.7875 0.0296875 0.0333333
0 0.235156 0.566667 0.0359375 0.05
0 0.570312 0.102083 0.028125 0.0333333
0 0.260938 0.432292 0.028125 0.0395833
0 0.224219 0.482292 0.0265625 0.03125
0 0.408594 0.217708 0.0359375 0.04375
0 0.704687 0.154167 0.034375 0.0416667
0 0.260938 0.265625 0.034375 0.04375
0 0.4875 0.8625 0.03125 0.0416667
0 0.796094 0.319792 0.0328125 0.0395833
0 0.934375 0.20625 0.0375 0.0458333
0 0.353125 0.071875 0.028125 0.03125
0 0.207813 0.1875 0.028125 0.0333333
0 0.454688 0.466667 0.034375 0.0416667
0 0.225 0.221875 0.03125 0.0354167
0 0.0835937 0.802083 0.0328125 0.0416667
0 0.83125 0.871875 0.028125 0.0354167
0 0.584375 0.11875 0.03125 0.0375
0 0.823438 0.9875 0.028125 0.025
0 0.0421875 0.984375 0.034375 0.03125
0 0.708594 0.629167 0.0328125 0.0416667
0 0.128906 0.195833 0.0328125 0.0416667
0 0.625 0.240625 0.03125 0.0395833
0 0.475 0.0541667 0.025 0.0375
0 0.578125 0.147917 0.03125 0.0375
0 0.838281 0.777083 0.0359375 0.0458333
0 0.496875 0.613542 0.03125 0.04375
0 0.826563 0.43125 0.03125 0.0375
0 0.715625 0.942708 0.03125 0.0395833
0 0.601562 0.209375 0.028125 0.04375
0 0.217969 0.402083 0.0328125 0.0458333
0 0.860937 0.410417 0.028125 0.0375
0 0.192969 0.855208 0.0359375 0.0479167
0 0.630469 0.615625 0.0296875 0.0395833
0 0.216406 0.753125 0.0296875 0.04375
0 0.236719 0.85625 0.0328125 0.0458333
0 0.507031 0.03125 0.0265625 0.0333333
0 0.10625 0.983333 0.03125 0.0333333
