0 0.0445312 0.365625 0.0328125 0.04375
0 0.307813 0.34375 0.021875 0.0291667
0 0.564062 0.160417 0.028125 0.0333333
0 0.485938 0.864583 0.028125 0.0375
0 0.15 0.4125 0.028125 0.0333333
0 0.742969 0.75625 0.0265625 0.0375
0 0.586719 0.496875 0.0328125 0.0395833
0 0.495313 0.39375 0.034375 0.0416667
0 0.322656 0.389583 0.0296875 0.0375
0 0.567187 0.898958 0.028125 0.03125
0 0.578125 0.151042 0.03125 0.0354167
0 0.76875 0.575 0.03125 0.0416667
0 0.249219 0.503125 0.0328125 0.0395833
0 0.990625 0.789583 0.01875 0.0375
0 0.23125 0.575 0.028125 0.0416667
0 0.696875 0.588542 0.03125 0.0395833
0 0.0132813 0.358333 0.0265625 0.0416667
0 0.772656 0.071875 0.0328125 0.0395833
0 0.245312 0.367708 0.03125 0.04375
0 0.852344 0.227083 0.0453125 0.0541667
0 0.0828125 0.805208 0.028125 0.0354167
0 0.0117188 0.25625 0.0234375 0.0416667
0 0.290625 0.111458 0.028125 0.0354167
0 0.667188 0.152083 0.034375 0.0416667
0 0.133594 0.196875 0.0328125 0.04375
0 0.221094 0.176042 0.0265625 0.0354167
0 0.267188 0.420833 0.03125 0.0375
0 0.851562 0.747917 0.034375 0.0458333
0 0.835938 0.966667 0.028125 0.0375
0 0.636719 0.420833 0.0359375 0.05
0 0.191406 0.844792 0.0328125 0.0395833
0 0.629687 0.803125 0.0375 0.04375
0 0.567969 0.102083 0.0296875 0.0375
0 0.708594 0.636458 0.0328125 0.0395833
0 0.828125 0.434375 0.03125 0.0395833
0 0.309375 0.3125 0.028125 0.0375
0 0.582812 0.05625 0.028125 0.0375
0 0.584375 0.122917 0.03125 0.0416667
0 0.283594 0.217708 0.0328125 0.0395833
0 0.86875 0.408333 0.03125 0.0416667
0 0.602344 0.2125 0.0328125 0.0458333
0 0.242188 0.858333 0.03125 0.0416667
0 0.935938 0.209375 0.040625 0.0604167
0 0.509375 0.728125 0.04375 0.0520833
0 0.646094 0.565625 0.0296875 0.0395833
0 0.846875 0.84375 0.0375 0.0416667
