0 0.653906 0.922917 0.0390625 0.0541667
0 0.565625 0.159375 0.025 0.03125
0 0.628906 0.80625 0.0328125 0.0416667
0 0.745313 0.744792 0.025 0.03125
0 0.328125 0.714583 0.03125 0.0375
0 0.4875 0.865625 0.03125 0.0395833
0 0.0898438 0.51875 0.0328125 0.0416667
0 0.5 0.386458 0.03125 0.0354167
0 0.391406 0.159375 0.0296875 0.0354167
0 0.540625 0.985417 0.03125 0.0291667
0 0.194531 0.135417 0.0265625 0.0375
0 0.935156 0.209375 0.0390625 0.0520833
0 0.672656 0.13125 0.0328125 0.0375
0 0.578125 0.151042 0.028125 0.03125
0 0.315625 0.307292 0.025 0.0395833
0 0.583594 0.875 0.0296875 0.0333333
0 0.0289063 0.728125 0.0328125 0.04375
0 0.735156 0.795833 0.0296875 0.0416667
0 0.0882813 0.963542 0.0296875 0.0395833
0 0.101562 0.2625 0.0375 0.0458333
0 0.553906 0.775 0.0328125 0.0416667
0 0.683594 0.148958 0.0296875 0.0354167
0 0.511719 0.721875 0.0359375 0.04375
0 0.585156 0.122917 0.0296875 0.0375
0 0.588281 0.340625 0.0265625 0.0395833
0 0.307813 0.101042 0.028125 0.0354167
0 0.585938 0.486458 0.03125 0.0395833
0 0.567187 0.101042 0.028125 0.0354167
0 0.910937 0.741667 0.028125 0.0375
0 0.0835937 0.80625 0.0296875 0.0375
0 0.836719 0.963542 0.0296875 0.0395833
0 0.191406 0.84375 0.0296875 0.0375
0 0.239063 0.577083 0.028125 0.0416667
0 0.272656 0.413542 0.0296875 0.0395833
0 0.64375 0.591667 0.028125 0.0375
0 0.828125 0.432292 0.03125 0.04375
0 0.133594 0.194792 0.0328125 0.04375
0 0.86875 0.408333 0.03125 0.0416667
0 0.853906 0.747917 0.0328125 0.0458333
0 0.707031 0.6375 0.0296875 0.0375
0 0.0179687 0.226042 0.0328125 0.04375
0 0.846875 0.8375 0.028125 0.0375
0 0.602344 0.210417 0.0328125 0.0458333
0 0.242969 0.853125 0.0296875 0.0395833
0 0.771094 0.0625 0.0296875 0.0375
0 0.282813 0.217708 0.034375 0.0395833
0 0.636719 0.420833 0.0359375 0.0458333
0 0.9875 0.773958 0.025 0.0395833
0 0.0453125 0.361458 0.034375 0.04375
0 0.853125 0.227083 0.046875 0.0541667
0 0.646875 0.560417 0.028125 0.0375
