0 0.309375 0.807292 0.025 0.0354167
0 0.576563 0.111458 0.034375 0.0395833
0 0.278906 0.397917 0.0234375 0.0291667
0 0.314063 0.189583 0.040625 0.0458333
0 0.578125 0.153125 0.028125 0.0354167
0 0.486719 0.865625 0.0296875 0.04375
0 0.966406 0.878125 0.0359375 0.0395833
0 0.476562 0.414583 0.034375 0.0416667
0 0.56875 0.104167 0.028125 0.0333333
0 0.767969 0.0260417 0.0328125 0.0395833
0 0.291406 0.247917 0.0328125 0.0375
0 0.015625 0.546875 0.03125 0.0395833
0 0.723437 0.773958 0.03125 0.0354167
0 0.0132813 0.771875 0.0234375 0.0395833
0 0.24375 0.153125 0.034375 0.0395833
0 0.767969 0.09375 0.0328125 0.0416667
0 0.283594 0.217708 0.0328125 0.0395833
0 0.267969 0.358333 0.0296875 0.0416667
0 0.234375 0.578125 0.03125 0.04375
0 0.0835937 0.80625 0.0328125 0.0375
0 0.709375 0.633333 0.03125 0.0416667
0 0.655469 0.198958 0.0359375 0.04375
0 0.864062 0.4125 0.034375 0.0416667
0 0.657031 0.5375 0.0296875 0.0416667
0 0.829687 0.436458 0.034375 0.04375
0 0.498437 0.0239583 0.034375 0.0395833
0 0.557031 0.548958 0.0296875 0.0395833
0 0.853125 0.229167 0.04375 0.05
0 0.192969 0.846875 0.0359375 0.04375
0 0.260938 0.441667 0.034375 0.0416667
0 0.365625 0.0322917 0.034375 0.0395833
0 0.840625 0.860417 0.025 0.0375
0 0.586719 0.0270833 0.0296875 0.0375
0 0.129688 0.2 0.0375 0.05
0 0.895312 0.161458 0.034375 0.04375
0 0.603125 0.213542 0.03125 0.0395833
0 0.583594 0.120833 0.0328125 0.0416667
0 0.629687 0.602083 0.028125 0.0375
0 0.239844 0.858333 0.0328125 0.0416667
0 0.496875 0.745833 0.04375 0.05
0 0.935938 0.209375 0.040625 0.05625
0 0.846875 0.754167 0.03125 0.0458333
0 0.83125 0.983333 0.028125 0.0333333
