0 0.741406 0.758333 0.0265625 0.0333333
0 0.721094 0.635417 0.0328125 0.0416667
0 0.307813 0.34375 0.021875 0.0291667
0 0.486719 0.865625 0.0296875 0.0354167
0 0.111719 0.330208 0.0296875 0.04375
0 0.564062 0.905208 0.028125 0.03125
0 0.266406 0.425 0.0328125 0.0416667
0 0.305469 0.389583 0.0296875 0.0416667
0 0.578125 0.15 0.03125 0.0375
0 0.242969 0.440625 0.0328125 0.04375
0 0.709375 0.636458 0.03125 0.0395833
0 0.49375 0.396875 0.03125 0.0395833
0 0.884375 0.885417 0.028125 0.0375
0 0.021875 0.73125 0.034375 0.0458333
0 0.990625 0.796875 0.01875 0.0354167
0 0.850781 0.747917 0.0359375 0.0458333
0 0.567969 0.103125 0.0328125 0.0395833
0 0.220313 0.177083 0.028125 0.0375
0 0.636719 0.565625 0.0296875 0.0395833
0 0.0109375 0.261458 0.021875 0.0395833
0 0.935938 0.209375 0.040625 0.0604167
0 0.192188 0.844792 0.03125 0.0395833
0 0.585156 0.501042 0.0328125 0.0395833
0 0.271094 0.3875 0.0296875 0.0375
0 0.0835937 0.80625 0.0296875 0.0375
0 0.773438 0.0739583 0.03125 0.0395833
0 0.770312 0.548958 0.034375 0.0395833
0 0.584375 0.120833 0.03125 0.0416667
0 0.283594 0.217708 0.0328125 0.0395833
0 0.236719 0.575 0.0296875 0.0416667
0 0.667188 0.15625 0.034375 0.0416667
0 0.835938 0.96875 0.028125 0.0375
0 0.635938 0.421875 0.034375 0.0479167
0 0.608594 0.015625 0.0296875 0.03125
0 0.242188 0.857292 0.03125 0.04375
0 0.828125 0.434375 0.034375 0.04375
0 0.867969 0.409375 0.0328125 0.04375
0 0.132812 0.195833 0.034375 0.0416667
0 0.285156 0.1125 0.0296875 0.0375
0 0.6 0.2125 0.03125 0.0416667
0 0.307031 0.314583 0.0265625 0.0375
0 0.853125 0.229167 0.04375 0.0541667
0 0.629687 0.805208 0.034375 0.04375
0 0.848437 0.841667 0.028125 0.0333333
0 0.507812 0.730208 0.040625 0.0520833
