0 0.629687 0.804167 0.034375 0.0416667
0 0.654688 0.927083 0.040625 0.0541667
0 0.639063 0.421875 0.040625 0.0479167
0 0.576563 0.154167 0.028125 0.0333333
0 0.280469 0.390625 0.0234375 0.03125
0 0.46875 0.471875 0.03125 0.04375
0 0.63125 0.598958 0.03125 0.0395833
0 0.563281 0.533333 0.0328125 0.0375
0 0.486719 0.865625 0.0296875 0.04375
0 0.284375 0.21875 0.03125 0.0375
0 0.478125 0.413542 0.0375 0.0479167
0 0.311719 0.190625 0.0296875 0.0354167
0 0.270312 0.235417 0.034375 0.0375
0 0.0140625 0.770833 0.025 0.0416667
0 0.5 0.0229167 0.03125 0.0375
0 0.246875 0.147917 0.03125 0.0375
0 0.725 0.772917 0.03125 0.0375
0 0.272656 0.355208 0.0296875 0.0395833
0 0.0835937 0.805208 0.0296875 0.0395833
0 0.0585938 0.575 0.0328125 0.0375
0 0.569531 0.103125 0.0296875 0.0354167
0 0.852344 0.229167 0.0421875 0.05
0 0.903125 0.240625 0.03125 0.0354167
0 0.234375 0.578125 0.03125 0.04375
0 0.709375 0.634375 0.03125 0.0395833
0 0.829687 0.435417 0.034375 0.0416667
0 0.239844 0.858333 0.0328125 0.0416667
0 0.864062 0.4125 0.034375 0.0416667
0 0.192188 0.846875 0.0375 0.0479167
0 0.260938 0.439583 0.034375 0.0416667
0 0.532031 0.985417 0.0359375 0.0291667
0 0.76875 0.0885417 0.03125 0.0395833
0 0.63125 0.579167 0.034375 0.0416667
0 0.840625 0.860417 0.025 0.0375
0 0.584375 0.120833 0.03125 0.0375
0 0.05625 0.264583 0.0375 0.0416667
0 0.366406 0.0302083 0.0328125 0.0395833
0 0.603125 0.213542 0.03125 0.0395833
0 0.846875 0.755208 0.03125 0.04375
0 0.655469 0.194792 0.0359375 0.0395833
0 0.496094 0.745833 0.0421875 0.05
0 0.83125 0.983333 0.025 0.0333333
0 0.935938 0.209375 0.034375 0.0520833
0 0.129688 0.198958 0.0375 0.0479167
