0 0.566406 0.159375 0.0265625 0.0354167
0 0.308594 0.194792 0.0265625 0.03125
0 0.485938 0.760417 0.040625 0.0458333
0 0.408594 0.217708 0.0359375 0.04375
0 0.716406 0.7875 0.0265625 0.0333333
0 0.213281 0.18125 0.0296875 0.0333333
0 0.710938 0.144792 0.03125 0.04375
0 0.260938 0.434375 0.028125 0.0354167
0 0.261719 0.203125 0.0296875 0.0354167
0 0.636719 0.419792 0.0390625 0.0479167
0 0.851562 0.235417 0.040625 0.05
0 0.236719 0.56875 0.0296875 0.0458333
0 0.934375 0.207292 0.0375 0.0479167
0 0.742188 0.135417 0.028125 0.0375
0 0.0835937 0.803125 0.0328125 0.0395833
0 0.4875 0.8625 0.03125 0.0416667
0 0.570312 0.102083 0.028125 0.0333333
0 0.355469 0.0708333 0.0265625 0.0333333
0 0.823438 0.988542 0.028125 0.0229167
0 0.842188 0.76875 0.034375 0.0416667
0 0.475781 0.053125 0.0265625 0.0395833
0 0.090625 0.965625 0.034375 0.04375
0 0.457031 0.461458 0.0328125 0.04375
0 0.227344 0.477083 0.0234375 0.0291667
0 0.224219 0.394792 0.0296875 0.04375
0 0.775781 0.911458 0.0296875 0.0395833
0 0.625 0.239583 0.03125 0.0375
0 0.83125 0.869792 0.03125 0.0395833
0 0.708594 0.630208 0.0328125 0.0395833
0 0.763281 0.238542 0.0265625 0.0354167
0 0.129688 0.195833 0.034375 0.0458333
0 0.602344 0.208333 0.0296875 0.0416667
0 0.582812 0.121875 0.034375 0.0395833
0 0.630469 0.615625 0.0296875 0.0395833
0 0.860937 0.410417 0.028125 0.0375
0 0.826563 0.43125 0.03125 0.0375
0 0.504687 0.610417 0.034375 0.0458333
0 0.265625 0.257292 0.034375 0.04375
0 0.19375 0.8375 0.040625 0.0541667
0 0.507812 0.03125 0.025 0.0333333
0 0.2375 0.857292 0.03125 0.04375
0 0.578906 0.148958 0.0296875 0.0354167
