0 0.628125 0.801042 0.034375 0.0395833
0 0.6375 0.414583 0.0375 0.05
0 0.307031 0.195833 0.0265625 0.0333333
0 0.560938 0.161458 0.028125 0.0354167
0 0.735156 0.151042 0.0296875 0.0354167
0 0.714844 0.7875 0.0296875 0.0333333
0 0.235156 0.566667 0.0328125 0.05
0 0.4875 0.8625 0.03125 0.0416667
0 0.703906 0.15625 0.0328125 0.0416667
0 0.0835937 0.802083 0.0328125 0.0416667
0 0.203125 0.232292 0.03125 0.0395833
0 0.835938 0.780208 0.034375 0.04375
0 0.570312 0.102083 0.028125 0.0333333
0 0.260156 0.43125 0.0296875 0.0375
0 0.578125 0.147917 0.028125 0.0333333
0 0.85 0.23125 0.04375 0.05
0 0.221875 0.484375 0.025 0.03125
0 0.823438 0.9875 0.028125 0.025
0 0.708594 0.629167 0.0328125 0.0416667
0 0.83125 0.86875 0.03125 0.0416667
0 0.696875 0.970833 0.034375 0.0416667
0 0.0429688 0.984375 0.0359375 0.03125
0 0.351562 0.0729167 0.028125 0.0333333
0 0.194531 0.719792 0.0328125 0.04375
0 0.584375 0.120833 0.03125 0.0375
0 0.104687 0.985417 0.03125 0.0291667
0 0.207031 0.191667 0.0296875 0.0375
0 0.259375 0.267708 0.034375 0.04375
0 0.625 0.240625 0.03125 0.0395833
0 0.474219 0.0541667 0.0265625 0.0375
0 0.129688 0.195833 0.034375 0.0416667
0 0.407813 0.217708 0.034375 0.04375
0 0.214844 0.404167 0.0296875 0.0416667
0 0.491406 0.616667 0.0328125 0.0416667
0 0.788281 0.375 0.0296875 0.0375
0 0.454688 0.470833 0.0375 0.0416667
0 0.826563 0.43125 0.028125 0.0375
0 0.192969 0.854167 0.0359375 0.05
0 0.601562 0.209375 0.028125 0.04375
0 0.63125 0.616667 0.028125 0.0416667
0 0.935156 0.20625 0.0359375 0.05
0 0.861719 0.410417 0.0296875 0.0375
0 0.235938 0.857292 0.03125 0.04375
0 0.507031 0.03125 0.0265625 0.0333333
