0 0.30625 0.195833 0.025 0.0333333
0 0.628125 0.801042 0.034375 0.0395833
0 0.483594 0.760417 0.0421875 0.0458333
0 0.560938 0.161458 0.028125 0.0354167
0 0.735937 0.153125 0.028125 0.0354167
0 0.714063 0.7875 0.028125 0.0333333
0 0.703125 0.155208 0.03125 0.0395833
0 0.235156 0.565625 0.0328125 0.0479167
0 0.4875 0.8625 0.03125 0.0416667
0 0.222656 0.485417 0.0234375 0.0291667
0 0.260938 0.43125 0.028125 0.0375
0 0.835938 0.78125 0.034375 0.0458333
0 0.209375 0.240625 0.03125 0.0395833
0 0.084375 0.802083 0.03125 0.0375
0 0.570312 0.102083 0.028125 0.0333333
0 0.490625 0.616667 0.03125 0.0416667
0 0.851562 0.233333 0.040625 0.0458333
0 0.823438 0.9875 0.028125 0.025
0 0.0421875 0.984375 0.034375 0.03125
0 0.352344 0.0729167 0.0265625 0.0333333
0 0.624219 0.0166667 0.0296875 0.0333333
0 0.102344 0.985417 0.0328125 0.0291667
0 0.708594 0.629167 0.0328125 0.0416667
0 0.578125 0.147917 0.028125 0.0333333
0 0.583594 0.119792 0.0296875 0.0354167
0 0.776563 0.372917 0.028125 0.0375
0 0.129688 0.194792 0.034375 0.04375
0 0.625 0.240625 0.03125 0.0395833
0 0.20625 0.192708 0.028125 0.0354167
0 0.407813 0.217708 0.034375 0.04375
0 0.214062 0.404167 0.028125 0.0416667
0 0.192188 0.855208 0.034375 0.0479167
0 0.259375 0.26875 0.034375 0.0416667
0 0.475 0.0541667 0.025 0.0375
0 0.19375 0.713542 0.03125 0.04375
0 0.454688 0.470833 0.0375 0.0416667
0 0.827344 0.432292 0.0296875 0.0354167
0 0.602344 0.209375 0.0296875 0.04375
0 0.630469 0.615625 0.0296875 0.0395833
0 0.832031 0.867708 0.0296875 0.0395833
0 0.935156 0.20625 0.0359375 0.05
0 0.860937 0.410417 0.028125 0.0375
0 0.235938 0.857292 0.03125 0.04375
0 0.709375 0.982292 0.028125 0.0354167
0 0.50625 0.03125 0.025 0.0333333
