0 0.851562 0.233333 0.04375 0.05
0 0.248437 0.439583 0.021875 0.0291667
0 0.309375 0.188542 0.025 0.0354167
0 0.461719 0.434375 0.0390625 0.0520833
0 0.578125 0.151042 0.03125 0.0354167
0 0.485938 0.8625 0.03125 0.0416667
0 0.939062 0.944792 0.03125 0.0354167
0 0.735156 0.0864583 0.0359375 0.04375
0 0.758594 0.101042 0.0328125 0.0395833
0 0.635938 0.419792 0.034375 0.04375
0 0.2375 0.171875 0.03125 0.0354167
0 0.541406 0.985417 0.0328125 0.0291667
0 0.71875 0.78125 0.03125 0.0375
0 0.24375 0.373958 0.028125 0.0395833
0 0.084375 0.804167 0.028125 0.0333333
0 0.634375 0.2375 0.034375 0.0416667
0 0.261719 0.4375 0.0328125 0.0375
0 0.864844 0.414583 0.0328125 0.0416667
0 0.235156 0.575 0.0296875 0.0416667
0 0.482812 0.0447917 0.028125 0.0395833
0 0.529688 0.59375 0.03125 0.0416667
0 0.272656 0.2375 0.0328125 0.0416667
0 0.600781 0.209375 0.0296875 0.0395833
0 0.823438 0.988542 0.028125 0.0229167
0 0.85625 0.373958 0.03125 0.0354167
0 0.491406 0.753125 0.0421875 0.0479167
0 0.935938 0.208333 0.040625 0.0541667
0 0.709375 0.63125 0.03125 0.0416667
0 0.13125 0.197917 0.034375 0.0458333
0 0.0890625 0.9625 0.028125 0.0375
0 0.313281 0.222917 0.0328125 0.0375
0 0.828906 0.434375 0.0328125 0.0395833
0 0.567969 0.102083 0.0296875 0.0375
0 0.357812 0.0572917 0.03125 0.0395833
0 0.191406 0.845833 0.0328125 0.0375
0 0.835156 0.870833 0.0265625 0.0375
0 0.582812 0.120833 0.034375 0.0416667
0 0.945312 0.498958 0.034375 0.0395833
0 0.236719 0.858333 0.0296875 0.0416667
0 0.63125 0.610417 0.03125 0.0375
0 0.842188 0.754167 0.034375 0.0458333
