0 0.65625 0.922917 0.04375 0.0541667
0 0.74375 0.744792 0.025 0.03125
0 0.564844 0.161458 0.0265625 0.0354167
0 0.629687 0.80625 0.034375 0.0416667
0 0.200781 0.13125 0.0296875 0.0416667
0 0.4875 0.864583 0.028125 0.0375
0 0.758594 0.789583 0.0296875 0.0375
0 0.5 0.386458 0.03125 0.0354167
0 0.378125 0.170833 0.03125 0.0375
0 0.679688 0.135417 0.040625 0.0416667
0 0.317969 0.685417 0.0328125 0.0416667
0 0.610156 0.328125 0.0296875 0.04375
0 0.0734375 0.527083 0.034375 0.0458333
0 0.314844 0.307292 0.0265625 0.0395833
0 0.0289063 0.729167 0.0328125 0.0416667
0 0.934375 0.723958 0.03125 0.0354167
0 0.242969 0.854167 0.0296875 0.0375
0 0.573438 0.805208 0.034375 0.0354167
0 0.0882813 0.963542 0.0296875 0.0395833
0 0.578125 0.15 0.028125 0.0333333
0 0.583594 0.877083 0.0296875 0.0333333
0 0.774219 0.0635417 0.0296875 0.0395833
0 0.585156 0.122917 0.0296875 0.0375
0 0.110937 0.259375 0.034375 0.04375
0 0.567187 0.102083 0.03125 0.0375
0 0.836719 0.964583 0.0296875 0.0375
0 0.084375 0.805208 0.028125 0.0354167
0 0.630469 0.604167 0.0265625 0.0375
0 0.585938 0.4875 0.034375 0.0416667
0 0.271875 0.414583 0.03125 0.0375
0 0.0460938 0.3625 0.0359375 0.0416667
0 0.935156 0.208333 0.0390625 0.05
0 0.191406 0.84375 0.0296875 0.0375
0 0.307031 0.1 0.0296875 0.0375
0 0.238281 0.579167 0.0296875 0.0416667
0 0.511719 0.719792 0.0390625 0.0479167
0 0.86875 0.408333 0.03125 0.0416667
0 0.134375 0.194792 0.03125 0.04375
0 0.0179687 0.229167 0.0328125 0.0416667
0 0.707031 0.639583 0.0296875 0.0375
0 0.9875 0.772917 0.025 0.0375
0 0.828125 0.433333 0.03125 0.0416667
0 0.846875 0.8375 0.028125 0.0333333
0 0.854688 0.747917 0.034375 0.0458333
0 0.6375 0.419792 0.034375 0.0479167
0 0.282813 0.215625 0.034375 0.0395833
0 0.851562 0.227083 0.046875 0.0541667
0 0.601562 0.211458 0.034375 0.04375
0 0.646875 0.561458 0.025 0.0354167
