0 0.267188 0.885417 0.025 0.0333333
0 0.486719 0.759375 0.0390625 0.04375
0 0.235938 0.460417 0.021875 0.025
0 0.716406 0.784375 0.0296875 0.0354167
0 0.260938 0.434375 0.028125 0.0354167
0 0.164062 0.965625 0.028125 0.0354167
0 0.4875 0.863542 0.03125 0.0395833
0 0.636719 0.41875 0.0390625 0.0458333
0 0.303125 0.210417 0.03125 0.0416667
0 0.719531 0.117708 0.0296875 0.0354167
0 0.459375 0.442708 0.0375 0.0479167
0 0.753906 0.1125 0.0296875 0.0375
0 0.507031 0.0260417 0.0265625 0.0354167
0 0.923437 0.976042 0.034375 0.0395833
0 0.478906 0.0510417 0.0265625 0.0354167
0 0.084375 0.804167 0.03125 0.0375
0 0.823438 0.988542 0.028125 0.0229167
0 0.230469 0.172917 0.0296875 0.0333333
0 0.741406 0.0177083 0.0328125 0.03125
0 0.569531 0.103125 0.0296875 0.0354167
0 0.627344 0.240625 0.0328125 0.0395833
0 0.235938 0.572917 0.028125 0.0416667
0 0.826563 0.433333 0.034375 0.0416667
0 0.14375 0.928125 0.03125 0.0395833
0 0.852344 0.234375 0.0421875 0.0520833
0 0.190625 0.846875 0.03125 0.0395833
0 0.859375 0.672917 0.03125 0.0375
0 0.515625 0.60625 0.03125 0.0458333
0 0.130469 0.196875 0.0328125 0.04375
0 0.602344 0.210417 0.0296875 0.0416667
0 0.232031 0.382292 0.0296875 0.0395833
0 0.0890625 0.9625 0.03125 0.0375
0 0.709375 0.630208 0.03125 0.0395833
0 0.859375 0.410417 0.03125 0.0375
0 0.354688 0.065625 0.028125 0.0354167
0 0.578906 0.148958 0.0296875 0.0354167
0 0.584375 0.120833 0.03125 0.0375
0 0.9375 0.207292 0.0375 0.0520833
0 0.839063 0.754167 0.034375 0.05
0 0.832812 0.871875 0.028125 0.0354167
0 0.630469 0.614583 0.0296875 0.0375
0 0.267188 0.24375 0.034375 0.0375
0 0.2375 0.857292 0.03125 0.04375
