0 0.278906 0.398958 0.0234375 0.03125
0 0.410937 0.217708 0.040625 0.05625
0 0.467969 0.469792 0.0359375 0.0479167
0 0.309375 0.808333 0.025 0.0333333
0 0.314063 0.189583 0.040625 0.0458333
0 0.475 0.415625 0.0375 0.0479167
0 0.578125 0.153125 0.028125 0.0354167
0 0.486719 0.865625 0.0296875 0.04375
0 0.967188 0.880208 0.034375 0.0395833
0 0.294531 0.245833 0.0359375 0.0416667
0 0.877344 0.175 0.0265625 0.0333333
0 0.853125 0.23125 0.04375 0.05
0 0.569531 0.103125 0.0296875 0.0354167
0 0.242969 0.153125 0.0328125 0.0395833
0 0.283594 0.216667 0.0359375 0.0416667
0 0.76875 0.09375 0.03125 0.0416667
0 0.573438 0.0291667 0.034375 0.0416667
0 0.0132813 0.558333 0.0265625 0.0416667
0 0.724219 0.775 0.0328125 0.0375
0 0.0132813 0.770833 0.0234375 0.0375
0 0.266406 0.358333 0.0296875 0.0416667
0 0.767969 0.028125 0.0328125 0.0395833
0 0.234375 0.578125 0.03125 0.04375
0 0.709375 0.633333 0.03125 0.0416667
0 0.557031 0.55 0.0328125 0.0416667
0 0.864062 0.4125 0.034375 0.0416667
0 0.65625 0.2 0.0375 0.0416667
0 0.829687 0.435417 0.034375 0.0416667
0 0.0828125 0.807292 0.03125 0.0395833
0 0.364844 0.03125 0.0359375 0.0416667
0 0.192188 0.845833 0.034375 0.0416667
0 0.628125 0.602083 0.03125 0.0416667
0 0.499219 0.0239583 0.0359375 0.0395833
0 0.129688 0.2 0.040625 0.0541667
0 0.260938 0.440625 0.034375 0.04375
0 0.839844 0.860417 0.0265625 0.0375
0 0.659375 0.523958 0.034375 0.04375
0 0.935938 0.210417 0.040625 0.0541667
0 0.583594 0.120833 0.0328125 0.0416667
0 0.603125 0.213542 0.03125 0.0395833
0 0.847656 0.755208 0.0328125 0.04375
0 0.240625 0.858333 0.03125 0.0416667
0 0.496094 0.745833 0.0421875 0.05
0 0.83125 0.983333 0.028125 0.0333333
