0 0.654688 0.923958 0.04375 0.05625
0 0.313281 0.780208 0.0234375 0.03125
0 0.629687 0.805208 0.034375 0.04375
0 0.742969 0.744792 0.0265625 0.0354167
0 0.486719 0.865625 0.0296875 0.0395833
0 0.564062 0.161458 0.028125 0.0354167
0 0.500781 0.386458 0.0296875 0.0354167
0 0.391406 0.194792 0.0265625 0.0354167
0 0.740625 0.770833 0.025 0.0333333
0 0.2 0.1375 0.028125 0.0416667
0 0.541406 0.985417 0.0328125 0.0291667
0 0.578125 0.151042 0.03125 0.0354167
0 0.329688 0.666667 0.03125 0.0416667
0 0.314844 0.308333 0.0265625 0.0375
0 0.0890625 0.963542 0.03125 0.0395833
0 0.028125 0.728125 0.03125 0.04375
0 0.0945313 0.503125 0.0328125 0.04375
0 0.619531 0.345833 0.0296875 0.0416667
0 0.305469 0.101042 0.0265625 0.0354167
0 0.577344 0.826042 0.0328125 0.0395833
0 0.942187 0.745833 0.03125 0.0416667
0 0.836719 0.964583 0.0296875 0.0375
0 0.120312 0.25625 0.034375 0.0416667
0 0.0835937 0.805208 0.0296875 0.0354167
0 0.584375 0.122917 0.03125 0.0375
0 0.0453125 0.3625 0.034375 0.0416667
0 0.935938 0.207292 0.040625 0.0520833
0 0.272656 0.414583 0.0296875 0.0375
0 0.567187 0.102083 0.03125 0.0375
0 0.239063 0.579167 0.028125 0.0416667
0 0.584375 0.879167 0.03125 0.0333333
0 0.585938 0.4875 0.034375 0.0416667
0 0.9875 0.773958 0.025 0.0354167
0 0.191406 0.844792 0.0296875 0.0354167
0 0.636719 0.420833 0.0328125 0.0458333
0 0.669531 0.141667 0.0390625 0.0458333
0 0.86875 0.408333 0.03125 0.0416667
0 0.242188 0.855208 0.03125 0.0395833
0 0.0164062 0.228125 0.0328125 0.04375
0 0.132812 0.194792 0.03125 0.04375
0 0.707031 0.639583 0.0296875 0.0375
0 0.772656 0.0645833 0.0296875 0.0375
0 0.282813 0.216667 0.034375 0.0416667
0 0.594531 0.58125 0.0328125 0.0375
0 0.828125 0.433333 0.03125 0.0416667
0 0.848437 0.8375 0.028125 0.0333333
0 0.510938 0.721875 0.040625 0.0479167
0 0.853906 0.748958 0.0328125 0.04375
0 0.601562 0.211458 0.034375 0.04375
0 0.851562 0.227083 0.046875 0.0541667
0 0.646094 0.5625 0.0296875 0.0375
