0 0.408594 0.216667 0.0390625 0.0541667
0 0.564062 0.160417 0.028125 0.0333333
0 0.688281 0.564583 0.0296875 0.0375
0 0.485938 0.864583 0.028125 0.0375
0 0.742969 0.757292 0.0265625 0.0354167
0 0.586719 0.497917 0.0328125 0.0416667
0 0.496094 0.392708 0.0328125 0.04375
0 0.253125 0.365625 0.028125 0.0395833
0 0.56875 0.897917 0.03125 0.0333333
0 0.770312 0.579167 0.03125 0.0416667
0 0.990625 0.789583 0.01875 0.0375
0 0.578125 0.151042 0.03125 0.0354167
0 0.175 0.392708 0.03125 0.0395833
0 0.322656 0.3875 0.0296875 0.0375
0 0.851562 0.227083 0.046875 0.0541667
0 0.220313 0.171875 0.028125 0.0354167
0 0.772656 0.071875 0.0328125 0.0395833
0 0.0109375 0.370833 0.021875 0.0375
0 0.666406 0.152083 0.0359375 0.0416667
0 0.291406 0.109375 0.0265625 0.0354167
0 0.0828125 0.805208 0.028125 0.0354167
0 0.232812 0.575 0.028125 0.0416667
0 0.246094 0.501042 0.0328125 0.0395833
0 0.267188 0.417708 0.03125 0.0395833
0 0.132812 0.195833 0.03125 0.0416667
0 0.585156 0.122917 0.0328125 0.0416667
0 0.191406 0.844792 0.0328125 0.0395833
0 0.0125 0.25625 0.025 0.0416667
0 0.630469 0.804167 0.0359375 0.0416667
0 0.828125 0.434375 0.034375 0.0395833
0 0.567187 0.103125 0.028125 0.0354167
0 0.583594 0.0677083 0.0296875 0.0354167
0 0.835938 0.966667 0.028125 0.0375
0 0.638281 0.420833 0.0359375 0.05
0 0.309375 0.3125 0.028125 0.0375
0 0.283594 0.217708 0.0328125 0.0395833
0 0.708594 0.636458 0.0328125 0.0395833
0 0.86875 0.408333 0.03125 0.0416667
0 0.242188 0.85625 0.03125 0.0416667
0 0.601562 0.213542 0.034375 0.04375
0 0.508594 0.729167 0.0421875 0.05
0 0.853125 0.747917 0.0375 0.0458333
0 0.935938 0.209375 0.040625 0.05625
0 0.84375 0.842708 0.03125 0.0395833
0 0.840625 0.859375 0.03125 0.0354167
0 0.646875 0.566667 0.03125 0.0416667
