0 0.629687 0.803125 0.034375 0.0479167
0 0.307813 0.807292 0.028125 0.0354167
0 0.577344 0.154167 0.0296875 0.0333333
0 0.4875 0.865625 0.03125 0.04375
0 0.889063 0.208333 0.028125 0.0333333
0 0.311719 0.190625 0.0328125 0.0395833
0 0.476562 0.414583 0.034375 0.0458333
0 0.278906 0.394792 0.0265625 0.03125
0 0.852344 0.229167 0.0421875 0.05
0 0.0890625 0.964583 0.03125 0.0375
0 0.283594 0.216667 0.0359375 0.0375
0 0.967188 0.872917 0.034375 0.0375
0 0.725 0.773958 0.03125 0.0354167
0 0.0164062 0.277083 0.0328125 0.0458333
0 0.245312 0.151042 0.03125 0.0354167
0 0.76875 0.0916667 0.03125 0.0416667
0 0.499219 0.0239583 0.0328125 0.0395833
0 0.0140625 0.771875 0.025 0.0395833
0 0.0835937 0.80625 0.0328125 0.0375
0 0.653125 0.552083 0.03125 0.0416667
0 0.235156 0.577083 0.0328125 0.0458333
0 0.709375 0.633333 0.03125 0.0416667
0 0.279687 0.241667 0.034375 0.0375
0 0.829687 0.435417 0.034375 0.0416667
0 0.558594 0.542708 0.0328125 0.0395833
0 0.569531 0.103125 0.0296875 0.0354167
0 0.270312 0.360417 0.028125 0.0375
0 0.260938 0.440625 0.034375 0.04375
0 0.864844 0.4125 0.0328125 0.0416667
0 0.192188 0.846875 0.0375 0.0479167
0 0.603125 0.214583 0.03125 0.0375
0 0.584375 0.121875 0.03125 0.0395833
0 0.610937 0.059375 0.034375 0.04375
0 0.365625 0.03125 0.034375 0.0375
0 0.840625 0.859375 0.025 0.0395833
0 0.65625 0.196875 0.0375 0.04375
0 0.129688 0.2 0.0375 0.05
0 0.934375 0.209375 0.0375 0.0520833
0 0.239844 0.858333 0.0328125 0.0416667
0 0.629687 0.598958 0.034375 0.0395833
0 0.846875 0.75625 0.03125 0.0458333
0 0.496875 0.745833 0.04375 0.05
0 0.83125 0.983333 0.028125 0.0333333
