0 0.629687 0.803125 0.034375 0.0395833
0 0.935938 0.207292 0.0375 0.0520833
0 0.524219 0.6 0.0328125 0.0416667
0 0.71875 0.782292 0.03125 0.0354167
0 0.851562 0.234375 0.040625 0.0479167
0 0.4875 0.864583 0.03125 0.0375
0 0.757031 0.104167 0.0296875 0.0375
0 0.934375 0.958333 0.03125 0.0375
0 0.260938 0.4375 0.03125 0.0375
0 0.56875 0.103125 0.028125 0.0354167
0 0.636719 0.41875 0.0359375 0.0458333
0 0.4625 0.441667 0.0375 0.05
0 0.730469 0.0989583 0.0328125 0.0395833
0 0.921875 0.572917 0.03125 0.0375
0 0.140625 0.951042 0.028125 0.0395833
0 0.309375 0.225 0.03125 0.0416667
0 0.2375 0.177083 0.03125 0.0333333
0 0.864062 0.414583 0.034375 0.0416667
0 0.825781 0.433333 0.0359375 0.0416667
0 0.990625 0.411458 0.01875 0.0520833
0 0.823438 0.988542 0.028125 0.0229167
0 0.9 0.421875 0.03125 0.0395833
0 0.084375 0.804167 0.03125 0.0375
0 0.578125 0.15 0.03125 0.0375
0 0.235156 0.575 0.0296875 0.0416667
0 0.491406 0.757292 0.0421875 0.04375
0 0.130469 0.197917 0.0359375 0.0458333
0 0.0882813 0.9625 0.0296875 0.0375
0 0.271094 0.239583 0.0328125 0.0375
0 0.191406 0.845833 0.0328125 0.0416667
0 0.63125 0.238542 0.03125 0.0395833
0 0.238281 0.378125 0.0296875 0.0395833
0 0.709375 0.630208 0.03125 0.0395833
0 0.603125 0.210417 0.03125 0.0416667
0 0.583594 0.120833 0.0328125 0.0416667
0 0.48125 0.0479167 0.028125 0.0375
0 0.357812 0.0614583 0.028125 0.0354167
0 0.833594 0.872917 0.0265625 0.0375
0 0.2375 0.858333 0.03125 0.0416667
0 0.63125 0.6125 0.03125 0.0416667
0 0.840625 0.754167 0.034375 0.05
