0 0.30625 0.344792 0.025 0.03125
0 0.628906 0.804167 0.0359375 0.0416667
0 0.578125 0.15 0.03125 0.0375
0 0.491406 0.402083 0.0296875 0.0416667
0 0.747656 0.80625 0.0296875 0.0375
0 0.247656 0.46875 0.0328125 0.0375
0 0.485938 0.864583 0.034375 0.0416667
0 0.664062 0.16875 0.034375 0.0375
0 0.734375 0.7625 0.025 0.0333333
0 0.219531 0.176042 0.0296875 0.0395833
0 0.495313 0.0145833 0.034375 0.0291667
0 0.566406 0.104167 0.0328125 0.0416667
0 0.985156 0.813542 0.0296875 0.0395833
0 0.178906 0.334375 0.0328125 0.0395833
0 0.541406 0.985417 0.0359375 0.0291667
0 0.265625 0.436458 0.03125 0.04375
0 0.0210938 0.742708 0.0296875 0.04375
0 0.979688 0.861458 0.028125 0.0354167
0 0.345313 0.429167 0.034375 0.0458333
0 0.579687 0.508333 0.03125 0.0375
0 0.557813 0.922917 0.03125 0.0375
0 0.772656 0.0739583 0.0296875 0.0395833
0 0.0835937 0.80625 0.0296875 0.0375
0 0.851562 0.75 0.034375 0.0416667
0 0.234375 0.577083 0.03125 0.0458333
0 0.296094 0.320833 0.0296875 0.0416667
0 0.709375 0.632292 0.03125 0.0395833
0 0.272656 0.120833 0.0296875 0.0375
0 0.192969 0.844792 0.0328125 0.0395833
0 0.240625 0.854167 0.03125 0.0416667
0 0.583594 0.120833 0.0328125 0.0416667
0 0.835156 0.971875 0.0296875 0.0395833
0 0.0382813 0.377083 0.0359375 0.0458333
0 0.778125 0.430208 0.03125 0.0395833
0 0.503906 0.735417 0.0421875 0.0541667
0 0.282813 0.217708 0.034375 0.04375
0 0.6375 0.420833 0.034375 0.05
0 0.867188 0.408333 0.034375 0.0416667
0 0.132812 0.194792 0.034375 0.04375
0 0.603125 0.2125 0.03125 0.0416667
0 0.853125 0.229167 0.04375 0.0541667
0 0.828125 0.434375 0.03125 0.0395833
0 0.633594 0.573958 0.0296875 0.0395833
0 0.935156 0.209375 0.0390625 0.05625
0 0.845312 0.846875 0.028125 0.0354167
