0 0.308594 0.807292 0.0265625 0.0354167
0 0.629687 0.804167 0.034375 0.0416667
0 0.578125 0.153125 0.028125 0.0354167
0 0.310937 0.190625 0.03125 0.0395833
0 0.4875 0.865625 0.03125 0.04375
0 0.477344 0.413542 0.0359375 0.0479167
0 0.279687 0.394792 0.025 0.03125
0 0.6125 0.06875 0.034375 0.0375
0 0.0890625 0.964583 0.03125 0.0375
0 0.895312 0.201042 0.034375 0.0354167
0 0.500781 0.0229167 0.0328125 0.0375
0 0.0382813 0.577083 0.0328125 0.0375
0 0.853125 0.229167 0.04375 0.05
0 0.724219 0.775 0.0296875 0.0333333
0 0.245312 0.151042 0.03125 0.0354167
0 0.282813 0.217708 0.034375 0.0395833
0 0.0828125 0.805208 0.03125 0.0395833
0 0.280469 0.24375 0.0328125 0.0375
0 0.234375 0.578125 0.03125 0.04375
0 0.0132813 0.771875 0.0234375 0.0395833
0 0.767969 0.0916667 0.0328125 0.0416667
0 0.709375 0.633333 0.03125 0.0416667
0 0.650781 0.55625 0.0328125 0.0416667
0 0.270312 0.360417 0.028125 0.0375
0 0.829687 0.435417 0.034375 0.0416667
0 0.569531 0.103125 0.0296875 0.0354167
0 0.260938 0.439583 0.034375 0.0416667
0 0.864844 0.4125 0.0328125 0.0416667
0 0.0195312 0.265625 0.0328125 0.0395833
0 0.192188 0.846875 0.0375 0.0479167
0 0.934375 0.208333 0.0375 0.05
0 0.364844 0.03125 0.0328125 0.0375
0 0.584375 0.120833 0.03125 0.0416667
0 0.840625 0.859375 0.025 0.0395833
0 0.603125 0.214583 0.03125 0.0375
0 0.239844 0.858333 0.0328125 0.0416667
0 0.65625 0.196875 0.0375 0.04375
0 0.559375 0.541667 0.03125 0.0375
0 0.129688 0.2 0.0375 0.05
0 0.846875 0.75625 0.03125 0.0458333
0 0.630469 0.601042 0.0328125 0.0395833
0 0.496875 0.745833 0.04375 0.05
0 0.83125 0.983333 0.028125 0.0333333
