0 0.408594 0.215625 0.0359375 0.0479167
0 0.307813 0.195833 0.028125 0.0333333
0 0.7125 0.142708 0.03125 0.04375
0 0.483594 0.761458 0.0390625 0.04375
0 0.715625 0.7875 0.025 0.0333333
0 0.260938 0.433333 0.028125 0.0375
0 0.766406 0.204167 0.0265625 0.0333333
0 0.851562 0.234375 0.040625 0.0479167
0 0.084375 0.803125 0.03125 0.0395833
0 0.236719 0.56875 0.0296875 0.0458333
0 0.74375 0.132292 0.03125 0.0395833
0 0.228125 0.475 0.021875 0.0291667
0 0.476562 0.053125 0.028125 0.0395833
0 0.4875 0.8625 0.03125 0.0416667
0 0.457031 0.459375 0.0328125 0.04375
0 0.354688 0.0697917 0.028125 0.0354167
0 0.215625 0.178125 0.03125 0.0354167
0 0.6375 0.419792 0.0375 0.0479167
0 0.935938 0.207292 0.040625 0.0520833
0 0.841406 0.766667 0.0328125 0.0375
0 0.571094 0.102083 0.0296875 0.0333333
0 0.271875 0.194792 0.03125 0.0395833
0 0.628906 0.0135417 0.0296875 0.0270833
0 0.225 0.392708 0.028125 0.04375
0 0.625781 0.240625 0.0328125 0.0395833
0 0.989062 0.4125 0.021875 0.0458333
0 0.129688 0.195833 0.034375 0.0458333
0 0.708594 0.63125 0.0328125 0.0416667
0 0.832812 0.870833 0.028125 0.0416667
0 0.860937 0.410417 0.028125 0.0375
0 0.265625 0.25625 0.034375 0.0458333
0 0.583594 0.121875 0.0328125 0.0395833
0 0.600781 0.210417 0.0296875 0.0416667
0 0.0851562 0.961458 0.0328125 0.04375
0 0.50625 0.610417 0.034375 0.05
0 0.630469 0.616667 0.0296875 0.0416667
0 0.783594 0.884375 0.0296875 0.0395833
0 0.826563 0.43125 0.03125 0.0375
0 0.578906 0.148958 0.0296875 0.0354167
0 0.194531 0.852083 0.0390625 0.05
0 0.507812 0.0322917 0.028125 0.0354167
0 0.238281 0.857292 0.0296875 0.04375
