0 0.820312 0.6375 0.021875 0.0291667
0 0.563281 0.160417 0.0265625 0.0333333
0 0.486719 0.865625 0.0296875 0.0395833
0 0.744531 0.745833 0.0265625 0.0333333
0 0.361719 0.19375 0.0328125 0.0375
0 0.128906 0.296875 0.0265625 0.0395833
0 0.66875 0.134375 0.03125 0.0354167
0 0.625781 0.80625 0.0390625 0.0458333
0 0.779688 0.748958 0.028125 0.0354167
0 0.408594 0.219792 0.0359375 0.0479167
0 0.5 0.389583 0.03125 0.0375
0 0.615625 0.829167 0.0375 0.05
0 0.954687 0.7625 0.028125 0.0333333
0 0.551562 0.577083 0.03125 0.0375
0 0.635156 0.375 0.0296875 0.0375
0 0.0898438 0.963542 0.0296875 0.0395833
0 0.578125 0.151042 0.028125 0.03125
0 0.304688 0.102083 0.028125 0.0375
0 0.311719 0.641667 0.0328125 0.0458333
0 0.836719 0.964583 0.0296875 0.0375
0 0.028125 0.729167 0.03125 0.0416667
0 0.313281 0.307292 0.0265625 0.0395833
0 0.0429688 0.461458 0.0328125 0.04375
0 0.015625 0.234375 0.03125 0.04375
0 0.771875 0.06875 0.03125 0.0375
0 0.636719 0.421875 0.0328125 0.04375
0 0.0828125 0.805208 0.028125 0.0354167
0 0.9875 0.777083 0.025 0.0375
0 0.566406 0.101042 0.0296875 0.0395833
0 0.584375 0.121875 0.03125 0.0395833
0 0.582812 0.88125 0.03125 0.0375
0 0.650781 0.140625 0.0296875 0.0354167
0 0.200781 0.141667 0.0265625 0.0416667
0 0.191406 0.84375 0.0296875 0.0375
0 0.272656 0.413542 0.0296875 0.0395833
0 0.935156 0.209375 0.0390625 0.0520833
0 0.282813 0.217708 0.034375 0.0395833
0 0.241406 0.855208 0.0296875 0.0395833
0 0.707031 0.638542 0.0296875 0.0395833
0 0.86875 0.408333 0.03125 0.0416667
0 0.239063 0.579167 0.028125 0.0416667
0 0.510938 0.721875 0.040625 0.0479167
0 0.602344 0.2125 0.0328125 0.0416667
0 0.585938 0.4875 0.034375 0.0416667
0 0.828125 0.433333 0.03125 0.0416667
0 0.853125 0.227083 0.04375 0.0541667
0 0.846875 0.838542 0.03125 0.0354167
0 0.853906 0.748958 0.0328125 0.04375
0 0.132812 0.194792 0.03125 0.04375
0 0.0445312 0.361458 0.0328125 0.0395833
0 0.646094 0.561458 0.0296875 0.0354167
