0 0.659375 0.560417 0.025 0.0375
0 0.04375 0.364583 0.034375 0.0416667
0 0.486719 0.865625 0.0296875 0.0395833
0 0.564062 0.159375 0.028125 0.0354167
0 0.511719 0.729167 0.0421875 0.05
0 0.217187 0.169792 0.028125 0.0354167
0 0.21875 0.320833 0.03125 0.0375
0 0.253125 0.472917 0.028125 0.0333333
0 0.25 0.519792 0.03125 0.0354167
0 0.240625 0.572917 0.028125 0.0375
0 0.742969 0.75625 0.0265625 0.0375
0 0.0273438 0.736458 0.0265625 0.0395833
0 0.836719 0.964583 0.0296875 0.0375
0 0.0882813 0.964583 0.0296875 0.0375
0 0.348437 0.359375 0.034375 0.0395833
0 0.666406 0.151042 0.0328125 0.0395833
0 0.497656 0.391667 0.0328125 0.0375
0 0.7625 0.6125 0.03125 0.0416667
0 0.588281 0.495833 0.0328125 0.0416667
0 0.294531 0.10625 0.0296875 0.0375
0 0.985156 0.863542 0.0265625 0.0395833
0 0.610937 0.0572917 0.028125 0.0395833
0 0.570312 0.892708 0.03125 0.0354167
0 0.578125 0.151042 0.03125 0.0354167
0 0.0828125 0.805208 0.028125 0.0354167
0 0.808594 0.821875 0.0328125 0.0395833
0 0.56875 0.102083 0.028125 0.0375
0 0.310937 0.310417 0.028125 0.0375
0 0.771875 0.0697917 0.03125 0.0354167
0 0.269531 0.41875 0.0296875 0.0375
0 0.191406 0.844792 0.0328125 0.0395833
0 0.584375 0.122917 0.03125 0.0416667
0 0.708594 0.6375 0.0296875 0.0375
0 0.9875 0.789583 0.025 0.0375
0 0.636719 0.419792 0.0359375 0.0479167
0 0.283594 0.216667 0.0328125 0.0416667
0 0.935938 0.209375 0.040625 0.05625
0 0.86875 0.409375 0.03125 0.0395833
0 0.630469 0.804167 0.0359375 0.0416667
0 0.132812 0.196875 0.034375 0.04375
0 0.828125 0.433333 0.034375 0.0416667
0 0.848437 0.838542 0.028125 0.0354167
0 0.242188 0.857292 0.03125 0.0395833
0 0.853125 0.228125 0.04375 0.05625
0 0.603125 0.213542 0.03125 0.04375
0 0.853125 0.748958 0.034375 0.04375
0 0.647656 0.561458 0.0328125 0.04375
