0 0.3125 0.778125 0.025 0.0354167
0 0.657812 0.928125 0.04375 0.05625
0 0.745313 0.741667 0.028125 0.0333333
0 0.4875 0.864583 0.03125 0.0375
0 0.628906 0.804167 0.0359375 0.0416667
0 0.500781 0.385417 0.0296875 0.0375
0 0.564062 0.161458 0.028125 0.0354167
0 0.197656 0.125 0.0296875 0.0416667
0 0.738281 0.804167 0.0296875 0.0375
0 0.7 0.1625 0.03125 0.0416667
0 0.672656 0.13125 0.0328125 0.0375
0 0.315625 0.307292 0.025 0.0395833
0 0.0703125 0.259375 0.03125 0.04375
0 0.540625 0.985417 0.034375 0.0291667
0 0.511719 0.721875 0.0390625 0.0479167
0 0.120312 0.51875 0.03125 0.0375
0 0.707812 0.639583 0.028125 0.0375
0 0.0296875 0.726042 0.03125 0.04375
0 0.545313 0.78125 0.03125 0.0375
0 0.0890625 0.963542 0.03125 0.0395833
0 0.35625 0.726042 0.03125 0.04375
0 0.921875 0.70625 0.03125 0.0375
0 0.603906 0.3 0.0296875 0.0375
0 0.935156 0.207292 0.0390625 0.0520833
0 0.585156 0.121875 0.0296875 0.0395833
0 0.307813 0.1 0.028125 0.0375
0 0.585938 0.486458 0.03125 0.0395833
0 0.584375 0.876042 0.03125 0.0395833
0 0.685938 0.610417 0.028125 0.0375
0 0.8375 0.964583 0.03125 0.0375
0 0.0835937 0.805208 0.0296875 0.0354167
0 0.272656 0.413542 0.0296875 0.0395833
0 0.239063 0.578125 0.028125 0.0395833
0 0.567187 0.1 0.03125 0.0375
0 0.416406 0.165625 0.0234375 0.0354167
0 0.827344 0.432292 0.0328125 0.04375
0 0.0195312 0.223958 0.0359375 0.0479167
0 0.133594 0.19375 0.0328125 0.0458333
0 0.635938 0.420833 0.034375 0.0458333
0 0.0453125 0.360417 0.034375 0.0416667
0 0.86875 0.408333 0.03125 0.0416667
0 0.282813 0.217708 0.034375 0.0395833
0 0.578125 0.151042 0.03125 0.0354167
0 0.242969 0.853125 0.0296875 0.0395833
0 0.191406 0.84375 0.0296875 0.0375
0 0.854688 0.747917 0.034375 0.0458333
0 0.771094 0.0635417 0.0296875 0.0395833
0 0.601562 0.210417 0.034375 0.0458333
0 0.846875 0.8375 0.03125 0.0375
0 0.9875 0.773958 0.025 0.0395833
0 0.853125 0.227083 0.046875 0.0541667
0 0.646094 0.5625 0.0296875 0.0416667
