0 0.677344 0.526042 0.0453125 0.0604167
0 0.49375 0.402083 0.028125 0.0375
0 0.142969 0.367708 0.0328125 0.0479167
0 0.746875 0.484375 0.021875 0.03125
0 0.232031 0.677083 0.0390625 0.05
0 0.415625 0.494792 0.04375 0.0645833
0 0.458594 0.114583 0.0265625 0.0375
0 0.342187 0.870833 0.025 0.0333333
0 0.477344 0.115625 0.0421875 0.0520833
0 0.49375 0.371875 0.03125 0.04375
0 0.488281 0.261458 0.0234375 0.03125
0 0.653125 0.645833 0.025 0.0375
0 0.992188 0.667708 0.015625 0.0354167
0 0.682031 0.926042 0.0265625 0.0354167
0 0.51875 0.420833 0.028125 0.0416667
0 0.0273438 0.209375 0.0453125 0.0604167
0 0.198437 0.1875 0.03125 0.0416667
0 0.798437 0.55 0.025 0.0333333
0 0.357031 0.10625 0.0328125 0.0416667
0 0.640625 0.24375 0.034375 0.0458333
0 0.978906 0.541667 0.0265625 0.0333333
0 0.482031 0.403125 0.0234375 0.0354167
0 0.736719 0.473958 0.0265625 0.0354167
0 0.154687 0.0427083 0.0375 0.0520833
0 0.705469 0.460417 0.0234375 0.0291667
0 0.353906 0.43125 0.0359375 0.0458333
0 0.138281 0.177083 0.0296875 0.0458333
0 0.621875 0.714583 0.03125 0.0375
0 0.310156 0.471875 0.0203125 0.03125
0 0.302344 0.163542 0.0265625 0.0395833
0 0.990625 0.59375 0.01875 0.0416667
0 0.990625 0.958333 0.01875 0.0541667
0 0.989844 0.015625 0.0203125 0.03125
0 0.332031 0.0197917 0.0265625 0.0354167
0 0.59375 0.028125 0.034375 0.04375
0 0.0523437 0.767708 0.0265625 0.03125
0 0.710156 0.944792 0.0296875 0.0395833
0 0.385938 0.896875 0.028125 0.0354167
0 0.303125 0.059375 0.04375 0.0645833
0 0.646094 0.985417 0.0296875 0.0291667
0 0.289062 0.626042 0.028125 0.0354167
0 0.941406 0.2375 0.0234375 0.0333333
0 0.991406 0.426042 0.0171875 0.03125
0 0.128125 0.1625 0.025 0.0375
0 0.096875 0.610417 0.03125 0.0333333
0 0.478125 0.223958 0.028125 0.0354167
0 0.735156 0.439583 0.0234375 0.0333333
0 0.0929687 0.638542 0.0359375 0.04375
0 0.332031 0.45625 0.0234375 0.0291667
0 0.363281 0.139583 0.0359375 0.0458333
0 0.645312 0.0145833 0.034375 0.0291667
0 0.501562 0.766667 0.03125 0.0416667
0 0.263281 0.554167 0.0296875 0.0416667
0 0.764063 0.367708 0.028125 0.0354167
0 0.078125 0.553125 0.03125 0.0395833
0 0.803906 0.265625 0.0296875 0.0395833
0 0.68125 0.465625 0.034375 0.04375
0 0.357812 0.927083 0.028125 0.0333333
0 0.357031 0.208333 0.0265625 0.0375
0 0.0804688 0.04375 0.0453125 0.0458333
0 0.9625 0.823958 0.028125 0.03125
0 0.646875 0.117708 0.025 0.0354167
0 0.594531 0.546875 0.0359375 0.0479167
0 0.678125 0.0552083 0.025 0.0354167
0 0.448438 0.682292 0.046875 0.05625
0 0.108594 0.421875 0.0265625 0.03125
0 0.0757812 0.147917 0.0359375 0.05
0 0.571875 0.879167 0.03125 0.0416667
0 0.385938 0.241667 0.028125 0.0375
0 0.846094 0.314583 0.0296875 0.0375
0 0.277344 0.144792 0.0265625 0.03125
0 0.800781 0.94375 0.0328125 0.0458333
0 0.365625 0.223958 0.028125 0.0354167
0 0.533594 0.921875 0.0296875 0.0354167
0 0.475 0.0760417 0.03125 0.0395833
0 0.0484375 0.0697917 0.028125 0.0395833
0 0.745313 0.640625 0.046875 0.0604167
0 0.6125 0.755208 0.028125 0.03125
0 0.263281 0.978125 0.0390625 0.04375
0 0.0171875 0.398958 0.034375 0.0520833
0 0.728125 0.908333 0.034375 0.0458333
0 0.629687 0.895833 0.028125 0.0416667
0 0.885938 0.854167 0.03125 0.0416667
0 0.440625 0.946875 0.034375 0.0479167
0 0.592188 0.45625 0.03125 0.0375
0 0.15 0.30625 0.034375 0.0458333
0 0.0398437 0.109375 0.0296875 0.0395833
0 0.592188 0.680208 0.034375 0.0479167
0 0.230469 0.040625 0.0328125 0.0395833
0 0.446094 0.189583 0.0390625 0.05
0 0.146094 0.116667 0.0328125 0.0458333
0 0.536719 0.108333 0.0296875 0.0375
0 0.392969 0.857292 0.0328125 0.0395833
0 0.391406 0.0302083 0.0390625 0.0479167
0 0.157031 0.96875 0.0453125 0.0541667
0 0.358594 0.0895833 0.0328125 0.0416667
0 0.546875 0.19375 0.040625 0.05
0 0.526563 0.5875 0.040625 0.05
