0 0.477344 0.439583 0.0265625 0.0333333
0 0.476562 0.420833 0.025 0.0375
0 0.677344 0.934375 0.0234375 0.03125
0 0.628125 0.676042 0.040625 0.0604167
0 0.489844 0.416667 0.0234375 0.0333333
0 0.382812 0.897917 0.025 0.0375
0 0.502344 0.847917 0.0296875 0.0416667
0 0.892969 0.509375 0.0453125 0.05625
0 0.538281 0.267708 0.0359375 0.0479167
0 0.991406 0.602083 0.0171875 0.0458333
0 0.476562 0.119792 0.046875 0.0604167
0 0.845312 0.442708 0.040625 0.0520833
0 0.728125 0.477083 0.025 0.0333333
0 0.253906 0.723958 0.0296875 0.0395833
0 0.478906 0.223958 0.0296875 0.0354167
0 0.797656 0.947917 0.0296875 0.0416667
0 0.407031 0.502083 0.0390625 0.0541667
0 0.090625 0.153125 0.03125 0.0395833
0 0.155469 0.972917 0.0421875 0.05
0 0.985937 0.944792 0.028125 0.0645833
0 0.535156 0.403125 0.0390625 0.05625
0 0.799219 0.552083 0.0265625 0.0333333
0 0.298438 0.0604167 0.04375 0.0583333
0 0.742969 0.6375 0.0421875 0.0583333
0 0.354688 0.884375 0.03125 0.04375
0 0.975781 0.540625 0.0328125 0.0395833
0 0.646094 0.0114583 0.0328125 0.0229167
0 0.135937 0.176042 0.034375 0.0520833
0 0.308594 0.470833 0.0234375 0.0333333
0 0.478125 0.382292 0.03125 0.04375
0 0.984375 0.591667 0.028125 0.0458333
0 0.611719 0.770833 0.0328125 0.0458333
0 0.282031 0.625 0.0265625 0.0375
0 0.745313 0.489583 0.021875 0.0291667
0 0.347656 0.428125 0.0328125 0.0354167
0 0.361719 0.141667 0.0328125 0.0416667
0 0.0859375 0.639583 0.0375 0.05
0 0.154687 0.0458333 0.040625 0.0541667
0 0.139062 0.36875 0.034375 0.0541667
0 0.985937 0.0166667 0.028125 0.0333333
0 0.329688 0.458333 0.021875 0.0291667
0 0.0671875 0.551042 0.03125 0.0395833
0 0.609375 0.742708 0.03125 0.0395833
0 0.0523437 0.76875 0.0296875 0.0333333
0 0.624219 0.883333 0.0328125 0.0416667
0 0.182031 0.945833 0.0265625 0.0375
0 0.460156 0.0229167 0.0296875 0.0333333
0 0.390625 0.85 0.03125 0.0416667
0 0.991406 0.669792 0.0171875 0.0354167
0 0.38125 0.246875 0.028125 0.0354167
0 0.282813 0.798958 0.025 0.0354167
0 0.714063 0.40625 0.028125 0.0333333
0 0.439844 0.191667 0.0421875 0.0541667
0 0.0140625 0.397917 0.028125 0.05
0 0.142969 0.307292 0.0359375 0.0479167
0 0.59375 0.68125 0.034375 0.05
0 0.104687 0.41875 0.028125 0.0333333
0 0.674219 0.465625 0.0359375 0.0479167
0 0.732031 0.429167 0.0234375 0.0291667
0 0.0820312 0.0572917 0.0515625 0.06875
0 0.355469 0.927083 0.0265625 0.0333333
0 0.797656 0.263542 0.0296875 0.0395833
0 0.325 0.902083 0.0375 0.05
0 0.449219 0.68125 0.0453125 0.0541667
0 0.0867188 0.611458 0.0328125 0.0395833
0 0.870313 0.85625 0.04375 0.05
0 0.939844 0.709375 0.0296875 0.0395833
0 0.4375 0.945833 0.03125 0.0458333
0 0.424219 0.24375 0.0265625 0.0333333
0 0.589063 0.0291667 0.034375 0.0458333
0 0.563281 0.897917 0.0328125 0.0416667
0 0.14375 0.236458 0.03125 0.04375
0 0.0445312 0.071875 0.0296875 0.0395833
0 0.361719 0.217708 0.0359375 0.0479167
0 0.709375 0.948958 0.028125 0.0354167
0 0.83125 0.209375 0.034375 0.04375
0 0.255469 0.546875 0.0359375 0.0479167
0 0.659375 0.160417 0.03125 0.0375
0 0.524219 0.9125 0.0296875 0.0375
0 0.586719 0.542708 0.0359375 0.0520833
0 0.378125 0.141667 0.025 0.0375
0 0.232031 0.158333 0.0296875 0.0333333
0 0.725 0.913542 0.03125 0.0395833
0 0.628125 0.388542 0.03125 0.0354167
0 0.0273438 0.207292 0.0453125 0.0604167
0 0.139844 0.11875 0.0328125 0.0458333
0 0.639063 0.242708 0.034375 0.0479167
0 0.845312 0.315625 0.034375 0.0395833
0 0.380469 0.021875 0.0390625 0.04375
0 0.304688 0.161458 0.034375 0.04375
0 0.457812 0.0447917 0.03125 0.0395833
0 0.0648438 0.139583 0.0328125 0.0458333
0 0.219531 0.0385417 0.0359375 0.04375
0 0.319531 0.01875 0.0359375 0.0375
0 0.525 0.5875 0.0375 0.0458333
0 0.25625 0.978125 0.0375 0.04375
0 0.553906 0.142708 0.0359375 0.0479167
0 0.357812 0.0916667 0.034375 0.0458333
