0 0.416406 0.492708 0.0453125 0.0645833
0 0.639844 0.24375 0.0328125 0.0458333
0 0.460156 0.111458 0.0265625 0.0354167
0 0.49375 0.4 0.028125 0.0375
0 0.682031 0.926042 0.0265625 0.0354167
0 0.00625 0.702083 0.0125 0.0375
0 0.979688 0.541667 0.028125 0.0333333
0 0.8 0.55 0.025 0.0333333
0 0.854688 0.084375 0.028125 0.0395833
0 0.541406 0.403125 0.0265625 0.04375
0 0.985937 0.634375 0.021875 0.0395833
0 0.546094 0.905208 0.0328125 0.0395833
0 0.0273438 0.209375 0.0453125 0.0604167
0 0.736719 0.472917 0.0296875 0.0416667
0 0.352344 0.430208 0.0359375 0.04375
0 0.488281 0.261458 0.0234375 0.03125
0 0.0953125 0.638542 0.0375 0.0479167
0 0.267969 0.548958 0.0328125 0.04375
0 0.617969 0.711458 0.0296875 0.0395833
0 0.355469 0.883333 0.0296875 0.0416667
0 0.710938 0.944792 0.028125 0.0354167
0 0.0789063 0.554167 0.0296875 0.0375
0 0.138281 0.177083 0.0296875 0.0458333
0 0.992188 0.663542 0.015625 0.0395833
0 0.289844 0.626042 0.0296875 0.0354167
0 0.0507812 0.0677083 0.0296875 0.0395833
0 0.991406 0.957292 0.0171875 0.0520833
0 0.990625 0.59375 0.01875 0.0416667
0 0.745313 0.638542 0.04375 0.05625
0 0.0523437 0.76875 0.0265625 0.0333333
0 0.989844 0.0177083 0.0203125 0.03125
0 0.332812 0.457292 0.025 0.03125
0 0.310156 0.470833 0.0234375 0.0375
0 0.991406 0.426042 0.0171875 0.03125
0 0.0976562 0.610417 0.0296875 0.0333333
0 0.705469 0.459375 0.0265625 0.03125
0 0.849219 0.316667 0.0328125 0.0375
0 0.482031 0.4 0.0234375 0.0375
0 0.803906 0.263542 0.0296875 0.04375
0 0.595312 0.0291667 0.034375 0.0416667
0 0.494531 0.36875 0.0328125 0.0458333
0 0.109375 0.419792 0.025 0.03125
0 0.210156 0.189583 0.0296875 0.0375
0 0.566406 0.877083 0.0296875 0.0375
0 0.357812 0.0916667 0.03125 0.0458333
0 0.546875 0.113542 0.03125 0.0395833
0 0.154687 0.04375 0.040625 0.0541667
0 0.521094 0.426042 0.0296875 0.0354167
0 0.0820312 0.04375 0.0453125 0.05
0 0.594531 0.545833 0.0390625 0.05
0 0.645312 0.0135417 0.034375 0.0270833
0 0.801562 0.94375 0.03125 0.0416667
0 0.159375 0.969792 0.04375 0.0520833
0 0.389062 0.895833 0.028125 0.0375
0 0.590625 0.68125 0.03125 0.0458333
0 0.128125 0.163542 0.025 0.0395833
0 0.075 0.147917 0.0375 0.05
0 0.503125 0.748958 0.03125 0.04375
0 0.628125 0.982292 0.034375 0.0354167
0 0.949219 0.235417 0.0328125 0.0458333
0 0.776563 0.371875 0.03125 0.0395833
0 0.477344 0.223958 0.0296875 0.0354167
0 0.661719 0.114583 0.0265625 0.0375
0 0.03125 0.09375 0.034375 0.0458333
0 0.448438 0.682292 0.04375 0.05625
0 0.972656 0.81875 0.0296875 0.0333333
0 0.3625 0.139583 0.03125 0.0458333
0 0.280469 0.146875 0.0265625 0.03125
0 0.358594 0.927083 0.0265625 0.0333333
0 0.480469 0.115625 0.0453125 0.0520833
0 0.68125 0.465625 0.0375 0.0479167
0 0.369531 0.225 0.0296875 0.0375
0 0.680469 0.05 0.0265625 0.0375
0 0.628906 0.894792 0.0296875 0.0395833
0 0.3875 0.240625 0.028125 0.0354167
0 0.332031 0.021875 0.0328125 0.0354167
0 0.728906 0.908333 0.0328125 0.0458333
0 0.480469 0.0885417 0.0359375 0.0395833
0 0.263281 0.977083 0.0390625 0.0416667
0 0.150781 0.307292 0.0359375 0.0479167
0 0.582031 0.442708 0.0328125 0.0479167
0 0.6125 0.754167 0.028125 0.0333333
0 0.307031 0.166667 0.0328125 0.0416667
0 0.745313 0.416667 0.028125 0.0375
0 0.8875 0.854167 0.03125 0.0416667
0 0.542188 0.195833 0.0375 0.0458333
0 0.392969 0.0291667 0.0390625 0.0458333
0 0.146094 0.116667 0.0328125 0.0458333
0 0.0179687 0.398958 0.0359375 0.0520833
0 0.301562 0.0614583 0.046875 0.0645833
0 0.442187 0.946875 0.034375 0.0479167
0 0.445312 0.190625 0.040625 0.0520833
0 0.23125 0.0416667 0.034375 0.0416667
0 0.392969 0.85625 0.0328125 0.0416667
0 0.526563 0.5875 0.040625 0.05
