0 0.803906 0.55625 0.0203125 0.0291667
0 0.499219 0.394792 0.0203125 0.03125
0 0.619531 0.475 0.0296875 0.0333333
0 0.991406 0.577083 0.0140625 0.0375
0 0.867969 0.432292 0.0296875 0.0395833
0 0.877344 0.0885417 0.0296875 0.0395833
0 0.360156 0.440625 0.0359375 0.0479167
0 0.488281 0.2625 0.0234375 0.0291667
0 0.728906 0.936458 0.0265625 0.0395833
0 0.477344 0.252083 0.0234375 0.0291667
0 0.992188 0.622917 0.015625 0.0333333
0 0.990625 0.545833 0.01875 0.0291667
0 0.210156 0.864583 0.0328125 0.0375
0 0.153906 0.361458 0.0265625 0.04375
0 0.107031 0.034375 0.0359375 0.04375
0 0.746875 0.639583 0.0375 0.05
0 0.7625 0.458333 0.025 0.0333333
0 0.776563 0.472917 0.021875 0.0291667
0 0.135156 0.157292 0.0234375 0.03125
0 0.622656 0.025 0.0328125 0.0375
0 0.292969 0.70625 0.0296875 0.0416667
0 0.25625 0.68125 0.0375 0.05
0 0.4 0.2375 0.028125 0.0375
0 0.20625 0.95625 0.03125 0.0416667
0 0.7125 0.458333 0.03125 0.0375
0 0.0507812 0.769792 0.0234375 0.03125
0 0.146094 0.161458 0.0265625 0.0354167
0 0.15625 0.040625 0.0375 0.0520833
0 0.478906 0.221875 0.0265625 0.0354167
0 0.400781 0.873958 0.0265625 0.0354167
0 0.145313 0.177083 0.025 0.0375
0 0.285937 0.589583 0.025 0.0333333
0 0.252344 0.140625 0.0328125 0.0395833
0 0.505469 0.125 0.0453125 0.0583333
0 0.0367187 0.397917 0.0296875 0.0375
0 0.45 0.680208 0.034375 0.0479167
0 0.457812 0.189583 0.0375 0.0458333
0 0.422656 0.89375 0.0265625 0.0333333
0 0.739062 0.09375 0.028125 0.0333333
0 0.697656 0.914583 0.0265625 0.0333333
0 0.664062 0.957292 0.025 0.0354167
0 0.376563 0.13125 0.03125 0.0458333
0 0.810938 0.933333 0.03125 0.0416667
0 0.342187 0.463542 0.025 0.03125
0 0.760938 0.980208 0.03125 0.0354167
0 0.122656 0.548958 0.0296875 0.0354167
0 0.5875 0.719792 0.028125 0.0395833
0 0.359375 0.935417 0.025 0.025
0 0.134375 0.6375 0.03125 0.0375
0 0.288281 0.984375 0.0328125 0.0270833
0 0.755469 0.904167 0.0296875 0.0375
0 0.374219 0.0875 0.0328125 0.0458333
0 0.746094 0.863542 0.0265625 0.0354167
0 0.4125 0.333333 0.0375 0.05
0 0.107031 0.0583333 0.0484375 0.0666667
0 0.457812 0.715625 0.025 0.03125
0 0.316406 0.472917 0.0234375 0.0291667
0 0.139844 0.609375 0.0328125 0.0354167
0 0.45 0.952083 0.028125 0.0375
0 0.335156 0.628125 0.0234375 0.03125
0 0.569531 0.573958 0.0328125 0.04375
0 0.141406 0.4125 0.0265625 0.0333333
0 0.283594 0.540625 0.0296875 0.0395833
0 0.299219 0.130208 0.0328125 0.0395833
0 0.909375 0.855208 0.034375 0.0479167
0 0.417969 0.432292 0.0296875 0.0395833
0 0.514844 0.538542 0.0296875 0.0395833
0 0.0328125 0.296875 0.034375 0.0395833
0 0.859375 0.31875 0.028125 0.0333333
0 0.83125 0.155208 0.03125 0.0395833
0 0.0632813 0.0604167 0.0265625 0.0333333
0 0.354688 0.9125 0.028125 0.0375
0 0.377344 0.217708 0.0328125 0.0395833
0 0.767187 0.753125 0.03125 0.0395833
0 0.178125 0.296875 0.034375 0.0479167
0 0.441406 0.479167 0.0421875 0.0583333
0 0.146094 0.259375 0.0265625 0.0354167
0 0.335156 0.0395833 0.0296875 0.0375
0 0.821875 0.267708 0.028125 0.0354167
0 0.740625 0.41875 0.025 0.0333333
0 0.364062 0.888542 0.03125 0.0395833
0 0.434375 0.0260417 0.0375 0.04375
0 0.74375 0.378125 0.03125 0.0395833
0 0.6125 0.758333 0.028125 0.0333333
0 0.898438 0.419792 0.03125 0.0395833
0 0.0859375 0.140625 0.03125 0.04375
0 0.63125 0.566667 0.03125 0.0416667
0 0.421094 0.227083 0.0265625 0.0375
0 0.250781 0.0395833 0.0328125 0.0375
0 0.900781 0.511458 0.0359375 0.04375
0 0.146875 0.1125 0.03125 0.0416667
0 0.525 0.354167 0.03125 0.0416667
0 0.174219 0.970833 0.0390625 0.05
0 0.782812 0.63125 0.034375 0.0458333
0 0.532812 0.589583 0.0375 0.0416667
0 0.698438 0.271875 0.034375 0.04375
