0 0.704687 0.460417 0.021875 0.0291667
0 0.627344 0.238542 0.0328125 0.0479167
0 0.717969 0.49375 0.0203125 0.0291667
0 0.457812 0.119792 0.046875 0.05625
0 0.429688 0.990625 0.028125 0.01875
0 0.647656 0.247917 0.0265625 0.0375
0 0.554688 0.929167 0.028125 0.0375
0 0.0554687 0.05625 0.0390625 0.05
0 0.646094 0.651042 0.0421875 0.0645833
0 0.971875 0.428125 0.028125 0.0354167
0 0.985156 0.603125 0.0234375 0.0395833
0 0.198437 0.952083 0.0375 0.0458333
0 0.459375 0.988542 0.034375 0.0229167
0 0.45 0.680208 0.046875 0.0604167
0 0.785937 0.947917 0.03125 0.0416667
0 0.270312 0.065625 0.046875 0.0645833
0 0.992188 0.982292 0.015625 0.03125
0 0.239844 0.535417 0.0390625 0.05
0 0.465625 0.426042 0.025 0.0354167
0 0.00703125 0.408333 0.0140625 0.0416667
0 0.117969 0.176042 0.0265625 0.0395833
0 0.979688 0.951042 0.034375 0.05625
0 0.23125 0.727083 0.034375 0.0458333
0 0.486719 0.2625 0.0234375 0.0333333
0 0.345313 0.436458 0.040625 0.0479167
0 0.0515625 0.767708 0.03125 0.0354167
0 0.214062 0.685417 0.040625 0.0541667
0 0.129688 0.321875 0.028125 0.0354167
0 0.610156 0.434375 0.0328125 0.04375
0 0.892187 0.510417 0.04375 0.0583333
0 0.0640625 0.622917 0.03125 0.0416667
0 0.359375 0.879167 0.0375 0.0416667
0 0.322656 0.458333 0.0234375 0.0333333
0 0.354688 0.09375 0.034375 0.05
0 0.065625 0.04375 0.040625 0.0416667
0 0.09375 0.423958 0.028125 0.03125
0 0.927344 0.246875 0.0359375 0.04375
0 0.071875 0.0697917 0.046875 0.0604167
0 0.477344 0.222917 0.0296875 0.0375
0 0.575 0.28125 0.03125 0.0458333
0 0.315625 0.015625 0.03125 0.03125
0 0.586719 0.502083 0.0296875 0.0333333
0 0.0625 0.647917 0.034375 0.0458333
0 0.607031 0.873958 0.0328125 0.0395833
0 0.349219 0.105208 0.0328125 0.0395833
0 0.610937 0.747917 0.028125 0.0375
0 0.528125 0.40625 0.040625 0.0541667
0 0.132812 0.36875 0.03125 0.0458333
0 0.446094 0.267708 0.0296875 0.0395833
0 0.574219 0.548958 0.0359375 0.0479167
0 0.313281 0.903125 0.0390625 0.0520833
0 0.835156 0.45 0.0390625 0.05
0 0.991406 0.66875 0.0171875 0.0375
0 0.736719 0.641667 0.0453125 0.0583333
0 0.980469 0.0145833 0.0265625 0.0291667
0 0.0210938 0.210417 0.0421875 0.0625
0 0.66875 0.939583 0.028125 0.0375
0 0.714063 0.913542 0.034375 0.04375
0 0.264844 0.625 0.0265625 0.0375
0 0.705469 0.95 0.0328125 0.0416667
0 0.120312 0.314583 0.03125 0.0375
0 0.314063 0.610417 0.028125 0.0375
0 0.13125 0.189583 0.028125 0.0416667
0 0.572656 0.673958 0.0359375 0.0479167
0 0.171875 0.192708 0.03125 0.0395833
0 0.30625 0.471875 0.028125 0.0354167
0 0.776563 0.828125 0.0375 0.0479167
0 0.753125 0.44375 0.028125 0.0375
0 0.835156 0.03125 0.0390625 0.05
0 0.971875 0.540625 0.0375 0.04375
0 0.247656 0.980208 0.0328125 0.03125
0 0.532031 0.226042 0.0359375 0.0479167
0 0.784375 0.263542 0.034375 0.04375
0 0.628906 0.970833 0.0328125 0.0375
0 0.351562 0.923958 0.03125 0.0354167
0 0.120312 0.594792 0.028125 0.0354167
0 0.146094 0.970833 0.0453125 0.0541667
0 0.469531 0.385417 0.0328125 0.0458333
0 0.95 0.0395833 0.034375 0.0458333
0 0.650781 0.0197917 0.0328125 0.0354167
0 0.040625 0.560417 0.034375 0.0458333
0 0.873438 0.847917 0.040625 0.05
0 0.841406 0.313542 0.0328125 0.0354167
0 0.3625 0.216667 0.0375 0.0541667
0 0.288281 0.270833 0.0328125 0.0375
0 0.573438 0.046875 0.034375 0.04375
0 0.667969 0.465625 0.0390625 0.05625
0 0.0351562 0.0770833 0.0328125 0.0416667
0 0.377344 0.839583 0.0328125 0.0416667
0 0.296094 0.177083 0.0359375 0.0458333
0 0.128906 0.15 0.0328125 0.0416667
0 0.365625 0.266667 0.03125 0.0416667
0 0.733594 0.142708 0.0296875 0.0354167
0 0.355469 0.140625 0.0359375 0.0479167
0 0.145313 0.672917 0.03125 0.0375
0 0.353906 0.01875 0.0359375 0.0375
0 0.43125 0.946875 0.03125 0.04375
0 0.154687 0.0479167 0.040625 0.0541667
0 0.182812 0.622917 0.028125 0.0416667
0 0.611719 0.09375 0.0390625 0.05
0 0.424219 0.207292 0.0453125 0.05625
0 0.20625 0.034375 0.034375 0.04375
0 0.0601562 0.147917 0.0390625 0.0541667
0 0.521875 0.5875 0.04375 0.05
