0 0.233594 0.461458 0.0234375 0.03125
0 0.307813 0.629167 0.0375 0.05
0 0.788281 0.0239583 0.0328125 0.03125
0 0.805469 0.0239583 0.0234375 0.0229167
0 0.623438 0.480208 0.0375 0.04375
0 0.970312 0.513542 0.028125 0.0395833
0 0.209375 0.877083 0.01875 0.0291667
0 0.569531 0.963542 0.0328125 0.04375
1 0.973437 0.523958 0.053125 0.0895833
0 0.121094 0.44375 0.0359375 0.05
0 0.854688 0.504167 0.03125 0.0416667
0 0.833594 0.991667 0.0265625 0.0166667
0 0.139062 0.792708 0.021875 0.03125
0 0.622656 0.990625 0.0296875 0.01875
0 0.75625 0.613542 0.025 0.0354167
0 0.149219 0.634375 0.0296875 0.0354167
0 0.410156 0.290625 0.0265625 0.0354167
0 0.3625 0.765625 0.025 0.0354167
0 0.317969 0.780208 0.0359375 0.04375
0 0.898438 0.938542 0.028125 0.0354167
0 0.552344 0.688542 0.0328125 0.0395833
0 0.166406 0.128125 0.0234375 0.03125
0 0.154687 0.594792 0.028125 0.0395833
0 0.964063 0.920833 0.0375 0.05
0 0.948438 0.144792 0.03125 0.0354167
0 0.227344 0.192708 0.0296875 0.0395833
0 0.350781 0.804167 0.0265625 0.0333333
0 0.596875 0.509375 0.034375 0.0395833
0 0.627344 0.0270833 0.0265625 0.0333333
0 0.635156 0.059375 0.0265625 0.0354167
0 0.521094 0.985417 0.0296875 0.0291667
0 0.722656 0.95 0.0296875 0.0375
0 0.774219 0.6125 0.0328125 0.0416667
0 0.825781 0.427083 0.0296875 0.0416667
0 0.785156 0.227083 0.0265625 0.0333333
0 0.98125 0.0520833 0.03125 0.0458333
0 0.885156 0.579167 0.0265625 0.0333333
0 0.428125 0.617708 0.028125 0.0395833
0 0.0390625 0.911458 0.028125 0.04375
0 0.788281 0.0572917 0.0265625 0.0354167
0 0.874219 0.764583 0.0265625 0.0375
0 0.151562 0.0197917 0.03125 0.0354167
0 0.20625 0.35625 0.028125 0.0375
0 0.596094 0.235417 0.0296875 0.0416667
0 0.151562 0.744792 0.028125 0.0354167
0 0.925 0.925 0.025 0.0375
0 0.792969 0.152083 0.0328125 0.0458333
0 0.0882813 0.4125 0.0265625 0.0333333
0 0.83125 0.40625 0.03125 0.0416667
0 0.11875 0.144792 0.028125 0.0354167
0 0.910937 0.560417 0.028125 0.0333333
0 0.420312 0.535417 0.034375 0.0458333
0 0.140625 0.3625 0.03125 0.0458333
0 0.0242187 0.638542 0.0328125 0.04375
0 0.807031 0.205208 0.0296875 0.0395833
0 0.278125 0.885417 0.034375 0.05
0 0.836719 0.58125 0.0265625 0.0375
0 0.279687 0.304167 0.034375 0.0458333
0 0.814844 0.707292 0.0328125 0.0395833
0 0.301562 0.925 0.028125 0.0416667
0 0.071875 0.885417 0.03125 0.0416667
0 0.425 0.388542 0.0375 0.0520833
0 0.223438 0.471875 0.028125 0.03125
0 0.907812 0.807292 0.03125 0.0395833
0 0.257812 0.869792 0.028125 0.0395833
0 0.260938 0.807292 0.040625 0.0520833
0 0.932031 0.198958 0.0390625 0.0520833
0 0.108594 0.922917 0.0359375 0.0458333
