0 0.0609375 0.128125 0.03125 0.03125
0 0.35 0.436458 0.0375 0.0479167
0 0.478125 0.826042 0.021875 0.03125
0 0.991406 0.601042 0.0171875 0.04375
0 0.496094 0.4 0.0296875 0.0416667
0 0.476562 0.4375 0.028125 0.0375
0 0.983594 0.633333 0.0234375 0.0375
0 0.977344 0.539583 0.0296875 0.0333333
0 0.478125 0.410417 0.028125 0.0375
0 0.132031 0.176042 0.0328125 0.0479167
0 0.382812 0.896875 0.025 0.0354167
0 0.985937 0.954167 0.025 0.0625
0 0.628125 0.68125 0.04375 0.0625
0 0.728906 0.475 0.0234375 0.0333333
0 0.115625 0.15 0.028125 0.0375
0 0.589844 0.028125 0.0265625 0.0354167
0 0.704687 0.461458 0.021875 0.0270833
0 0.797656 0.947917 0.0328125 0.0458333
0 0.623438 0.891667 0.028125 0.0375
0 0.478906 0.223958 0.0265625 0.0354167
0 0.678125 0.932292 0.025 0.03125
0 0.745313 0.4875 0.021875 0.0291667
0 0.984375 0.591667 0.028125 0.0458333
0 0.589063 0.544792 0.034375 0.0479167
0 0.326562 0.903125 0.040625 0.0520833
0 0.153906 0.0458333 0.0390625 0.05
0 0.139844 0.36875 0.0328125 0.05
0 0.675781 0.464583 0.0328125 0.0458333
0 0.482031 0.38125 0.0328125 0.0416667
0 0.248437 0.5375 0.034375 0.0458333
0 0.9875 0.015625 0.025 0.03125
0 0.611719 0.90625 0.0296875 0.0375
0 0.308594 0.471875 0.0234375 0.03125
0 0.992188 0.665625 0.015625 0.0354167
0 0.417188 0.986458 0.028125 0.0229167
0 0.742969 0.639583 0.0421875 0.0541667
0 0.324219 0.015625 0.0359375 0.03125
0 0.358594 0.0927083 0.0328125 0.04375
0 0.410937 0.494792 0.04375 0.0604167
0 0.0828125 0.0604167 0.053125 0.075
0 0.389844 0.852083 0.0328125 0.0416667
0 0.647656 0.0135417 0.0328125 0.0270833
0 0.617969 0.755208 0.0328125 0.0395833
0 0.6125 0.386458 0.028125 0.0395833
0 0.720312 0.396875 0.028125 0.03125
0 0.0523437 0.767708 0.0296875 0.0354167
0 0.0890625 0.610417 0.034375 0.0375
0 0.330469 0.45625 0.0234375 0.0291667
0 0.104687 0.41875 0.028125 0.0333333
0 0.354688 0.926042 0.028125 0.03125
0 0.89375 0.509375 0.04375 0.05625
0 0.354688 0.885417 0.03125 0.0416667
0 0.0148437 0.397917 0.0296875 0.05
0 0.38125 0.123958 0.025 0.0354167
0 0.0875 0.639583 0.034375 0.0416667
0 0.361719 0.141667 0.0296875 0.0375
0 0.384375 0.24375 0.028125 0.0416667
0 0.0453125 0.071875 0.028125 0.0395833
0 0.284375 0.622917 0.028125 0.0375
0 0.798437 0.263542 0.03125 0.04375
0 0.3 0.0604167 0.046875 0.0625
0 0.182812 0.979167 0.028125 0.0333333
0 0.604688 0.0552083 0.025 0.0354167
0 0.671875 0.136458 0.028125 0.0354167
0 0.457812 0.05 0.03125 0.0416667
0 0.725781 0.9125 0.0296875 0.0375
0 0.639844 0.24375 0.0328125 0.0458333
0 0.0695312 0.551042 0.0328125 0.04375
0 0.439063 0.947917 0.034375 0.0458333
0 0.246875 0.144792 0.03125 0.0354167
0 0.84375 0.217708 0.034375 0.04375
0 0.403125 0.207292 0.028125 0.0354167
0 0.708594 0.948958 0.0265625 0.0354167
0 0.065625 0.142708 0.034375 0.0479167
0 0.449219 0.682292 0.0421875 0.0520833
0 0.596875 0.679167 0.03125 0.0458333
0 0.296094 0.815625 0.0296875 0.0354167
0 0.545313 0.913542 0.03125 0.04375
0 0.752344 0.446875 0.0265625 0.0395833
0 0.44375 0.191667 0.040625 0.0541667
0 0.497656 0.825 0.0296875 0.0375
0 0.882031 0.854167 0.0359375 0.0416667
0 0.474219 0.0416667 0.0328125 0.0416667
0 0.949219 0.690625 0.0328125 0.04375
0 0.223438 0.040625 0.03125 0.0395833
0 0.146875 0.113542 0.03125 0.04375
0 0.548437 0.14375 0.034375 0.0458333
0 0.528906 0.296875 0.0359375 0.0479167
0 0.146094 0.30625 0.0359375 0.0458333
0 0.844531 0.315625 0.0328125 0.0395833
0 0.260156 0.977083 0.0359375 0.0416667
0 0.361719 0.223958 0.0296875 0.0395833
0 0.38125 0.0229167 0.0375 0.0416667
0 0.304688 0.165625 0.03125 0.04375
0 0.0265625 0.209375 0.046875 0.0645833
0 0.525 0.5875 0.040625 0.05
