0 0.467187 0.278125 0.01875 0.0270833
0 0.357031 0.738542 0.0171875 0.0229167
0 0.991406 0.575 0.0140625 0.0333333
0 0.99375 0.658333 0.0125 0.0333333
0 0.482031 0.25625 0.0203125 0.025
0 0.867188 0.43125 0.03125 0.0416667
0 0.570312 0.394792 0.03125 0.04375
0 0.255469 0.68125 0.0359375 0.0458333
0 0.990625 0.54375 0.01875 0.0291667
0 0.209375 0.863542 0.03125 0.0354167
0 0.750781 0.404167 0.0265625 0.0416667
0 0.990625 0.621875 0.01875 0.03125
0 0.517187 0.392708 0.021875 0.0270833
0 0.4875 0.2625 0.021875 0.0291667
0 0.654688 0.648958 0.025 0.0395833
0 0.623438 0.0239583 0.034375 0.0395833
0 0.51875 0.379167 0.025 0.0291667
0 0.135156 0.158333 0.0234375 0.0291667
0 0.254687 0.142708 0.028125 0.0354167
0 0.746875 0.640625 0.0375 0.0479167
0 0.205469 0.95625 0.0265625 0.0375
0 0.146094 0.177083 0.0203125 0.0333333
0 0.503125 0.392708 0.021875 0.03125
0 0.480469 0.711458 0.0265625 0.0354167
0 0.109375 0.03125 0.034375 0.0375
0 0.45 0.679167 0.0375 0.05
0 0.178906 0.29375 0.0265625 0.0375
0 0.50625 0.125 0.040625 0.0541667
0 0.753125 0.0833333 0.025 0.0333333
0 0.726562 0.933333 0.03125 0.0416667
0 0.149219 0.161458 0.0203125 0.0354167
0 0.621094 0.473958 0.0296875 0.0354167
0 0.0515625 0.770833 0.021875 0.0291667
0 0.698438 0.914583 0.025 0.0333333
0 0.152344 0.360417 0.0296875 0.0416667
0 0.122656 0.547917 0.0296875 0.0375
0 0.749219 0.859375 0.0296875 0.03125
0 0.0367187 0.397917 0.0296875 0.0416667
0 0.107813 0.0552083 0.04375 0.0604167
0 0.857813 0.31875 0.025 0.0291667
0 0.479688 0.223958 0.028125 0.0354167
0 0.4 0.2375 0.03125 0.0375
0 0.810938 0.933333 0.03125 0.0416667
0 0.377344 0.133333 0.0359375 0.0458333
0 0.294531 0.70625 0.0296875 0.0416667
0 0.441406 0.479167 0.0390625 0.0583333
0 0.0648438 0.059375 0.0234375 0.03125
0 0.771875 0.736458 0.028125 0.0354167
0 0.664062 0.960417 0.025 0.0375
0 0.45 0.953125 0.028125 0.0395833
0 0.360156 0.936458 0.0265625 0.0270833
0 0.526563 0.353125 0.03125 0.0395833
0 0.755469 0.903125 0.0296875 0.0354167
0 0.335156 0.628125 0.0234375 0.0354167
0 0.142188 0.411458 0.025 0.03125
0 0.833594 0.136458 0.0296875 0.0395833
0 0.342187 0.4625 0.025 0.0291667
0 0.373437 0.0875 0.03125 0.0458333
0 0.910156 0.855208 0.0328125 0.04375
0 0.135156 0.636458 0.0359375 0.04375
0 0.404687 0.339583 0.03125 0.0375
0 0.316406 0.471875 0.0234375 0.0270833
0 0.424219 0.236458 0.0296875 0.0354167
0 0.275781 0.571875 0.0265625 0.0354167
0 0.403125 0.873958 0.025 0.0354167
0 0.782812 0.645833 0.028125 0.0375
0 0.424219 0.892708 0.0265625 0.0354167
0 0.710938 0.45625 0.03125 0.0416667
0 0.157031 0.271875 0.0265625 0.03125
0 0.353906 0.913542 0.0265625 0.0354167
0 0.457812 0.188542 0.0375 0.04375
0 0.15625 0.040625 0.040625 0.0520833
0 0.613281 0.757292 0.0265625 0.03125
0 0.289062 0.985417 0.034375 0.0291667
0 0.575 0.557292 0.034375 0.04375
0 0.904688 0.43125 0.028125 0.0375
0 0.821875 0.267708 0.028125 0.0354167
0 0.435937 0.0260417 0.03125 0.04375
0 0.742969 0.414583 0.0265625 0.0416667
0 0.28125 0.535417 0.028125 0.0416667
0 0.0859375 0.139583 0.03125 0.0416667
0 0.899219 0.510417 0.0328125 0.0458333
0 0.364062 0.888542 0.03125 0.0395833
0 0.335156 0.0385417 0.0296875 0.0395833
0 0.299219 0.130208 0.0328125 0.0395833
0 0.140625 0.608333 0.034375 0.0416667
0 0.0320312 0.296875 0.0328125 0.0395833
0 0.522656 0.5125 0.0296875 0.0416667
0 0.434375 0.411458 0.028125 0.0395833
0 0.378906 0.217708 0.0296875 0.0395833
0 0.252344 0.0395833 0.0296875 0.0375
0 0.151562 0.110417 0.03125 0.0416667
0 0.700781 0.275 0.0328125 0.0416667
0 0.632031 0.566667 0.0328125 0.0416667
0 0.174219 0.971875 0.0390625 0.0479167
0 0.532812 0.588542 0.0375 0.04375
