0 0.272656 0.696875 0.0296875 0.04375
0 0.757031 0.466667 0.0296875 0.0375
0 0.74375 0.634375 0.040625 0.05625
0 0.76875 0.473958 0.028125 0.0354167
0 0.619531 0.0239583 0.0390625 0.04375
0 0.496875 0.125 0.046875 0.0583333
1 0.482031 0.241667 0.0515625 0.075
0 0.899219 0.509375 0.0453125 0.0604167
0 0.451562 0.194792 0.034375 0.0479167
0 0.705469 0.960417 0.0234375 0.0291667
0 0.479688 0.226042 0.028125 0.0354167
0 0.135937 0.161458 0.025 0.0395833
0 0.507031 0.392708 0.0296875 0.04375
0 0.0460938 0.0125 0.0265625 0.0208333
0 0.0984375 0.059375 0.05 0.0645833
0 0.480469 0.435417 0.0265625 0.0375
0 0.653906 0.647917 0.0265625 0.0416667
0 0.45 0.680208 0.0375 0.0520833
0 0.803125 0.555208 0.025 0.0354167
0 0.05 0.769792 0.021875 0.0270833
0 0.642187 0.226042 0.034375 0.04375
0 0.311719 0.470833 0.0203125 0.0291667
0 0.146094 0.119792 0.0296875 0.04375
0 0.989844 0.588542 0.0203125 0.04375
0 0.110156 0.552083 0.0265625 0.0333333
0 0.345313 0.911458 0.03125 0.0395833
0 0.494531 0.395833 0.0296875 0.0375
0 0.628906 0.678125 0.0453125 0.06875
0 0.0132813 0.295833 0.0265625 0.0416667
0 0.398438 0.869792 0.028125 0.0354167
0 0.360156 0.93125 0.0234375 0.0291667
0 0.285937 0.709375 0.034375 0.04375
0 0.783594 0.497917 0.0328125 0.0416667
0 0.825 0.354167 0.03125 0.0416667
0 0.603906 0.685417 0.0328125 0.05
0 0.984375 0.542708 0.025 0.0354167
0 0.396875 0.239583 0.028125 0.0375
0 0.144531 0.164583 0.0296875 0.0416667
0 0.0992187 0.0385417 0.0390625 0.0479167
0 0.335156 0.459375 0.0234375 0.0354167
0 0.708594 0.859375 0.0296875 0.0354167
0 0.957031 0.304167 0.0265625 0.0333333
0 0.810938 0.371875 0.03125 0.0395833
0 0.414062 0.892708 0.028125 0.0354167
0 0.689844 0.917708 0.0296875 0.0354167
0 0.245312 0.0291667 0.03125 0.0333333
0 0.986719 0.623958 0.0234375 0.0395833
0 0.651563 0.935417 0.028125 0.0375
0 0.689844 0.872917 0.0265625 0.0375
0 0.342187 0.775 0.03125 0.0375
0 0.167969 0.970833 0.0359375 0.0458333
0 0.721875 0.936458 0.028125 0.0395833
0 0.508594 0.697917 0.0265625 0.0375
0 0.361719 0.885417 0.0296875 0.0458333
0 0.282813 0.983333 0.034375 0.0291667
0 0.371875 0.134375 0.034375 0.04375
0 0.853906 0.321875 0.0296875 0.03125
0 0.7625 0.8375 0.03125 0.0416667
0 0.124219 0.638542 0.0359375 0.0479167
0 0.313281 0.096875 0.0265625 0.0354167
0 0.992188 0.659375 0.015625 0.0395833
0 0.246875 0.0416667 0.03125 0.0375
0 0.622656 0.148958 0.0296875 0.0354167
0 0.817969 0.267708 0.0296875 0.0395833
0 0.805469 0.941667 0.0328125 0.0458333
0 0.154687 0.0395833 0.04375 0.0541667
0 0.373437 0.220833 0.03125 0.0416667
0 0.0296875 0.4 0.0375 0.0458333
0 0.321875 0.63125 0.028125 0.0375
0 0.207813 0.2875 0.028125 0.0375
0 0.339844 0.0364583 0.0265625 0.03125
0 0.435156 0.2875 0.0328125 0.0458333
0 0.467187 0.491667 0.03125 0.0375
0 0.134375 0.415625 0.025 0.03125
0 0.370313 0.0895833 0.03125 0.05
0 0.942969 0.409375 0.0421875 0.05625
0 0.0578125 0.0614583 0.028125 0.0354167
0 0.900781 0.857292 0.0359375 0.04375
0 0.611719 0.75625 0.0296875 0.0375
0 0.75 0.907292 0.034375 0.04375
0 0.425781 0.0239583 0.0390625 0.04375
0 0.648438 0.301042 0.0375 0.0520833
0 0.129688 0.607292 0.03125 0.0395833
0 0.699219 0.4625 0.0359375 0.0458333
0 0.171875 0.295833 0.034375 0.05
0 0.403906 0.177083 0.0265625 0.0375
0 0.740625 0.44375 0.028125 0.0375
0 0.445312 0.95 0.03125 0.0416667
0 0.6375 0.244792 0.0375 0.0479167
0 0.303906 0.139583 0.0328125 0.0416667
0 0.557813 0.519792 0.028125 0.0395833
0 0.08125 0.141667 0.0375 0.0458333
0 0.516406 0.354167 0.0359375 0.05
0 0.620313 0.564583 0.034375 0.0458333
0 0.529688 0.590625 0.040625 0.0520833
