0 0.705469 0.461458 0.0203125 0.0270833
0 0.389062 0.851042 0.034375 0.04375
0 0.627344 0.676042 0.0421875 0.0604167
0 0.489844 0.417708 0.0234375 0.0354167
0 0.329688 0.436458 0.025 0.0354167
0 0.517969 0.909375 0.0328125 0.0354167
0 0.203125 0.955208 0.0375 0.0520833
0 0.741406 0.6375 0.0421875 0.0583333
0 0.990625 0.596875 0.01875 0.0479167
0 0.624219 0.883333 0.0328125 0.0416667
0 0.490625 0.872917 0.025 0.0375
0 0.470313 0.11875 0.05 0.0583333
0 0.439063 0.0229167 0.03125 0.0333333
0 0.796875 0.95 0.03125 0.0416667
0 0.651563 0.647917 0.028125 0.0458333
0 0.675 0.523958 0.04375 0.05625
0 0.322656 0.902083 0.0390625 0.0541667
0 0.992188 0.6625 0.015625 0.0375
0 0.296094 0.0625 0.0453125 0.0583333
0 0.535937 0.402083 0.040625 0.0583333
0 0.08125 0.0614583 0.05 0.0645833
0 0.741406 0.489583 0.0203125 0.025
0 0.588281 0.0333333 0.0328125 0.0416667
0 0.477344 0.223958 0.0296875 0.0354167
0 0.476562 0.385417 0.034375 0.0458333
0 0.184375 0.284375 0.03125 0.04375
0 0.408594 0.496875 0.0453125 0.0604167
0 0.154687 0.0458333 0.040625 0.0541667
0 0.89375 0.509375 0.04375 0.05625
0 0.448438 0.68125 0.046875 0.0541667
0 0.985156 0.958333 0.0296875 0.0625
0 0.103125 0.41875 0.028125 0.0333333
0 0.253906 0.546875 0.0359375 0.0479167
0 0.676562 0.9375 0.025 0.0333333
0 0.440625 0.186458 0.0375 0.0479167
0 0.974219 0.541667 0.0296875 0.0375
0 0.279687 0.623958 0.03125 0.04375
0 0.471875 0.419792 0.025 0.0354167
0 0.457812 0.259375 0.028125 0.03125
0 0.346875 0.427083 0.034375 0.0375
0 0.696094 0.419792 0.0296875 0.0395833
0 0.436719 0.948958 0.0328125 0.0479167
0 0.0757812 0.0416667 0.0390625 0.0458333
0 0.0640625 0.553125 0.03125 0.0395833
0 0.0523437 0.76875 0.0296875 0.0333333
0 0.648438 0.382292 0.03125 0.0395833
0 0.985156 0.015625 0.0265625 0.03125
0 0.132031 0.173958 0.0328125 0.0479167
0 0.084375 0.613542 0.034375 0.04375
0 0.673437 0.466667 0.0375 0.05
0 0.285156 0.969792 0.0265625 0.0395833
0 0.789844 0.19375 0.0296875 0.0416667
0 0.0460938 0.1625 0.0265625 0.0333333
0 0.353906 0.927083 0.0265625 0.0333333
0 0.432031 0.210417 0.0296875 0.0416667
0 0.732813 0.438542 0.025 0.03125
0 0.378906 0.251042 0.0296875 0.0395833
0 0.307813 0.471875 0.025 0.0354167
0 0.3875 0.1625 0.028125 0.0458333
0 0.08125 0.641667 0.0375 0.0458333
0 0.902344 0.734375 0.0328125 0.04375
0 0.1375 0.369792 0.0375 0.0520833
0 0.589063 0.680208 0.0375 0.05625
0 0.710938 0.951042 0.028125 0.0395833
0 0.0242187 0.20625 0.0421875 0.0583333
0 0.725 0.9125 0.03125 0.0416667
0 0.328125 0.457292 0.025 0.03125
0 0.509375 0.923958 0.028125 0.0354167
0 0.0421875 0.0739583 0.03125 0.0395833
0 0.0132813 0.401042 0.0265625 0.0479167
0 0.184375 0.902083 0.028125 0.0416667
0 0.260938 0.770833 0.03125 0.0375
0 0.139062 0.309375 0.034375 0.04375
0 0.842969 0.317708 0.0328125 0.0395833
0 0.320312 0.0177083 0.034375 0.0354167
0 0.305469 0.163542 0.0328125 0.04375
0 0.6375 0.246875 0.034375 0.0479167
0 0.224219 0.161458 0.0296875 0.0354167
0 0.832812 0.872917 0.03125 0.0375
0 0.360156 0.139583 0.0328125 0.0458333
0 0.567187 0.140625 0.040625 0.0479167
0 0.379687 0.897917 0.028125 0.0333333
0 0.357031 0.09375 0.0328125 0.0458333
0 0.255469 0.979167 0.0359375 0.0416667
0 0.796094 0.263542 0.0296875 0.04375
0 0.0632813 0.142708 0.0328125 0.0395833
0 0.525 0.5875 0.04375 0.05
0 0.642969 0.015625 0.0359375 0.03125
0 0.613281 0.758333 0.0359375 0.0458333
0 0.872656 0.85 0.0359375 0.0458333
0 0.585938 0.545833 0.0375 0.05
0 0.153906 0.972917 0.0421875 0.05
0 0.378125 0.0208333 0.0375 0.0416667
0 0.559375 0.227083 0.034375 0.05
0 0.607813 0.782292 0.03125 0.04375
0 0.65625 0.2 0.028125 0.0416667
0 0.142969 0.129167 0.0359375 0.0458333
0 0.359375 0.215625 0.034375 0.0479167
0 0.217969 0.0385417 0.0328125 0.04375
