0 0.148438 0.0916667 0.0375 0.0541667
0 0.471875 0.41875 0.028125 0.0375
0 0.798437 0.946875 0.03125 0.0479167
0 0.353906 0.884375 0.0328125 0.04375
0 0.991406 0.602083 0.0171875 0.05
0 0.496875 0.845833 0.028125 0.0416667
0 0.817187 0.221875 0.025 0.0354167
0 0.653906 0.648958 0.0265625 0.04375
0 0.89375 0.508333 0.04375 0.0541667
0 0.298438 0.0583333 0.04375 0.0583333
0 0.472656 0.115625 0.0515625 0.0604167
0 0.845312 0.441667 0.040625 0.05
0 0.253906 0.722917 0.0328125 0.0458333
0 0.677344 0.936458 0.0234375 0.03125
0 0.410156 0.494792 0.0421875 0.05625
0 0.984375 0.592708 0.028125 0.04375
0 0.132031 0.172917 0.0328125 0.0458333
0 0.741406 0.636458 0.0421875 0.05625
0 0.985937 0.944792 0.028125 0.0604167
0 0.798437 0.551042 0.025 0.03125
0 0.976562 0.541667 0.03125 0.0375
0 0.477344 0.38125 0.0328125 0.0458333
0 0.390625 0.85 0.03125 0.0416667
0 0.742188 0.491667 0.021875 0.0291667
0 0.382031 0.896875 0.0265625 0.0354167
0 0.0867188 0.636458 0.0421875 0.05625
0 0.0828125 0.167708 0.028125 0.0395833
0 0.627344 0.882292 0.0296875 0.0395833
0 0.5375 0.397917 0.040625 0.0583333
0 0.645312 0.0114583 0.03125 0.0229167
0 0.154687 0.972917 0.040625 0.05
0 0.858594 0.858333 0.0265625 0.0333333
0 0.610156 0.772917 0.0328125 0.0416667
0 0.159375 0.223958 0.028125 0.0395833
0 0.360156 0.138542 0.0328125 0.0395833
0 0.991406 0.667708 0.0171875 0.0354167
0 0.985156 0.015625 0.0265625 0.03125
0 0.308594 0.470833 0.0234375 0.0333333
0 0.0671875 0.551042 0.03125 0.0395833
0 0.138281 0.369792 0.0328125 0.0520833
0 0.103906 0.41875 0.0265625 0.0333333
0 0.0523437 0.76875 0.0296875 0.0333333
0 0.282813 0.623958 0.028125 0.0395833
0 0.346875 0.429167 0.034375 0.0375
0 0.446875 0.0385417 0.028125 0.0354167
0 0.328906 0.458333 0.0234375 0.0291667
0 0.549219 0.909375 0.0296875 0.0354167
0 0.478125 0.221875 0.03125 0.0354167
0 0.0835937 0.0583333 0.0515625 0.0666667
0 0.607813 0.741667 0.03125 0.0416667
0 0.674219 0.466667 0.0359375 0.05
0 0.875 0.854167 0.03125 0.0375
0 0.282031 0.788542 0.0234375 0.03125
0 0.354688 0.927083 0.028125 0.0333333
0 0.427344 0.242708 0.0265625 0.0354167
0 0.0140625 0.4 0.028125 0.05
0 0.324219 0.903125 0.0359375 0.0479167
0 0.154687 0.046875 0.0375 0.0520833
0 0.933594 0.708333 0.0328125 0.0416667
0 0.59375 0.683333 0.034375 0.05
0 0.438281 0.947917 0.0328125 0.0458333
0 0.0453125 0.071875 0.03125 0.0395833
0 0.709375 0.951042 0.028125 0.0354167
0 0.635156 0.392708 0.0328125 0.03125
0 0.232031 0.154167 0.0265625 0.0333333
0 0.380469 0.246875 0.0265625 0.0354167
0 0.797656 0.264583 0.0296875 0.0416667
0 0.317969 0.0197917 0.0328125 0.0395833
0 0.142969 0.30625 0.0390625 0.05
0 0.520312 0.909375 0.025 0.03125
0 0.448438 0.68125 0.04375 0.0541667
0 0.542969 0.259375 0.0359375 0.0479167
0 0.178906 0.939583 0.0265625 0.0416667
0 0.0859375 0.6125 0.034375 0.0416667
0 0.725781 0.913542 0.0296875 0.0395833
0 0.453125 0.0197917 0.03125 0.0354167
0 0.589844 0.028125 0.0296875 0.04375
0 0.439063 0.190625 0.04375 0.05625
0 0.305469 0.161458 0.0328125 0.04375
0 0.360156 0.219792 0.0296875 0.0395833
0 0.219531 0.0375 0.0328125 0.0416667
0 0.257812 0.546875 0.034375 0.0479167
0 0.710938 0.410417 0.028125 0.0375
0 0.357812 0.0927083 0.034375 0.0479167
0 0.379687 0.147917 0.025 0.0333333
0 0.5875 0.54375 0.0375 0.05
0 0.657031 0.165625 0.0296875 0.0395833
0 0.639063 0.242708 0.034375 0.0479167
0 0.845312 0.315625 0.034375 0.0395833
0 0.0648438 0.138542 0.0359375 0.0479167
0 0.742188 0.417708 0.028125 0.0354167
0 0.378906 0.021875 0.0390625 0.04375
0 0.525 0.5875 0.040625 0.05
0 0.0265625 0.207292 0.04375 0.0604167
0 0.139844 0.120833 0.0328125 0.0416667
0 0.557031 0.141667 0.0390625 0.05
0 0.257031 0.977083 0.0390625 0.0458333
