0 0.476562 0.417708 0.025 0.0395833
0 0.628906 0.676042 0.0390625 0.0604167
0 0.704687 0.461458 0.021875 0.0270833
0 0.314063 0.4625 0.021875 0.0333333
0 0.799219 0.946875 0.0328125 0.0479167
0 0.35 0.435417 0.040625 0.05
0 0.478906 0.828125 0.0203125 0.03125
0 0.210156 0.860417 0.0296875 0.0333333
0 0.799219 0.552083 0.0234375 0.0291667
0 0.382812 0.896875 0.025 0.03125
0 0.5375 0.402083 0.0375 0.0541667
0 0.325 0.902083 0.034375 0.0458333
0 0.991406 0.602083 0.0171875 0.0458333
0 0.134375 0.172917 0.03125 0.0458333
0 0.742969 0.6375 0.0421875 0.0583333
0 0.242969 0.54375 0.0328125 0.0416667
0 0.678125 0.934375 0.021875 0.03125
0 0.983594 0.63125 0.0234375 0.0375
0 0.528906 0.277083 0.0328125 0.0458333
0 0.976562 0.541667 0.03125 0.0375
0 0.478906 0.223958 0.0296875 0.0354167
0 0.985937 0.945833 0.028125 0.0625
0 0.477344 0.439583 0.0265625 0.0333333
0 0.397656 0.989583 0.0296875 0.0208333
0 0.307813 0.472917 0.021875 0.0291667
0 0.89375 0.508333 0.046875 0.0583333
0 0.610156 0.729167 0.0296875 0.0416667
0 0.616406 0.376042 0.0265625 0.0354167
0 0.613281 0.761458 0.0328125 0.0479167
0 0.201562 0.95625 0.03125 0.0416667
0 0.876562 0.852083 0.0375 0.0458333
0 0.986719 0.0166667 0.0265625 0.0333333
0 0.100781 0.153125 0.0265625 0.0395833
0 0.623438 0.883333 0.03125 0.0416667
0 0.0523437 0.76875 0.0265625 0.0333333
0 0.991406 0.667708 0.0171875 0.0395833
0 0.358594 0.0927083 0.0328125 0.04375
0 0.330469 0.45625 0.0234375 0.0291667
0 0.535937 0.911458 0.025 0.0354167
0 0.0453125 0.071875 0.028125 0.0395833
0 0.382031 0.245833 0.0234375 0.0333333
0 0.984375 0.589583 0.028125 0.0458333
0 0.354688 0.885417 0.03125 0.0416667
0 0.0828125 0.0604167 0.053125 0.075
0 0.496875 0.834375 0.03125 0.0395833
0 0.153906 0.046875 0.0390625 0.0520833
0 0.585156 0.916667 0.0328125 0.0458333
0 0.299219 0.0614583 0.0453125 0.0604167
0 0.239063 0.145833 0.028125 0.0333333
0 0.353906 0.926042 0.0265625 0.03125
0 0.648438 0.0135417 0.0375 0.0270833
0 0.139844 0.36875 0.0328125 0.05
0 0.478906 0.380208 0.0328125 0.04375
0 0.590625 0.0260417 0.028125 0.0354167
0 0.454688 0.0395833 0.028125 0.0416667
0 0.322656 0.0145833 0.0359375 0.0291667
0 0.439844 0.95 0.0296875 0.0416667
0 0.0148437 0.397917 0.0296875 0.05
0 0.735937 0.438542 0.028125 0.0354167
0 0.595312 0.679167 0.034375 0.05
0 0.104687 0.41875 0.028125 0.0333333
0 0.0859375 0.639583 0.034375 0.0458333
0 0.0875 0.609375 0.034375 0.0395833
0 0.666406 0.15 0.0296875 0.0375
0 0.288281 0.80625 0.0265625 0.0333333
0 0.153125 0.972917 0.0375 0.0458333
0 0.283594 0.622917 0.0265625 0.0375
0 0.673437 0.464583 0.0375 0.05
0 0.709375 0.95 0.028125 0.0375
0 0.797656 0.263542 0.0359375 0.0479167
0 0.189063 0.969792 0.028125 0.0395833
0 0.947656 0.698958 0.0359375 0.04375
0 0.379687 0.122917 0.025 0.0333333
0 0.06875 0.551042 0.03125 0.04375
0 0.410156 0.226042 0.0265625 0.0395833
0 0.5875 0.542708 0.0375 0.0520833
0 0.839844 0.198958 0.0359375 0.0479167
0 0.720312 0.403125 0.028125 0.0354167
0 0.725 0.911458 0.03125 0.0395833
0 0.442187 0.194792 0.040625 0.0520833
0 0.590625 0.053125 0.028125 0.0395833
0 0.144531 0.30625 0.0359375 0.0458333
0 0.389062 0.851042 0.03125 0.0395833
0 0.3625 0.219792 0.03125 0.04375
0 0.0265625 0.207292 0.04375 0.0604167
0 0.552344 0.141667 0.0328125 0.0458333
0 0.304688 0.1625 0.034375 0.0416667
0 0.449219 0.68125 0.0390625 0.05
0 0.361719 0.140625 0.0328125 0.0395833
0 0.639063 0.242708 0.034375 0.0479167
0 0.466406 0.0354167 0.0328125 0.0416667
0 0.133594 0.210417 0.0296875 0.0375
0 0.844531 0.315625 0.0328125 0.0395833
0 0.379687 0.0229167 0.0375 0.0416667
0 0.0617188 0.141667 0.0328125 0.0416667
0 0.220313 0.0385417 0.034375 0.04375
0 0.258594 0.978125 0.0359375 0.04375
0 0.525781 0.5875 0.0390625 0.0458333
0 0.14375 0.113542 0.034375 0.0479167
