0 0.992969 0.958333 0.0140625 0.0458333
0 0.484375 0.25625 0.028125 0.0333333
0 0.68125 0.432292 0.034375 0.03125
0 0.483594 0.4 0.0234375 0.0333333
0 0.471875 0.255208 0.025 0.0354167
0 0.500781 0.404167 0.0265625 0.0375
0 0.986719 0.627083 0.0203125 0.0375
0 0.209375 0.864583 0.03125 0.0333333
0 0.596875 0.832292 0.021875 0.03125
0 0.739062 0.472917 0.025 0.0333333
0 0.980469 0.540625 0.0296875 0.0354167
0 0.0914062 0.0625 0.0484375 0.0583333
0 0.799219 0.551042 0.0234375 0.03125
0 0.14375 0.36875 0.03125 0.0458333
0 0.03125 0.208333 0.040625 0.0583333
0 0.648438 0.00833333 0.03125 0.0166667
0 0.364062 0.136458 0.034375 0.0479167
0 0.140625 0.179167 0.025 0.0416667
0 0.611719 0.839583 0.0265625 0.0375
0 0.99375 0.428125 0.0125 0.03125
0 0.310937 0.472917 0.021875 0.0291667
0 0.990625 0.0166667 0.01875 0.0333333
0 0.053125 0.769792 0.025 0.0270833
0 0.713281 0.941667 0.0296875 0.0375
0 0.707031 0.458333 0.0234375 0.0291667
0 0.989844 0.589583 0.0203125 0.0416667
0 0.992188 0.664583 0.015625 0.0375
0 0.678125 0.526042 0.046875 0.0645833
0 0.478906 0.220833 0.0265625 0.0375
0 0.104687 0.614583 0.034375 0.0416667
0 0.802344 0.945833 0.0296875 0.0375
0 0.596875 0.867708 0.028125 0.0354167
0 0.275 0.552083 0.03125 0.0458333
0 0.685156 0.919792 0.0234375 0.03125
0 0.0875 0.55625 0.025 0.0333333
0 0.599219 0.55 0.0390625 0.05
0 0.389844 0.2375 0.0296875 0.0416667
0 0.685938 0.464583 0.03125 0.0416667
0 0.325 0.213542 0.034375 0.0395833
0 0.808594 0.352083 0.0265625 0.0333333
0 0.586719 0.680208 0.0296875 0.0395833
0 0.130469 0.1625 0.0265625 0.0375
0 0.111719 0.421875 0.0265625 0.0270833
0 0.0976562 0.64375 0.0359375 0.0458333
0 0.73125 0.425 0.025 0.0291667
0 0.0828125 0.040625 0.0375 0.04375
0 0.417188 0.49375 0.04375 0.0583333
0 0.367188 0.0625 0.021875 0.0333333
0 0.155469 0.0416667 0.0390625 0.0541667
0 0.357031 0.883333 0.0328125 0.0458333
0 0.449219 0.68125 0.0421875 0.05
0 0.332812 0.459375 0.021875 0.0270833
0 0.304688 0.0604167 0.046875 0.0625
0 0.0476562 0.701042 0.0296875 0.0354167
0 0.80625 0.263542 0.028125 0.0354167
0 0.304688 0.160417 0.034375 0.0416667
0 0.507031 0.120833 0.0359375 0.0458333
0 0.502344 0.698958 0.0328125 0.0479167
0 0.747656 0.640625 0.0453125 0.0604167
0 0.399219 0.034375 0.0390625 0.0520833
0 0.889063 0.855208 0.03125 0.0395833
0 0.845312 0.31875 0.028125 0.0333333
0 0.385156 0.9375 0.0265625 0.0333333
0 0.235156 0.0416667 0.0296875 0.0375
0 0.634375 0.897917 0.028125 0.0333333
0 0.01875 0.398958 0.034375 0.0479167
0 0.339844 0.0260417 0.0296875 0.0354167
0 0.053125 0.0677083 0.028125 0.0395833
0 0.294531 0.628125 0.0265625 0.0395833
0 0.392188 0.894792 0.028125 0.0354167
0 0.599219 0.136458 0.0296875 0.0395833
0 0.357031 0.928125 0.0265625 0.03125
0 0.614062 0.754167 0.028125 0.0333333
0 0.546094 0.517708 0.0328125 0.04375
0 0.498437 0.360417 0.034375 0.0458333
0 0.732813 0.90625 0.034375 0.0458333
0 0.4375 0.941667 0.03125 0.0416667
0 0.559375 0.410417 0.028125 0.0375
0 0.146094 0.119792 0.0328125 0.0479167
0 0.0773437 0.145833 0.0359375 0.05
0 0.155469 0.307292 0.0328125 0.04375
0 0.357812 0.09375 0.03125 0.0458333
0 0.271875 0.983333 0.0375 0.0333333
0 0.570312 0.978125 0.034375 0.0395833
0 0.483594 0.1125 0.0453125 0.0583333
0 0.364844 0.220833 0.0328125 0.0416667
0 0.159375 0.96875 0.04375 0.05
0 0.519531 0.197917 0.0328125 0.0416667
0 0.396875 0.85625 0.03125 0.0375
0 0.449219 0.190625 0.0390625 0.0520833
0 0.527344 0.588542 0.0390625 0.0479167
