2 0.0929687 0.73125 0.0234375 0.0291667
0 0.853906 0.55 0.0390625 0.0541667
0 0.317187 0.80625 0.0375 0.0458333
0 0.0929687 0.733333 0.0265625 0.0291667
0 0.121094 0.447917 0.0390625 0.05
0 0.952344 0.0239583 0.0296875 0.03125
0 0.25625 0.833333 0.0375 0.0458333
0 0.228906 0.180208 0.0234375 0.0354167
0 0.764063 0.13125 0.028125 0.0416667
0 0.182812 0.140625 0.028125 0.0354167
0 0.227344 0.335417 0.0328125 0.0458333
0 0.152344 0.648958 0.0296875 0.0354167
0 0.0851562 0.421875 0.0328125 0.0395833
0 0.0570313 0.988542 0.0265625 0.0229167
0 0.215625 0.511458 0.028125 0.0354167
0 0.201562 0.348958 0.03125 0.0395833
0 0.410937 0.311458 0.028125 0.0354167
0 0.164062 0.0114583 0.034375 0.0229167
0 0.482031 0.920833 0.0296875 0.0416667
0 0.585938 0.090625 0.028125 0.0354167
0 0.771875 0.66875 0.03125 0.0375
1 0.971094 0.576042 0.0578125 0.0895833
0 0.689844 0.9 0.0296875 0.0375
0 0.534375 0.0114583 0.034375 0.0229167
0 0.560938 0.720833 0.03125 0.0416667
0 0.808594 0.73125 0.0359375 0.05
0 0.414844 0.645833 0.0265625 0.0375
0 0.782031 0.110417 0.0296875 0.0416667
0 0.414844 0.770833 0.0328125 0.0416667
0 0.9125 0.0166667 0.03125 0.0333333
0 0.605469 0.50625 0.0390625 0.05
0 0.910937 0.43125 0.03125 0.0458333
0 0.0492188 0.563542 0.0328125 0.04375
0 0.196094 0.170833 0.0296875 0.0416667
0 0.442187 0.359375 0.028125 0.0395833
0 0.575 0.940625 0.028125 0.0354167
0 0.624219 0.411458 0.0265625 0.0354167
0 0.289844 0.342708 0.0296875 0.0395833
0 0.151562 0.38125 0.03125 0.0458333
0 0.872656 0.765625 0.0296875 0.0395833
0 0.0234375 0.601042 0.03125 0.04375
0 0.349219 0.455208 0.0328125 0.0395833
0 0.983594 0.0885417 0.0265625 0.0395833
0 0.0695312 0.894792 0.0359375 0.0395833
0 0.482031 0.0708333 0.0296875 0.0416667
0 0.8 0.855208 0.028125 0.0354167
0 0.508594 0.0645833 0.0296875 0.0375
0 0.325 0.9375 0.028125 0.0375
0 0.740625 0.978125 0.028125 0.0395833
0 0.805469 0.3 0.0296875 0.0375
0 0.233594 0.983333 0.0296875 0.0333333
0 0.788281 0.272917 0.0359375 0.0458333
0 0.0765625 0.304167 0.03125 0.0416667
0 0.896094 0.730208 0.0265625 0.0354167
0 0.889844 0.377083 0.0328125 0.0458333
0 0.624219 0.292708 0.0296875 0.04375
0 0.430469 0.623958 0.0296875 0.04375
0 0.638281 0.5625 0.0390625 0.05
0 0.650781 0.0927083 0.0328125 0.04375
0 0.046875 0.09375 0.034375 0.0458333
0 0.913281 0.2625 0.0421875 0.0541667
0 0.127344 0.221875 0.0296875 0.0395833
0 0.967969 0.078125 0.0265625 0.0395833
0 0.133594 0.533333 0.0328125 0.0416667
0 0.266406 0.897917 0.0390625 0.0541667
0 0.74375 0.119792 0.040625 0.05625
0 0.158594 0.340625 0.0328125 0.0395833
0 0.76875 0.235417 0.034375 0.0416667
