0 0.463281 0.992708 0.0328125 0.0145833
0 0.628125 0.675 0.040625 0.0625
0 0.842969 0.445833 0.0390625 0.05
0 0.0859375 0.390625 0.03125 0.0354167
0 0.7875 0.211458 0.028125 0.0395833
0 0.490625 0.417708 0.021875 0.03125
0 0.704687 0.4625 0.021875 0.0291667
0 0.741406 0.6375 0.0421875 0.0583333
0 0.322656 0.903125 0.0359375 0.0479167
0 0.348437 0.438542 0.034375 0.04375
0 0.590625 0.03125 0.03125 0.0416667
0 0.676562 0.522917 0.040625 0.0541667
0 0.741406 0.488542 0.0203125 0.0270833
0 0.253906 0.722917 0.0296875 0.0416667
0 0.989844 0.597917 0.0203125 0.0458333
0 0.471094 0.117708 0.0453125 0.05625
0 0.33125 0.436458 0.021875 0.03125
0 0.567969 0.00833333 0.0296875 0.0166667
0 0.651563 0.647917 0.028125 0.0458333
0 0.346875 0.425 0.03125 0.0333333
0 0.623438 0.882292 0.03125 0.0395833
0 0.603125 0.779167 0.034375 0.0541667
0 0.796875 0.948958 0.03125 0.04375
0 0.477344 0.38125 0.0359375 0.05
0 0.0765625 0.0447917 0.040625 0.0479167
0 0.892969 0.509375 0.0453125 0.05625
0 0.992969 0.661458 0.0140625 0.0354167
0 0.471875 0.41875 0.028125 0.0333333
0 0.478125 0.222917 0.028125 0.0333333
0 0.445312 0.015625 0.040625 0.0270833
0 0.677344 0.936458 0.0234375 0.03125
0 0.184375 0.914583 0.025 0.0333333
0 0.727344 0.477083 0.0234375 0.0333333
0 0.296875 0.0635417 0.04375 0.0604167
0 0.155469 0.046875 0.0390625 0.0520833
0 0.457812 0.259375 0.025 0.03125
0 0.0523437 0.769792 0.0265625 0.03125
0 0.141406 0.309375 0.0359375 0.04375
0 0.985937 0.0145833 0.028125 0.0291667
0 0.08125 0.0614583 0.05 0.06875
0 0.280469 0.623958 0.0296875 0.0395833
0 0.698438 0.417708 0.028125 0.0354167
0 0.307813 0.469792 0.021875 0.0354167
0 0.388281 0.85 0.0328125 0.0416667
0 0.103125 0.41875 0.028125 0.0333333
0 0.408594 0.495833 0.0421875 0.0583333
0 0.673437 0.465625 0.034375 0.0479167
0 0.284375 0.985417 0.025 0.0291667
0 0.327344 0.457292 0.0234375 0.03125
0 0.438281 0.947917 0.0328125 0.0458333
0 0.899219 0.717708 0.0296875 0.04375
0 0.353906 0.928125 0.0265625 0.03125
0 0.975 0.541667 0.03125 0.0375
0 0.796875 0.263542 0.028125 0.0395833
0 0.985937 0.958333 0.028125 0.0583333
0 0.0640625 0.553125 0.03125 0.0395833
0 0.247656 0.547917 0.0328125 0.0416667
0 0.638281 0.396875 0.0359375 0.0520833
0 0.521875 0.89375 0.034375 0.0375
0 0.735937 0.428125 0.028125 0.0354167
0 0.255469 0.978125 0.0328125 0.0354167
0 0.710938 0.951042 0.028125 0.0395833
0 0.508594 0.911458 0.0265625 0.0354167
0 0.586719 0.545833 0.0359375 0.05
0 0.874219 0.851042 0.0328125 0.04375
0 0.839844 0.867708 0.0328125 0.0395833
0 0.139062 0.36875 0.03125 0.0458333
0 0.536719 0.402083 0.0453125 0.0583333
0 0.725 0.911458 0.03125 0.0395833
0 0.0429688 0.0739583 0.0296875 0.0395833
0 0.448438 0.68125 0.04375 0.0541667
0 0.31875 0.01875 0.034375 0.0375
0 0.379687 0.897917 0.028125 0.0333333
0 0.182031 0.267708 0.0296875 0.04375
0 0.0140625 0.401042 0.028125 0.0479167
0 0.441406 0.190625 0.0359375 0.0479167
0 0.64375 0.01875 0.034375 0.0333333
0 0.651563 0.188542 0.028125 0.0395833
0 0.0820312 0.640625 0.0359375 0.04375
0 0.0835937 0.6125 0.0328125 0.0416667
0 0.265625 0.772917 0.028125 0.0375
0 0.226562 0.155208 0.03125 0.0354167
0 0.551562 0.228125 0.0375 0.0479167
0 0.436719 0.214583 0.0328125 0.0458333
0 0.386719 0.153125 0.0265625 0.0395833
0 0.566406 0.140625 0.0359375 0.0479167
0 0.524219 0.586458 0.0421875 0.0520833
0 0.379687 0.248958 0.028125 0.0395833
0 0.359375 0.140625 0.03125 0.04375
0 0.84375 0.316667 0.034375 0.0416667
0 0.592969 0.686458 0.0359375 0.0479167
0 0.140625 0.125 0.03125 0.0458333
0 0.153125 0.973958 0.040625 0.0479167
0 0.0265625 0.207292 0.04375 0.0604167
0 0.639063 0.244792 0.034375 0.0479167
0 0.21875 0.0385417 0.03125 0.0395833
0 0.304688 0.165625 0.034375 0.04375
0 0.0601562 0.144792 0.0359375 0.04375
0 0.355469 0.09375 0.0359375 0.05
0 0.378906 0.0208333 0.0390625 0.0416667
0 0.360938 0.214583 0.034375 0.0458333
0 0.611719 0.760417 0.0359375 0.0458333
