0 0.990625 0.605208 0.01875 0.0395833
0 0.557813 0.929167 0.034375 0.05
0 0.392188 0.5125 0.04375 0.0625
0 0.0648438 0.0479167 0.0453125 0.0541667
0 0.198437 0.951042 0.0375 0.0479167
0 0.238281 0.529167 0.0359375 0.0458333
0 0.717969 0.494792 0.0171875 0.0229167
0 0.982031 0.636458 0.0234375 0.0354167
0 0.45 0.680208 0.04375 0.0604167
0 0.704687 0.459375 0.01875 0.0270833
0 0.410156 0.989583 0.0296875 0.0208333
0 0.404687 0.975 0.025 0.0291667
0 0.714844 0.473958 0.0203125 0.03125
0 0.346094 0.436458 0.0421875 0.0520833
0 0.527344 0.40625 0.0359375 0.05
0 0.984375 0.59375 0.025 0.0375
0 0.786719 0.948958 0.0296875 0.0395833
0 0.0703125 0.06875 0.05 0.0666667
0 0.117969 0.177083 0.0265625 0.0416667
0 0.130469 0.372917 0.0328125 0.05
0 0.0234375 0.209375 0.0375 0.05625
0 0.4875 0.2625 0.025 0.0333333
0 0.969531 0.428125 0.0265625 0.03125
0 0.0515625 0.76875 0.03125 0.0375
0 0.307813 0.009375 0.028125 0.01875
0 0.892187 0.510417 0.040625 0.0541667
0 0.5375 0.253125 0.028125 0.0395833
0 0.128125 0.323958 0.028125 0.0354167
0 0.95 0.233333 0.028125 0.0375
0 0.610937 0.748958 0.028125 0.0354167
0 0.229687 0.726042 0.034375 0.04375
0 0.600781 0.978125 0.0296875 0.0354167
0 0.477344 0.225 0.0265625 0.0333333
0 0.321094 0.457292 0.0265625 0.0354167
0 0.759375 0.14375 0.03125 0.0416667
0 0.571875 0.672917 0.034375 0.0458333
0 0.978906 0.0145833 0.0265625 0.0291667
0 0.0625 0.645833 0.0375 0.0541667
0 0.7375 0.639583 0.040625 0.0541667
0 0.991406 0.66875 0.0171875 0.0333333
0 0.665625 0.464583 0.034375 0.05
0 0.358594 0.88125 0.0359375 0.0416667
0 0.710156 0.953125 0.0296875 0.0354167
0 0.464063 0.426042 0.028125 0.0395833
0 0.264844 0.625 0.0265625 0.0375
0 0.311719 0.903125 0.0390625 0.0520833
0 0.145313 0.970833 0.04375 0.0541667
0 0.0625 0.625 0.034375 0.0458333
0 0.0898438 0.423958 0.0296875 0.0354167
0 0.966406 0.0822917 0.0265625 0.0354167
0 0.735156 0.411458 0.0265625 0.0354167
0 0.592969 0.26875 0.0265625 0.0375
0 0.833594 0.451042 0.0359375 0.0479167
0 0.971094 0.542708 0.0296875 0.0354167
0 0.0382813 0.563542 0.0328125 0.0479167
0 0.467187 0.389583 0.034375 0.0458333
0 0.670313 0.941667 0.028125 0.0375
0 0.445312 0.267708 0.028125 0.0354167
0 0.567969 0.50625 0.0265625 0.0333333
0 0.351562 0.0979167 0.0375 0.0541667
0 0.104687 0.563542 0.028125 0.0395833
0 0.351562 0.922917 0.028125 0.0333333
0 0.60625 0.876042 0.028125 0.0354167
0 0.117969 0.313542 0.0296875 0.0395833
0 0.571875 0.0458333 0.03125 0.0416667
0 0.338281 0.654167 0.0265625 0.0375
0 0.777344 0.846875 0.0328125 0.04375
0 0.348437 0.0177083 0.0375 0.0354167
0 0.840625 0.313542 0.03125 0.0354167
0 0.573438 0.547917 0.034375 0.0458333
0 0.034375 0.0770833 0.03125 0.0416667
0 0.305469 0.471875 0.0265625 0.0354167
0 0.129688 0.190625 0.028125 0.0395833
0 0.278906 0.282292 0.0296875 0.0395833
0 0.711719 0.911458 0.0296875 0.0395833
0 0.782812 0.263542 0.03125 0.0395833
0 0.364062 0.270833 0.03125 0.0416667
0 0.165625 0.579167 0.028125 0.0375
0 0.128906 0.646875 0.0296875 0.0395833
0 0.248437 0.98125 0.034375 0.0333333
0 0.125781 0.147917 0.0328125 0.0416667
0 0.45625 0.11875 0.046875 0.0583333
0 0.605469 0.479167 0.0328125 0.0416667
0 0.55 0.946875 0.03125 0.04375
0 0.378125 0.839583 0.03125 0.0375
0 0.292969 0.180208 0.0359375 0.04375
0 0.167187 0.2125 0.03125 0.0416667
0 0.821094 0.0645833 0.0328125 0.0458333
0 0.432031 0.95 0.0296875 0.0416667
0 0.650781 0.0229167 0.0328125 0.0375
0 0.361719 0.217708 0.0359375 0.0520833
0 0.355469 0.142708 0.0359375 0.0479167
0 0.617969 0.0895833 0.0359375 0.0458333
0 0.425 0.209375 0.04375 0.05625
0 0.059375 0.15 0.040625 0.0541667
0 0.871094 0.848958 0.0359375 0.0479167
0 0.154687 0.0489583 0.04375 0.05625
0 0.203125 0.0322917 0.034375 0.04375
0 0.522656 0.5875 0.0421875 0.0541667
