0 0.758594 0.472917 0.0296875 0.0333333
0 0.03125 0.20625 0.040625 0.0541667
0 0.742188 0.633333 0.040625 0.0583333
0 0.210156 0.865625 0.0265625 0.0270833
0 0.475 0.222917 0.028125 0.0375
0 0.769531 0.476042 0.0265625 0.0354167
0 0.628125 0.676042 0.05 0.06875
0 0.04375 0.0166667 0.028125 0.025
0 0.688281 0.914583 0.0234375 0.0291667
0 0.633594 0.571875 0.0421875 0.0645833
0 0.507812 0.380208 0.025 0.0354167
0 0.898438 0.509375 0.04375 0.0604167
0 0.640625 0.925 0.028125 0.0375
0 0.857031 0.4375 0.0359375 0.05
1 0.479688 0.234375 0.05625 0.0729167
0 0.555469 0.391667 0.0328125 0.0458333
0 0.475781 0.111458 0.0265625 0.0354167
0 0.495313 0.114583 0.0375 0.05
0 0.313281 0.470833 0.0234375 0.0291667
0 0.469531 0.254167 0.0265625 0.0333333
0 0.684375 0.860417 0.025 0.0375
0 0.357031 0.434375 0.0328125 0.04375
0 0.9875 0.585417 0.025 0.0416667
0 0.145313 0.365625 0.034375 0.0520833
0 0.246094 0.677083 0.0359375 0.0458333
0 0.653906 0.653125 0.0265625 0.04375
0 0.986719 0.625 0.0234375 0.0375
0 0.103125 0.554167 0.03125 0.0375
0 0.280469 0.711458 0.0328125 0.0395833
0 0.313281 0.634375 0.0296875 0.0395833
0 0.395312 0.241667 0.028125 0.0375
0 0.0078125 0.29375 0.015625 0.0416667
0 0.142969 0.164583 0.0265625 0.0375
0 0.359375 0.740625 0.021875 0.0354167
0 0.125781 0.419792 0.0265625 0.03125
0 0.335156 0.460417 0.0234375 0.0333333
0 0.367188 0.1375 0.028125 0.0416667
0 0.366406 0.0895833 0.0328125 0.0458333
0 0.992969 0.661458 0.0140625 0.0354167
0 0.617188 0.584375 0.03125 0.0479167
0 0.429688 0.486458 0.040625 0.05625
0 0.277344 0.983333 0.0359375 0.0291667
0 0.307813 0.0572917 0.04375 0.0604167
0 0.449219 0.68125 0.0421875 0.0541667
0 0.0515625 0.769792 0.025 0.03125
0 0.153906 0.0416667 0.0421875 0.0541667
0 0.383594 0.152083 0.0265625 0.0333333
0 0.804688 0.939583 0.03125 0.0416667
0 0.810156 0.266667 0.0296875 0.0458333
0 0.692187 0.46875 0.0375 0.0416667
0 0.358594 0.930208 0.0265625 0.03125
0 0.639063 0.967708 0.028125 0.0395833
0 0.982813 0.541667 0.025 0.0333333
0 0.21875 0.284375 0.0375 0.0479167
0 0.714063 0.938542 0.028125 0.0395833
0 0.398438 0.8625 0.028125 0.0375
0 0.279687 0.555208 0.0375 0.0479167
0 0.130469 0.160417 0.0234375 0.0375
0 0.360156 0.885417 0.0296875 0.0458333
0 0.441406 0.947917 0.0265625 0.0375
0 0.610937 0.757292 0.028125 0.03125
0 0.757812 0.451042 0.028125 0.0354167
0 0.278906 0.810417 0.0234375 0.0333333
0 0.0546875 0.0645833 0.028125 0.0375
0 0.896875 0.85625 0.034375 0.0416667
0 0.778125 0.536458 0.028125 0.0395833
0 0.0953125 0.040625 0.04375 0.0520833
0 0.909375 0.319792 0.028125 0.0354167
0 0.113281 0.641667 0.0359375 0.0458333
0 0.255469 0.754167 0.0328125 0.0375
0 0.475781 0.826042 0.0328125 0.04375
0 0.407813 0.895833 0.028125 0.0333333
0 0.508594 0.1625 0.0265625 0.0333333
0 0.470313 0.282292 0.03125 0.0395833
0 0.0242187 0.4 0.0328125 0.0458333
0 0.490625 0.547917 0.0375 0.05
0 0.736719 0.905208 0.0296875 0.0395833
0 0.595312 0.682292 0.034375 0.0520833
0 0.716406 0.70625 0.0296875 0.0375
0 0.11875 0.611458 0.03125 0.0395833
0 0.448438 0.19375 0.034375 0.0458333
0 0.524219 0.491667 0.0296875 0.0375
0 0.783594 0.388542 0.0296875 0.0395833
0 0.846875 0.321875 0.03125 0.0354167
0 0.242969 0.0427083 0.0359375 0.04375
0 0.142969 0.122917 0.0296875 0.0416667
0 0.163281 0.971875 0.0390625 0.0479167
0 0.371875 0.220833 0.03125 0.0375
0 0.0789063 0.142708 0.0328125 0.04375
0 0.167187 0.296875 0.034375 0.0520833
0 0.302344 0.14375 0.0328125 0.0458333
0 0.7625 0.259375 0.03125 0.0395833
0 0.342187 0.03125 0.028125 0.0375
0 0.514063 0.876042 0.0375 0.0479167
0 0.41875 0.0229167 0.0375 0.0416667
0 0.528906 0.588542 0.0421875 0.0520833
0 0.509375 0.352083 0.0375 0.05
