0 0.473437 0.960417 0.025 0.0333333
0 0.354688 0.883333 0.03125 0.0416667
0 0.722656 0.473958 0.0234375 0.03125
0 0.025 0.00833333 0.03125 0.0166667
0 0.666406 0.4375 0.0359375 0.0458333
0 0.646875 0.652083 0.0375 0.0666667
0 0.24375 0.728125 0.028125 0.0395833
0 0.789844 0.946875 0.0296875 0.0395833
0 0.402344 0.504167 0.0421875 0.0583333
0 0.488281 0.261458 0.0265625 0.03125
0 0.734375 0.491667 0.01875 0.025
0 0.207031 0.863542 0.0234375 0.03125
0 0.451562 0.682292 0.04375 0.05625
0 0.471094 0.25 0.0203125 0.0291667
0 0.0742188 0.0677083 0.0453125 0.0604167
0 0.0703125 0.046875 0.046875 0.0520833
0 0.396875 0.93125 0.028125 0.0375
0 0.799219 0.548958 0.0265625 0.0354167
0 0.985156 0.59375 0.0265625 0.0416667
0 0.0734375 0.645833 0.0375 0.0458333
0 0.345313 0.433333 0.0375 0.0416667
0 0.122656 0.164583 0.0234375 0.0375
0 0.860156 0.330208 0.0265625 0.0354167
0 0.153125 0.04375 0.040625 0.0541667
0 0.0960938 0.422917 0.0265625 0.0291667
0 0.702344 0.954167 0.0296875 0.0375
0 0.839063 0.447917 0.0375 0.05
0 0.221094 0.680208 0.0359375 0.04375
0 0.201562 0.952083 0.0375 0.05
0 0.596094 0.827083 0.0296875 0.0416667
0 0.233594 0.536458 0.0390625 0.0520833
0 0.653906 0.454167 0.0296875 0.0416667
0 0.0515625 0.769792 0.028125 0.0354167
0 0.634375 0.307292 0.03125 0.0395833
0 0.671094 0.942708 0.0265625 0.03125
0 0.00859375 0.40625 0.0171875 0.0458333
0 0.477344 0.225 0.0265625 0.0333333
0 0.134375 0.180208 0.028125 0.0395833
0 0.30625 0.473958 0.021875 0.03125
0 0.739844 0.639583 0.0453125 0.0583333
0 0.0523437 0.55625 0.0296875 0.0333333
0 0.485156 0.207292 0.0234375 0.03125
0 0.021875 0.207292 0.04375 0.0645833
0 0.734375 0.920833 0.025 0.0333333
0 0.635938 0.144792 0.034375 0.04375
0 0.373437 0.890625 0.025 0.03125
0 0.983594 0.957292 0.0328125 0.05625
0 0.892187 0.510417 0.04375 0.0583333
0 0.325781 0.457292 0.0234375 0.03125
0 0.992188 0.665625 0.015625 0.0354167
0 0.134375 0.371875 0.03125 0.04375
0 0.271094 0.622917 0.0265625 0.0375
0 0.504687 0.941667 0.028125 0.0375
0 0.325 0.198958 0.028125 0.0395833
0 0.300781 0.170833 0.0359375 0.0416667
0 0.617969 0.88125 0.0234375 0.0291667
0 0.98125 0.015625 0.028125 0.03125
0 0.455469 0.263542 0.0265625 0.03125
0 0.314844 0.902083 0.0359375 0.0458333
0 0.424219 0.204167 0.0421875 0.0583333
0 0.130469 0.315625 0.0328125 0.0395833
0 0.973437 0.541667 0.03125 0.0375
0 0.716406 0.907292 0.0296875 0.0395833
0 0.469531 0.422917 0.0296875 0.0375
0 0.605469 0.858333 0.0296875 0.0375
0 0.135937 0.146875 0.028125 0.0354167
0 0.0734375 0.620833 0.034375 0.0458333
0 0.31875 0.0145833 0.028125 0.0291667
0 0.842188 0.316667 0.03125 0.0375
0 0.840625 0.777083 0.034375 0.0458333
0 0.533594 0.403125 0.0390625 0.05625
0 0.351562 0.925 0.028125 0.0333333
0 0.610156 0.74375 0.0296875 0.0375
0 0.288281 0.411458 0.0328125 0.0479167
0 0.232031 0.7875 0.0265625 0.0375
0 0.471875 0.382292 0.034375 0.04375
0 0.177344 0.808333 0.0265625 0.0375
0 0.192969 0.68125 0.0265625 0.0333333
0 0.360938 0.139583 0.03125 0.0458333
0 0.280469 0.0708333 0.0421875 0.0583333
0 0.578906 0.546875 0.0359375 0.0479167
0 0.213281 0.0364583 0.0328125 0.04375
0 0.251563 0.980208 0.034375 0.0395833
0 0.603906 0.323958 0.0328125 0.0395833
0 0.879687 0.852083 0.0375 0.05
0 0.0382813 0.075 0.0296875 0.0416667
0 0.7375 0.4125 0.03125 0.0375
0 0.647656 0.0229167 0.0328125 0.0375
0 0.150781 0.969792 0.0421875 0.0520833
0 0.671875 0.464583 0.0375 0.05
0 0.433594 0.940625 0.0296875 0.0395833
0 0.382812 0.84375 0.03125 0.0416667
0 0.195312 0.171875 0.03125 0.0354167
0 0.588281 0.108333 0.0328125 0.0458333
0 0.575781 0.672917 0.0390625 0.05
0 0.524219 0.588542 0.0421875 0.0520833
0 0.36875 0.263542 0.028125 0.0395833
0 0.582812 0.0416667 0.0375 0.05
0 0.369531 0.01875 0.0390625 0.0375
0 0.790625 0.263542 0.040625 0.0520833
0 0.360156 0.214583 0.0328125 0.0458333
0 0.632812 0.264583 0.034375 0.05
0 0.0640625 0.142708 0.0375 0.0479167
0 0.358594 0.096875 0.0359375 0.0479167
