0 0.957812 0.661458 0.034375 0.0479167
0 0.459375 0.932292 0.034375 0.0395833
0 0.480469 0.420833 0.0296875 0.0416667
0 0.357812 0.880208 0.034375 0.0354167
0 0.307031 0.463542 0.0234375 0.0270833
0 0.475781 0.21875 0.0265625 0.0416667
0 0.672656 0.21875 0.0421875 0.05
0 0.7125 0.927083 0.028125 0.0291667
0 0.646875 0.65 0.0375 0.0625
0 0.403125 0.504167 0.04375 0.0583333
0 0.299219 0.45 0.0234375 0.0291667
0 0.533594 0.404167 0.0359375 0.05
0 0.121094 0.171875 0.0296875 0.0395833
0 0.988281 0.596875 0.0203125 0.0479167
0 0.513281 0.961458 0.0265625 0.0395833
0 0.739062 0.639583 0.04375 0.0583333
0 0.596875 0.665625 0.025 0.0354167
0 0.488281 0.261458 0.0234375 0.03125
0 0.649219 0.120833 0.0296875 0.0375
0 0.799219 0.548958 0.0265625 0.0354167
0 0.450781 0.682292 0.0453125 0.0604167
0 0.0078125 0.407292 0.015625 0.04375
0 0.0742188 0.06875 0.0453125 0.0583333
0 0.0703125 0.0458333 0.04375 0.0458333
0 0.669531 0.941667 0.0265625 0.0333333
0 0.0484375 0.55625 0.034375 0.0416667
0 0.470313 0.422917 0.028125 0.0375
0 0.733594 0.494792 0.0203125 0.0270833
0 0.153125 0.0447917 0.040625 0.05625
0 0.0515625 0.76875 0.03125 0.0375
0 0.128125 0.315625 0.034375 0.04375
0 0.715625 0.90625 0.025 0.0375
0 0.344531 0.430208 0.0328125 0.0395833
0 0.701563 0.954167 0.028125 0.0375
0 0.134375 0.180208 0.028125 0.0395833
0 0.992188 0.665625 0.015625 0.0354167
0 0.878125 0.358333 0.025 0.0291667
0 0.15 0.969792 0.040625 0.0520833
0 0.30625 0.475 0.021875 0.0291667
0 0.311719 0.0125 0.0328125 0.025
0 0.7875 0.944792 0.03125 0.0395833
0 0.270312 0.625 0.028125 0.0375
0 0.98125 0.0145833 0.028125 0.0291667
0 0.485156 0.225 0.0359375 0.0375
0 0.251563 0.979167 0.034375 0.0333333
0 0.972656 0.541667 0.0296875 0.0375
0 0.457031 0.954167 0.0296875 0.0375
0 0.0953125 0.420833 0.028125 0.0333333
0 0.578906 0.04375 0.0359375 0.0458333
0 0.174219 0.776042 0.0234375 0.0354167
0 0.325781 0.457292 0.0234375 0.03125
0 0.841406 0.315625 0.0296875 0.0354167
0 0.351562 0.922917 0.028125 0.0333333
0 0.314063 0.902083 0.034375 0.0458333
0 0.891406 0.511458 0.0453125 0.05625
0 0.357812 0.0927083 0.03125 0.04375
0 0.615625 0.875 0.025 0.0333333
0 0.610156 0.745833 0.0265625 0.0333333
0 0.639063 0.45625 0.028125 0.0333333
0 0.450781 0.260417 0.0296875 0.0375
0 0.219531 0.746875 0.0265625 0.0354167
0 0.134375 0.36875 0.03125 0.0416667
0 0.235156 0.536458 0.0359375 0.0479167
0 0.7875 0.260417 0.0375 0.05
0 0.627344 0.298958 0.0296875 0.04375
0 0.75 0.445833 0.021875 0.0333333
0 0.635938 0.334375 0.034375 0.0479167
0 0.0710938 0.621875 0.0328125 0.04375
0 0.429688 0.94375 0.028125 0.0375
0 0.822656 0.778125 0.0296875 0.04375
0 0.577344 0.545833 0.0359375 0.05
0 0.585938 0.876042 0.028125 0.0354167
0 0.176563 0.659375 0.028125 0.0354167
0 0.194531 0.170833 0.0296875 0.0375
0 0.0390625 0.0739583 0.03125 0.0395833
0 0.211719 0.0364583 0.0328125 0.04375
0 0.576563 0.671875 0.0375 0.0479167
0 0.647656 0.01875 0.0359375 0.0375
0 0.674219 0.461458 0.0328125 0.0479167
0 0.628125 0.254167 0.03125 0.0458333
0 0.379687 0.842708 0.03125 0.0395833
0 0.06875 0.646875 0.034375 0.04375
0 0.33125 0.234375 0.028125 0.0354167
0 0.367969 0.2625 0.0265625 0.0375
0 0.021875 0.207292 0.040625 0.0604167
0 0.471094 0.385417 0.0328125 0.0458333
0 0.299219 0.171875 0.0359375 0.04375
0 0.357812 0.138542 0.034375 0.0479167
0 0.878906 0.852083 0.0359375 0.0458333
0 0.132812 0.144792 0.028125 0.0354167
0 0.364844 0.0166667 0.0390625 0.0333333
0 0.523438 0.5875 0.04375 0.05
0 0.589844 0.101042 0.0328125 0.0479167
0 0.425 0.20625 0.040625 0.0541667
0 0.276563 0.071875 0.046875 0.0645833
0 0.360156 0.215625 0.0328125 0.04375
0 0.0625 0.14375 0.0375 0.05
