0 0.845312 0.44375 0.0375 0.05
0 0.8 0.548958 0.025 0.0354167
0 0.328125 0.436458 0.025 0.0354167
0 0.0609375 0.05625 0.03125 0.0375
0 0.466406 0.254167 0.0265625 0.0291667
0 0.705469 0.461458 0.0234375 0.03125
0 0.153906 0.0416667 0.0359375 0.05
0 0.676562 0.523958 0.046875 0.0604167
0 0.482812 0.420833 0.028125 0.0416667
0 0.0804688 0.0604167 0.0515625 0.0666667
0 0.224219 0.68125 0.0390625 0.05
0 0.741406 0.638542 0.0421875 0.05625
0 0.990625 0.596875 0.01875 0.0479167
0 0.796875 0.95 0.03125 0.0416667
0 0.450781 0.682292 0.0453125 0.05625
0 0.246094 0.742708 0.0296875 0.0395833
0 0.025 0.205208 0.040625 0.05625
0 0.13125 0.1625 0.03125 0.0375
0 0.349219 0.107292 0.0265625 0.0354167
0 0.689844 0.423958 0.0328125 0.0395833
0 0.121875 0.160417 0.021875 0.0291667
0 0.642969 0.646875 0.0328125 0.0479167
0 0.475781 0.379167 0.0359375 0.0458333
0 0.738281 0.4875 0.0203125 0.0333333
0 0.246875 0.536458 0.0375 0.0479167
0 0.676562 0.467708 0.0375 0.0479167
0 0.346875 0.428125 0.034375 0.0395833
0 0.00859375 0.146875 0.0171875 0.04375
0 0.674219 0.938542 0.0265625 0.03125
0 0.0742188 0.0447917 0.0390625 0.04375
0 0.984375 0.015625 0.028125 0.03125
0 0.725 0.476042 0.025 0.0354167
0 0.184375 0.878125 0.025 0.0354167
0 0.289062 0.0635417 0.040625 0.05625
0 0.992188 0.663542 0.015625 0.0395833
0 0.892187 0.509375 0.04375 0.05625
0 0.1375 0.367708 0.034375 0.0520833
0 0.308594 0.472917 0.0234375 0.0333333
0 0.646094 0.230208 0.0265625 0.0354167
0 0.100781 0.420833 0.0296875 0.0333333
0 0.642187 0.0135417 0.03125 0.0270833
0 0.0609375 0.553125 0.028125 0.0354167
0 0.361719 0.136458 0.0328125 0.04375
0 0.807031 0.885417 0.0296875 0.0375
0 0.635156 0.248958 0.0296875 0.0395833
0 0.0523437 0.769792 0.0265625 0.03125
0 0.455469 0.260417 0.0265625 0.0333333
0 0.471875 0.417708 0.028125 0.0354167
0 0.407813 0.496875 0.04375 0.0604167
0 0.436719 0.947917 0.0296875 0.0416667
0 0.611719 0.805208 0.0328125 0.0479167
0 0.433594 0.0166667 0.0296875 0.0333333
0 0.445312 0.19375 0.040625 0.0583333
0 0.328125 0.457292 0.021875 0.03125
0 0.277344 0.625 0.0265625 0.0375
0 0.755469 0.395833 0.0328125 0.0458333
0 0.985937 0.958333 0.028125 0.0583333
0 0.478125 0.223958 0.028125 0.0354167
0 0.353125 0.927083 0.028125 0.0333333
0 0.535937 0.401042 0.04375 0.0604167
0 0.0125 0.402083 0.025 0.05
0 0.215625 0.314583 0.03125 0.0416667
0 0.385156 0.847917 0.0296875 0.0375
0 0.973437 0.541667 0.034375 0.0416667
0 0.138281 0.309375 0.0328125 0.04375
0 0.377344 0.895833 0.0265625 0.0333333
0 0.585156 0.546875 0.0390625 0.0520833
0 0.265625 0.927083 0.028125 0.0416667
0 0.723437 0.913542 0.03125 0.04375
0 0.885156 0.7375 0.0390625 0.05
0 0.794531 0.263542 0.0359375 0.0479167
0 0.483594 0.890625 0.0296875 0.0395833
0 0.0414063 0.075 0.0296875 0.0375
0 0.710156 0.952083 0.0296875 0.0375
0 0.370313 0.173958 0.028125 0.0395833
0 0.0789063 0.64375 0.0359375 0.0458333
0 0.842969 0.316667 0.0296875 0.0375
0 0.373437 0.260417 0.028125 0.0416667
0 0.632031 0.363542 0.0359375 0.04375
0 0.525 0.588542 0.04375 0.0520833
0 0.621094 0.884375 0.0296875 0.0395833
0 0.49375 0.930208 0.034375 0.04375
0 0.583594 0.13125 0.0328125 0.0416667
0 0.0617188 0.146875 0.0359375 0.0479167
0 0.214844 0.157292 0.0328125 0.0354167
0 0.567187 0.195833 0.034375 0.0458333
0 0.142969 0.13125 0.0296875 0.0375
0 0.08125 0.6125 0.03125 0.0375
0 0.31875 0.015625 0.028125 0.03125
0 0.153906 0.970833 0.0421875 0.05
0 0.253906 0.980208 0.0359375 0.0395833
0 0.878906 0.85 0.0359375 0.05
0 0.307031 0.163542 0.0328125 0.04375
0 0.6125 0.755208 0.03125 0.0395833
0 0.375781 0.021875 0.0390625 0.0395833
0 0.357812 0.0895833 0.03125 0.0416667
0 0.583594 0.673958 0.0390625 0.0520833
0 0.216406 0.0375 0.0328125 0.0416667
0 0.360938 0.214583 0.034375 0.0458333
