0 0.0921875 0.73125 0.025 0.0333333
0 0.00546875 0.0427083 0.0109375 0.04375
0 0.25625 0.829167 0.0375 0.05
0 0.122656 0.447917 0.0359375 0.0458333
0 0.317187 0.804167 0.034375 0.0458333
0 0.978906 0.361458 0.0234375 0.0270833
0 0.410937 0.298958 0.028125 0.0354167
0 0.15625 0.811458 0.05 0.0604167
0 0.157813 0.609375 0.034375 0.04375
0 0.560156 0.717708 0.0296875 0.0395833
0 0.853906 0.547917 0.0328125 0.0416667
0 0.726562 0.0104167 0.025 0.0208333
0 0.290625 0.661458 0.046875 0.05625
0 0.586719 0.0854167 0.0265625 0.0333333
0 0.660156 0.915625 0.0265625 0.0354167
0 0.991406 0.0239583 0.0171875 0.03125
0 0.895312 0.726042 0.025 0.0354167
0 0.552344 0.808333 0.0265625 0.0333333
0 0.534375 0.009375 0.03125 0.01875
0 0.65 0.0854167 0.03125 0.0375
0 0.603906 0.505208 0.0359375 0.0479167
0 0.0554687 0.04375 0.0265625 0.0333333
0 0.226562 0.334375 0.03125 0.04375
0 0.226562 0.18125 0.025 0.0375
0 0.1625 0.0114583 0.034375 0.0229167
0 0.515625 0.0604167 0.025 0.0333333
0 0.597656 0.364583 0.0265625 0.0375
0 0.2 0.35 0.03125 0.0416667
0 0.213281 0.508333 0.0265625 0.0375
0 0.583594 0.386458 0.0359375 0.0479167
0 0.78125 0.275 0.034375 0.0458333
0 0.90625 0.025 0.028125 0.0333333
0 0.782812 0.107292 0.03125 0.04375
0 0.95625 0.021875 0.0375 0.0354167
0 0.446875 0.440625 0.028125 0.0354167
0 0.410937 0.6875 0.028125 0.0375
0 0.424219 0.827083 0.0296875 0.0416667
0 0.482031 0.0604167 0.0296875 0.0375
1 0.972656 0.569792 0.0546875 0.08125
0 0.18125 0.383333 0.028125 0.0375
0 0.322656 0.930208 0.0296875 0.0395833
0 0.153906 0.647917 0.0328125 0.0416667
0 0.404687 0.716667 0.028125 0.0375
0 0.0859375 0.420833 0.028125 0.0375
0 0.182031 0.13125 0.0265625 0.0375
0 0.289844 0.339583 0.0296875 0.0416667
0 0.770312 0.664583 0.03125 0.0375
0 0.621094 0.286458 0.0265625 0.04375
0 0.926562 0.501042 0.03125 0.04375
0 0.873438 0.765625 0.028125 0.0395833
0 0.708594 0.241667 0.0265625 0.0333333
0 0.0148437 0.936458 0.0296875 0.0479167
0 0.071875 0.31875 0.028125 0.0375
0 0.867188 0.935417 0.028125 0.0375
0 0.427344 0.621875 0.0296875 0.0395833
0 0.8375 0.338542 0.03125 0.04375
0 0.128125 0.217708 0.028125 0.0395833
0 0.071875 0.89375 0.040625 0.0458333
0 0.0195312 0.616667 0.0359375 0.05
0 0.191406 0.45 0.0328125 0.0416667
0 0.409375 0.441667 0.03125 0.0416667
0 0.971875 0.0833333 0.03125 0.0416667
0 0.808594 0.722917 0.0359375 0.0458333
0 0.150781 0.379167 0.0328125 0.0416667
0 0.638281 0.557292 0.0359375 0.0479167
0 0.766406 0.228125 0.0328125 0.0395833
0 0.0328125 0.510417 0.034375 0.0458333
0 0.196875 0.241667 0.034375 0.05
0 0.265625 0.895833 0.040625 0.0541667
0 0.746875 0.110417 0.040625 0.0583333
0 0.913281 0.260417 0.0390625 0.0541667
