0 0.153125 0.3625 0.03125 0.0458333
0 0.652344 0.648958 0.0234375 0.0395833
0 0.990625 0.545833 0.01875 0.0333333
0 0.7125 0.225 0.0375 0.0416667
0 0.622656 0.025 0.0296875 0.0375
0 0.867188 0.434375 0.03125 0.0395833
0 0.992188 0.580208 0.015625 0.0395833
0 0.478125 0.252083 0.025 0.0333333
0 0.292969 0.70625 0.0296875 0.0458333
0 0.517969 0.379167 0.0234375 0.0333333
0 0.503906 0.683333 0.0265625 0.0375
0 0.209375 0.864583 0.03125 0.0375
0 0.748438 0.639583 0.040625 0.0541667
0 0.891406 0.414583 0.0296875 0.0375
0 0.0304688 0.205208 0.0421875 0.05625
0 0.710156 0.460417 0.0265625 0.0375
0 0.450781 0.68125 0.0390625 0.0541667
0 0.135937 0.160417 0.025 0.0333333
0 0.767969 0.461458 0.0328125 0.0395833
0 0.255469 0.682292 0.0390625 0.0479167
0 0.0515625 0.769792 0.021875 0.0270833
0 0.400781 0.235417 0.0296875 0.0416667
0 0.728906 0.936458 0.0296875 0.0395833
0 0.360156 0.44375 0.0359375 0.05
0 0.725781 0.0958333 0.0265625 0.0333333
0 0.146875 0.1625 0.028125 0.0375
0 0.878906 0.090625 0.0296875 0.0354167
0 0.457812 0.189583 0.0375 0.0458333
0 0.441406 0.479167 0.0390625 0.0583333
0 0.990625 0.623958 0.01875 0.0354167
0 0.478906 0.221875 0.0265625 0.0354167
0 0.954687 0.421875 0.034375 0.0479167
0 0.133594 0.6375 0.0359375 0.0416667
0 0.25625 0.140625 0.0375 0.0479167
0 0.505469 0.125 0.0453125 0.0583333
0 0.555469 0.571875 0.0265625 0.03125
0 0.121094 0.55 0.0296875 0.0375
0 0.576563 0.714583 0.025 0.0375
0 0.340625 0.4625 0.025 0.0333333
0 0.177344 0.296875 0.0296875 0.04375
0 0.107031 0.0385417 0.0390625 0.0520833
0 0.0367187 0.397917 0.0328125 0.0416667
0 0.422656 0.892708 0.0265625 0.0354167
0 0.741406 0.86875 0.0265625 0.0333333
0 0.371875 0.0885417 0.0375 0.0520833
0 0.317187 0.472917 0.025 0.0333333
0 0.450781 0.952083 0.0296875 0.0416667
0 0.10625 0.0583333 0.046875 0.0708333
0 0.333594 0.630208 0.0234375 0.03125
0 0.289062 0.984375 0.034375 0.0270833
0 0.810156 0.934375 0.0296875 0.0395833
0 0.402344 0.873958 0.0265625 0.0354167
0 0.375781 0.132292 0.0359375 0.0479167
0 0.145313 0.179167 0.028125 0.0375
0 0.790625 0.616667 0.034375 0.0458333
0 0.299219 0.13125 0.0328125 0.0416667
0 0.140625 0.413542 0.025 0.03125
0 0.857031 0.319792 0.0265625 0.03125
0 0.821094 0.266667 0.0265625 0.0375
0 0.75625 0.758333 0.028125 0.0375
0 0.360156 0.936458 0.0265625 0.0270833
0 0.525781 0.353125 0.0328125 0.0395833
0 0.761719 0.969792 0.0328125 0.0479167
0 0.900781 0.511458 0.0390625 0.0479167
0 0.908594 0.854167 0.0359375 0.0458333
0 0.264062 0.592708 0.028125 0.0354167
0 0.6625 0.95625 0.025 0.0333333
0 0.296094 0.536458 0.0296875 0.0395833
0 0.0632813 0.0604167 0.0265625 0.0333333
0 0.432031 0.43125 0.0296875 0.0375
0 0.696094 0.915625 0.0265625 0.0354167
0 0.821094 0.170833 0.0328125 0.0416667
0 0.353906 0.9125 0.0296875 0.0375
0 0.155469 0.0416667 0.0421875 0.0541667
0 0.532812 0.591667 0.028125 0.0375
0 0.138281 0.609375 0.0359375 0.04375
0 0.426562 0.220833 0.028125 0.0375
0 0.3625 0.8875 0.03125 0.0416667
0 0.728125 0.391667 0.03125 0.0416667
0 0.754687 0.905208 0.03125 0.0395833
0 0.439844 0.720833 0.0296875 0.0375
0 0.377344 0.219792 0.0328125 0.0395833
0 0.613281 0.757292 0.0296875 0.0354167
0 0.251563 0.040625 0.03125 0.0395833
0 0.517969 0.551042 0.0265625 0.0354167
0 0.432813 0.0270833 0.034375 0.0416667
0 0.0859375 0.140625 0.03125 0.04375
0 0.0328125 0.3 0.0375 0.0458333
0 0.161719 0.270833 0.0265625 0.0291667
0 0.7375 0.440625 0.028125 0.0354167
0 0.629687 0.566667 0.03125 0.0416667
0 0.691406 0.259375 0.0328125 0.0395833
0 0.3375 0.0416667 0.03125 0.0375
0 0.420312 0.335417 0.0375 0.0458333
0 0.172656 0.969792 0.0390625 0.0479167
0 0.146875 0.116667 0.03125 0.0458333
