0 0.858594 0.0875 0.0265625 0.0375
0 0.6 0.0270833 0.03125 0.0375
0 0.746875 0.640625 0.040625 0.0604167
0 0.0046875 0.290625 0.009375 0.0395833
0 0.235156 0.678125 0.0390625 0.0520833
0 0.754687 0.483333 0.01875 0.0291667
0 0.499219 0.401042 0.0265625 0.04375
0 0.99375 0.960417 0.0125 0.0416667
0 0.613281 0.871875 0.0265625 0.0395833
0 0.360156 0.738542 0.0265625 0.0395833
0 0.4875 0.260417 0.021875 0.0291667
0 0.646094 0.647917 0.0296875 0.0458333
0 0.70625 0.458333 0.021875 0.0291667
0 0.354688 0.4375 0.0375 0.0458333
0 0.330469 0.907292 0.0390625 0.0520833
0 0.472656 0.251042 0.0265625 0.03125
0 0.0523437 0.769792 0.0265625 0.03125
0 0.800781 0.551042 0.0265625 0.0395833
0 0.739062 0.473958 0.021875 0.03125
0 0.99375 0.427083 0.0125 0.0333333
0 0.49375 0.83125 0.028125 0.0333333
0 0.30625 0.158333 0.03125 0.0375
0 0.0859375 0.0416667 0.040625 0.05
0 0.713281 0.942708 0.0265625 0.0354167
0 0.485156 0.396875 0.0265625 0.03125
0 0.646875 0.009375 0.034375 0.01875
0 0.45 0.685417 0.04375 0.0583333
0 0.991406 0.0177083 0.0171875 0.0354167
0 0.477344 0.222917 0.0296875 0.0416667
0 0.488281 0.113542 0.0515625 0.0645833
0 0.852344 0.438542 0.0390625 0.0479167
0 0.803125 0.945833 0.028125 0.0375
0 0.0304688 0.207292 0.0453125 0.0604167
0 0.549219 0.979167 0.0296875 0.0333333
0 0.299219 0.192708 0.0265625 0.03125
0 0.140625 0.173958 0.03125 0.0479167
0 0.364844 0.139583 0.0359375 0.0458333
0 0.989062 0.588542 0.021875 0.04375
0 0.992188 0.663542 0.015625 0.0354167
0 0.311719 0.471875 0.0265625 0.03125
0 0.979688 0.541667 0.03125 0.0416667
0 0.685156 0.921875 0.0265625 0.03125
0 0.0914062 0.0614583 0.0515625 0.06875
0 0.573438 0.514583 0.034375 0.0458333
0 0.304688 0.0604167 0.04375 0.0625
0 0.0875 0.555208 0.03125 0.04375
0 0.41875 0.492708 0.04375 0.0604167
0 0.891406 0.85625 0.0328125 0.0416667
0 0.263281 0.55 0.0359375 0.0458333
0 0.130469 0.163542 0.0265625 0.0395833
0 0.5 0.689583 0.034375 0.0458333
0 0.595312 0.552083 0.034375 0.0458333
0 0.613281 0.755208 0.0265625 0.03125
0 0.357031 0.884375 0.0359375 0.0479167
0 0.317969 0.129167 0.0265625 0.0333333
0 0.295312 0.629167 0.03125 0.0416667
0 0.334375 0.459375 0.025 0.03125
0 0.514844 0.13125 0.0328125 0.0458333
0 0.392969 0.896875 0.0296875 0.0354167
0 0.1 0.64375 0.0375 0.05
0 0.155469 0.0416667 0.0421875 0.0541667
0 0.105469 0.613542 0.0328125 0.0395833
0 0.622656 0.8125 0.0265625 0.0416667
0 0.403125 0.0302083 0.034375 0.04375
0 0.34375 0.0302083 0.034375 0.0395833
0 0.0710938 0.678125 0.0296875 0.0354167
0 0.14375 0.369792 0.0375 0.0520833
0 0.0523437 0.0677083 0.0296875 0.0395833
0 0.610937 0.140625 0.03125 0.0395833
0 0.396875 0.948958 0.025 0.0354167
0 0.817969 0.355208 0.0265625 0.0354167
0 0.114063 0.422917 0.028125 0.0333333
0 0.634375 0.897917 0.028125 0.0375
0 0.552344 0.404167 0.0328125 0.0458333
0 0.35625 0.928125 0.028125 0.03125
0 0.499219 0.3625 0.0359375 0.0458333
0 0.449219 0.1875 0.0421875 0.0541667
0 0.685938 0.465625 0.034375 0.04375
0 0.748438 0.440625 0.021875 0.03125
0 0.5875 0.678125 0.034375 0.0479167
0 0.160156 0.969792 0.0421875 0.0479167
0 0.846094 0.320833 0.0296875 0.0333333
0 0.732813 0.90625 0.03125 0.0416667
0 0.80625 0.2625 0.034375 0.0458333
0 0.439844 0.942708 0.0296875 0.0395833
0 0.146094 0.119792 0.0328125 0.04375
0 0.894531 0.5125 0.0421875 0.0541667
0 0.3625 0.225 0.03125 0.0416667
0 0.078125 0.146875 0.0375 0.0520833
0 0.392969 0.23125 0.0296875 0.0416667
0 0.267969 0.982292 0.0359375 0.0354167
0 0.515625 0.205208 0.034375 0.0479167
0 0.358594 0.09375 0.0328125 0.0458333
0 0.236719 0.040625 0.0328125 0.0395833
0 0.332812 0.232292 0.03125 0.04375
0 0.396875 0.858333 0.034375 0.0375
0 0.526563 0.588542 0.040625 0.0520833
0 0.0195312 0.397917 0.0390625 0.0541667
0 0.15625 0.308333 0.034375 0.0458333
