0 0.704687 0.223958 0.040625 0.0479167
0 0.533594 0.947917 0.0234375 0.0333333
0 0.641406 0.00729167 0.0328125 0.0145833
0 0.551562 0.394792 0.03125 0.0479167
0 0.475 0.222917 0.03125 0.0375
0 0.611719 0.572917 0.0390625 0.0541667
0 0.3375 0.908333 0.03125 0.0458333
0 0.427344 0.485417 0.0421875 0.0625
0 0.480469 0.264583 0.0296875 0.0416667
0 0.725781 0.227083 0.0359375 0.0416667
0 0.992188 0.0166667 0.015625 0.0291667
0 0.857813 0.4375 0.040625 0.0541667
0 0.619531 0.602083 0.0328125 0.0416667
0 0.897656 0.508333 0.0421875 0.0583333
0 0.686719 0.916667 0.0265625 0.0333333
0 0.492188 0.120833 0.04375 0.0541667
0 0.652344 0.651042 0.0265625 0.04375
0 0.0078125 0.292708 0.015625 0.0395833
0 0.746094 0.608333 0.0328125 0.0416667
0 0.485938 0.402083 0.021875 0.0291667
0 0.398438 0.8625 0.03125 0.0375
0 0.608594 0.0291667 0.0296875 0.0375
0 0.14375 0.367708 0.034375 0.0520833
0 0.503125 0.39375 0.025 0.0333333
0 0.474219 0.255208 0.0328125 0.0395833
0 0.355469 0.4375 0.0390625 0.05
0 0.310937 0.471875 0.025 0.03125
0 0.985937 0.625 0.025 0.0375
0 0.989062 0.589583 0.021875 0.0416667
0 0.394531 0.239583 0.0265625 0.0375
0 0.0515625 0.770833 0.025 0.0291667
0 0.678906 0.522917 0.0453125 0.0541667
0 0.142188 0.171875 0.028125 0.04375
0 0.804688 0.939583 0.03125 0.0416667
0 0.307813 0.059375 0.040625 0.05625
0 0.0984375 0.554167 0.028125 0.0375
0 0.479688 0.435417 0.028125 0.0333333
0 0.24375 0.68125 0.0375 0.05
0 0.880469 0.327083 0.0265625 0.0291667
0 0.334375 0.459375 0.025 0.03125
0 0.992188 0.661458 0.015625 0.0354167
0 0.341406 0.0354167 0.0234375 0.0333333
0 0.274219 0.98125 0.0359375 0.0333333
0 0.0945313 0.0416667 0.0484375 0.0583333
0 0.68125 0.661458 0.034375 0.04375
0 0.109375 0.639583 0.034375 0.0458333
0 0.278906 0.714583 0.0359375 0.0458333
0 0.714063 0.939583 0.028125 0.0375
0 0.119531 0.425 0.0296875 0.0333333
0 0.286719 0.553125 0.0296875 0.0395833
0 0.154687 0.040625 0.040625 0.0520833
0 0.692969 0.465625 0.0359375 0.04375
0 0.45 0.192708 0.034375 0.0479167
0 0.115625 0.610417 0.03125 0.0375
0 0.1625 0.969792 0.0375 0.0520833
0 0.982813 0.540625 0.028125 0.0354167
0 0.13125 0.160417 0.025 0.0375
0 0.0546875 0.0666667 0.028125 0.0375
0 0.735937 0.438542 0.025 0.03125
0 0.271875 0.861458 0.025 0.03125
0 0.64375 0.246875 0.040625 0.0520833
0 0.364062 0.0895833 0.034375 0.0458333
0 0.6125 0.758333 0.028125 0.0333333
0 0.360156 0.885417 0.0328125 0.0458333
0 0.407031 0.896875 0.0296875 0.0354167
0 0.307813 0.632292 0.028125 0.0395833
0 0.224219 0.726042 0.0328125 0.04375
0 0.519531 0.95625 0.0296875 0.0375
0 0.358594 0.93125 0.0265625 0.0333333
0 0.658594 0.863542 0.0296875 0.0395833
0 0.241406 0.0416667 0.0359375 0.0458333
0 0.896094 0.854167 0.0359375 0.0416667
0 0.780469 0.332292 0.0296875 0.0395833
0 0.582812 0.201042 0.03125 0.0395833
0 0.458594 0.15625 0.0296875 0.0375
0 0.594531 0.682292 0.0328125 0.0520833
0 0.0242187 0.397917 0.0359375 0.0458333
0 0.846094 0.326042 0.0296875 0.03125
0 0.546094 0.484375 0.0296875 0.0354167
0 0.642187 0.915625 0.03125 0.0395833
0 0.736719 0.907292 0.0328125 0.04375
0 0.441406 0.944792 0.0296875 0.0395833
0 0.1625 0.301042 0.034375 0.0520833
0 0.329688 0.065625 0.028125 0.0354167
0 0.252344 0.255208 0.0390625 0.0520833
0 0.494531 0.5875 0.0328125 0.0416667
0 0.303125 0.146875 0.03125 0.04375
0 0.557031 0.147917 0.0359375 0.0458333
0 0.36875 0.1375 0.0375 0.05
0 0.078125 0.14375 0.034375 0.0458333
0 0.480469 0.902083 0.0328125 0.0416667
0 0.415625 0.0229167 0.0375 0.0458333
0 0.808594 0.265625 0.0328125 0.0479167
0 0.508594 0.353125 0.0390625 0.0520833
0 0.141406 0.126042 0.0328125 0.04375
0 0.527344 0.5875 0.0421875 0.05
0 0.371094 0.221875 0.0296875 0.0395833
