0 0.991406 0.590625 0.0171875 0.04375
0 0.357812 0.738542 0.01875 0.03125
0 0.652344 0.652083 0.0265625 0.0458333
0 0.488281 0.2625 0.0171875 0.025
0 0.478906 0.257292 0.0234375 0.0270833
0 0.153906 0.359375 0.0328125 0.04375
0 0.717969 0.395833 0.0234375 0.0333333
0 0.372656 0.0885417 0.0359375 0.0520833
0 0.505469 0.125 0.0453125 0.0583333
0 0.146094 0.161458 0.0265625 0.0354167
0 0.642969 0.246875 0.0328125 0.04375
0 0.209375 0.864583 0.03125 0.0333333
0 0.478906 0.222917 0.0265625 0.0333333
0 0.292969 0.707292 0.0328125 0.04375
0 0.145313 0.177083 0.025 0.0375
0 0.135156 0.159375 0.0234375 0.03125
0 0.867969 0.433333 0.0328125 0.0416667
0 0.952344 0.417708 0.0359375 0.0479167
0 0.502344 0.68125 0.0234375 0.0375
0 0.900781 0.510417 0.0421875 0.05
0 0.749219 0.640625 0.0421875 0.0520833
0 0.45 0.682292 0.040625 0.05625
0 0.739062 0.865625 0.028125 0.03125
0 0.457812 0.189583 0.0375 0.0458333
0 0.255469 0.68125 0.0390625 0.05
0 0.727344 0.9375 0.0296875 0.0416667
0 0.360938 0.441667 0.034375 0.05
0 0.336719 0.0458333 0.0328125 0.0416667
0 0.421094 0.89375 0.0265625 0.0333333
0 0.0507812 0.769792 0.0234375 0.03125
0 0.176563 0.295833 0.028125 0.0416667
0 0.992188 0.278125 0.015625 0.0354167
0 0.514063 0.573958 0.025 0.0354167
0 0.120312 0.55 0.028125 0.0375
0 0.0367187 0.398958 0.0328125 0.0395833
0 0.399219 0.236458 0.0265625 0.0395833
0 0.139844 0.413542 0.0234375 0.03125
0 0.989062 0.621875 0.021875 0.0354167
0 0.132031 0.6375 0.0359375 0.0416667
0 0.614844 0.488542 0.0265625 0.0354167
1 0.480469 0.246875 0.0640625 0.0770833
0 0.435937 0.480208 0.034375 0.0479167
0 0.375781 0.134375 0.0359375 0.0479167
0 0.532031 0.588542 0.0296875 0.0354167
0 0.3 0.135417 0.03125 0.0416667
0 0.820312 0.266667 0.028125 0.0333333
0 0.341406 0.461458 0.0234375 0.03125
0 0.288281 0.984375 0.0359375 0.0270833
0 0.353906 0.913542 0.0296875 0.0395833
0 0.810156 0.935417 0.0296875 0.0416667
0 0.359375 0.936458 0.028125 0.0270833
0 0.424219 0.332292 0.0359375 0.0479167
0 0.315625 0.471875 0.025 0.03125
0 0.6625 0.954167 0.025 0.0333333
0 0.753125 0.775 0.028125 0.0375
0 0.446875 0.4375 0.028125 0.0333333
0 0.332031 0.63125 0.0265625 0.0333333
0 0.542969 0.560417 0.0265625 0.0333333
0 0.433594 0.739583 0.0296875 0.0375
0 0.836719 0.19375 0.0328125 0.0416667
0 0.608594 0.461458 0.0328125 0.0479167
0 0.726562 0.36875 0.028125 0.0375
0 0.376563 0.220833 0.028125 0.0375
0 0.753125 0.905208 0.03125 0.0395833
0 0.45 0.952083 0.028125 0.0416667
0 0.26875 0.607292 0.03125 0.0395833
0 0.296094 0.54375 0.0296875 0.0375
0 0.557031 0.722917 0.0296875 0.0375
0 0.267188 0.115625 0.03125 0.0354167
0 0.908594 0.854167 0.0359375 0.0458333
0 0.251563 0.0395833 0.034375 0.0416667
0 0.742188 0.423958 0.025 0.03125
0 0.855469 0.319792 0.0265625 0.03125
0 0.43125 0.0270833 0.034375 0.0416667
0 0.0617188 0.059375 0.0265625 0.0354167
0 0.763281 0.963542 0.0328125 0.0479167
0 0.695312 0.915625 0.025 0.0354167
0 0.688281 0.271875 0.0296875 0.0395833
0 0.103125 0.059375 0.046875 0.0645833
0 0.363281 0.8875 0.0296875 0.0416667
0 0.0851562 0.141667 0.0328125 0.0458333
0 0.6125 0.757292 0.028125 0.0354167
0 0.136719 0.609375 0.0328125 0.0395833
0 0.716406 0.117708 0.0296875 0.0395833
0 0.402344 0.871875 0.0265625 0.0354167
0 0.10625 0.0354167 0.0375 0.0458333
0 0.421094 0.21875 0.0265625 0.0375
0 0.784375 0.605208 0.0375 0.0479167
0 0.155469 0.0416667 0.0421875 0.0541667
0 0.525781 0.354167 0.0328125 0.0416667
0 0.157031 0.289583 0.0265625 0.0333333
0 0.628125 0.566667 0.03125 0.0416667
0 0.884375 0.4 0.028125 0.0375
0 0.146094 0.117708 0.0296875 0.0395833
0 0.171875 0.971875 0.040625 0.0479167
