0 0.991406 0.60625 0.0171875 0.0416667
0 0.0664062 0.046875 0.0453125 0.0520833
0 0.553125 0.935417 0.03125 0.0416667
0 0.985156 0.594792 0.0296875 0.0395833
0 0.121094 0.3375 0.0296875 0.0333333
0 0.269531 0.0677083 0.0453125 0.0604167
0 0.597656 0.663542 0.0234375 0.03125
0 0.674219 0.961458 0.0296875 0.03125
0 0.00625 0.407292 0.0125 0.04375
0 0.785937 0.948958 0.03125 0.0395833
0 0.646094 0.651042 0.0390625 0.0645833
0 0.715625 0.473958 0.021875 0.03125
0 0.717969 0.495833 0.0203125 0.025
0 0.448438 0.68125 0.046875 0.0541667
0 0.992188 0.979167 0.015625 0.0375
0 0.213281 0.686458 0.0390625 0.0520833
0 0.0507812 0.767708 0.0328125 0.0395833
0 0.464063 0.423958 0.021875 0.0270833
0 0.486719 0.261458 0.0234375 0.03125
0 0.457031 0.119792 0.0453125 0.05625
0 0.892187 0.510417 0.040625 0.0541667
0 0.229687 0.727083 0.034375 0.0458333
0 0.426562 0.989583 0.03125 0.0208333
0 0.13125 0.372917 0.034375 0.05
0 0.11875 0.176042 0.028125 0.0395833
0 0.346094 0.435417 0.0421875 0.05
0 0.358594 0.880208 0.0359375 0.0479167
0 0.736719 0.641667 0.0421875 0.0583333
0 0.322656 0.457292 0.0265625 0.0354167
0 0.071875 0.071875 0.053125 0.06875
0 0.0210938 0.209375 0.0421875 0.0604167
0 0.927344 0.227083 0.0265625 0.0333333
0 0.590625 0.276042 0.028125 0.0354167
0 0.0921875 0.423958 0.028125 0.03125
0 0.710156 0.95 0.0296875 0.0375
0 0.991406 0.669792 0.0171875 0.0354167
0 0.477344 0.223958 0.0296875 0.0354167
0 0.311719 0.902083 0.0421875 0.0541667
0 0.553125 0.220833 0.034375 0.0416667
0 0.610937 0.748958 0.028125 0.0354167
0 0.607031 0.873958 0.0296875 0.0354167
0 0.320312 0.627083 0.028125 0.0333333
0 0.669531 0.938542 0.0265625 0.0354167
0 0.121094 0.313542 0.0328125 0.0395833
0 0.111719 0.580208 0.0296875 0.0395833
0 0.833594 0.45 0.0359375 0.0458333
0 0.0632813 0.647917 0.0421875 0.0541667
0 0.713281 0.911458 0.0328125 0.0395833
0 0.980469 0.0145833 0.0265625 0.0291667
0 0.739062 0.142708 0.03125 0.0395833
0 0.783594 0.263542 0.0296875 0.0395833
0 0.13125 0.190625 0.028125 0.0395833
0 0.264062 0.623958 0.028125 0.0395833
0 0.778906 0.839583 0.0328125 0.0416667
0 0.0617188 0.623958 0.0359375 0.0479167
0 0.971875 0.540625 0.03125 0.0395833
0 0.573438 0.547917 0.034375 0.0458333
0 0.305469 0.472917 0.0296875 0.0375
0 0.353125 0.0958333 0.0375 0.0541667
0 0.832031 0.046875 0.0328125 0.0479167
0 0.572656 0.0458333 0.0328125 0.0416667
0 0.467969 0.386458 0.0328125 0.04375
0 0.0351562 0.0770833 0.0328125 0.0416667
0 0.139844 0.663542 0.0296875 0.0395833
0 0.947656 0.0666667 0.0296875 0.0416667
0 0.621875 0.977083 0.03125 0.0375
0 0.572656 0.673958 0.0359375 0.0479167
0 0.607031 0.45 0.0328125 0.0458333
0 0.578906 0.501042 0.0265625 0.0354167
0 0.841406 0.313542 0.0328125 0.0354167
0 0.277344 0.270833 0.0328125 0.0416667
0 0.145313 0.970833 0.046875 0.0541667
0 0.309375 0.0229167 0.03125 0.0375
0 0.351562 0.921875 0.03125 0.0354167
0 0.365625 0.26875 0.03125 0.0416667
0 0.446094 0.267708 0.0328125 0.0395833
0 0.247656 0.980208 0.0359375 0.0354167
0 0.0398437 0.5625 0.0359375 0.05
0 0.871875 0.848958 0.034375 0.04375
0 0.648438 0.0291667 0.03125 0.0375
0 0.170312 0.197917 0.028125 0.0416667
0 0.235156 0.541667 0.0359375 0.0458333
0 0.296094 0.178125 0.0359375 0.04375
0 0.378125 0.839583 0.034375 0.0416667
0 0.747656 0.441667 0.0296875 0.0375
0 0.613281 0.09375 0.0359375 0.0458333
0 0.667969 0.465625 0.0390625 0.0520833
0 0.179688 0.608333 0.028125 0.0375
0 0.153906 0.0489583 0.0421875 0.05625
0 0.432031 0.947917 0.0328125 0.0458333
0 0.128906 0.15 0.0328125 0.0416667
0 0.361719 0.215625 0.0390625 0.05625
0 0.354688 0.140625 0.0375 0.0479167
0 0.425 0.208333 0.04375 0.0541667
0 0.353125 0.01875 0.0375 0.0375
0 0.205469 0.0354167 0.0359375 0.0458333
0 0.0601562 0.147917 0.0390625 0.0541667
0 0.521875 0.589583 0.040625 0.05
