0 0.492188 0.114583 0.025 0.0375
0 0.357031 0.740625 0.0171875 0.0229167
0 0.778906 0.46875 0.0203125 0.025
0 0.482031 0.244792 0.0234375 0.03125
0 0.260156 0.140625 0.0265625 0.0354167
0 0.484375 0.257292 0.01875 0.0229167
0 0.989844 0.541667 0.0171875 0.0291667
0 0.992188 0.622917 0.015625 0.0333333
0 0.746094 0.640625 0.0359375 0.0479167
0 0.363281 0.436458 0.0296875 0.04375
0 0.150781 0.160417 0.0203125 0.0333333
0 0.990625 0.572917 0.015625 0.0291667
0 0.209375 0.864583 0.03125 0.0333333
0 0.517187 0.39375 0.021875 0.0291667
0 0.107813 0.0552083 0.040625 0.05625
0 0.124219 0.551042 0.0265625 0.0354167
0 0.48125 0.432292 0.021875 0.03125
0 0.134375 0.154167 0.01875 0.025
0 0.960156 0.421875 0.0234375 0.0354167
0 0.0328125 0.203125 0.0375 0.0520833
0 0.294531 0.707292 0.0265625 0.0395833
0 0.59375 0.757292 0.028125 0.03125
0 0.470313 0.689583 0.025 0.0375
0 0.521875 0.380208 0.025 0.03125
0 0.763281 0.3875 0.0265625 0.0416667
0 0.145313 0.176042 0.021875 0.0270833
0 0.503125 0.391667 0.021875 0.0333333
0 0.0296875 0.296875 0.028125 0.0354167
0 0.725 0.932292 0.028125 0.0395833
0 0.458594 0.188542 0.0328125 0.04375
0 0.857813 0.31875 0.021875 0.0291667
0 0.401563 0.235417 0.028125 0.0375
0 0.846094 0.122917 0.0296875 0.0416667
0 0.811719 0.932292 0.0296875 0.0395833
0 0.157031 0.0395833 0.0359375 0.0458333
0 0.625 0.0229167 0.03125 0.0375
0 0.702344 0.278125 0.0234375 0.03125
0 0.376563 0.130208 0.028125 0.0395833
0 0.697656 0.914583 0.0234375 0.0333333
0 0.733594 0.427083 0.0203125 0.0291667
0 0.0507812 0.770833 0.0234375 0.0291667
0 0.754687 0.904167 0.028125 0.0333333
0 0.665625 0.960417 0.025 0.0333333
0 0.0367187 0.396875 0.0265625 0.0354167
0 0.478125 0.223958 0.025 0.03125
0 0.755469 0.0895833 0.0296875 0.0291667
0 0.285156 0.533333 0.0234375 0.0375
0 0.908594 0.436458 0.0265625 0.0395833
0 0.448438 0.680208 0.03125 0.04375
0 0.451562 0.951042 0.028125 0.0395833
0 0.0640625 0.0572917 0.025 0.0270833
0 0.424219 0.892708 0.0265625 0.0354167
0 0.110156 0.0291667 0.0296875 0.0333333
0 0.753125 0.855208 0.028125 0.0354167
0 0.150781 0.360417 0.0296875 0.0416667
0 0.821875 0.265625 0.028125 0.0354167
0 0.360156 0.936458 0.0234375 0.0270833
0 0.342969 0.4625 0.0234375 0.0291667
0 0.403906 0.875 0.0234375 0.0333333
0 0.711719 0.457292 0.0265625 0.0354167
0 0.3375 0.0395833 0.025 0.0291667
0 0.374219 0.0885417 0.0296875 0.04375
0 0.25625 0.682292 0.0375 0.04375
0 0.135937 0.6375 0.034375 0.0416667
0 0.335938 0.628125 0.025 0.0354167
0 0.525 0.352083 0.03125 0.0375
0 0.299219 0.129167 0.0296875 0.0375
0 0.142188 0.410417 0.025 0.0333333
0 0.289844 0.984375 0.0328125 0.0270833
0 0.267188 0.558333 0.028125 0.0375
0 0.178906 0.294792 0.0296875 0.04375
0 0.614844 0.75625 0.0234375 0.0291667
0 0.353906 0.9125 0.0265625 0.0375
0 0.153125 0.111458 0.028125 0.0354167
0 0.438281 0.0270833 0.0328125 0.0458333
0 0.910937 0.855208 0.034375 0.04375
0 0.317187 0.470833 0.025 0.0333333
0 0.379687 0.217708 0.028125 0.0354167
0 0.0859375 0.139583 0.028125 0.0375
0 0.364062 0.888542 0.03125 0.0395833
0 0.507812 0.123958 0.040625 0.0520833
0 0.252344 0.0385417 0.0296875 0.0354167
0 0.9 0.511458 0.034375 0.04375
0 0.582031 0.558333 0.0265625 0.0333333
0 0.783594 0.73125 0.0296875 0.0375
0 0.441406 0.477083 0.0390625 0.0541667
0 0.782031 0.655208 0.0328125 0.0395833
0 0.422656 0.413542 0.0265625 0.0354167
0 0.43125 0.236458 0.028125 0.0354167
0 0.402344 0.339583 0.0328125 0.0416667
0 0.141406 0.608333 0.0328125 0.0416667
0 0.521875 0.496875 0.03125 0.04375
0 0.174219 0.971875 0.0390625 0.0479167
0 0.145313 0.265625 0.025 0.03125
0 0.632031 0.567708 0.0296875 0.0395833
0 0.532812 0.588542 0.034375 0.0395833
