0 0.354688 0.438542 0.0375 0.0479167
0 0.485938 0.398958 0.021875 0.03125
0 0.855469 0.4375 0.0359375 0.05
0 0.64375 0.00729167 0.03125 0.0145833
0 0.346094 0.135417 0.0265625 0.0333333
0 0.140625 0.182292 0.028125 0.04375
0 0.357812 0.738542 0.025 0.0395833
0 0.985937 0.625 0.021875 0.0375
0 0.479688 0.213542 0.028125 0.0270833
0 0.03125 0.208333 0.040625 0.0583333
0 0.275 0.71875 0.034375 0.05
0 0.236719 0.680208 0.0390625 0.0479167
0 0.49375 0.117708 0.04375 0.05625
0 0.684375 0.20625 0.0375 0.0416667
0 0.475 0.223958 0.028125 0.0354167
0 0.605469 0.0302083 0.0265625 0.0354167
0 0.627344 0.68125 0.0390625 0.0541667
0 0.746875 0.476042 0.03125 0.0395833
0 0.554688 0.3875 0.034375 0.05
0 0.263281 0.554167 0.0359375 0.0458333
0 0.991406 0.0166667 0.0171875 0.0333333
0 0.8 0.245833 0.034375 0.0458333
0 0.307813 0.059375 0.04375 0.0604167
0 0.64375 0.245833 0.0375 0.0458333
0 0.494531 0.833333 0.0265625 0.0375
0 0.00625 0.289583 0.0125 0.0416667
0 0.421094 0.490625 0.0421875 0.0604167
0 0.804688 0.942708 0.034375 0.04375
0 0.084375 0.040625 0.0375 0.0479167
0 0.705469 0.460417 0.0265625 0.0333333
0 0.685938 0.920833 0.028125 0.0333333
0 0.469531 0.245833 0.0234375 0.0333333
0 0.478906 0.435417 0.0296875 0.0375
0 0.449219 0.68125 0.0484375 0.0583333
0 0.0515625 0.769792 0.025 0.03125
0 0.992188 0.661458 0.015625 0.0354167
0 0.09375 0.557292 0.028125 0.0354167
0 0.98125 0.540625 0.028125 0.0354167
0 0.989062 0.589583 0.021875 0.0416667
0 0.634375 0.55 0.03125 0.0375
0 0.446875 0.184375 0.0375 0.0520833
0 0.3125 0.470833 0.025 0.0333333
0 0.335156 0.0375 0.0296875 0.0375
0 0.142969 0.165625 0.0296875 0.0395833
0 0.635156 0.879167 0.0296875 0.0375
0 0.689062 0.463542 0.034375 0.04375
0 0.601562 0.542708 0.0375 0.0479167
0 0.449219 0.985417 0.0265625 0.025
0 0.300781 0.630208 0.0296875 0.0395833
0 0.497656 0.654167 0.0296875 0.0375
0 0.592188 0.675 0.034375 0.05
0 0.892969 0.855208 0.0359375 0.04375
0 0.360938 0.0885417 0.03125 0.04375
0 0.334375 0.459375 0.025 0.03125
0 0.895312 0.510417 0.04375 0.0541667
0 0.0929687 0.0604167 0.0515625 0.0666667
0 0.160938 0.969792 0.0375 0.0520833
0 0.713281 0.940625 0.0296875 0.0395833
0 0.332812 0.025 0.03125 0.0375
0 0.741406 0.25 0.0265625 0.0375
0 0.0539063 0.06875 0.0265625 0.0375
0 0.142969 0.366667 0.0328125 0.0458333
0 0.110156 0.611458 0.0328125 0.0354167
0 0.366406 0.133333 0.0328125 0.0458333
0 0.2875 0.95625 0.025 0.0333333
0 0.654688 0.652083 0.028125 0.0416667
0 0.297656 0.245833 0.0390625 0.05
0 0.441406 0.915625 0.0265625 0.0354167
0 0.117188 0.423958 0.028125 0.03125
0 0.273438 0.983333 0.034375 0.0291667
0 0.734375 0.432292 0.025 0.03125
0 0.639063 0.904167 0.03125 0.0375
0 0.135937 0.677083 0.028125 0.0333333
0 0.522656 0.446875 0.0328125 0.04375
0 0.401563 0.901042 0.03125 0.0395833
0 0.399219 0.8625 0.0328125 0.0375
0 0.380469 0.189583 0.0296875 0.0416667
0 0.6125 0.75625 0.028125 0.0375
0 0.535937 0.0229167 0.034375 0.0375
0 0.509375 0.244792 0.03125 0.04375
0 0.13125 0.161458 0.025 0.0395833
0 0.807813 0.2625 0.034375 0.0458333
0 0.240625 0.04375 0.034375 0.0416667
0 0.842188 0.322917 0.03125 0.0333333
0 0.735937 0.90625 0.034375 0.0458333
0 0.154687 0.040625 0.040625 0.0520833
0 0.103906 0.640625 0.0328125 0.04375
0 0.392969 0.233333 0.0296875 0.0416667
0 0.303125 0.153125 0.034375 0.0479167
0 0.528125 0.153125 0.03125 0.0395833
0 0.357812 0.885417 0.0375 0.05
0 0.145313 0.120833 0.034375 0.0458333
0 0.159375 0.305208 0.034375 0.0479167
0 0.370313 0.225 0.03125 0.0375
0 0.679688 0.734375 0.034375 0.04375
0 0.839844 0.344792 0.0296875 0.0354167
0 0.0789063 0.146875 0.0359375 0.0479167
0 0.358594 0.932292 0.0296875 0.0354167
0 0.405469 0.0333333 0.0359375 0.0458333
0 0.442187 0.942708 0.028125 0.0395833
0 0.528125 0.589583 0.040625 0.05
0 0.0203125 0.398958 0.0375 0.0479167
0 0.502344 0.357292 0.0390625 0.0520833
