0 0.799219 0.548958 0.0296875 0.04375
0 0.396875 0.508333 0.040625 0.0583333
0 0.0234375 0.00729167 0.028125 0.0145833
0 0.459375 0.125 0.046875 0.0625
0 0.834375 0.45 0.040625 0.05
0 0.2 0.952083 0.0375 0.0458333
0 0.717188 0.476042 0.021875 0.03125
0 0.988281 0.598958 0.0203125 0.0479167
0 0.642969 0.647917 0.0359375 0.0541667
0 0.467187 0.425 0.025 0.0333333
0 0.488281 0.261458 0.0234375 0.03125
0 0.551562 0.890625 0.03125 0.0395833
0 0.00703125 0.407292 0.0140625 0.0395833
0 0.721875 0.497917 0.021875 0.025
0 0.124219 0.315625 0.0296875 0.0354167
0 0.214844 0.683333 0.0421875 0.0541667
0 0.448438 0.68125 0.05 0.0583333
0 0.345313 0.433333 0.040625 0.0458333
0 0.66875 0.939583 0.025 0.0291667
0 0.0734375 0.0697917 0.04375 0.05625
0 0.0515625 0.76875 0.028125 0.0375
0 0.892187 0.510417 0.046875 0.0583333
0 0.0664062 0.0447917 0.0390625 0.0395833
0 0.991406 0.666667 0.0171875 0.0375
0 0.323438 0.457292 0.025 0.0354167
0 0.132812 0.189583 0.028125 0.0375
0 0.0460938 0.559375 0.0296875 0.0354167
0 0.632812 0.241667 0.034375 0.0458333
0 0.275 0.0708333 0.046875 0.0625
0 0.359375 0.88125 0.034375 0.0416667
0 0.478125 0.223958 0.028125 0.0354167
0 0.135156 0.153125 0.0328125 0.0395833
0 0.561719 0.870833 0.0359375 0.0458333
0 0.671094 0.960417 0.0265625 0.0291667
0 0.310937 0.0145833 0.03125 0.0291667
0 0.51875 0.984375 0.028125 0.0270833
0 0.0953125 0.422917 0.028125 0.0333333
0 0.239844 0.542708 0.0328125 0.04375
0 0.0671875 0.648958 0.0375 0.0479167
0 0.575781 0.547917 0.0359375 0.05
0 0.449219 0.267708 0.0328125 0.0395833
0 0.432813 0.975 0.021875 0.0291667
0 0.980469 0.0145833 0.0265625 0.0291667
0 0.971875 0.54375 0.03125 0.0375
0 0.610937 0.484375 0.028125 0.0354167
0 0.875781 0.851042 0.0328125 0.04375
0 0.701563 0.953125 0.028125 0.0354167
0 0.121094 0.173958 0.0296875 0.0395833
0 0.611719 0.875 0.0265625 0.0333333
0 0.514844 0.220833 0.0234375 0.0291667
0 0.153906 0.0458333 0.0421875 0.0541667
0 0.610937 0.747917 0.028125 0.0375
0 0.164062 0.708333 0.025 0.0333333
0 0.786719 0.946875 0.0296875 0.0395833
0 0.267969 0.625 0.0265625 0.0375
0 0.147656 0.970833 0.0421875 0.05
0 0.576563 0.04375 0.034375 0.0458333
0 0.313281 0.902083 0.0359375 0.05
0 0.305469 0.471875 0.0265625 0.0354167
0 0.897656 0.302083 0.0265625 0.0333333
0 0.295312 0.529167 0.034375 0.0416667
0 0.14375 0.627083 0.025 0.0333333
0 0.250781 0.980208 0.0390625 0.0354167
0 0.614062 0.382292 0.034375 0.0479167
0 0.0367187 0.0760417 0.0296875 0.0395833
0 0.432813 0.944792 0.025 0.0354167
0 0.470313 0.38125 0.034375 0.0416667
0 0.798437 0.803125 0.03125 0.04375
0 0.132812 0.369792 0.03125 0.04375
0 0.785156 0.2625 0.0328125 0.0416667
0 0.841406 0.315625 0.0296875 0.0354167
0 0.738281 0.640625 0.0421875 0.0604167
0 0.351562 0.922917 0.028125 0.0333333
0 0.182812 0.184375 0.028125 0.0354167
0 0.530469 0.405208 0.0390625 0.0520833
0 0.021875 0.209375 0.040625 0.0604167
0 0.739062 0.441667 0.028125 0.0333333
0 0.425781 0.205208 0.0390625 0.05625
0 0.359375 0.01875 0.0375 0.0375
0 0.309375 0.253125 0.025 0.03125
0 0.363281 0.219792 0.0359375 0.0479167
0 0.574219 0.675 0.0359375 0.0458333
0 0.379687 0.840625 0.03125 0.0395833
0 0.714063 0.909375 0.03125 0.04375
0 0.366406 0.265625 0.0296875 0.0395833
0 0.355469 0.0947917 0.0328125 0.0479167
0 0.35625 0.139583 0.034375 0.0458333
0 0.671094 0.4625 0.0359375 0.05
0 0.598437 0.09375 0.03125 0.0458333
0 0.210156 0.0354167 0.0328125 0.0416667
0 0.647656 0.025 0.0328125 0.0375
0 0.296094 0.176042 0.0359375 0.04375
0 0.0671875 0.621875 0.034375 0.04375
0 0.523438 0.586458 0.040625 0.0520833
0 0.0617188 0.144792 0.0359375 0.0479167
0 0.607031 0.288542 0.0359375 0.0479167
