0 0.232812 0.676042 0.0375 0.0479167
0 0.690625 0.957292 0.015625 0.0270833
0 0.486719 0.258333 0.0234375 0.0291667
0 0.33125 0.903125 0.034375 0.04375
0 0.7375 0.472917 0.028125 0.0416667
0 0.266406 0.714583 0.0359375 0.0541667
0 0.4875 0.826042 0.021875 0.03125
0 0.678906 0.525 0.0453125 0.0583333
0 0.14375 0.369792 0.034375 0.0520833
0 0.416406 0.492708 0.0421875 0.0604167
0 0.528125 0.4375 0.03125 0.0416667
0 0.0867188 0.0604167 0.0484375 0.0625
0 0.8 0.551042 0.025 0.03125
0 0.979688 0.541667 0.028125 0.0375
0 0.596094 0.028125 0.0328125 0.0395833
0 0.351562 0.43125 0.0375 0.0458333
0 0.458594 0.259375 0.0234375 0.03125
0 0.0976562 0.639583 0.0390625 0.05
0 0.497656 0.403125 0.0265625 0.0354167
0 0.6125 0.709375 0.028125 0.03125
0 0.710938 0.94375 0.028125 0.0375
0 0.985156 0.630208 0.0203125 0.0354167
0 0.0078125 0.689583 0.015625 0.0375
0 0.477344 0.111458 0.0421875 0.05625
0 0.564062 0.434375 0.028125 0.0354167
0 0.990625 0.588542 0.01875 0.0395833
0 0.35625 0.885417 0.03125 0.0375
0 0.753125 0.4125 0.025 0.0333333
0 0.139062 0.178125 0.028125 0.04375
0 0.0296875 0.208333 0.040625 0.0583333
0 0.289844 0.626042 0.0265625 0.0354167
0 0.990625 0.01875 0.01875 0.0333333
0 0.990625 0.957292 0.01875 0.0520833
0 0.992188 0.664583 0.015625 0.0375
0 0.992188 0.426042 0.015625 0.03125
0 0.0523437 0.76875 0.0265625 0.0333333
0 0.0796875 0.55625 0.028125 0.0375
0 0.682031 0.926042 0.0265625 0.03125
0 0.801562 0.944792 0.03125 0.04375
0 0.310937 0.470833 0.021875 0.0333333
0 0.483594 0.401042 0.0265625 0.0354167
0 0.649219 0.0104167 0.0296875 0.0208333
0 0.746875 0.638542 0.04375 0.05625
0 0.625 0.988542 0.03125 0.0229167
0 0.591406 0.680208 0.0328125 0.04375
0 0.70625 0.460417 0.025 0.0291667
0 0.560938 0.903125 0.028125 0.0354167
0 0.154687 0.0427083 0.0375 0.0520833
0 0.333594 0.45625 0.0234375 0.0291667
0 0.0835937 0.0427083 0.0421875 0.0479167
0 0.109375 0.419792 0.025 0.03125
0 0.478125 0.223958 0.028125 0.0354167
0 0.576563 0.884375 0.028125 0.0354167
0 0.0984375 0.610417 0.03125 0.0333333
0 0.804688 0.263542 0.03125 0.04375
0 0.482031 0.0958333 0.0359375 0.0416667
0 0.264062 0.551042 0.03125 0.04375
0 0.596094 0.546875 0.0359375 0.0479167
0 0.495313 0.36875 0.034375 0.0458333
0 0.847656 0.313542 0.0296875 0.0354167
0 0.021875 0.0947917 0.03125 0.04375
0 0.778906 0.366667 0.0296875 0.0375
0 0.3875 0.241667 0.028125 0.0375
0 0.128125 0.1625 0.025 0.0375
0 0.954687 0.210417 0.034375 0.0375
0 0.980469 0.817708 0.0296875 0.0354167
0 0.659375 0.13125 0.025 0.0333333
0 0.449219 0.682292 0.0421875 0.0520833
0 0.682813 0.464583 0.0375 0.0458333
0 0.684375 0.0427083 0.025 0.0354167
0 0.075 0.146875 0.0375 0.0479167
0 0.0507812 0.06875 0.0328125 0.0416667
0 0.729688 0.907292 0.03125 0.0395833
0 0.2875 0.145833 0.03125 0.0333333
0 0.222656 0.192708 0.0296875 0.0395833
0 0.6125 0.755208 0.028125 0.03125
0 0.358594 0.927083 0.0265625 0.0333333
0 0.151562 0.309375 0.034375 0.04375
0 0.554688 0.120833 0.028125 0.0375
0 0.630469 0.895833 0.0296875 0.0375
0 0.264844 0.979167 0.0359375 0.0416667
0 0.496875 0.74375 0.03125 0.0416667
0 0.389062 0.894792 0.028125 0.0354167
0 0.8875 0.854167 0.034375 0.0458333
0 0.304688 0.170833 0.03125 0.0416667
0 0.354688 0.0958333 0.040625 0.0541667
0 0.301562 0.0614583 0.046875 0.0645833
0 0.146094 0.117708 0.0328125 0.04375
0 0.5375 0.190625 0.040625 0.0479167
0 0.335938 0.021875 0.03125 0.0395833
0 0.361719 0.139583 0.0328125 0.0458333
0 0.157813 0.970833 0.04375 0.05
0 0.360156 0.228125 0.0328125 0.04375
0 0.23125 0.040625 0.03125 0.0395833
0 0.526563 0.5875 0.0375 0.0458333
0 0.442969 0.945833 0.0328125 0.0458333
0 0.39375 0.855208 0.034375 0.0395833
0 0.394531 0.028125 0.0421875 0.0479167
0 0.0179687 0.397917 0.0359375 0.0541667
0 0.448438 0.190625 0.040625 0.0520833
