0 0.983594 0.633333 0.0265625 0.0416667
1 0.814844 0.583333 0.0640625 0.0875
0 0.989844 0.597917 0.0203125 0.05
0 0.153906 0.0416667 0.0359375 0.05
0 0.646094 0.646875 0.0328125 0.0479167
0 0.891406 0.509375 0.0421875 0.0520833
0 0.448438 0.68125 0.046875 0.0583333
0 0.5875 0.0354167 0.034375 0.0458333
0 0.992188 0.6625 0.015625 0.0375
0 0.796094 0.95 0.0296875 0.0416667
0 0.075 0.04375 0.040625 0.0458333
0 0.129688 0.161458 0.03125 0.0354167
0 0.385938 0.848958 0.03125 0.0354167
0 0.973437 0.541667 0.03125 0.0375
0 0.538281 0.398958 0.0421875 0.0604167
0 0.740625 0.638542 0.040625 0.05625
0 0.622656 0.883333 0.0296875 0.0375
0 0.675781 0.525 0.0453125 0.0583333
0 0.738281 0.488542 0.0203125 0.03125
0 0.675 0.938542 0.025 0.03125
0 0.101562 0.419792 0.028125 0.0354167
0 0.985937 0.958333 0.028125 0.0583333
0 0.496094 0.880208 0.0265625 0.0354167
0 0.471875 0.41875 0.025 0.0333333
0 0.29375 0.0645833 0.046875 0.0625
0 0.475781 0.379167 0.0359375 0.05
0 0.278125 0.623958 0.028125 0.0395833
0 0.202344 0.954167 0.0359375 0.0458333
0 0.0609375 0.554167 0.028125 0.0375
0 0.08125 0.065625 0.05 0.0645833
0 0.182812 0.886458 0.025 0.0354167
0 0.725 0.476042 0.025 0.0354167
0 0.501562 0.910417 0.025 0.0291667
0 0.0515625 0.769792 0.028125 0.03125
0 0.478906 0.222917 0.0296875 0.0375
0 0.689844 0.422917 0.0296875 0.0375
0 0.673437 0.465625 0.0375 0.0479167
0 0.328125 0.457292 0.021875 0.0270833
0 0.4375 0.947917 0.028125 0.0416667
0 0.307813 0.471875 0.025 0.03125
0 0.360938 0.138542 0.03125 0.04375
0 0.984375 0.015625 0.028125 0.03125
0 0.724219 0.9125 0.0296875 0.0416667
0 0.638281 0.0135417 0.0390625 0.0270833
0 0.876562 0.848958 0.0375 0.0479167
0 0.353906 0.928125 0.0265625 0.03125
0 0.81875 0.879167 0.03125 0.0375
0 0.136719 0.369792 0.0359375 0.0520833
0 0.346094 0.428125 0.0328125 0.0395833
0 0.378125 0.896875 0.025 0.03125
0 0.646094 0.217708 0.0265625 0.0354167
0 0.0132813 0.401042 0.0265625 0.0479167
0 0.40625 0.503125 0.04375 0.0604167
0 0.314844 0.015625 0.0328125 0.03125
0 0.373437 0.169792 0.03125 0.04375
0 0.0820312 0.6125 0.0328125 0.0375
0 0.250781 0.755208 0.0296875 0.0354167
0 0.585938 0.546875 0.0375 0.0520833
0 0.455469 0.259375 0.0296875 0.0354167
0 0.217187 0.159375 0.028125 0.0354167
0 0.796094 0.263542 0.0328125 0.04375
0 0.139062 0.308333 0.034375 0.0458333
0 0.025 0.20625 0.04375 0.0625
0 0.74375 0.401042 0.028125 0.0395833
0 0.709375 0.952083 0.028125 0.0375
0 0.0421875 0.075 0.028125 0.0375
0 0.145313 0.13125 0.028125 0.0375
0 0.245312 0.544792 0.034375 0.04375
0 0.647656 0.358333 0.0359375 0.05
0 0.636719 0.247917 0.0328125 0.0416667
0 0.6125 0.75625 0.03125 0.0416667
0 0.275781 0.942708 0.0265625 0.0395833
0 0.84375 0.316667 0.03125 0.0375
0 0.525 0.586458 0.04375 0.05625
0 0.30625 0.161458 0.034375 0.04375
0 0.254687 0.980208 0.034375 0.0395833
0 0.0796875 0.641667 0.0375 0.0458333
0 0.441406 0.0302083 0.0359375 0.04375
0 0.373437 0.258333 0.03125 0.0416667
0 0.497656 0.932292 0.0265625 0.0354167
0 0.201562 0.304167 0.03125 0.0416667
0 0.608594 0.803125 0.0296875 0.04375
0 0.0625 0.142708 0.034375 0.04375
0 0.575781 0.139583 0.0359375 0.0458333
0 0.792188 0.195833 0.0375 0.05
0 0.892187 0.738542 0.0375 0.0479167
0 0.441406 0.186458 0.0453125 0.05625
0 0.216406 0.0375 0.0328125 0.0416667
0 0.582812 0.677083 0.0375 0.05
0 0.154687 0.970833 0.04375 0.05
0 0.565625 0.20625 0.0375 0.05
0 0.360938 0.213542 0.0375 0.0520833
0 0.375781 0.021875 0.0390625 0.04375
0 0.357031 0.09375 0.0359375 0.05
