0 0.208594 0.873958 0.0203125 0.0270833
0 0.896875 0.942708 0.025 0.03125
0 0.121875 0.44375 0.034375 0.05
0 0.807813 0.0114583 0.025 0.0229167
0 0.139844 0.792708 0.0234375 0.0354167
1 0.973437 0.525 0.05 0.0833333
0 0.883594 0.630208 0.0234375 0.03125
0 0.854688 0.505208 0.03125 0.0395833
0 0.559375 0.314583 0.03125 0.0375
0 0.834375 0.991667 0.025 0.0166667
0 0.807031 0.021875 0.0234375 0.0270833
0 0.965625 0.922917 0.034375 0.0458333
0 0.902344 0.566667 0.0296875 0.0375
0 0.15 0.634375 0.03125 0.0395833
0 0.75625 0.613542 0.025 0.0354167
0 0.971094 0.513542 0.0296875 0.0395833
0 0.410156 0.290625 0.0265625 0.0354167
0 0.165625 0.128125 0.021875 0.03125
0 0.552344 0.6875 0.0328125 0.0375
0 0.317187 0.779167 0.0375 0.0458333
0 0.571094 0.965625 0.0328125 0.04375
0 0.725 0.947917 0.028125 0.0333333
0 0.589063 0.511458 0.025 0.0354167
0 0.154687 0.594792 0.028125 0.0395833
0 0.775 0.6125 0.03125 0.0416667
0 0.634375 0.982292 0.028125 0.0354167
0 0.825 0.428125 0.03125 0.0395833
0 0.364844 0.765625 0.0265625 0.0354167
0 0.521094 0.985417 0.0296875 0.0291667
0 0.429688 0.615625 0.03125 0.04375
0 0.885938 0.577083 0.03125 0.0416667
0 0.346875 0.805208 0.028125 0.0354167
0 0.791406 0.228125 0.0234375 0.0354167
0 0.0882813 0.4125 0.0265625 0.0333333
0 0.954687 0.14375 0.028125 0.0333333
0 0.634375 0.0604167 0.025 0.0375
0 0.788281 0.0572917 0.0265625 0.0354167
0 0.982031 0.0520833 0.0296875 0.0416667
0 0.596094 0.234375 0.0296875 0.0395833
0 0.421094 0.535417 0.0328125 0.0416667
0 0.628125 0.0270833 0.028125 0.0333333
0 0.835156 0.584375 0.0234375 0.03125
0 0.833594 0.397917 0.0296875 0.0375
0 0.153125 0.0197917 0.03125 0.0354167
0 0.152344 0.746875 0.0296875 0.0354167
0 0.205469 0.35625 0.0296875 0.0375
0 0.925 0.922917 0.028125 0.0375
0 0.0390625 0.9125 0.03125 0.0458333
0 0.873438 0.764583 0.025 0.0333333
0 0.278125 0.886458 0.034375 0.0479167
0 0.905469 0.803125 0.0265625 0.0354167
0 0.23125 0.195833 0.034375 0.05
0 0.11875 0.14375 0.028125 0.0375
0 0.817187 0.70625 0.028125 0.0375
0 0.140625 0.3625 0.03125 0.0458333
0 0.223438 0.471875 0.028125 0.03125
0 0.0242187 0.636458 0.0328125 0.04375
0 0.79375 0.151042 0.034375 0.04375
0 0.25625 0.865625 0.028125 0.0354167
0 0.424219 0.388542 0.0359375 0.0520833
0 0.80625 0.205208 0.028125 0.0395833
0 0.071875 0.884375 0.034375 0.0479167
0 0.279687 0.304167 0.034375 0.0458333
0 0.302344 0.925 0.0296875 0.0416667
0 0.932031 0.197917 0.0359375 0.05
0 0.260156 0.80625 0.0421875 0.0541667
0 0.108594 0.922917 0.0390625 0.05
