0 0.139844 0.183333 0.0265625 0.0416667
0 0.357031 0.133333 0.0296875 0.0416667
0 0.650781 0.560417 0.0328125 0.0375
0 0.748438 0.478125 0.03125 0.04375
0 0.627344 0.678125 0.0390625 0.05625
0 0.355469 0.439583 0.0359375 0.0458333
0 0.357812 0.738542 0.025 0.0354167
0 0.685938 0.91875 0.028125 0.0333333
0 0.991406 0.01875 0.0171875 0.0375
0 0.483594 0.403125 0.0234375 0.03125
0 0.704687 0.459375 0.028125 0.0395833
0 0.494531 0.835417 0.0265625 0.0375
0 0.266406 0.546875 0.0328125 0.04375
0 0.64375 0.245833 0.0375 0.0458333
0 0.402344 0.9 0.0296875 0.0375
0 0.00625 0.290625 0.0125 0.0395833
0 0.479688 0.435417 0.028125 0.0375
0 0.307031 0.05625 0.0421875 0.0541667
0 0.470313 0.246875 0.028125 0.0354167
0 0.0851562 0.0416667 0.0390625 0.0458333
0 0.0320312 0.205208 0.0421875 0.05625
0 0.449219 0.186458 0.0390625 0.0520833
0 0.642969 0.009375 0.0328125 0.01875
0 0.424219 0.4875 0.0453125 0.0666667
0 0.478906 0.214583 0.0265625 0.0291667
0 0.295312 0.240625 0.03125 0.0395833
0 0.449219 0.682292 0.0453125 0.0604167
0 0.516406 0.988542 0.0296875 0.0229167
0 0.60625 0.0291667 0.03125 0.0375
0 0.985937 0.625 0.021875 0.0416667
0 0.98125 0.540625 0.028125 0.0354167
0 0.278125 0.720833 0.03125 0.0458333
0 0.2375 0.680208 0.040625 0.0520833
0 0.654688 0.648958 0.025 0.04375
0 0.0515625 0.76875 0.021875 0.0291667
0 0.303125 0.63125 0.028125 0.0375
0 0.335938 0.0354167 0.028125 0.0375
0 0.36875 0.133333 0.03125 0.0458333
0 0.311719 0.471875 0.0234375 0.03125
0 0.691406 0.4625 0.0390625 0.0458333
0 0.992188 0.660417 0.015625 0.0375
0 0.857031 0.436458 0.0390625 0.0520833
0 0.14375 0.165625 0.028125 0.0395833
0 0.989062 0.589583 0.021875 0.0416667
0 0.503906 0.248958 0.0296875 0.0395833
0 0.0929687 0.0604167 0.0515625 0.0666667
0 0.363281 0.0875 0.0328125 0.0458333
0 0.805469 0.94375 0.0328125 0.0458333
0 0.142969 0.367708 0.0359375 0.0520833
0 0.145313 0.6875 0.028125 0.0333333
0 0.636719 0.869792 0.0296875 0.0354167
0 0.110937 0.609375 0.028125 0.0354167
0 0.160938 0.969792 0.0375 0.0520833
0 0.592969 0.676042 0.0359375 0.0520833
0 0.713281 0.940625 0.0296875 0.0395833
0 0.896094 0.510417 0.0453125 0.0583333
0 0.0945313 0.555208 0.0296875 0.0395833
0 0.639063 0.904167 0.028125 0.0375
0 0.398438 0.8625 0.03125 0.0375
0 0.390625 0.234375 0.028125 0.0395833
0 0.732031 0.426042 0.0265625 0.0354167
0 0.333594 0.459375 0.0234375 0.03125
0 0.117188 0.423958 0.028125 0.03125
0 0.0539063 0.06875 0.0265625 0.0375
0 0.845312 0.323958 0.034375 0.0354167
0 0.10625 0.639583 0.034375 0.0458333
0 0.602344 0.55 0.0359375 0.05
0 0.45625 0.908333 0.025 0.0333333
0 0.155469 0.040625 0.0390625 0.0520833
0 0.763281 0.254167 0.0265625 0.0375
0 0.530469 0.459375 0.0328125 0.04375
0 0.89375 0.854167 0.0375 0.0458333
0 0.272656 0.983333 0.0359375 0.0291667
0 0.359375 0.884375 0.034375 0.0479167
0 0.85 0.34375 0.03125 0.0333333
0 0.6125 0.75625 0.028125 0.0375
0 0.689844 0.714583 0.0328125 0.0458333
0 0.535156 0.165625 0.0328125 0.0395833
0 0.735937 0.907292 0.03125 0.0395833
0 0.392188 0.177083 0.028125 0.0416667
0 0.13125 0.160417 0.025 0.0375
0 0.359375 0.930208 0.028125 0.0354167
0 0.289844 0.940625 0.0265625 0.0354167
0 0.808594 0.264583 0.0328125 0.0458333
0 0.240625 0.04375 0.034375 0.0416667
0 0.160938 0.303125 0.0375 0.0520833
0 0.36875 0.222917 0.03125 0.0375
0 0.441406 0.941667 0.0296875 0.0416667
0 0.536719 0.04375 0.0328125 0.0416667
0 0.145313 0.121875 0.034375 0.04375
0 0.40625 0.03125 0.034375 0.0458333
0 0.5 0.64375 0.03125 0.0416667
0 0.0789063 0.144792 0.0359375 0.0479167
0 0.304688 0.151042 0.034375 0.04375
0 0.021875 0.397917 0.040625 0.05
0 0.527344 0.588542 0.0390625 0.0479167
0 0.503906 0.357292 0.0390625 0.0520833
