0 0.611719 0.747917 0.0265625 0.0416667
0 0.846875 0.439583 0.040625 0.0541667
0 0.203906 0.953125 0.0359375 0.0479167
0 0.229687 0.677083 0.0375 0.05
0 0.704687 0.460417 0.021875 0.0291667
0 0.349219 0.436458 0.0359375 0.0479167
0 0.477344 0.4375 0.0296875 0.0375
0 0.677344 0.93125 0.0234375 0.0333333
0 0.653125 0.647917 0.021875 0.0375
0 0.978125 0.541667 0.025 0.0291667
0 0.117188 0.173958 0.034375 0.0520833
0 0.33125 0.45625 0.025 0.0291667
0 0.8 0.946875 0.03125 0.0479167
0 0.986719 0.955208 0.0234375 0.0604167
0 0.139844 0.369792 0.0328125 0.0520833
0 0.326562 0.903125 0.040625 0.0520833
0 0.73125 0.473958 0.025 0.0354167
0 0.360156 0.142708 0.0296875 0.0395833
0 0.628125 0.686458 0.040625 0.0520833
0 0.477344 0.4125 0.0265625 0.0333333
0 0.359375 0.09375 0.034375 0.0458333
0 0.492969 0.410417 0.0265625 0.0333333
0 0.410937 0.494792 0.04375 0.0604167
0 0.746094 0.486458 0.0234375 0.03125
0 0.170312 0.984375 0.034375 0.03125
0 0.9875 0.0145833 0.025 0.0291667
0 0.984375 0.630208 0.021875 0.0354167
0 0.894531 0.510417 0.0421875 0.0541667
0 0.478125 0.222917 0.028125 0.0333333
0 0.0835937 0.0697917 0.0484375 0.0604167
0 0.676562 0.463542 0.034375 0.04375
0 0.382812 0.894792 0.025 0.03125
0 0.553906 0.907292 0.0359375 0.0479167
0 0.896875 0.840625 0.025 0.03125
0 0.379687 0.126042 0.025 0.03125
0 0.384375 0.246875 0.028125 0.0354167
0 0.992969 0.664583 0.0140625 0.0333333
0 0.60625 0.882292 0.028125 0.0395833
0 0.3 0.059375 0.04375 0.0604167
0 0.589844 0.54375 0.0328125 0.0458333
0 0.153125 0.04375 0.040625 0.05
0 0.0796875 0.0447917 0.040625 0.0479167
0 0.303906 0.822917 0.0265625 0.0333333
0 0.324219 0.0166667 0.0328125 0.0333333
0 0.0515625 0.76875 0.03125 0.0375
0 0.985937 0.592708 0.025 0.0395833
0 0.8 0.2625 0.03125 0.0416667
0 0.134375 0.179167 0.034375 0.05
0 0.551562 0.15 0.03125 0.0416667
0 0.284375 0.622917 0.028125 0.0375
0 0.246875 0.544792 0.0375 0.0479167
0 0.354688 0.885417 0.03125 0.0416667
0 0.449219 0.68125 0.0421875 0.05
0 0.426562 0.973958 0.025 0.03125
0 0.354688 0.926042 0.028125 0.03125
0 0.742969 0.638542 0.0421875 0.05625
0 0.597656 0.678125 0.0296875 0.0479167
0 0.154687 0.970833 0.0375 0.0458333
0 0.0148437 0.397917 0.0296875 0.05
0 0.309375 0.46875 0.025 0.0375
0 0.957031 0.68125 0.0296875 0.0416667
0 0.73125 0.432292 0.021875 0.03125
0 0.464063 0.0427083 0.034375 0.0479167
0 0.439063 0.944792 0.03125 0.04375
0 0.0453125 0.0729167 0.028125 0.0375
0 0.639844 0.242708 0.0328125 0.04375
0 0.105469 0.417708 0.0296875 0.0354167
0 0.251563 0.147917 0.034375 0.0375
0 0.709375 0.948958 0.028125 0.0354167
0 0.621875 0.747917 0.0375 0.05
0 0.0898438 0.609375 0.0359375 0.0395833
0 0.0875 0.638542 0.0375 0.0479167
0 0.623438 0.888542 0.034375 0.04375
0 0.305469 0.161458 0.0328125 0.04375
0 0.882031 0.854167 0.0265625 0.0375
0 0.722656 0.397917 0.0265625 0.0333333
0 0.0703125 0.551042 0.034375 0.04375
0 0.145313 0.30625 0.0375 0.0458333
0 0.395312 0.20625 0.025 0.0333333
0 0.724219 0.9125 0.0296875 0.0375
0 0.508594 0.809375 0.0296875 0.0354167
0 0.607813 0.0666667 0.028125 0.0375
0 0.390625 0.852083 0.03125 0.0416667
0 0.486719 0.375 0.0359375 0.0458333
0 0.146875 0.113542 0.03125 0.04375
0 0.3625 0.223958 0.03125 0.0395833
0 0.517187 0.30625 0.034375 0.0458333
0 0.603906 0.40625 0.0359375 0.0458333
0 0.845312 0.315625 0.03125 0.0395833
0 0.0273438 0.208333 0.0453125 0.0625
0 0.442969 0.191667 0.0421875 0.0541667
0 0.490625 0.0395833 0.03125 0.0416667
0 0.382031 0.0239583 0.0390625 0.04375
0 0.666406 0.111458 0.0296875 0.0395833
0 0.260938 0.977083 0.034375 0.0416667
0 0.641406 0.0166667 0.0359375 0.0333333
0 0.06875 0.146875 0.0375 0.0520833
0 0.224219 0.040625 0.0328125 0.0395833
0 0.525 0.5875 0.040625 0.05
0 0.865625 0.207292 0.0375 0.0479167
