0 0.435937 0.476042 0.040625 0.0520833
0 0.360156 0.432292 0.0328125 0.0395833
0 0.479688 0.226042 0.028125 0.0354167
0 0.496875 0.125 0.046875 0.0583333
0 0.484375 0.114583 0.028125 0.0416667
0 0.134375 0.160417 0.021875 0.0375
0 0.0976562 0.059375 0.0484375 0.0645833
0 0.898438 0.509375 0.04375 0.0604167
0 0.290625 0.545833 0.03125 0.0416667
0 0.485938 0.696875 0.03125 0.0395833
0 0.757031 0.46875 0.0296875 0.0375
0 0.803125 0.55625 0.021875 0.0333333
0 0.509375 0.383333 0.025 0.0416667
0 0.0460938 0.0135417 0.0265625 0.01875
0 0.480469 0.434375 0.0265625 0.0395833
0 0.285156 0.705208 0.0359375 0.0479167
1 0.482031 0.244792 0.0546875 0.08125
0 0.619531 0.0239583 0.0390625 0.04375
0 0.653906 0.647917 0.0265625 0.0416667
0 0.0125 0.295833 0.025 0.0416667
0 0.311719 0.470833 0.0203125 0.0291667
0 0.989844 0.58125 0.0203125 0.0416667
0 0.345313 0.910417 0.03125 0.0416667
0 0.448438 0.680208 0.04375 0.05625
0 0.360156 0.930208 0.0234375 0.03125
0 0.145313 0.163542 0.028125 0.0395833
0 0.146094 0.120833 0.0296875 0.0416667
0 0.765625 0.832292 0.03125 0.0395833
0 0.396875 0.86875 0.028125 0.0333333
0 0.110937 0.552083 0.028125 0.0375
0 0.9875 0.622917 0.021875 0.0375
0 0.628906 0.679167 0.0453125 0.0666667
0 0.984375 0.542708 0.025 0.0354167
0 0.335156 0.460417 0.0234375 0.0333333
0 0.371875 0.134375 0.034375 0.04375
0 0.0507812 0.770833 0.0234375 0.0291667
0 0.603906 0.685417 0.0328125 0.05
0 0.49375 0.395833 0.028125 0.0375
0 0.689062 0.878125 0.028125 0.0395833
0 0.691406 0.919792 0.0265625 0.0354167
0 0.708594 0.859375 0.0265625 0.0354167
0 0.721094 0.936458 0.0296875 0.0395833
0 0.636719 0.24375 0.0359375 0.05
0 0.816406 0.264583 0.0296875 0.0416667
0 0.167969 0.970833 0.0390625 0.05
0 0.397656 0.240625 0.0265625 0.0354167
0 0.642969 0.222917 0.0328125 0.0458333
0 0.0992187 0.0395833 0.0390625 0.0458333
0 0.244531 0.0291667 0.0296875 0.0333333
0 0.340625 0.773958 0.028125 0.03125
0 0.619531 0.147917 0.0296875 0.0375
0 0.338281 0.0354167 0.0265625 0.0333333
0 0.953906 0.304167 0.0265625 0.0333333
0 0.373437 0.221875 0.03125 0.04375
0 0.992188 0.660417 0.015625 0.0375
0 0.125 0.638542 0.0375 0.0479167
0 0.414062 0.89375 0.028125 0.0375
0 0.828906 0.35625 0.0359375 0.0458333
0 0.361719 0.885417 0.0296875 0.0458333
0 0.853906 0.319792 0.0296875 0.0354167
0 0.154687 0.040625 0.040625 0.0520833
0 0.50625 0.704167 0.028125 0.0375
0 0.651563 0.935417 0.028125 0.0375
0 0.0296875 0.4 0.0375 0.0458333
0 0.204688 0.283333 0.028125 0.0375
0 0.282031 0.983333 0.0359375 0.0333333
0 0.435156 0.286458 0.0328125 0.0479167
0 0.811719 0.363542 0.0359375 0.04375
0 0.314844 0.096875 0.0265625 0.0354167
0 0.321875 0.63125 0.028125 0.0375
0 0.807031 0.940625 0.0328125 0.04375
0 0.741406 0.446875 0.0265625 0.0354167
0 0.611719 0.75625 0.0296875 0.0375
0 0.463281 0.492708 0.0296875 0.04375
0 0.369531 0.090625 0.0328125 0.0479167
0 0.133594 0.415625 0.0265625 0.03125
0 0.75 0.907292 0.034375 0.04375
0 0.0570313 0.0625 0.0296875 0.0375
0 0.246875 0.0416667 0.03125 0.0375
0 0.7 0.463542 0.0375 0.04375
0 0.785156 0.492708 0.0265625 0.0395833
0 0.425781 0.0239583 0.0390625 0.04375
0 0.900781 0.85625 0.0359375 0.0458333
0 0.942969 0.408333 0.0421875 0.0541667
0 0.171094 0.296875 0.0328125 0.0479167
0 0.647656 0.301042 0.0390625 0.0520833
0 0.128906 0.608333 0.0328125 0.0416667
0 0.403906 0.176042 0.0265625 0.0354167
0 0.558594 0.521875 0.0265625 0.0395833
0 0.301562 0.139583 0.034375 0.0416667
0 0.445312 0.95 0.03125 0.0458333
0 0.0820312 0.141667 0.0359375 0.0458333
0 0.516406 0.354167 0.0359375 0.05
0 0.620313 0.563542 0.034375 0.0479167
0 0.530469 0.590625 0.0421875 0.0520833
