0 0.703125 0.461458 0.021875 0.03125
0 0.270312 0.0677083 0.04375 0.0604167
0 0.199219 0.953125 0.0390625 0.0479167
0 0.645312 0.651042 0.040625 0.0645833
0 0.971094 0.428125 0.0265625 0.03125
0 0.716406 0.473958 0.0234375 0.03125
0 0.0539063 0.0572917 0.0359375 0.0479167
0 0.986719 0.602083 0.0234375 0.0416667
0 0.627344 0.238542 0.0328125 0.0479167
0 0.238281 0.536458 0.0390625 0.0479167
0 0.464063 0.422917 0.021875 0.0291667
0 0.45 0.68125 0.046875 0.0625
0 0.555469 0.923958 0.0296875 0.0395833
0 0.214844 0.683333 0.0390625 0.05
0 0.040625 0.559375 0.03125 0.04375
0 0.647656 0.246875 0.0265625 0.0395833
0 0.992969 0.982292 0.0140625 0.03125
0 0.00703125 0.409375 0.0140625 0.0395833
0 0.346875 0.4375 0.0375 0.05
0 0.436719 0.989583 0.0265625 0.0208333
0 0.23125 0.727083 0.0375 0.05
0 0.0640625 0.623958 0.03125 0.04375
0 0.447656 0.267708 0.0296875 0.0395833
0 0.4875 0.261458 0.025 0.03125
0 0.667969 0.938542 0.0265625 0.0354167
0 0.11875 0.176042 0.025 0.0395833
0 0.980469 0.955208 0.0359375 0.05625
0 0.359375 0.879167 0.0375 0.0416667
0 0.479688 0.222917 0.03125 0.0375
0 0.0515625 0.76875 0.03125 0.0375
0 0.532031 0.240625 0.0359375 0.04375
0 0.892187 0.511458 0.04375 0.05625
0 0.458594 0.11875 0.0453125 0.0541667
0 0.071875 0.0697917 0.04375 0.05625
0 0.786719 0.947917 0.0328125 0.0416667
0 0.567187 0.897917 0.034375 0.05
0 0.09375 0.423958 0.028125 0.03125
0 0.636719 0.969792 0.0328125 0.0354167
0 0.323438 0.45625 0.021875 0.0333333
0 0.575781 0.548958 0.0359375 0.0479167
0 0.607031 0.872917 0.0296875 0.0375
0 0.736719 0.641667 0.0421875 0.0583333
0 0.311719 0.903125 0.0390625 0.0520833
0 0.146094 0.970833 0.0453125 0.0541667
0 0.991406 0.66875 0.0171875 0.0375
0 0.065625 0.0416667 0.0375 0.0375
0 0.610937 0.748958 0.028125 0.0354167
0 0.354688 0.0947917 0.034375 0.0520833
0 0.13125 0.190625 0.028125 0.0395833
0 0.309375 0.0135417 0.028125 0.0229167
0 0.935156 0.254167 0.0296875 0.0375
0 0.971094 0.539583 0.0359375 0.0416667
0 0.264844 0.625 0.0265625 0.0375
0 0.651563 0.0197917 0.034375 0.0354167
0 0.574219 0.046875 0.0359375 0.04375
0 0.121875 0.314583 0.03125 0.0375
0 0.528906 0.40625 0.0390625 0.0541667
0 0.314844 0.595833 0.0265625 0.0375
0 0.572656 0.673958 0.0359375 0.0479167
0 0.834375 0.45 0.040625 0.05
0 0.305469 0.471875 0.0265625 0.03125
0 0.980469 0.0145833 0.0265625 0.0291667
0 0.705469 0.951042 0.0328125 0.0395833
0 0.124219 0.595833 0.0265625 0.0375
0 0.841406 0.313542 0.0328125 0.0354167
0 0.0632813 0.647917 0.0390625 0.05
0 0.714063 0.9125 0.034375 0.0458333
0 0.8375 0.0291667 0.0375 0.0458333
0 0.935938 0.03125 0.03125 0.0416667
0 0.189063 0.630208 0.028125 0.0395833
0 0.351562 0.922917 0.028125 0.0333333
0 0.785156 0.263542 0.0328125 0.04375
0 0.132031 0.369792 0.0296875 0.04375
0 0.147656 0.678125 0.0296875 0.0395833
0 0.469531 0.384375 0.0328125 0.04375
0 0.784375 0.822917 0.034375 0.0458333
0 0.0210938 0.209375 0.0421875 0.0604167
0 0.248437 0.98125 0.034375 0.0333333
0 0.429688 0.944792 0.03125 0.04375
0 0.174219 0.190625 0.0328125 0.0395833
0 0.577344 0.288542 0.0296875 0.0395833
0 0.289844 0.261458 0.0328125 0.0395833
0 0.0351562 0.0770833 0.0328125 0.0416667
0 0.75 0.44375 0.028125 0.0375
0 0.378125 0.839583 0.034375 0.0416667
0 0.361719 0.216667 0.0359375 0.05
0 0.129688 0.147917 0.03125 0.0416667
0 0.153906 0.046875 0.0390625 0.0520833
0 0.873438 0.848958 0.0375 0.0479167
0 0.591406 0.497917 0.0296875 0.0375
0 0.295312 0.177083 0.034375 0.0416667
0 0.611719 0.427083 0.0328125 0.0458333
0 0.365625 0.266667 0.03125 0.0416667
0 0.354688 0.140625 0.034375 0.0479167
0 0.732031 0.132292 0.0296875 0.0395833
0 0.353906 0.01875 0.0359375 0.0375
0 0.667969 0.466667 0.0359375 0.05
0 0.608594 0.0947917 0.0390625 0.0520833
0 0.424219 0.208333 0.0421875 0.0541667
0 0.0609375 0.147917 0.0375 0.05
0 0.207813 0.034375 0.034375 0.04375
0 0.522656 0.5875 0.0421875 0.05
