0 0.209375 0.867708 0.021875 0.0270833
0 0.853906 0.505208 0.0296875 0.0395833
0 0.319531 0.780208 0.0359375 0.04375
0 0.560938 0.314583 0.03125 0.0375
0 0.760156 0.611458 0.0265625 0.03125
0 0.807031 0.0208333 0.0234375 0.025
0 0.605469 0.504167 0.0265625 0.0333333
0 0.569531 0.965625 0.0328125 0.0395833
0 0.833594 0.991667 0.0265625 0.0166667
0 0.121094 0.44375 0.0359375 0.05
0 0.966406 0.925 0.0359375 0.0458333
0 0.352344 0.792708 0.0234375 0.0354167
0 0.150781 0.634375 0.0296875 0.0395833
0 0.551562 0.6875 0.03125 0.0375
0 0.409375 0.291667 0.025 0.0333333
0 0.139844 0.79375 0.0203125 0.0333333
0 0.965625 0.161458 0.028125 0.03125
0 0.896094 0.551042 0.0265625 0.0354167
0 0.153906 0.595833 0.0265625 0.0375
0 0.714844 0.940625 0.0265625 0.03125
0 0.884375 0.580208 0.028125 0.03125
0 0.635156 0.985417 0.0265625 0.0291667
0 0.166406 0.128125 0.0234375 0.03125
0 0.521875 0.985417 0.028125 0.025
0 0.827344 0.426042 0.0296875 0.0395833
0 0.415625 0.611458 0.028125 0.0395833
0 0.421875 0.535417 0.03125 0.0416667
0 0.929688 0.909375 0.025 0.03125
0 0.971094 0.513542 0.0328125 0.04375
0 0.230469 0.210417 0.0265625 0.0375
0 0.585156 0.527083 0.0265625 0.0333333
0 0.900781 0.785417 0.0296875 0.0333333
0 0.907031 0.938542 0.0265625 0.03125
0 0.596094 0.235417 0.0265625 0.0375
0 0.982031 0.0520833 0.0296875 0.0416667
0 0.0882813 0.4125 0.0265625 0.0333333
0 0.249219 0.869792 0.0265625 0.0354167
0 0.784375 0.207292 0.025 0.0354167
0 0.372656 0.772917 0.0234375 0.0333333
0 0.633594 0.059375 0.0265625 0.0395833
0 0.877344 0.765625 0.0265625 0.0354167
0 0.817187 0.695833 0.028125 0.0375
0 0.140625 0.361458 0.03125 0.04375
0 0.205469 0.355208 0.0296875 0.0354167
0 0.425 0.3875 0.034375 0.05
0 0.788281 0.0552083 0.0296875 0.0395833
0 0.0226563 0.639583 0.0296875 0.0375
0 0.855469 0.607292 0.0265625 0.0354167
0 0.152344 0.0197917 0.0296875 0.0354167
0 0.80625 0.20625 0.028125 0.0375
0 0.0421875 0.915625 0.03125 0.04375
0 0.277344 0.8875 0.0328125 0.0458333
0 0.119531 0.14375 0.0265625 0.0333333
0 0.153906 0.753125 0.0296875 0.0354167
0 0.627344 0.0270833 0.0296875 0.0375
0 0.302344 0.926042 0.0265625 0.0395833
0 0.223438 0.471875 0.028125 0.03125
0 0.823438 0.40625 0.034375 0.0458333
0 0.2625 0.807292 0.0375 0.0479167
0 0.280469 0.304167 0.0328125 0.0458333
0 0.795313 0.15 0.03125 0.0416667
0 0.0726563 0.883333 0.0359375 0.05
0 0.108594 0.922917 0.0359375 0.0458333
0 0.932031 0.2 0.0359375 0.05
