0 0.642187 0.00729167 0.028125 0.0145833
0 0.358594 0.439583 0.0390625 0.0541667
0 0.55625 0.394792 0.034375 0.0479167
0 0.140625 0.18125 0.028125 0.0416667
0 0.679688 0.520833 0.04375 0.0541667
0 0.975781 0.284375 0.0265625 0.0354167
0 0.800781 0.555208 0.0234375 0.0354167
0 0.0460938 0.0135417 0.0265625 0.01875
0 0.695312 0.8625 0.025 0.0291667
0 0.25 0.677083 0.0375 0.0541667
0 0.899219 0.509375 0.0421875 0.05625
0 0.755469 0.470833 0.0296875 0.0416667
0 0.0984375 0.0583333 0.05625 0.0708333
0 0.635938 0.228125 0.03125 0.04375
0 0.986719 0.623958 0.0234375 0.0395833
0 0.811719 0.426042 0.0328125 0.04375
0 0.124219 0.638542 0.0390625 0.0479167
0 0.508594 0.382292 0.0265625 0.0354167
0 0.764844 0.472917 0.0234375 0.0375
0 0.653125 0.647917 0.028125 0.0458333
0 0.691406 0.916667 0.0234375 0.0291667
0 0.984375 0.541667 0.025 0.0375
0 0.334375 0.461458 0.025 0.0354167
0 0.942187 0.407292 0.040625 0.0520833
0 0.990625 0.586458 0.01875 0.04375
0 0.634375 0.267708 0.03125 0.0395833
0 0.153125 0.360417 0.034375 0.0458333
0 0.449219 0.290625 0.0328125 0.0395833
0 0.0507812 0.770833 0.0234375 0.0291667
0 0.671875 0.9125 0.021875 0.0291667
0 0.410156 0.89375 0.0265625 0.0333333
0 0.435156 0.480208 0.0421875 0.0604167
0 0.742188 0.635417 0.04375 0.0583333
0 0.10625 0.553125 0.03125 0.0395833
0 0.132031 0.158333 0.0234375 0.0375
0 0.64375 0.246875 0.034375 0.0479167
0 0.620313 0.517708 0.034375 0.0520833
0 0.142969 0.161458 0.0296875 0.0395833
0 0.449219 0.68125 0.0453125 0.0583333
0 0.396094 0.867708 0.0265625 0.0354167
0 0.314063 0.470833 0.025 0.0333333
0 0.626562 0.678125 0.046875 0.06875
0 0.614844 0.0270833 0.0328125 0.0375
0 0.0117188 0.294792 0.0234375 0.04375
0 0.357812 0.930208 0.028125 0.03125
0 0.503125 0.785417 0.028125 0.0416667
0 0.0953125 0.0395833 0.04375 0.05
0 0.992188 0.661458 0.015625 0.0354167
0 0.396875 0.2375 0.03125 0.0416667
1 0.48125 0.239583 0.059375 0.0833333
0 0.75625 0.764583 0.028125 0.0416667
0 0.814062 0.266667 0.03125 0.0416667
0 0.267188 0.746875 0.028125 0.0354167
0 0.227344 0.29375 0.0296875 0.0375
0 0.938281 0.3125 0.0296875 0.0375
0 0.598437 0.68125 0.034375 0.0541667
0 0.717969 0.936458 0.0296875 0.0395833
0 0.370313 0.134375 0.034375 0.0479167
0 0.45 0.194792 0.0375 0.0520833
0 0.307031 0.0625 0.0453125 0.0666667
0 0.124219 0.609375 0.0328125 0.0395833
0 0.36875 0.0885417 0.034375 0.0479167
0 0.319531 0.633333 0.0296875 0.0375
0 0.309375 0.766667 0.03125 0.0375
0 0.154687 0.040625 0.040625 0.0520833
0 0.361719 0.884375 0.0296875 0.04375
0 0.146875 0.116667 0.03125 0.0458333
0 0.547656 0.494792 0.0296875 0.0395833
0 0.646875 0.930208 0.028125 0.0395833
0 0.898438 0.855208 0.034375 0.04375
0 0.279687 0.984375 0.0375 0.03125
0 0.696875 0.466667 0.0375 0.0458333
0 0.580469 0.159375 0.0328125 0.04375
0 0.734375 0.434375 0.025 0.03125
0 0.170312 0.295833 0.0375 0.05
0 0.610937 0.757292 0.028125 0.0354167
0 0.805469 0.9375 0.0328125 0.0458333
0 0.74375 0.905208 0.03125 0.0395833
0 0.390625 0.161458 0.028125 0.0395833
0 0.13125 0.416667 0.028125 0.0333333
0 0.05625 0.0625 0.028125 0.0375
0 0.471094 0.513542 0.0328125 0.0395833
0 0.340625 0.0302083 0.025 0.03125
0 0.789844 0.33125 0.0359375 0.0458333
0 0.852344 0.322917 0.0328125 0.0333333
0 0.165625 0.970833 0.0375 0.05
0 0.246094 0.0416667 0.0328125 0.0416667
0 0.44375 0.95 0.03125 0.0416667
0 0.028125 0.401042 0.040625 0.0520833
0 0.424219 0.025 0.0390625 0.0416667
0 0.786719 0.461458 0.0296875 0.04375
0 0.514063 0.354167 0.034375 0.0458333
0 0.305469 0.148958 0.0328125 0.04375
0 0.08125 0.141667 0.0375 0.05
0 0.370313 0.21875 0.034375 0.0458333
0 0.620313 0.569792 0.034375 0.04375
0 0.49375 0.75 0.03125 0.0416667
0 0.530469 0.5875 0.0421875 0.0541667
