0 0.025 0.00833333 0.034375 0.0166667
0 0.636719 0.654167 0.0421875 0.0541667
0 0.722656 0.472917 0.0234375 0.0333333
0 0.461719 0.122917 0.0515625 0.0666667
0 0.0734375 0.065625 0.046875 0.0604167
0 0.66875 0.217708 0.040625 0.0520833
0 0.651563 0.648958 0.028125 0.0479167
0 0.207813 0.863542 0.025 0.03125
0 0.485938 0.414583 0.028125 0.0416667
0 0.985156 0.59375 0.0265625 0.0416667
0 0.450781 0.68125 0.0484375 0.0625
0 0.799219 0.55 0.0265625 0.0333333
0 0.671875 0.941667 0.025 0.0333333
0 0.221094 0.679167 0.0359375 0.0458333
0 0.739844 0.639583 0.0421875 0.0583333
0 0.470313 0.248958 0.021875 0.0270833
0 0.135156 0.18125 0.0265625 0.0375
0 0.355469 0.882292 0.0328125 0.0395833
0 0.402344 0.503125 0.0453125 0.0604167
0 0.242969 0.726042 0.0328125 0.04375
0 0.197656 0.689583 0.0296875 0.0375
0 0.734375 0.492708 0.021875 0.0270833
0 0.0703125 0.0458333 0.046875 0.05
0 0.345313 0.434375 0.0375 0.0479167
0 0.604688 0.823958 0.0375 0.0520833
0 0.201562 0.952083 0.0375 0.05
0 0.0960938 0.421875 0.0265625 0.03125
0 0.4875 0.260417 0.025 0.0333333
0 0.838281 0.446875 0.0359375 0.0479167
0 0.703125 0.954167 0.028125 0.0375
0 0.475 0.220833 0.025 0.0291667
0 0.0734375 0.644792 0.034375 0.04375
0 0.153125 0.0427083 0.040625 0.0520833
0 0.121094 0.164583 0.0234375 0.0333333
0 0.00859375 0.40625 0.0171875 0.0458333
0 0.299219 0.170833 0.0359375 0.0458333
0 0.0515625 0.769792 0.028125 0.0354167
0 0.7375 0.914583 0.03125 0.0333333
0 0.392188 0.930208 0.028125 0.0395833
0 0.858594 0.316667 0.0296875 0.0375
0 0.311719 0.009375 0.0296875 0.01875
0 0.053125 0.555208 0.03125 0.0354167
0 0.021875 0.207292 0.04375 0.0645833
0 0.649219 0.451042 0.0296875 0.0354167
0 0.79375 0.944792 0.03125 0.0395833
0 0.483594 0.197917 0.0265625 0.0291667
0 0.892969 0.511458 0.0421875 0.05625
0 0.325 0.457292 0.025 0.03125
0 0.30625 0.473958 0.021875 0.03125
0 0.839063 0.776042 0.03125 0.0395833
0 0.271094 0.622917 0.0265625 0.0375
0 0.992188 0.665625 0.015625 0.0354167
0 0.672656 0.464583 0.0359375 0.05
0 0.135937 0.367708 0.03125 0.04375
0 0.983594 0.957292 0.0328125 0.05625
0 0.604688 0.857292 0.028125 0.0354167
0 0.98125 0.015625 0.028125 0.03125
0 0.1375 0.145833 0.028125 0.0375
0 0.314063 0.902083 0.0375 0.05
0 0.375 0.891667 0.025 0.0291667
0 0.179688 0.814583 0.028125 0.0416667
0 0.477344 0.960417 0.0265625 0.0333333
0 0.973437 0.541667 0.03125 0.0375
0 0.617188 0.88125 0.025 0.0291667
0 0.470313 0.422917 0.028125 0.0375
0 0.610156 0.742708 0.0296875 0.0354167
0 0.740625 0.4125 0.028125 0.0375
0 0.360156 0.139583 0.0328125 0.0458333
0 0.0734375 0.620833 0.034375 0.0458333
0 0.351562 0.925 0.028125 0.0333333
0 0.130469 0.314583 0.0328125 0.0416667
0 0.45625 0.263542 0.025 0.03125
0 0.471875 0.38125 0.034375 0.0416667
0 0.842969 0.315625 0.0328125 0.0395833
0 0.715625 0.90625 0.028125 0.0375
0 0.328125 0.194792 0.028125 0.0354167
0 0.252344 0.980208 0.0359375 0.0395833
0 0.63125 0.142708 0.0375 0.0479167
0 0.534375 0.403125 0.040625 0.05625
0 0.790625 0.264583 0.0375 0.05
0 0.286719 0.40625 0.0328125 0.0458333
0 0.233594 0.538542 0.0328125 0.04375
0 0.579687 0.546875 0.034375 0.0479167
0 0.235156 0.790625 0.0296875 0.04375
0 0.196094 0.170833 0.0296875 0.0375
0 0.0390625 0.0739583 0.03125 0.04375
0 0.636719 0.304167 0.0296875 0.0416667
0 0.383594 0.844792 0.0328125 0.0395833
0 0.588281 0.107292 0.0328125 0.04375
0 0.433594 0.941667 0.0296875 0.0416667
0 0.424219 0.205208 0.0421875 0.05625
0 0.150781 0.969792 0.0421875 0.0520833
0 0.575781 0.671875 0.0390625 0.0479167
0 0.632812 0.264583 0.03125 0.0458333
0 0.36875 0.263542 0.028125 0.0395833
0 0.598437 0.321875 0.03125 0.04375
0 0.524219 0.588542 0.0421875 0.0520833
0 0.649219 0.0208333 0.0328125 0.0375
0 0.58125 0.040625 0.0375 0.0479167
0 0.879687 0.851042 0.040625 0.0520833
0 0.50625 0.933333 0.028125 0.0375
0 0.2125 0.0364583 0.034375 0.04375
0 0.369531 0.0197917 0.0421875 0.0395833
0 0.282031 0.0697917 0.0453125 0.0604167
0 0.0640625 0.142708 0.0375 0.0479167
0 0.360156 0.214583 0.0328125 0.0458333
0 0.358594 0.0958333 0.0359375 0.05
