0 0.4875 0.259375 0.025 0.0354167
0 0.503125 0.390625 0.028125 0.0354167
0 0.517969 0.852083 0.0328125 0.0458333
0 0.939844 0.405208 0.0390625 0.0520833
0 0.801562 0.55625 0.025 0.0333333
0 0.510156 0.379167 0.0265625 0.0375
0 0.128906 0.633333 0.0296875 0.0375
0 0.555469 0.392708 0.0328125 0.0479167
0 0.00625 0.403125 0.0125 0.04375
0 0.986719 0.623958 0.0234375 0.0395833
0 0.475781 0.222917 0.0296875 0.0375
0 0.611719 0.0260417 0.0296875 0.0395833
1 0.479688 0.239583 0.05625 0.0791667
0 0.452344 0.68125 0.0453125 0.0583333
0 0.357031 0.4375 0.0359375 0.05
0 0.627344 0.677083 0.0453125 0.0708333
0 0.479688 0.436458 0.028125 0.0354167
0 0.13125 0.160417 0.025 0.0416667
0 0.742188 0.634375 0.04375 0.0604167
0 0.620313 0.572917 0.0375 0.0458333
0 0.0976562 0.059375 0.0546875 0.06875
0 0.764844 0.475 0.0265625 0.0375
0 0.471875 0.248958 0.025 0.0354167
0 0.689062 0.914583 0.025 0.0333333
0 0.653125 0.647917 0.028125 0.0458333
0 0.990625 0.590625 0.01875 0.04375
0 0.36875 0.132292 0.03125 0.04375
0 0.476562 0.1125 0.028125 0.0375
0 0.397656 0.238542 0.0296875 0.0395833
0 0.858594 0.435417 0.0421875 0.0541667
0 0.311719 0.470833 0.0234375 0.0291667
0 0.0507812 0.769792 0.0234375 0.03125
0 0.341406 0.911458 0.0328125 0.04375
0 0.690625 0.872917 0.025 0.0333333
0 0.147656 0.3625 0.0359375 0.05
0 0.494531 0.122917 0.0421875 0.0541667
0 0.359375 0.739583 0.021875 0.0333333
0 0.409375 0.89375 0.028125 0.0375
0 0.335156 0.460417 0.0234375 0.0333333
0 0.715625 0.939583 0.028125 0.0375
0 0.142188 0.171875 0.03125 0.0520833
0 0.982813 0.540625 0.028125 0.0395833
0 0.366406 0.090625 0.0328125 0.0479167
0 0.009375 0.294792 0.01875 0.04375
0 0.776563 0.290625 0.034375 0.04375
0 0.992188 0.660417 0.015625 0.0333333
0 0.692969 0.467708 0.0390625 0.04375
0 0.154687 0.040625 0.040625 0.05625
0 0.316406 0.632292 0.0296875 0.0395833
0 0.104687 0.554167 0.03125 0.0416667
0 0.483594 0.534375 0.0359375 0.0479167
0 0.116406 0.642708 0.0359375 0.04375
0 0.653125 0.940625 0.021875 0.03125
0 0.359375 0.929167 0.025 0.0333333
0 0.285156 0.760417 0.0234375 0.0291667
0 0.0976562 0.040625 0.0453125 0.0520833
0 0.283594 0.551042 0.0328125 0.04375
0 0.746875 0.447917 0.025 0.0333333
0 0.804688 0.939583 0.034375 0.0458333
0 0.278906 0.982292 0.0359375 0.03125
0 0.360156 0.886458 0.0328125 0.0479167
0 0.642187 0.928125 0.028125 0.0395833
0 0.121094 0.610417 0.0296875 0.0333333
0 0.922656 0.319792 0.0328125 0.0395833
0 0.247656 0.678125 0.0421875 0.0520833
0 0.539062 0.161458 0.028125 0.0354167
0 0.780469 0.428125 0.0265625 0.0354167
0 0.396094 0.866667 0.0296875 0.0375
0 0.385938 0.157292 0.028125 0.0395833
0 0.897656 0.855208 0.0359375 0.04375
0 0.0265625 0.4 0.04375 0.0541667
0 0.810156 0.265625 0.0328125 0.0479167
0 0.739844 0.904167 0.0296875 0.0416667
0 0.235938 0.330208 0.0375 0.0479167
0 0.523438 0.494792 0.034375 0.0395833
0 0.05625 0.065625 0.028125 0.0354167
0 0.260156 0.780208 0.0234375 0.03125
0 0.482031 0.788542 0.0359375 0.0395833
0 0.128125 0.416667 0.028125 0.0375
0 0.441406 0.947917 0.0296875 0.0416667
0 0.340625 0.0354167 0.028125 0.0333333
0 0.610156 0.757292 0.0296875 0.0354167
0 0.73125 0.7375 0.03125 0.0416667
0 0.796094 0.4875 0.0296875 0.0416667
0 0.165625 0.970833 0.0375 0.05
0 0.460938 0.285417 0.034375 0.0458333
0 0.421094 0.025 0.0359375 0.0416667
0 0.242969 0.0427083 0.0359375 0.04375
0 0.596094 0.683333 0.0328125 0.05
0 0.301562 0.142708 0.03125 0.04375
0 0.448438 0.195833 0.0375 0.05
0 0.850781 0.321875 0.0328125 0.0354167
0 0.496875 0.830208 0.03125 0.04375
0 0.370313 0.221875 0.03125 0.0395833
0 0.309375 0.05625 0.046875 0.0625
0 0.141406 0.115625 0.0328125 0.04375
0 0.0796875 0.142708 0.034375 0.0479167
0 0.169531 0.295833 0.0359375 0.0541667
0 0.529688 0.588542 0.040625 0.0520833
0 0.5125 0.353125 0.0375 0.0520833
