0 0.120312 0.338542 0.03125 0.0354167
0 0.596875 0.663542 0.021875 0.03125
0 0.199219 0.953125 0.0390625 0.0479167
0 0.486719 0.2625 0.0234375 0.0333333
0 0.985156 0.594792 0.0296875 0.0395833
0 0.646094 0.651042 0.0390625 0.0645833
0 0.991406 0.605208 0.0171875 0.0395833
0 0.553906 0.930208 0.0296875 0.0395833
0 0.717969 0.495833 0.0203125 0.025
0 0.716406 0.475 0.0234375 0.0291667
0 0.786719 0.948958 0.0296875 0.0395833
0 0.0664062 0.04375 0.0421875 0.0458333
0 0.98125 0.95 0.034375 0.0541667
0 0.527344 0.40625 0.0390625 0.0541667
0 0.465625 0.426042 0.025 0.0354167
0 0.11875 0.176042 0.025 0.0395833
0 0.214062 0.685417 0.040625 0.0541667
0 0.449219 0.68125 0.0453125 0.0583333
0 0.992188 0.979167 0.015625 0.0375
0 0.00703125 0.408333 0.0140625 0.0416667
0 0.563281 0.908333 0.0328125 0.0458333
0 0.441406 0.988542 0.0390625 0.0229167
0 0.0515625 0.767708 0.03125 0.0354167
0 0.892187 0.510417 0.040625 0.0541667
0 0.358594 0.880208 0.0359375 0.0479167
0 0.736719 0.641667 0.0421875 0.0583333
0 0.132031 0.365625 0.0328125 0.0479167
0 0.304688 0.009375 0.028125 0.01875
0 0.230469 0.725 0.0359375 0.0458333
0 0.346094 0.436458 0.0421875 0.0520833
0 0.476562 0.223958 0.028125 0.0354167
0 0.323438 0.45625 0.025 0.0333333
0 0.740625 0.136458 0.025 0.0395833
0 0.0625 0.623958 0.034375 0.0479167
0 0.991406 0.66875 0.0171875 0.0333333
0 0.573438 0.672917 0.034375 0.0458333
0 0.0625 0.645833 0.0375 0.05
0 0.714063 0.9125 0.03125 0.0416667
0 0.0921875 0.422917 0.028125 0.0333333
0 0.353906 0.0947917 0.0359375 0.0520833
0 0.0210938 0.210417 0.0421875 0.0625
0 0.584375 0.492708 0.028125 0.03125
0 0.610937 0.748958 0.028125 0.0354167
0 0.3125 0.903125 0.040625 0.0520833
0 0.574219 0.548958 0.0359375 0.0479167
0 0.321094 0.617708 0.0265625 0.0354167
0 0.705469 0.948958 0.0296875 0.0395833
0 0.236719 0.539583 0.0359375 0.05
0 0.130469 0.190625 0.0265625 0.0395833
0 0.0398437 0.561458 0.0328125 0.04375
0 0.16875 0.19375 0.028125 0.0333333
0 0.071875 0.071875 0.053125 0.0645833
0 0.980469 0.0145833 0.0265625 0.0291667
0 0.445312 0.267708 0.028125 0.0354167
0 0.919531 0.225 0.0296875 0.0375
0 0.607031 0.873958 0.0265625 0.0354167
0 0.66875 0.936458 0.025 0.0354167
0 0.121094 0.314583 0.0328125 0.0416667
0 0.783594 0.835417 0.0296875 0.0375
0 0.573438 0.0458333 0.034375 0.0416667
0 0.625781 0.973958 0.0296875 0.0354167
0 0.265625 0.622917 0.028125 0.0375
0 0.971875 0.540625 0.03125 0.0395833
0 0.116406 0.585417 0.0265625 0.0375
0 0.840625 0.313542 0.03125 0.0354167
0 0.784375 0.2625 0.03125 0.0416667
0 0.535937 0.216667 0.034375 0.0458333
0 0.469531 0.386458 0.0328125 0.04375
0 0.952344 0.0541667 0.0296875 0.0375
0 0.582812 0.275 0.03125 0.0416667
0 0.30625 0.471875 0.028125 0.0354167
0 0.667969 0.465625 0.0359375 0.0520833
0 0.146094 0.970833 0.0453125 0.0541667
0 0.650781 0.0260417 0.0328125 0.0395833
0 0.872656 0.848958 0.0359375 0.04375
0 0.351562 0.922917 0.03125 0.0333333
0 0.284375 0.264583 0.034375 0.0416667
0 0.754687 0.44375 0.028125 0.0375
0 0.248437 0.98125 0.034375 0.0333333
0 0.185937 0.611458 0.028125 0.0395833
0 0.034375 0.078125 0.034375 0.04375
0 0.360938 0.21875 0.034375 0.0458333
0 0.610937 0.44375 0.034375 0.0458333
0 0.833594 0.451042 0.0359375 0.0479167
0 0.378125 0.839583 0.03125 0.0416667
0 0.432813 0.947917 0.03125 0.0416667
0 0.832812 0.0395833 0.034375 0.0458333
0 0.365625 0.266667 0.03125 0.0416667
0 0.611719 0.0958333 0.0359375 0.0458333
0 0.154687 0.0489583 0.040625 0.05625
0 0.295312 0.178125 0.0375 0.04375
0 0.128906 0.15 0.0328125 0.0416667
0 0.353906 0.140625 0.0359375 0.0479167
0 0.424219 0.208333 0.0453125 0.0583333
0 0.353125 0.01875 0.0375 0.0375
0 0.142188 0.667708 0.028125 0.0395833
0 0.20625 0.034375 0.034375 0.04375
0 0.0601562 0.147917 0.0390625 0.0541667
0 0.522656 0.5875 0.0421875 0.05
