0 0.209375 0.864583 0.028125 0.0291667
0 0.508594 0.379167 0.0265625 0.0333333
0 0.475781 0.221875 0.0296875 0.0354167
0 0.554688 0.392708 0.03125 0.04375
0 0.857031 0.4375 0.0359375 0.05
0 0.214844 0.726042 0.0390625 0.0520833
0 0.595312 0.225 0.034375 0.0458333
0 0.610156 0.0270833 0.0296875 0.0375
0 0.139062 0.183333 0.025 0.0375
0 0.627344 0.678125 0.0453125 0.0645833
0 0.628125 0.55625 0.04375 0.0666667
0 0.471094 0.252083 0.0265625 0.0291667
0 0.898438 0.509375 0.04375 0.0604167
0 0.367969 0.132292 0.0296875 0.0395833
0 0.358594 0.740625 0.0203125 0.03125
0 0.475781 0.1125 0.0265625 0.0375
0 0.986719 0.623958 0.0234375 0.0395833
0 0.3125 0.470833 0.021875 0.0291667
0 0.205469 0.955208 0.0296875 0.04375
0 0.339844 0.907292 0.0328125 0.04375
0 0.146094 0.3625 0.0359375 0.05
0 0.742188 0.634375 0.04375 0.0604167
0 0.653125 0.652083 0.028125 0.0458333
1 0.479688 0.238542 0.05625 0.08125
0 0.314063 0.63125 0.03125 0.0458333
0 0.449219 0.68125 0.0453125 0.0583333
0 0.764063 0.473958 0.025 0.0354167
0 0.395312 0.241667 0.028125 0.0375
0 0.691406 0.46875 0.0328125 0.0416667
0 0.279687 0.710417 0.034375 0.0458333
0 0.367188 0.0895833 0.03125 0.0458333
0 0.247656 0.677083 0.0390625 0.05
0 0.9875 0.585417 0.025 0.0458333
0 0.335156 0.461458 0.0234375 0.03125
0 0.35625 0.435417 0.0375 0.0458333
0 0.479688 0.436458 0.028125 0.03125
0 0.144531 0.164583 0.0265625 0.0375
0 0.103125 0.555208 0.03125 0.0395833
0 0.6875 0.914583 0.028125 0.0333333
0 0.0507812 0.769792 0.0234375 0.03125
0 0.639844 0.922917 0.0265625 0.0333333
0 0.00859375 0.29375 0.0171875 0.0416667
0 0.982813 0.541667 0.028125 0.0375
0 0.914844 0.317708 0.0265625 0.0354167
0 0.714844 0.938542 0.0296875 0.0395833
0 0.992188 0.661458 0.015625 0.0354167
0 0.408594 0.894792 0.0265625 0.03125
0 0.153906 0.040625 0.0390625 0.0520833
0 0.49375 0.121875 0.040625 0.0520833
0 0.784375 0.51875 0.028125 0.0375
0 0.360156 0.886458 0.0296875 0.0479167
0 0.383594 0.155208 0.0265625 0.0354167
0 0.685156 0.852083 0.0296875 0.0375
0 0.521094 0.167708 0.0265625 0.0354167
0 0.644531 0.958333 0.0234375 0.0333333
0 0.466406 0.2875 0.0296875 0.0416667
0 0.13125 0.161458 0.025 0.0354167
0 0.127344 0.41875 0.0265625 0.0333333
0 0.276563 0.983333 0.0375 0.0333333
0 0.113281 0.641667 0.0328125 0.0458333
0 0.810156 0.265625 0.0328125 0.0479167
0 0.396875 0.863542 0.028125 0.0354167
0 0.267969 0.760417 0.0296875 0.0375
0 0.428906 0.484375 0.0421875 0.0645833
0 0.721875 0.723958 0.028125 0.0354167
0 0.596094 0.683333 0.0328125 0.05
0 0.358594 0.930208 0.0265625 0.03125
0 0.119531 0.610417 0.0296875 0.0333333
0 0.278906 0.798958 0.0265625 0.03125
0 0.489844 0.538542 0.0328125 0.04375
0 0.0554687 0.065625 0.0265625 0.0354167
0 0.897656 0.857292 0.0359375 0.04375
0 0.025 0.4 0.0375 0.05
0 0.803906 0.939583 0.0328125 0.0458333
0 0.610937 0.75625 0.028125 0.0333333
0 0.846875 0.322917 0.03125 0.0375
0 0.741406 0.442708 0.0296875 0.0354167
0 0.476562 0.809375 0.028125 0.0395833
0 0.228906 0.313542 0.0390625 0.0479167
0 0.30625 0.0614583 0.04375 0.0604167
0 0.0945313 0.040625 0.0421875 0.0520833
0 0.24375 0.0416667 0.034375 0.0416667
0 0.441406 0.948958 0.0296875 0.0395833
0 0.280469 0.55 0.0359375 0.0458333
0 0.304688 0.15625 0.03125 0.0416667
0 0.739062 0.90625 0.03125 0.0416667
0 0.164062 0.970833 0.0375 0.05
0 0.341406 0.03125 0.0265625 0.0333333
0 0.528125 0.49375 0.03125 0.0416667
0 0.372656 0.21875 0.0328125 0.0416667
0 0.794531 0.408333 0.0359375 0.0458333
0 0.142188 0.123958 0.028125 0.0395833
0 0.448438 0.195833 0.034375 0.05
0 0.419531 0.0229167 0.0359375 0.0416667
0 0.0789063 0.14375 0.0328125 0.0458333
0 0.757031 0.283333 0.0359375 0.0458333
0 0.167969 0.294792 0.0359375 0.0520833
0 0.528906 0.589583 0.0390625 0.05
0 0.510156 0.353125 0.0359375 0.0479167
