0 0.605469 0.505208 0.0265625 0.0354167
0 0.239844 0.238542 0.0265625 0.0395833
0 0.317187 0.779167 0.034375 0.0416667
0 0.142188 0.792708 0.025 0.04375
0 0.960938 0.922917 0.034375 0.0458333
0 0.773438 0.614583 0.034375 0.0458333
0 0.974219 0.990625 0.0296875 0.0145833
1 0.975781 0.527083 0.0484375 0.0833333
0 0.552344 0.688542 0.0296875 0.0354167
0 0.573438 0.536458 0.021875 0.03125
0 0.892969 0.584375 0.0296875 0.0395833
0 0.421094 0.535417 0.0296875 0.0416667
0 0.410156 0.290625 0.0265625 0.0354167
0 0.15 0.634375 0.03125 0.0354167
0 0.167187 0.130208 0.021875 0.03125
0 0.936719 0.879167 0.0265625 0.0375
0 0.399219 0.776042 0.0234375 0.03125
0 0.854688 0.504167 0.03125 0.0416667
0 0.991406 0.144792 0.0171875 0.0354167
0 0.517969 0.985417 0.0296875 0.025
0 0.0078125 0.517708 0.015625 0.0354167
0 0.867969 0.64375 0.0265625 0.0333333
0 0.796875 0.184375 0.028125 0.0395833
0 0.0882813 0.413542 0.0265625 0.03125
0 0.807031 0.3875 0.0296875 0.0375
0 0.342969 0.761458 0.0234375 0.0354167
0 0.153906 0.594792 0.0265625 0.0395833
0 0.715625 0.908333 0.028125 0.0333333
0 0.925781 0.963542 0.0265625 0.0354167
0 0.820312 0.413542 0.025 0.0354167
0 0.632812 0.0604167 0.028125 0.0375
0 0.403125 0.576042 0.025 0.03125
0 0.277344 0.886458 0.0328125 0.0479167
0 0.153125 0.01875 0.03125 0.0333333
0 0.596875 0.236458 0.03125 0.0395833
0 0.982813 0.0520833 0.028125 0.0416667
0 0.877344 0.777083 0.0265625 0.0333333
0 0.224219 0.472917 0.0265625 0.0333333
0 0.876562 0.758333 0.025 0.0333333
0 0.121094 0.14375 0.0234375 0.0333333
0 0.257812 0.854167 0.025 0.0333333
0 0.205469 0.355208 0.0296875 0.0395833
0 0.157031 0.769792 0.0296875 0.0395833
0 0.279687 0.305208 0.0375 0.0479167
0 0.627344 0.028125 0.0296875 0.0354167
0 0.021875 0.625 0.03125 0.0416667
0 0.789844 0.0552083 0.0296875 0.0395833
0 0.140625 0.3625 0.03125 0.0458333
0 0.828125 0.676042 0.028125 0.0354167
0 0.800781 0.205208 0.0328125 0.04375
0 0.302344 0.927083 0.0296875 0.0416667
0 0.261719 0.808333 0.0359375 0.0458333
0 0.04375 0.930208 0.028125 0.0395833
0 0.425781 0.385417 0.0390625 0.0541667
0 0.795313 0.153125 0.03125 0.04375
0 0.071875 0.884375 0.03125 0.04375
0 0.107813 0.923958 0.034375 0.04375
0 0.932813 0.2 0.034375 0.05
