0 0.892187 0.603125 0.028125 0.0395833
0 0.0929687 0.732292 0.0234375 0.03125
0 0.919531 0.352083 0.0203125 0.0291667
0 0.157813 0.6125 0.03125 0.0416667
0 0.317187 0.804167 0.034375 0.0416667
0 0.978906 0.360417 0.0234375 0.0291667
0 0.560156 0.719792 0.0296875 0.04375
0 0.291406 0.6625 0.0453125 0.0541667
0 0.447656 0.492708 0.0296875 0.04375
0 0.185156 0.139583 0.0296875 0.0416667
0 0.163281 0.366667 0.0296875 0.0375
0 0.2 0.351042 0.03125 0.0395833
0 0.228906 0.180208 0.0234375 0.0354167
0 0.953906 0.021875 0.0328125 0.03125
0 0.213281 0.510417 0.0265625 0.0375
0 0.555469 0.896875 0.0265625 0.0354167
0 0.457031 0.880208 0.0265625 0.0354167
0 0.604688 0.505208 0.040625 0.0520833
0 0.0859375 0.421875 0.03125 0.0395833
0 0.678906 0.904167 0.0265625 0.0333333
0 0.586719 0.0864583 0.0265625 0.0354167
0 0.410156 0.304167 0.0265625 0.0333333
0 0.15 0.38125 0.03125 0.0416667
0 0.896875 0.728125 0.025 0.0354167
0 0.153125 0.647917 0.03125 0.0375
0 0.1625 0.0104167 0.034375 0.0208333
0 0.616406 0.384375 0.0234375 0.0354167
0 0.534375 0.0104167 0.034375 0.0208333
0 0.413281 0.74375 0.0296875 0.0375
0 0.622656 0.289583 0.0265625 0.0416667
0 0.417188 0.696875 0.03125 0.04375
0 0.873438 0.765625 0.028125 0.0395833
0 0.445312 0.394792 0.03125 0.04375
0 0.224219 0.336458 0.0359375 0.0479167
0 0.078125 0.314583 0.028125 0.0375
0 0.510156 0.0625 0.0265625 0.0375
0 0.207031 0.978125 0.0296875 0.0354167
1 0.971875 0.573958 0.05625 0.0854167
0 0.430469 0.622917 0.0328125 0.0416667
0 0.914844 0.03125 0.0328125 0.0416667
0 0.650781 0.0916667 0.0296875 0.0375
0 0.771875 0.666667 0.03125 0.0375
0 0.378125 0.453125 0.028125 0.0354167
0 0.322656 0.933333 0.0296875 0.0416667
0 0.289844 0.340625 0.0296875 0.0395833
0 0.807813 0.723958 0.034375 0.0479167
0 0.059375 0.544792 0.034375 0.04375
0 0.985156 0.0583333 0.0265625 0.0416667
0 0.164062 0.505208 0.03125 0.0395833
0 0.921875 0.461458 0.028125 0.0395833
0 0.882812 0.348958 0.03125 0.04375
0 0.48125 0.0645833 0.028125 0.0416667
0 0.034375 0.603125 0.028125 0.0395833
0 0.021875 0.970833 0.0375 0.0458333
0 0.7875 0.272917 0.034375 0.0458333
0 0.0703125 0.89375 0.040625 0.0458333
0 0.971094 0.08125 0.0265625 0.0375
0 0.757812 0.0791667 0.028125 0.0375
0 0.05 0.0635417 0.034375 0.0479167
0 0.638281 0.559375 0.0390625 0.0479167
0 0.767969 0.229167 0.0296875 0.0375
0 0.81875 0.316667 0.03125 0.0375
0 0.196875 0.2 0.034375 0.0458333
0 0.266406 0.897917 0.0390625 0.0541667
0 0.127344 0.221875 0.0296875 0.0395833
0 0.74375 0.115625 0.0375 0.0520833
0 0.913281 0.261458 0.0421875 0.05625
