0 0.799219 0.946875 0.0328125 0.0479167
0 0.653906 0.264583 0.0234375 0.0333333
0 0.991406 0.598958 0.0171875 0.04375
0 0.704687 0.461458 0.021875 0.0270833
0 0.349219 0.436458 0.0359375 0.0479167
0 0.0679687 0.05 0.0328125 0.0458333
0 0.611719 0.752083 0.0265625 0.0375
0 0.978125 0.540625 0.03125 0.0354167
0 0.845312 0.440625 0.040625 0.05625
0 0.746094 0.485417 0.0234375 0.0333333
0 0.410156 0.495833 0.0421875 0.0583333
0 0.984375 0.630208 0.021875 0.0354167
0 0.986719 0.954167 0.0234375 0.0583333
0 0.953906 0.680208 0.0328125 0.04375
0 0.0632813 0.127083 0.0296875 0.0333333
0 0.476562 0.4375 0.028125 0.0375
0 0.986719 0.590625 0.0234375 0.0395833
0 0.139844 0.369792 0.0328125 0.0520833
0 0.329688 0.457292 0.025 0.0270833
0 0.626562 0.6875 0.040625 0.0541667
0 0.860937 0.21875 0.034375 0.0458333
0 0.678125 0.93125 0.021875 0.0291667
0 0.326562 0.903125 0.040625 0.0520833
0 0.114063 0.1625 0.03125 0.0375
0 0.153125 0.0447917 0.0375 0.0479167
0 0.117188 0.186458 0.028125 0.04375
0 0.135156 0.177083 0.0265625 0.0416667
0 0.459375 0.0447917 0.03125 0.0395833
0 0.675781 0.463542 0.0328125 0.0479167
0 0.175781 0.984375 0.0328125 0.03125
0 0.608594 0.889583 0.0265625 0.0375
0 0.477344 0.4125 0.0265625 0.0333333
0 0.358594 0.0927083 0.0328125 0.04375
0 0.589063 0.544792 0.034375 0.0479167
0 0.360938 0.142708 0.028125 0.0354167
0 0.380469 0.127083 0.0234375 0.0291667
0 0.89375 0.509375 0.04375 0.05625
0 0.248437 0.541667 0.034375 0.0458333
0 0.0796875 0.0447917 0.040625 0.04375
0 0.0835937 0.0697917 0.0453125 0.05625
0 0.326562 0.0177083 0.03125 0.0354167
0 0.0523437 0.769792 0.0296875 0.0354167
0 0.478125 0.222917 0.028125 0.0333333
0 0.625781 0.753125 0.0328125 0.0479167
0 0.742969 0.639583 0.0421875 0.0541667
0 0.986719 0.015625 0.0265625 0.03125
0 0.621094 0.888542 0.0296875 0.0395833
0 0.883594 0.855208 0.0234375 0.03125
0 0.382031 0.89375 0.0265625 0.0333333
0 0.510938 0.821875 0.03125 0.04375
0 0.3 0.059375 0.04375 0.0604167
0 0.49375 0.408333 0.025 0.0333333
0 0.992969 0.664583 0.0140625 0.0333333
0 0.725781 0.396875 0.0296875 0.0354167
0 0.309375 0.470833 0.025 0.0333333
0 0.486719 0.378125 0.0328125 0.0395833
0 0.302344 0.814583 0.0296875 0.0375
0 0.423438 0.982292 0.028125 0.03125
0 0.639844 0.242708 0.0328125 0.04375
0 0.0148437 0.397917 0.0296875 0.05
0 0.554688 0.90625 0.034375 0.0458333
0 0.394531 0.209375 0.0234375 0.03125
0 0.709375 0.948958 0.028125 0.0354167
0 0.384375 0.246875 0.028125 0.0354167
0 0.25 0.144792 0.03125 0.0354167
0 0.284375 0.623958 0.028125 0.0395833
0 0.154687 0.970833 0.040625 0.05
0 0.355469 0.926042 0.0265625 0.03125
0 0.894531 0.844792 0.0296875 0.03125
0 0.449219 0.68125 0.0421875 0.0541667
0 0.0898438 0.609375 0.0359375 0.0395833
0 0.596875 0.679167 0.03125 0.0458333
0 0.0460938 0.0729167 0.0265625 0.0375
0 0.105469 0.417708 0.0296875 0.0354167
0 0.482812 0.0458333 0.028125 0.0375
0 0.739844 0.441667 0.0265625 0.0375
0 0.725781 0.911458 0.0296875 0.0395833
0 0.0875 0.639583 0.0375 0.0458333
0 0.355469 0.884375 0.0328125 0.04375
0 0.439063 0.945833 0.034375 0.0458333
0 0.0703125 0.551042 0.034375 0.04375
0 0.798437 0.2625 0.03125 0.0458333
0 0.515625 0.3 0.034375 0.0458333
0 0.645312 0.015625 0.034375 0.03125
0 0.550781 0.145833 0.0328125 0.0458333
0 0.44375 0.191667 0.040625 0.0541667
0 0.605469 0.401042 0.0359375 0.0479167
0 0.610156 0.0604167 0.0265625 0.0416667
0 0.304688 0.1625 0.03125 0.0416667
0 0.146094 0.113542 0.0296875 0.04375
0 0.845312 0.315625 0.034375 0.0395833
0 0.361719 0.225 0.0296875 0.0375
0 0.389844 0.852083 0.0328125 0.0416667
0 0.955469 0.695833 0.0328125 0.0458333
0 0.260156 0.977083 0.0359375 0.0416667
0 0.382812 0.0239583 0.0375 0.04375
0 0.666406 0.108333 0.0328125 0.0416667
0 0.223438 0.040625 0.03125 0.0395833
0 0.0695312 0.142708 0.0359375 0.0479167
0 0.146875 0.30625 0.0375 0.05
0 0.0265625 0.208333 0.04375 0.0625
0 0.525781 0.5875 0.0421875 0.05
