0 0.503906 0.388542 0.0265625 0.03125
0 0.0320312 0.20625 0.0390625 0.0541667
0 0.610937 0.0260417 0.028125 0.0354167
0 0.205469 0.955208 0.0296875 0.04375
0 0.467969 0.255208 0.0265625 0.03125
0 0.210156 0.864583 0.0265625 0.0291667
0 0.507812 0.380208 0.025 0.0354167
0 0.628125 0.677083 0.046875 0.0666667
0 0.495313 0.114583 0.0375 0.05
0 0.152344 0.360417 0.0328125 0.0458333
0 0.617969 0.583333 0.0328125 0.0458333
0 0.280469 0.711458 0.0296875 0.0395833
0 0.640625 0.922917 0.028125 0.0333333
0 0.652344 0.652083 0.0265625 0.0458333
0 0.761719 0.473958 0.0328125 0.03125
0 0.30625 0.0604167 0.040625 0.0625
0 0.310937 0.472917 0.01875 0.025
0 0.742188 0.634375 0.040625 0.05625
0 0.432031 0.478125 0.0390625 0.05625
0 0.357812 0.433333 0.03125 0.0416667
0 0.314063 0.634375 0.028125 0.0395833
0 0.359375 0.740625 0.021875 0.0354167
0 0.335156 0.460417 0.0234375 0.0291667
0 0.339063 0.908333 0.034375 0.0458333
0 0.247656 0.676042 0.0359375 0.04375
0 0.898438 0.509375 0.04375 0.0604167
0 0.395312 0.241667 0.028125 0.0375
0 0.9875 0.586458 0.025 0.04375
0 0.626562 0.561458 0.04375 0.06875
0 0.102344 0.555208 0.0296875 0.0354167
1 0.478906 0.238542 0.0578125 0.08125
0 0.985937 0.625 0.025 0.0375
0 0.0078125 0.29375 0.015625 0.0416667
0 0.689062 0.9125 0.025 0.0291667
0 0.982813 0.540625 0.025 0.0354167
0 0.0507812 0.769792 0.0234375 0.03125
0 0.144531 0.165625 0.0265625 0.0354167
0 0.126563 0.419792 0.025 0.03125
0 0.154687 0.0416667 0.040625 0.0541667
0 0.683594 0.860417 0.0265625 0.0375
0 0.45 0.68125 0.04375 0.0583333
0 0.221094 0.298958 0.0359375 0.04375
0 0.480469 0.817708 0.0296875 0.04375
0 0.992188 0.661458 0.015625 0.0354167
0 0.367969 0.136458 0.0296875 0.04375
0 0.277344 0.982292 0.0359375 0.03125
0 0.692187 0.46875 0.034375 0.0416667
0 0.366406 0.0885417 0.0328125 0.0479167
0 0.909375 0.317708 0.025 0.03125
0 0.714844 0.938542 0.0296875 0.0395833
0 0.384375 0.153125 0.025 0.0354167
0 0.28125 0.805208 0.025 0.0354167
0 0.810938 0.265625 0.028125 0.04375
0 0.398438 0.8625 0.028125 0.0375
0 0.13125 0.161458 0.025 0.0354167
0 0.758594 0.448958 0.0296875 0.0354167
0 0.278125 0.554167 0.034375 0.0458333
0 0.358594 0.930208 0.0265625 0.03125
0 0.803906 0.940625 0.0328125 0.04375
0 0.595312 0.68125 0.034375 0.05
0 0.46875 0.283333 0.03125 0.0375
0 0.0546875 0.0635417 0.028125 0.0354167
0 0.641406 0.9625 0.0234375 0.0375
0 0.440625 0.947917 0.028125 0.0416667
0 0.407813 0.895833 0.028125 0.0333333
0 0.360156 0.886458 0.0328125 0.0479167
0 0.253906 0.75625 0.0265625 0.0333333
0 0.610937 0.75625 0.028125 0.0333333
0 0.764063 0.261458 0.03125 0.04375
0 0.0242187 0.4 0.0359375 0.05
0 0.526563 0.49375 0.03125 0.0375
0 0.515625 0.172917 0.028125 0.0333333
0 0.775 0.528125 0.028125 0.0395833
0 0.719531 0.713542 0.0296875 0.0395833
0 0.334375 0.0302083 0.028125 0.0354167
0 0.301562 0.146875 0.03125 0.04375
0 0.896875 0.85625 0.034375 0.0416667
0 0.0945313 0.040625 0.0421875 0.0520833
0 0.738281 0.90625 0.0296875 0.0375
0 0.242969 0.0427083 0.0359375 0.04375
0 0.11875 0.610417 0.03125 0.0375
0 0.142188 0.125 0.028125 0.0375
0 0.114063 0.640625 0.0375 0.0479167
0 0.495313 0.548958 0.03125 0.0395833
0 0.846875 0.321875 0.03125 0.0354167
0 0.372656 0.220833 0.0296875 0.0375
0 0.166406 0.295833 0.0328125 0.05
0 0.163281 0.971875 0.0390625 0.0479167
0 0.508594 0.873958 0.0296875 0.04375
0 0.0796875 0.142708 0.03125 0.04375
0 0.780469 0.398958 0.0328125 0.0479167
0 0.448438 0.194792 0.034375 0.0479167
0 0.41875 0.0229167 0.0375 0.0416667
0 0.528906 0.589583 0.0390625 0.05
0 0.510156 0.352083 0.0359375 0.05
