0 0.991406 0.0166667 0.0171875 0.0333333
0 0.460156 0.991667 0.0265625 0.0166667
0 0.553906 0.388542 0.0328125 0.0520833
0 0.425781 0.486458 0.0421875 0.05625
0 0.03125 0.208333 0.040625 0.0583333
0 0.377344 0.213542 0.0296875 0.0479167
0 0.00546875 0.292708 0.0109375 0.0395833
0 0.476562 0.223958 0.028125 0.0395833
0 0.357812 0.739583 0.021875 0.0333333
0 0.26875 0.545833 0.034375 0.0458333
0 0.330469 0.04375 0.0234375 0.0291667
0 0.592188 0.673958 0.034375 0.0520833
0 0.471094 0.25 0.0234375 0.0333333
0 0.484375 0.403125 0.025 0.03125
0 0.799219 0.244792 0.0390625 0.0479167
0 0.645312 0.244792 0.040625 0.0479167
0 0.30625 0.059375 0.040625 0.05625
0 0.705469 0.459375 0.0265625 0.0354167
0 0.353906 0.43125 0.0328125 0.0375
0 0.478906 0.436458 0.0265625 0.0354167
0 0.685156 0.919792 0.0265625 0.03125
0 0.645312 0.00833333 0.03125 0.0166667
0 0.449219 0.68125 0.0453125 0.0583333
0 0.655469 0.648958 0.0234375 0.0395833
0 0.60625 0.0291667 0.03125 0.0375
0 0.2375 0.68125 0.0375 0.05
0 0.502344 0.245833 0.0265625 0.0375
0 0.275781 0.722917 0.0328125 0.05
0 0.0515625 0.76875 0.021875 0.0291667
0 0.449219 0.186458 0.0390625 0.0479167
0 0.692969 0.461458 0.0390625 0.04375
0 0.353906 0.136458 0.0234375 0.0354167
0 0.98125 0.540625 0.028125 0.0354167
0 0.3125 0.471875 0.025 0.03125
0 0.494531 0.835417 0.0234375 0.0333333
0 0.403125 0.898958 0.028125 0.0354167
0 0.501562 0.9875 0.03125 0.025
0 0.14375 0.165625 0.028125 0.0395833
0 0.110937 0.608333 0.028125 0.0333333
0 0.846094 0.319792 0.0296875 0.0354167
0 0.992188 0.660417 0.015625 0.0375
0 0.301562 0.633333 0.028125 0.0375
0 0.369531 0.133333 0.0296875 0.0416667
0 0.989062 0.589583 0.021875 0.0416667
0 0.85625 0.4375 0.0375 0.05
0 0.895312 0.510417 0.04375 0.0541667
0 0.714063 0.940625 0.028125 0.0395833
0 0.986719 0.626042 0.0234375 0.0395833
0 0.334375 0.459375 0.025 0.03125
0 0.154687 0.680208 0.028125 0.0354167
0 0.804688 0.94375 0.03125 0.0416667
0 0.144531 0.36875 0.0359375 0.05
0 0.1625 0.969792 0.0375 0.0479167
0 0.502344 0.638542 0.0328125 0.04375
0 0.399219 0.8625 0.0296875 0.0375
0 0.459375 0.913542 0.025 0.0354167
0 0.638281 0.858333 0.0296875 0.0375
0 0.338281 0.0270833 0.0265625 0.0333333
0 0.0929687 0.0604167 0.0546875 0.0708333
0 0.758594 0.2625 0.0234375 0.0333333
0 0.0945313 0.555208 0.0296875 0.0354167
0 0.89375 0.854167 0.0375 0.0416667
0 0.296094 0.242708 0.0296875 0.0354167
0 0.647656 0.573958 0.0265625 0.0354167
0 0.5375 0.0479167 0.03125 0.0416667
0 0.739062 0.417708 0.025 0.03125
0 0.13125 0.160417 0.025 0.0375
0 0.0539063 0.0677083 0.0265625 0.0395833
0 0.639063 0.904167 0.028125 0.0333333
0 0.358594 0.930208 0.0265625 0.03125
0 0.272656 0.982292 0.0359375 0.03125
0 0.117188 0.425 0.028125 0.0333333
0 0.6125 0.75625 0.028125 0.0333333
0 0.363281 0.0885417 0.0328125 0.04375
0 0.852344 0.3375 0.0296875 0.0333333
0 0.10625 0.639583 0.034375 0.0458333
0 0.359375 0.884375 0.034375 0.0479167
0 0.39375 0.170833 0.025 0.0333333
0 0.528906 0.446875 0.0296875 0.0395833
0 0.440625 0.941667 0.028125 0.0375
0 0.155469 0.040625 0.0390625 0.0520833
0 0.735937 0.90625 0.03125 0.0416667
0 0.390625 0.234375 0.03125 0.0395833
0 0.161719 0.302083 0.0359375 0.0541667
0 0.603906 0.548958 0.0328125 0.04375
0 0.808594 0.2625 0.0359375 0.05
0 0.240625 0.04375 0.034375 0.0416667
0 0.407813 0.0302083 0.034375 0.04375
0 0.291406 0.941667 0.0296875 0.0375
0 0.303125 0.151042 0.034375 0.04375
0 0.144531 0.121875 0.0328125 0.04375
0 0.0789063 0.145833 0.0359375 0.0458333
0 0.36875 0.223958 0.03125 0.0395833
0 0.542188 0.169792 0.03125 0.0395833
0 0.0210938 0.398958 0.0390625 0.0479167
0 0.503906 0.355208 0.0390625 0.0520833
0 0.527344 0.589583 0.0390625 0.0458333
