0 0.03125 0.205208 0.040625 0.05625
1 0.480469 0.24375 0.0546875 0.0791667
0 0.724219 0.938542 0.0296875 0.0395833
0 0.484375 0.113542 0.028125 0.0354167
0 0.653125 0.65 0.028125 0.0458333
0 0.478125 0.223958 0.028125 0.0354167
0 0.5625 0.397917 0.034375 0.05
0 0.720312 0.869792 0.025 0.0354167
0 0.475 0.254167 0.028125 0.0333333
0 0.496094 0.394792 0.0265625 0.0354167
0 0.803125 0.557292 0.025 0.0354167
0 0.629687 0.677083 0.046875 0.0708333
0 0.509375 0.382292 0.025 0.0354167
0 0.771094 0.475 0.0203125 0.0291667
0 0.0992187 0.0614583 0.0453125 0.05625
0 0.450781 0.680208 0.0421875 0.0520833
0 0.126563 0.6375 0.034375 0.0416667
0 0.609375 0.509375 0.03125 0.0479167
0 0.700781 0.461458 0.0359375 0.04375
0 0.453906 0.19375 0.0359375 0.0458333
0 0.135156 0.161458 0.0234375 0.0354167
0 0.336719 0.461458 0.0234375 0.0354167
0 0.314063 0.467708 0.025 0.0354167
0 0.414844 0.89375 0.0265625 0.0333333
0 0.745313 0.6375 0.04375 0.0583333
0 0.144531 0.178125 0.0265625 0.0395833
0 0.4 0.870833 0.028125 0.0375
0 0.03125 0.4 0.034375 0.0416667
0 0.989844 0.588542 0.0203125 0.0479167
0 0.9875 0.623958 0.021875 0.0395833
0 0.5 0.125 0.046875 0.0625
0 0.984375 0.54375 0.025 0.0333333
0 0.146094 0.161458 0.0265625 0.0354167
0 0.9 0.509375 0.04375 0.0604167
0 0.360938 0.74375 0.025 0.0333333
0 0.398438 0.236458 0.028125 0.0354167
0 0.0507812 0.769792 0.0234375 0.03125
0 0.363281 0.886458 0.0296875 0.0395833
0 0.773438 0.865625 0.03125 0.04375
0 0.135156 0.415625 0.0265625 0.03125
0 0.114844 0.55 0.0296875 0.0375
0 0.485156 0.697917 0.0328125 0.0375
0 0.655469 0.941667 0.0296875 0.0375
0 0.619531 0.0260417 0.0328125 0.0395833
0 0.657031 0.242708 0.0328125 0.04375
0 0.346875 0.9125 0.028125 0.0375
0 0.428906 0.29375 0.0265625 0.0375
0 0.690625 0.917708 0.028125 0.0354167
0 0.359375 0.442708 0.034375 0.0479167
0 0.964844 0.29375 0.0265625 0.0291667
0 0.823438 0.309375 0.025 0.03125
0 0.0101562 0.301042 0.0203125 0.04375
0 0.992188 0.660417 0.015625 0.0375
0 0.667188 0.329167 0.028125 0.0375
0 0.359375 0.933333 0.025 0.0291667
0 0.372656 0.759375 0.0265625 0.0354167
0 0.373437 0.220833 0.028125 0.0375
0 0.323438 0.630208 0.028125 0.0354167
0 0.709375 0.839583 0.025 0.0375
0 0.640625 0.245833 0.0375 0.05
0 0.651563 0.144792 0.03125 0.0395833
0 0.154687 0.040625 0.04375 0.05625
0 0.2875 0.709375 0.0375 0.0479167
0 0.78125 0.53125 0.028125 0.0375
0 0.854688 0.319792 0.028125 0.03125
0 0.841406 0.370833 0.0359375 0.05
0 0.370313 0.0895833 0.03125 0.0458333
0 0.304688 0.141667 0.034375 0.0416667
0 0.101562 0.0385417 0.040625 0.0520833
0 0.146094 0.122917 0.0296875 0.0416667
0 0.284375 0.983333 0.034375 0.0333333
0 0.816406 0.270833 0.0265625 0.0375
0 0.374219 0.133333 0.0328125 0.0416667
0 0.553906 0.548958 0.0296875 0.0354167
0 0.339844 0.0385417 0.0265625 0.0354167
0 0.195312 0.272917 0.028125 0.0333333
0 0.903125 0.858333 0.0375 0.0458333
0 0.734375 0.436458 0.028125 0.0354167
0 0.94375 0.408333 0.040625 0.0541667
0 0.446875 0.952083 0.03125 0.0416667
0 0.6125 0.757292 0.028125 0.0354167
0 0.0585938 0.0614583 0.0265625 0.0354167
0 0.309375 0.123958 0.03125 0.0395833
0 0.807031 0.938542 0.0328125 0.04375
0 0.248437 0.0395833 0.034375 0.0416667
0 0.171875 0.294792 0.034375 0.0479167
0 0.75 0.909375 0.0375 0.0479167
0 0.426562 0.0260417 0.0375 0.04375
0 0.169531 0.970833 0.0390625 0.05
0 0.13125 0.608333 0.034375 0.0416667
0 0.407031 0.191667 0.0265625 0.0375
0 0.520312 0.354167 0.034375 0.0458333
0 0.0835937 0.141667 0.0359375 0.0458333
0 0.505469 0.6625 0.0359375 0.05
0 0.530469 0.589583 0.0421875 0.05
0 0.621875 0.5625 0.0375 0.05
