0 0.626562 0.68125 0.0375 0.0541667
0 0.686719 0.210417 0.0390625 0.05
0 0.992188 0.0166667 0.015625 0.0333333
0 0.139844 0.18125 0.0265625 0.0416667
0 0.376563 0.2125 0.03125 0.0458333
0 0.55625 0.3875 0.03125 0.0458333
0 0.2375 0.68125 0.0375 0.05
0 0.494531 0.834375 0.0265625 0.0354167
0 0.349219 0.13125 0.0265625 0.0333333
0 0.355469 0.433333 0.0328125 0.0416667
0 0.00703125 0.288542 0.0140625 0.0395833
0 0.476562 0.225 0.028125 0.0375
0 0.745313 0.641667 0.040625 0.0541667
0 0.592969 0.675 0.0359375 0.05
0 0.704687 0.460417 0.025 0.0333333
0 0.85625 0.436458 0.0375 0.0520833
0 0.0304688 0.205208 0.0421875 0.05625
0 0.471094 0.247917 0.0265625 0.0333333
0 0.478906 0.214583 0.0265625 0.0291667
0 0.267188 0.554167 0.034375 0.0458333
0 0.451562 0.682292 0.04375 0.05625
0 0.289062 0.24375 0.03125 0.0416667
0 0.363281 0.0895833 0.0328125 0.0458333
0 0.479688 0.435417 0.028125 0.0375
0 0.642187 0.009375 0.03125 0.01875
0 0.64375 0.245833 0.0375 0.05
0 0.307031 0.0583333 0.0421875 0.0583333
0 0.275781 0.719792 0.0359375 0.0520833
0 0.605469 0.0291667 0.0296875 0.0375
0 0.689844 0.463542 0.0328125 0.04375
0 0.98125 0.540625 0.028125 0.0354167
0 0.653906 0.65 0.0265625 0.0416667
0 0.0515625 0.76875 0.021875 0.0291667
0 0.804688 0.94375 0.034375 0.0458333
0 0.0851562 0.040625 0.0359375 0.04375
0 0.3125 0.471875 0.025 0.03125
0 0.992188 0.660417 0.015625 0.0375
0 0.14375 0.165625 0.028125 0.0395833
0 0.985937 0.626042 0.021875 0.0395833
0 0.110937 0.609375 0.028125 0.0354167
0 0.402344 0.9 0.0296875 0.0375
0 0.504687 0.246875 0.028125 0.0354167
0 0.448438 0.1875 0.0375 0.05
0 0.333594 0.459375 0.0234375 0.03125
0 0.714063 0.940625 0.028125 0.0395833
0 0.139844 0.698958 0.0265625 0.03125
0 0.989062 0.590625 0.021875 0.04375
0 0.895312 0.509375 0.04375 0.05625
0 0.09375 0.55625 0.028125 0.0375
0 0.0929687 0.0604167 0.0515625 0.0666667
0 0.161719 0.96875 0.0359375 0.05
0 0.302344 0.629167 0.0296875 0.0375
0 0.636719 0.870833 0.0296875 0.0375
0 0.530469 0.459375 0.0328125 0.04375
0 0.399219 0.8625 0.0328125 0.0375
0 0.735937 0.436458 0.025 0.0354167
0 0.45 0.892708 0.021875 0.03125
0 0.641406 0.567708 0.0328125 0.0395833
0 0.0539063 0.0677083 0.0265625 0.0354167
0 0.842969 0.323958 0.0328125 0.03125
0 0.367969 0.133333 0.0328125 0.0458333
0 0.292969 0.941667 0.0265625 0.0333333
0 0.639063 0.904167 0.028125 0.0333333
0 0.117188 0.425 0.028125 0.0333333
0 0.601562 0.547917 0.034375 0.0458333
0 0.391406 0.233333 0.0296875 0.0416667
0 0.6125 0.75625 0.028125 0.0375
0 0.272656 0.983333 0.0359375 0.0291667
0 0.68125 0.717708 0.03125 0.04375
0 0.14375 0.367708 0.0375 0.0520833
0 0.385156 0.178125 0.0296875 0.0354167
0 0.89375 0.854167 0.0375 0.0458333
0 0.105469 0.640625 0.0328125 0.04375
0 0.359375 0.884375 0.034375 0.0479167
0 0.335156 0.0270833 0.0296875 0.0375
0 0.155469 0.040625 0.0390625 0.0520833
0 0.753906 0.251042 0.0296875 0.0395833
0 0.846094 0.345833 0.0265625 0.0333333
0 0.53125 0.158333 0.03125 0.0416667
0 0.13125 0.160417 0.025 0.0375
0 0.735156 0.90625 0.0328125 0.0416667
0 0.359375 0.930208 0.028125 0.0354167
0 0.809375 0.263542 0.03125 0.0479167
0 0.240625 0.04375 0.034375 0.0416667
0 0.440625 0.940625 0.03125 0.04375
0 0.40625 0.03125 0.034375 0.0458333
0 0.495313 0.642708 0.03125 0.0395833
0 0.0789063 0.146875 0.0359375 0.0479167
0 0.366406 0.225 0.0296875 0.0375
0 0.525781 0.040625 0.0328125 0.04375
0 0.160938 0.303125 0.034375 0.0520833
0 0.304688 0.15 0.034375 0.0458333
0 0.0210938 0.397917 0.0390625 0.05
0 0.145313 0.120833 0.034375 0.0458333
0 0.503125 0.35625 0.0375 0.05
0 0.528125 0.589583 0.040625 0.05
