0 0.971094 0.0104167 0.0453125 0.0208333
0 0.0664062 0.172917 0.0296875 0.0333333
0 0.255469 0.832292 0.0359375 0.0479167
2 0.0929687 0.733333 0.0234375 0.0291667
0 0.317969 0.80625 0.0359375 0.0458333
0 0.579687 0.398958 0.03125 0.0479167
0 0.410937 0.3125 0.028125 0.0375
0 0.978125 0.361458 0.025 0.03125
0 0.442187 0.503125 0.034375 0.04375
0 0.953125 0.0229167 0.03125 0.0333333
0 0.892187 0.605208 0.028125 0.0395833
0 0.91875 0.353125 0.021875 0.03125
0 0.854688 0.548958 0.0375 0.0520833
2 0.065625 0.172917 0.025 0.0291667
0 0.121094 0.447917 0.0421875 0.05
0 0.425781 0.767708 0.0359375 0.0479167
0 0.228906 0.178125 0.0265625 0.0395833
0 0.710938 0.177083 0.025 0.0375
0 0.0851562 0.421875 0.0328125 0.0395833
0 0.153125 0.648958 0.028125 0.0354167
0 0.605469 0.503125 0.0390625 0.0520833
0 0.226562 0.335417 0.034375 0.0458333
0 0.239063 0.986458 0.028125 0.0270833
0 0.792969 0.852083 0.0265625 0.0333333
0 0.215625 0.511458 0.028125 0.0354167
0 0.201562 0.351042 0.03125 0.0395833
0 0.772656 0.66875 0.0296875 0.0333333
0 0.163281 0.0114583 0.0359375 0.0229167
0 0.150781 0.348958 0.0296875 0.0395833
0 0.414062 0.644792 0.028125 0.0395833
0 0.0554687 0.5625 0.0296875 0.0375
0 0.5625 0.722917 0.03125 0.0375
0 0.289844 0.341667 0.0296875 0.0375
0 0.483594 0.930208 0.0328125 0.0479167
0 0.633594 0.413542 0.0265625 0.0354167
0 0.426562 0.340625 0.03125 0.0354167
0 0.535156 0.0114583 0.0328125 0.0229167
0 0.872656 0.764583 0.0265625 0.0375
0 0.0765625 0.297917 0.034375 0.0458333
1 0.971094 0.575 0.0578125 0.0875
0 0.507812 0.0645833 0.03125 0.0375
0 0.692187 0.9 0.028125 0.0375
0 0.809375 0.292708 0.028125 0.0354167
0 0.0695312 0.895833 0.0359375 0.0416667
0 0.592969 0.94375 0.0265625 0.0416667
0 0.326562 0.938542 0.028125 0.0354167
0 0.429688 0.622917 0.03125 0.0416667
0 0.740625 0.971875 0.03125 0.04375
0 0.625781 0.291667 0.0296875 0.0416667
0 0.149219 0.382292 0.0328125 0.0395833
0 0.789062 0.276042 0.034375 0.04375
0 0.897656 0.732292 0.0265625 0.0354167
0 0.346875 0.444792 0.03125 0.0395833
0 0.483594 0.0708333 0.0328125 0.0458333
0 0.196094 0.165625 0.0296875 0.04375
0 0.585938 0.090625 0.03125 0.0395833
0 0.915625 0.0229167 0.034375 0.0375
0 0.882031 0.391667 0.0296875 0.0375
0 0.807813 0.73125 0.03125 0.0458333
0 0.638281 0.563542 0.0359375 0.0479167
0 0.0265625 0.59375 0.03125 0.0416667
0 0.053125 0.108333 0.03125 0.0458333
0 0.267188 0.897917 0.0375 0.05
0 0.914844 0.423958 0.0296875 0.0395833
0 0.652344 0.0927083 0.0359375 0.04375
0 0.123438 0.521875 0.034375 0.04375
0 0.182812 0.139583 0.028125 0.0375
0 0.913281 0.2625 0.0421875 0.0541667
0 0.96875 0.0791667 0.028125 0.0375
0 0.128125 0.223958 0.03125 0.04375
0 0.778906 0.117708 0.0296875 0.04375
0 0.767187 0.240625 0.034375 0.0395833
0 0.982813 0.090625 0.028125 0.0395833
0 0.746094 0.122917 0.0421875 0.0583333
