0 0.442969 0.494792 0.0265625 0.0354167
0 0.960156 0.009375 0.0359375 0.01875
0 0.0921875 0.732292 0.025 0.03125
0 0.15625 0.811458 0.046875 0.0604167
0 0.979688 0.360417 0.025 0.0291667
0 0.257031 0.830208 0.0359375 0.0479167
0 0.317969 0.805208 0.0328125 0.04375
0 0.8875 0.0552083 0.04375 0.0604167
0 0.891406 0.603125 0.0265625 0.0395833
0 0.410937 0.298958 0.025 0.03125
0 0.290625 0.661458 0.040625 0.0520833
0 0.225 0.338542 0.03125 0.04375
0 0.663281 0.914583 0.0296875 0.0375
0 0.853906 0.545833 0.0359375 0.05
0 0.807813 0.723958 0.034375 0.0479167
0 0.158594 0.609375 0.0328125 0.04375
0 0.907812 0.034375 0.028125 0.0354167
0 0.2 0.352083 0.028125 0.0375
0 0.226562 0.18125 0.025 0.0333333
0 0.5875 0.0864583 0.028125 0.0354167
0 0.896875 0.726042 0.025 0.0354167
0 0.852344 0.33125 0.0296875 0.0416667
0 0.559375 0.71875 0.03125 0.0416667
0 0.988281 0.025 0.0203125 0.0291667
0 0.551562 0.8125 0.028125 0.0375
0 0.603906 0.505208 0.0359375 0.0479167
0 0.18125 0.376042 0.028125 0.0354167
0 0.611719 0.3875 0.0265625 0.0375
0 0.729688 0.0114583 0.025 0.0229167
0 0.516406 0.0635417 0.0265625 0.0354167
0 0.161719 0.0114583 0.0359375 0.0229167
0 0.535156 0.009375 0.0328125 0.01875
0 0.429688 0.834375 0.028125 0.0395833
0 0.955469 0.0239583 0.0328125 0.03125
0 0.782812 0.10625 0.034375 0.0458333
0 0.2125 0.510417 0.028125 0.0375
0 0.65 0.0875 0.028125 0.0375
0 0.289844 0.339583 0.0296875 0.0416667
0 0.834375 0.335417 0.028125 0.0375
0 0.127344 0.217708 0.0296875 0.0395833
0 0.621094 0.288542 0.0265625 0.04375
0 0.153125 0.646875 0.03125 0.0395833
0 0.48125 0.0604167 0.028125 0.0375
0 0.46875 0.4375 0.028125 0.0375
0 0.322656 0.930208 0.0296875 0.0395833
0 0.770312 0.664583 0.03125 0.0375
0 0.927344 0.495833 0.0328125 0.0458333
0 0.0226563 0.616667 0.0359375 0.0458333
0 0.0859375 0.420833 0.028125 0.0375
0 0.400781 0.44375 0.0328125 0.0375
0 0.873438 0.765625 0.028125 0.0395833
0 0.40625 0.719792 0.028125 0.0395833
0 0.034375 0.515625 0.03125 0.04375
0 0.870313 0.926042 0.028125 0.03125
0 0.0703125 0.317708 0.025 0.0354167
0 0.180469 0.130208 0.0265625 0.0395833
0 0.409375 0.686458 0.028125 0.0395833
0 0.428125 0.621875 0.03125 0.0395833
0 0.05625 0.040625 0.03125 0.04375
1 0.972656 0.572917 0.0546875 0.0833333
0 0.715625 0.238542 0.028125 0.0395833
0 0.778906 0.275 0.0328125 0.0458333
0 0.189844 0.45 0.0328125 0.0416667
0 0.071875 0.89375 0.040625 0.0458333
0 0.974219 0.084375 0.0296875 0.04375
0 0.6375 0.558333 0.0375 0.05
0 0.2 0.2375 0.03125 0.0458333
0 0.767969 0.228125 0.0296875 0.0395833
0 0.265625 0.896875 0.040625 0.05625
0 0.15 0.379167 0.034375 0.0458333
0 0.015625 0.9375 0.03125 0.0458333
0 0.9125 0.260417 0.040625 0.0541667
0 0.747656 0.1125 0.0390625 0.0583333
