0 0.210156 0.864583 0.0296875 0.0333333
0 0.225 0.678125 0.0375 0.0479167
0 0.0273438 0.00833333 0.0296875 0.0166667
0 0.8 0.55 0.028125 0.0333333
0 0.984375 0.633333 0.025 0.0416667
0 0.450781 0.683333 0.0453125 0.0583333
0 0.602344 0.666667 0.0265625 0.0416667
0 0.842188 0.446875 0.0375 0.0479167
0 0.797656 0.947917 0.0296875 0.0416667
0 0.705469 0.4625 0.0234375 0.0291667
0 0.645312 0.233333 0.028125 0.0416667
0 0.201562 0.954167 0.040625 0.05
0 0.121875 0.1625 0.025 0.0333333
0 0.990625 0.597917 0.01875 0.0458333
0 0.741406 0.638542 0.0421875 0.05625
0 0.675781 0.525 0.0453125 0.0583333
0 0.153125 0.04375 0.0375 0.05
0 0.739062 0.485417 0.01875 0.025
0 0.644531 0.646875 0.0328125 0.0479167
0 0.674219 0.939583 0.0265625 0.0333333
0 0.078125 0.0614583 0.046875 0.0645833
0 0.135156 0.176042 0.0328125 0.04375
0 0.615625 0.814583 0.028125 0.0375
0 0.242188 0.545833 0.0375 0.05
0 0.346875 0.429167 0.0375 0.0416667
0 0.642969 0.0125 0.0296875 0.025
0 0.589063 0.040625 0.034375 0.04375
0 0.475781 0.379167 0.0359375 0.0458333
0 0.984375 0.015625 0.028125 0.03125
0 0.676562 0.467708 0.0375 0.0479167
0 0.798437 0.885417 0.028125 0.0333333
0 0.985156 0.959375 0.0296875 0.05625
0 0.471875 0.420833 0.028125 0.0375
0 0.49375 0.898958 0.028125 0.0395833
0 0.992188 0.6625 0.015625 0.0375
0 0.478125 0.225 0.03125 0.0375
0 0.288281 0.0645833 0.0421875 0.0583333
0 0.407031 0.496875 0.0421875 0.0604167
0 0.535937 0.401042 0.04375 0.0604167
0 0.455469 0.261458 0.0296875 0.0354167
0 0.1375 0.369792 0.034375 0.0520833
0 0.353125 0.925 0.028125 0.0333333
0 0.1 0.419792 0.03125 0.0354167
0 0.576563 0.19375 0.034375 0.0458333
0 0.385938 0.846875 0.03125 0.0395833
0 0.625 0.366667 0.0375 0.05
0 0.810938 0.230208 0.028125 0.0395833
0 0.0523437 0.771875 0.0265625 0.03125
0 0.725781 0.476042 0.0265625 0.0354167
0 0.635156 0.251042 0.0296875 0.0395833
0 0.322656 0.015625 0.0296875 0.0270833
0 0.745313 0.395833 0.028125 0.0375
0 0.242969 0.741667 0.0265625 0.0375
0 0.876562 0.73125 0.0375 0.0541667
0 0.0820312 0.614583 0.0390625 0.0458333
0 0.328906 0.457292 0.0234375 0.03125
0 0.277344 0.625 0.0296875 0.0416667
0 0.139844 0.135417 0.0328125 0.0375
0 0.436719 0.947917 0.0296875 0.0416667
0 0.376563 0.894792 0.025 0.03125
0 0.307813 0.472917 0.025 0.0333333
0 0.0132813 0.401042 0.0265625 0.0520833
0 0.059375 0.553125 0.03125 0.0395833
0 0.892969 0.510417 0.0421875 0.0541667
0 0.182812 0.870833 0.025 0.0375
0 0.138281 0.310417 0.0328125 0.0458333
0 0.43125 0.0145833 0.03125 0.0291667
0 0.709375 0.953125 0.028125 0.0354167
0 0.370313 0.179167 0.028125 0.0375
0 0.974219 0.540625 0.0328125 0.0395833
0 0.722656 0.9125 0.0296875 0.0375
0 0.79375 0.263542 0.03125 0.0354167
0 0.496875 0.939583 0.028125 0.0375
0 0.154687 0.971875 0.04375 0.0520833
0 0.360156 0.1375 0.0328125 0.0458333
0 0.617188 0.7875 0.03125 0.0416667
0 0.0421875 0.0729167 0.03125 0.0416667
0 0.583594 0.132292 0.0328125 0.0479167
0 0.0789063 0.64375 0.0390625 0.05
0 0.842969 0.316667 0.0296875 0.0375
0 0.216406 0.0375 0.0328125 0.0416667
0 0.214062 0.1625 0.03125 0.0375
0 0.221094 0.33125 0.0359375 0.0458333
0 0.0242187 0.204167 0.0453125 0.0625
0 0.524219 0.586458 0.0453125 0.05625
0 0.360938 0.217708 0.034375 0.04375
0 0.620313 0.884375 0.028125 0.0354167
0 0.260938 0.907292 0.028125 0.0395833
0 0.585156 0.546875 0.0390625 0.0520833
0 0.374219 0.260417 0.0296875 0.0416667
0 0.304688 0.164583 0.034375 0.0458333
0 0.254687 0.980208 0.034375 0.0395833
0 0.583594 0.672917 0.0390625 0.05
0 0.610937 0.754167 0.028125 0.0375
0 0.375 0.0239583 0.0375 0.0395833
0 0.0648438 0.139583 0.0390625 0.0541667
0 0.878906 0.852083 0.0359375 0.0458333
0 0.444531 0.19375 0.0453125 0.0583333
0 0.357031 0.0927083 0.0359375 0.0479167
