0 0.740625 0.640625 0.040625 0.05625
0 0.466406 0.253125 0.0234375 0.03125
0 0.722656 0.472917 0.0234375 0.0333333
0 0.025 0.00833333 0.03125 0.0166667
0 0.129688 0.152083 0.025 0.0375
0 0.402344 0.504167 0.0421875 0.0583333
0 0.734375 0.491667 0.01875 0.025
0 0.461719 0.122917 0.0515625 0.0666667
0 0.207813 0.864583 0.025 0.0333333
0 0.200781 0.691667 0.0265625 0.0333333
0 0.24375 0.728125 0.03125 0.04375
0 0.221094 0.680208 0.0359375 0.04375
0 0.627344 0.832292 0.0265625 0.04375
0 0.642969 0.646875 0.0328125 0.0479167
0 0.839063 0.446875 0.034375 0.0479167
0 0.982813 0.957292 0.03125 0.05625
0 0.134375 0.182292 0.025 0.0354167
0 0.355469 0.882292 0.0328125 0.0354167
0 0.985156 0.59375 0.0265625 0.0416667
0 0.45 0.68125 0.046875 0.0583333
0 0.200781 0.952083 0.0390625 0.05
0 0.398438 0.930208 0.025 0.03125
0 0.0976562 0.420833 0.0265625 0.0333333
0 0.0734375 0.64375 0.0375 0.0458333
0 0.513281 0.934375 0.0296875 0.0395833
0 0.485156 0.414583 0.0265625 0.0416667
0 0.799219 0.548958 0.0265625 0.0354167
0 0.346094 0.4375 0.0359375 0.0458333
0 0.0703125 0.0458333 0.046875 0.05
0 0.153125 0.04375 0.040625 0.0541667
0 0.053125 0.554167 0.028125 0.0333333
0 0.4875 0.2625 0.025 0.0333333
0 0.594531 0.828125 0.0265625 0.0354167
0 0.276563 0.40625 0.03125 0.0416667
0 0.271094 0.622917 0.0265625 0.0375
0 0.314063 0.0125 0.03125 0.025
0 0.702344 0.954167 0.0296875 0.0375
0 0.00859375 0.40625 0.0171875 0.0458333
0 0.648438 0.451042 0.03125 0.0354167
0 0.0507812 0.769792 0.0296875 0.0354167
0 0.613281 0.85625 0.0296875 0.0375
0 0.790625 0.95 0.03125 0.0416667
0 0.892187 0.511458 0.04375 0.05625
0 0.478906 0.222917 0.0265625 0.0333333
0 0.30625 0.472917 0.021875 0.0291667
0 0.739844 0.917708 0.0265625 0.03125
0 0.3 0.169792 0.034375 0.04375
0 0.139062 0.147917 0.025 0.0333333
0 0.121094 0.164583 0.0234375 0.0333333
0 0.869531 0.3 0.0265625 0.0333333
0 0.671094 0.94375 0.0265625 0.0333333
0 0.325 0.457292 0.025 0.03125
0 0.0734375 0.620833 0.034375 0.0458333
0 0.135156 0.36875 0.0296875 0.0416667
0 0.176563 0.814583 0.028125 0.0375
0 0.486719 0.189583 0.0265625 0.0333333
0 0.992188 0.664583 0.015625 0.0375
0 0.841406 0.775 0.0296875 0.0375
0 0.6375 0.3 0.03125 0.0458333
0 0.374219 0.891667 0.0234375 0.0291667
0 0.630469 0.2625 0.0328125 0.0458333
0 0.974219 0.540625 0.0328125 0.0395833
0 0.232812 0.798958 0.025 0.0354167
0 0.470313 0.421875 0.028125 0.0354167
0 0.842188 0.317708 0.03125 0.0354167
0 0.616406 0.882292 0.0234375 0.03125
0 0.332812 0.188542 0.028125 0.0354167
0 0.233594 0.538542 0.0296875 0.04375
0 0.610156 0.742708 0.0265625 0.0354167
0 0.98125 0.015625 0.028125 0.03125
0 0.251563 0.980208 0.034375 0.0395833
0 0.45625 0.263542 0.028125 0.03125
0 0.360156 0.138542 0.0296875 0.04375
0 0.647656 0.015625 0.0328125 0.03125
0 0.351562 0.923958 0.028125 0.03125
0 0.740625 0.413542 0.028125 0.0395833
0 0.0226563 0.209375 0.0421875 0.0604167
0 0.314844 0.903125 0.0359375 0.0479167
0 0.471875 0.38125 0.034375 0.0416667
0 0.671094 0.464583 0.0390625 0.0541667
0 0.475781 0.959375 0.0265625 0.0354167
0 0.130469 0.315625 0.0328125 0.0395833
0 0.716406 0.909375 0.0296875 0.0395833
0 0.533594 0.403125 0.0421875 0.05625
0 0.382812 0.845833 0.03125 0.0375
0 0.575781 0.672917 0.0359375 0.0458333
0 0.580469 0.547917 0.0359375 0.05
0 0.525 0.588542 0.040625 0.0479167
0 0.0390625 0.075 0.03125 0.0416667
0 0.879687 0.852083 0.040625 0.0541667
0 0.789062 0.260417 0.0375 0.05
0 0.597656 0.329167 0.0328125 0.05
0 0.198437 0.16875 0.03125 0.0375
0 0.367969 0.263542 0.0296875 0.0395833
0 0.282031 0.06875 0.0421875 0.0583333
0 0.433594 0.942708 0.0296875 0.0395833
0 0.426562 0.209375 0.040625 0.0520833
0 0.58125 0.0427083 0.0375 0.0479167
0 0.150781 0.969792 0.0421875 0.0520833
0 0.371094 0.0197917 0.0390625 0.0395833
0 0.213281 0.0364583 0.0328125 0.04375
0 0.0640625 0.142708 0.0375 0.0479167
0 0.359375 0.2125 0.034375 0.0458333
0 0.626562 0.141667 0.0375 0.05
0 0.5875 0.107292 0.034375 0.0479167
0 0.35625 0.0979167 0.0375 0.05
