0 0.608594 0.0270833 0.0296875 0.0375
0 0.897656 0.509375 0.0421875 0.0604167
0 0.338281 0.908333 0.0328125 0.0458333
0 0.992188 0.0166667 0.015625 0.0291667
0 0.3375 0.0322917 0.028125 0.0354167
0 0.499219 0.988542 0.0359375 0.01875
0 0.620313 0.595833 0.028125 0.0416667
0 0.679688 0.523958 0.040625 0.0520833
0 0.475781 0.222917 0.0296875 0.0375
0 0.6125 0.5625 0.03125 0.05
0 0.503906 0.392708 0.0265625 0.0354167
0 0.49375 0.121875 0.04375 0.05625
0 0.35625 0.4375 0.0375 0.0458333
0 0.555469 0.390625 0.0359375 0.0520833
0 0.14375 0.366667 0.034375 0.05
0 0.407031 0.896875 0.0265625 0.0354167
0 0.39375 0.241667 0.028125 0.0375
0 0.985937 0.623958 0.025 0.0395833
0 0.696094 0.667708 0.0265625 0.0395833
0 0.00703125 0.29375 0.0140625 0.0416667
0 0.479688 0.433333 0.028125 0.0333333
0 0.653906 0.653125 0.0234375 0.0395833
0 0.399219 0.8625 0.0296875 0.0375
0 0.142188 0.171875 0.025 0.04375
0 0.989062 0.589583 0.021875 0.0416667
0 0.449219 0.68125 0.0421875 0.0541667
0 0.0507812 0.769792 0.0234375 0.03125
0 0.3125 0.471875 0.025 0.03125
0 0.645312 0.247917 0.040625 0.0541667
0 0.376563 0.14375 0.028125 0.0333333
0 0.240625 0.264583 0.0375 0.05
0 0.364844 0.0895833 0.0328125 0.05
0 0.241406 0.0416667 0.0328125 0.0416667
0 0.576563 0.205208 0.03125 0.0395833
0 0.334375 0.460417 0.025 0.0333333
0 0.503125 0.565625 0.03125 0.04375
0 0.992188 0.661458 0.015625 0.0354167
0 0.226562 0.739583 0.028125 0.0416667
0 0.365625 0.1375 0.03125 0.0416667
0 0.155469 0.0416667 0.0421875 0.0541667
0 0.714063 0.940625 0.028125 0.0395833
0 0.69375 0.464583 0.0375 0.0458333
0 0.85625 0.436458 0.040625 0.0520833
0 0.274219 0.983333 0.0359375 0.0333333
0 0.130469 0.160417 0.0234375 0.0375
0 0.0945313 0.040625 0.0484375 0.05625
0 0.1 0.553125 0.028125 0.0395833
0 0.280469 0.711458 0.0359375 0.0479167
0 0.1625 0.970833 0.0375 0.05
0 0.572656 0.141667 0.0296875 0.0416667
0 0.109375 0.638542 0.034375 0.0479167
0 0.276563 0.84375 0.025 0.0333333
0 0.982813 0.540625 0.028125 0.0354167
0 0.307813 0.633333 0.028125 0.0375
0 0.359375 0.929167 0.025 0.0333333
0 0.121875 0.421875 0.028125 0.0354167
0 0.0546875 0.0635417 0.028125 0.0395833
0 0.8875 0.320833 0.028125 0.0333333
0 0.752344 0.601042 0.0328125 0.04375
0 0.478906 0.883333 0.0296875 0.0416667
0 0.5375 0.4875 0.028125 0.0333333
0 0.116406 0.609375 0.0296875 0.0354167
0 0.28125 0.5625 0.034375 0.0458333
0 0.448438 0.191667 0.0375 0.05
0 0.6125 0.758333 0.028125 0.0333333
0 0.442187 0.947917 0.028125 0.0416667
0 0.804688 0.940625 0.03125 0.04375
0 0.46875 0.144792 0.028125 0.0354167
0 0.595312 0.68125 0.03125 0.05
0 0.896094 0.854167 0.0359375 0.0416667
0 0.666406 0.85625 0.0328125 0.0416667
0 0.780469 0.34375 0.0296875 0.0375
0 0.428125 0.486458 0.046875 0.0645833
0 0.416406 0.0239583 0.0359375 0.04375
0 0.161719 0.302083 0.0359375 0.0541667
0 0.310156 0.0583333 0.0453125 0.0583333
0 0.360156 0.885417 0.0328125 0.0458333
0 0.807813 0.265625 0.034375 0.0479167
0 0.846094 0.325 0.0296875 0.0333333
0 0.747656 0.423958 0.0296875 0.0395833
0 0.302344 0.144792 0.0328125 0.04375
0 0.7375 0.907292 0.03125 0.04375
0 0.0242187 0.398958 0.0359375 0.0479167
0 0.639844 0.914583 0.0296875 0.0375
0 0.7375 0.236458 0.034375 0.0479167
0 0.078125 0.14375 0.034375 0.0458333
0 0.372656 0.222917 0.0296875 0.0375
0 0.141406 0.128125 0.0328125 0.04375
0 0.528125 0.5875 0.040625 0.05
0 0.522656 0.939583 0.0390625 0.05
0 0.510156 0.352083 0.0390625 0.0541667
