0 0.255469 0.722917 0.0265625 0.0375
0 0.745313 0.486458 0.025 0.03125
0 0.653906 0.645833 0.0265625 0.0416667
0 0.476562 0.416667 0.021875 0.0375
0 0.210156 0.8625 0.0296875 0.0333333
0 0.35 0.436458 0.0375 0.0479167
0 0.84375 0.441667 0.040625 0.0541667
0 0.704687 0.461458 0.021875 0.03125
0 0.628906 0.678125 0.0390625 0.0604167
0 0.478125 0.826042 0.021875 0.0270833
0 0.5375 0.402083 0.034375 0.05
0 0.201562 0.95625 0.03125 0.0375
0 0.798437 0.947917 0.03125 0.0458333
0 0.799219 0.552083 0.0234375 0.0291667
0 0.382812 0.896875 0.025 0.0354167
0 0.13125 0.171875 0.034375 0.04375
0 0.409375 0.496875 0.0375 0.0520833
0 0.477344 0.439583 0.0234375 0.0333333
0 0.991406 0.602083 0.0171875 0.0458333
0 0.728906 0.476042 0.0265625 0.0354167
0 0.742969 0.636458 0.0421875 0.05625
0 0.299219 0.0614583 0.0453125 0.0604167
0 0.983594 0.632292 0.0265625 0.0395833
0 0.89375 0.508333 0.046875 0.0583333
0 0.986719 0.944792 0.0265625 0.0604167
0 0.625781 0.882292 0.0328125 0.0395833
0 0.308594 0.473958 0.0203125 0.0270833
0 0.678125 0.935417 0.021875 0.0291667
0 0.319531 0.0125 0.0328125 0.025
0 0.478906 0.382292 0.0328125 0.04375
0 0.526563 0.273958 0.034375 0.04375
0 0.617188 0.378125 0.025 0.0354167
0 0.325 0.903125 0.0375 0.0479167
0 0.984375 0.589583 0.025 0.0458333
0 0.0523437 0.76875 0.0265625 0.0333333
0 0.991406 0.666667 0.0171875 0.0375
0 0.976562 0.542708 0.03125 0.0354167
0 0.06875 0.551042 0.03125 0.0395833
0 0.242969 0.54375 0.0328125 0.0416667
0 0.985937 0.0166667 0.028125 0.0333333
0 0.139062 0.369792 0.03125 0.0479167
0 0.439063 0.95 0.03125 0.0458333
0 0.380469 0.123958 0.0234375 0.03125
0 0.6125 0.758333 0.03125 0.0458333
0 0.478125 0.221875 0.028125 0.0354167
0 0.329688 0.457292 0.021875 0.0270833
0 0.153125 0.973958 0.0375 0.0479167
0 0.499219 0.835417 0.0328125 0.0416667
0 0.732031 0.433333 0.0234375 0.0333333
0 0.0828125 0.059375 0.053125 0.0729167
0 0.355469 0.884375 0.0328125 0.04375
0 0.875 0.851042 0.034375 0.04375
0 0.2875 0.804167 0.025 0.0333333
0 0.610156 0.734375 0.0328125 0.0479167
0 0.239063 0.145833 0.028125 0.0333333
0 0.153906 0.046875 0.0390625 0.0520833
0 0.459375 0.0395833 0.034375 0.0416667
0 0.354688 0.927083 0.025 0.0291667
0 0.0976562 0.15625 0.0265625 0.0375
0 0.0859375 0.638542 0.034375 0.04375
0 0.358594 0.09375 0.0328125 0.0458333
0 0.3625 0.140625 0.03125 0.0395833
0 0.0453125 0.071875 0.028125 0.0395833
0 0.839844 0.204167 0.0296875 0.0416667
0 0.105469 0.419792 0.0265625 0.03125
0 0.282813 0.623958 0.028125 0.0395833
0 0.0882813 0.610417 0.0328125 0.0375
0 0.589844 0.0260417 0.0296875 0.0354167
0 0.648438 0.0135417 0.0375 0.0270833
0 0.134375 0.208333 0.03125 0.0375
0 0.185937 0.960417 0.028125 0.0375
0 0.535937 0.9125 0.025 0.0333333
0 0.0148437 0.397917 0.0296875 0.05
0 0.719531 0.405208 0.0265625 0.0354167
0 0.666406 0.15625 0.0296875 0.0375
0 0.38125 0.247917 0.025 0.0333333
0 0.798437 0.263542 0.034375 0.0479167
0 0.144531 0.30625 0.0359375 0.0458333
0 0.594531 0.679167 0.0328125 0.05
0 0.953906 0.702083 0.0328125 0.0375
0 0.672656 0.464583 0.0359375 0.0458333
0 0.709375 0.95 0.028125 0.0375
0 0.389844 0.851042 0.0328125 0.0395833
0 0.639063 0.242708 0.034375 0.0479167
0 0.5875 0.542708 0.034375 0.0479167
0 0.304688 0.1625 0.034375 0.0416667
0 0.844531 0.316667 0.0328125 0.0416667
0 0.725781 0.9125 0.0296875 0.0375
0 0.361719 0.219792 0.0296875 0.0395833
0 0.449219 0.68125 0.0421875 0.05
0 0.0273438 0.207292 0.0453125 0.0604167
0 0.442187 0.194792 0.040625 0.0520833
0 0.551562 0.140625 0.034375 0.0479167
0 0.590625 0.0520833 0.028125 0.0375
0 0.582812 0.925 0.034375 0.0458333
0 0.407813 0.23125 0.028125 0.0375
0 0.379687 0.0229167 0.0375 0.0416667
0 0.0632813 0.140625 0.0328125 0.04375
0 0.258594 0.978125 0.0359375 0.04375
0 0.525781 0.5875 0.0390625 0.0458333
0 0.142969 0.114583 0.0359375 0.05
0 0.220313 0.0385417 0.034375 0.04375
