0 0.467187 0.279167 0.01875 0.0291667
0 0.705469 0.423958 0.0265625 0.0270833
0 0.482031 0.433333 0.0234375 0.0333333
0 0.777344 0.470833 0.0203125 0.025
0 0.251563 0.142708 0.028125 0.0395833
0 0.144531 0.180208 0.0234375 0.03125
1 0.482812 0.235417 0.053125 0.0708333
0 0.991406 0.544792 0.0171875 0.03125
0 0.209375 0.863542 0.028125 0.0354167
0 0.108594 0.034375 0.0359375 0.0395833
0 0.567969 0.397917 0.0265625 0.0416667
0 0.991406 0.576042 0.0140625 0.0354167
0 0.499219 0.394792 0.0203125 0.0270833
0 0.728125 0.936458 0.028125 0.0395833
0 0.653906 0.65 0.0234375 0.0375
0 0.505469 0.126042 0.0421875 0.05625
0 0.135937 0.159375 0.025 0.0354167
0 0.255469 0.68125 0.0359375 0.0458333
0 0.15625 0.040625 0.040625 0.0520833
0 0.477344 0.251042 0.0234375 0.0270833
0 0.991406 0.621875 0.0171875 0.03125
0 0.746094 0.416667 0.0265625 0.0333333
0 0.621875 0.473958 0.025 0.03125
0 0.146875 0.163542 0.028125 0.0395833
0 0.810156 0.933333 0.0296875 0.0416667
0 0.154687 0.360417 0.03125 0.0458333
0 0.20625 0.957292 0.025 0.0354167
0 0.178125 0.295833 0.028125 0.0458333
0 0.479688 0.220833 0.025 0.0333333
0 0.107813 0.0520833 0.04375 0.0625
0 0.517969 0.380208 0.0234375 0.03125
0 0.900781 0.432292 0.0296875 0.0354167
0 0.698438 0.914583 0.025 0.0333333
0 0.859375 0.31875 0.025 0.0333333
0 0.0375 0.4 0.03125 0.0416667
0 0.959375 0.419792 0.03125 0.0395833
0 0.828125 0.142708 0.025 0.03125
0 0.0507812 0.770833 0.0234375 0.0291667
0 0.751562 0.986458 0.034375 0.0270833
0 0.372656 0.0885417 0.0328125 0.0479167
0 0.517969 0.523958 0.0296875 0.0395833
0 0.400781 0.236458 0.0296875 0.0395833
0 0.0328125 0.296875 0.03125 0.0395833
0 0.471094 0.722917 0.0234375 0.0333333
0 0.664062 0.959375 0.025 0.0354167
0 0.45 0.953125 0.028125 0.0395833
0 0.377344 0.133333 0.0328125 0.0458333
0 0.442187 0.478125 0.0375 0.05625
0 0.122656 0.55 0.0296875 0.0375
0 0.335156 0.628125 0.0234375 0.03125
0 0.29375 0.70625 0.028125 0.0416667
0 0.298438 0.129167 0.03125 0.0375
0 0.772656 0.741667 0.0265625 0.0333333
0 0.424219 0.892708 0.0265625 0.0354167
0 0.359375 0.936458 0.025 0.0270833
0 0.910156 0.855208 0.0328125 0.04375
0 0.526563 0.353125 0.03125 0.0395833
0 0.7125 0.45625 0.03125 0.0375
0 0.754687 0.904167 0.03125 0.0375
0 0.748438 0.396875 0.03125 0.0354167
0 0.135156 0.636458 0.0328125 0.0395833
0 0.745313 0.864583 0.025 0.0333333
0 0.403125 0.873958 0.025 0.0354167
0 0.316406 0.472917 0.0234375 0.0291667
0 0.342969 0.4625 0.0234375 0.0291667
0 0.289062 0.984375 0.034375 0.0270833
0 0.457812 0.189583 0.0375 0.0458333
0 0.154687 0.272917 0.025 0.0291667
0 0.426562 0.423958 0.028125 0.0395833
0 0.353906 0.913542 0.0265625 0.0354167
0 0.141406 0.410417 0.0265625 0.0333333
0 0.601562 0.725 0.028125 0.0375
0 0.0851562 0.139583 0.0328125 0.0416667
0 0.280469 0.539583 0.0296875 0.0416667
0 0.0648438 0.059375 0.0265625 0.0354167
0 0.821875 0.267708 0.028125 0.0354167
0 0.278125 0.579167 0.028125 0.0375
0 0.363281 0.888542 0.0296875 0.0395833
0 0.74375 0.0979167 0.028125 0.0375
0 0.613281 0.757292 0.0265625 0.03125
0 0.900781 0.511458 0.0359375 0.0479167
0 0.139844 0.607292 0.0328125 0.0395833
0 0.408594 0.336458 0.0328125 0.04375
0 0.422656 0.232292 0.0296875 0.0395833
0 0.4375 0.0260417 0.034375 0.04375
0 0.696875 0.278125 0.03125 0.0395833
0 0.15 0.1125 0.03125 0.0375
0 0.378906 0.216667 0.0328125 0.0416667
0 0.572656 0.5625 0.0328125 0.0416667
0 0.784375 0.636458 0.028125 0.0354167
0 0.342187 0.05 0.028125 0.0333333
0 0.63125 0.566667 0.03125 0.0416667
0 0.175 0.970833 0.040625 0.05
0 0.252344 0.0395833 0.0328125 0.0416667
0 0.532812 0.588542 0.034375 0.0395833
