0 0.328906 0.435417 0.0265625 0.0375
0 0.467187 0.119792 0.05 0.05625
0 0.679688 0.220833 0.0375 0.05
0 0.152344 0.040625 0.0390625 0.0520833
0 0.989844 0.597917 0.0203125 0.0541667
0 0.353125 0.108333 0.03125 0.0375
0 0.796094 0.95 0.0296875 0.0416667
0 0.5375 0.402083 0.04375 0.0625
0 0.645312 0.645833 0.034375 0.0458333
0 0.421875 0.00833333 0.028125 0.0166667
0 0.690625 0.416667 0.034375 0.0375
0 0.741406 0.636458 0.0421875 0.05625
0 0.992969 0.663542 0.0140625 0.0395833
0 0.08125 0.0625 0.05 0.0666667
0 0.448438 0.68125 0.046875 0.0583333
0 0.985156 0.958333 0.0296875 0.0625
0 0.892187 0.509375 0.04375 0.0520833
0 0.441406 0.185417 0.0359375 0.05
0 0.132031 0.161458 0.0296875 0.0395833
0 0.738281 0.488542 0.0203125 0.03125
0 0.386719 0.848958 0.0328125 0.0395833
0 0.503125 0.870833 0.034375 0.05
0 0.725781 0.475 0.0234375 0.0333333
0 0.675781 0.525 0.0453125 0.0583333
0 0.623438 0.883333 0.03125 0.0416667
0 0.457812 0.258333 0.03125 0.0375
0 0.974219 0.540625 0.0328125 0.0395833
0 0.475781 0.380208 0.0359375 0.0479167
0 0.478906 0.222917 0.0328125 0.0375
0 0.0757812 0.0416667 0.0390625 0.0458333
0 0.278906 0.623958 0.0296875 0.0395833
0 0.101562 0.419792 0.028125 0.0354167
0 0.821875 0.871875 0.03125 0.0354167
0 0.0617188 0.553125 0.0296875 0.0395833
0 0.472656 0.41875 0.0265625 0.0375
0 0.0828125 0.6125 0.03125 0.0375
0 0.438281 0.95 0.0296875 0.0416667
0 0.0257812 0.20625 0.0421875 0.0583333
0 0.322656 0.0208333 0.0296875 0.0333333
0 0.0515625 0.76875 0.028125 0.0333333
0 0.307813 0.470833 0.025 0.0333333
0 0.725 0.913542 0.03125 0.0395833
0 0.710938 0.952083 0.028125 0.0375
0 0.353906 0.927083 0.0265625 0.0333333
0 0.255469 0.760417 0.0265625 0.0375
0 0.563281 0.213542 0.0390625 0.0520833
0 0.498437 0.928125 0.028125 0.0354167
0 0.984375 0.015625 0.028125 0.03125
0 0.139062 0.309375 0.034375 0.04375
0 0.408594 0.496875 0.0453125 0.0604167
0 0.675 0.939583 0.028125 0.0333333
0 0.328125 0.457292 0.025 0.03125
0 0.646094 0.369792 0.0328125 0.04375
0 0.613281 0.754167 0.0296875 0.0375
0 0.6375 0.247917 0.0375 0.0458333
0 0.184375 0.888542 0.025 0.0395833
0 0.346094 0.428125 0.0359375 0.0395833
0 0.377344 0.251042 0.0328125 0.0395833
0 0.640625 0.0145833 0.034375 0.0291667
0 0.43125 0.194792 0.034375 0.0479167
0 0.280469 0.952083 0.0234375 0.0375
0 0.378906 0.896875 0.0265625 0.03125
0 0.136719 0.369792 0.0359375 0.0520833
0 0.647656 0.214583 0.0265625 0.0375
0 0.292188 0.0645833 0.04375 0.0583333
0 0.253906 0.979167 0.0359375 0.0375
0 0.0132813 0.401042 0.0265625 0.0479167
0 0.795313 0.263542 0.034375 0.0479167
0 0.842969 0.317708 0.0328125 0.0395833
0 0.445312 0.0291667 0.03125 0.0375
0 0.246094 0.55 0.0328125 0.0416667
0 0.360156 0.1375 0.0328125 0.0458333
0 0.0421875 0.075 0.028125 0.0375
0 0.0796875 0.641667 0.0375 0.0458333
0 0.673437 0.465625 0.0375 0.0520833
0 0.607813 0.8 0.03125 0.0416667
0 0.021875 0.159375 0.028125 0.0354167
0 0.739062 0.407292 0.028125 0.0395833
0 0.378125 0.160417 0.028125 0.0375
0 0.525 0.5875 0.04375 0.05
0 0.584375 0.68125 0.034375 0.05
0 0.574219 0.139583 0.0390625 0.05
0 0.146094 0.132292 0.0296875 0.0395833
0 0.510938 0.926042 0.03125 0.0395833
0 0.585938 0.546875 0.0375 0.0520833
0 0.0617188 0.144792 0.0359375 0.04375
0 0.216406 0.0375 0.0328125 0.0416667
0 0.304688 0.161458 0.034375 0.04375
0 0.780469 0.192708 0.0359375 0.04375
0 0.221094 0.164583 0.0296875 0.0333333
0 0.875781 0.852083 0.0359375 0.0458333
0 0.897656 0.738542 0.0359375 0.0479167
0 0.376563 0.021875 0.0375 0.0395833
0 0.153906 0.970833 0.0421875 0.05
0 0.195312 0.3 0.034375 0.0458333
0 0.357812 0.090625 0.03125 0.04375
0 0.360156 0.213542 0.0359375 0.0479167
