0 0.990625 0.0114583 0.01875 0.0229167
0 0.961719 0.0104167 0.0328125 0.0208333
0 0.961719 0.591667 0.0234375 0.0333333
0 0.0046875 0.305208 0.009375 0.0395833
1 0.482031 0.0916667 0.0453125 0.0583333
0 0.348437 0.8125 0.01875 0.0291667
0 0.975781 0.373958 0.0234375 0.0270833
0 0.561719 0.729167 0.0296875 0.0375
0 0.160938 0.622917 0.03125 0.0375
0 0.951563 0.028125 0.03125 0.0395833
0 0.447656 0.520833 0.0359375 0.0458333
0 0.815625 0.747917 0.03125 0.0458333
0 0.914844 0.275 0.0328125 0.05
0 0.2 0.35 0.028125 0.0375
0 0.209375 0.471875 0.028125 0.03125
1 0.963281 0.03125 0.0609375 0.0625
0 0.850781 0.560417 0.0390625 0.0541667
0 0.084375 0.419792 0.025 0.03125
0 0.364062 0.782292 0.025 0.03125
0 0.478125 0.0947917 0.025 0.0354167
0 0.228125 0.190625 0.025 0.0354167
0 0.890625 0.610417 0.028125 0.0375
0 0.117188 0.447917 0.0375 0.0458333
0 0.188281 0.14375 0.0265625 0.0375
0 0.794531 0.009375 0.0265625 0.01875
0 0.1625 0.0104167 0.03125 0.0208333
0 0.25625 0.846875 0.0375 0.04375
0 0.225781 0.334375 0.0328125 0.04375
0 0.00859375 0.50625 0.0171875 0.0375
0 0.903125 0.747917 0.028125 0.0375
0 0.211719 0.5125 0.0265625 0.0333333
0 0.150781 0.384375 0.0359375 0.04375
1 0.970312 0.578125 0.059375 0.0895833
0 0.775 0.677083 0.03125 0.0375
0 0.489062 0.0885417 0.021875 0.03125
0 0.913281 0.0145833 0.0328125 0.0291667
0 0.0625 0.897917 0.0375 0.0458333
0 0.719531 0.61875 0.0296875 0.0375
0 0.190625 0.015625 0.03125 0.03125
0 0.459375 0.928125 0.03125 0.0395833
0 0.291406 0.347917 0.0296875 0.0375
0 0.0734375 0.251042 0.025 0.0354167
0 0.782031 0.127083 0.0265625 0.0416667
0 0.578906 0.636458 0.0265625 0.03125
0 0.15 0.648958 0.028125 0.0354167
0 0.789062 0.18125 0.028125 0.0416667
0 0.264062 0.172917 0.028125 0.0333333
0 0.702344 0.476042 0.0328125 0.0395833
0 0.764063 0.254167 0.028125 0.0375
0 0.836719 0.49375 0.0296875 0.0375
0 0.0734375 0.836458 0.03125 0.0395833
0 0.134375 0.241667 0.025 0.0375
0 0.776563 0.278125 0.03125 0.0395833
0 0.0226563 0.715625 0.0328125 0.0395833
0 0.873438 0.764583 0.028125 0.0416667
0 0.330469 0.947917 0.0296875 0.0416667
0 0.914062 0.292708 0.03125 0.0479167
0 0.733594 0.246875 0.0296875 0.0395833
0 0.885938 0.222917 0.028125 0.0416667
0 0.0460938 0.289583 0.0296875 0.0375
0 0.535156 0.01875 0.0390625 0.0375
0 0.795313 0.905208 0.03125 0.0395833
0 0.433594 0.639583 0.0296875 0.0375
0 0.264844 0.896875 0.0359375 0.0520833
0 0.0898438 0.223958 0.0296875 0.0395833
0 0.958594 0.0822917 0.0296875 0.0395833
0 0.626562 0.30625 0.028125 0.0416667
0 0.146094 0.701042 0.0328125 0.0395833
0 0.657031 0.125 0.0328125 0.0375
0 0.642187 0.576042 0.040625 0.0520833
0 0.582031 0.104167 0.0328125 0.0416667
0 0.7375 0.129167 0.0375 0.0541667
