0 0.786719 0.025 0.0296875 0.0291667
0 0.808594 0.009375 0.0234375 0.01875
0 0.622656 0.479167 0.0359375 0.0416667
0 0.209375 0.875 0.01875 0.025
0 0.560156 0.314583 0.0296875 0.0375
0 0.626562 0.990625 0.025 0.01875
0 0.9 0.934375 0.028125 0.0354167
0 0.833594 0.991667 0.0265625 0.0166667
0 0.854688 0.504167 0.03125 0.0416667
0 0.569531 0.965625 0.0328125 0.04375
0 0.139844 0.792708 0.0203125 0.03125
0 0.319531 0.780208 0.0359375 0.04375
0 0.963281 0.919792 0.0359375 0.0479167
0 0.149219 0.634375 0.0296875 0.0354167
0 0.552344 0.6875 0.0328125 0.0375
0 0.121094 0.444792 0.0390625 0.0520833
0 0.410156 0.290625 0.0265625 0.0354167
0 0.836719 0.570833 0.0234375 0.0375
0 0.166406 0.129167 0.0234375 0.0291667
0 0.597656 0.508333 0.0359375 0.0416667
0 0.828125 0.411458 0.03125 0.04375
0 0.155469 0.594792 0.0265625 0.0395833
0 0.757031 0.6125 0.0265625 0.0333333
0 0.519531 0.986458 0.0296875 0.0270833
0 0.360156 0.764583 0.0265625 0.0333333
0 0.783594 0.221875 0.0234375 0.03125
0 0.945312 0.146875 0.028125 0.0354167
0 0.788281 0.0572917 0.0265625 0.0354167
0 0.884375 0.578125 0.028125 0.0354167
0 0.228125 0.189583 0.028125 0.0375
0 0.635156 0.059375 0.0265625 0.0354167
0 0.877344 0.764583 0.0265625 0.0375
0 0.0882813 0.4125 0.0265625 0.0333333
0 0.982031 0.053125 0.0296875 0.04375
0 0.925 0.927083 0.025 0.0333333
0 0.11875 0.14375 0.025 0.0333333
0 0.628125 0.0260417 0.028125 0.0354167
0 0.596094 0.234375 0.0296875 0.0395833
0 0.0382813 0.9125 0.0265625 0.0416667
0 0.775 0.6125 0.03125 0.0416667
0 0.719531 0.95 0.0265625 0.0375
0 0.428125 0.617708 0.028125 0.0395833
0 0.151562 0.0197917 0.03125 0.0354167
0 0.205469 0.35625 0.0296875 0.0375
0 0.914062 0.561458 0.028125 0.03125
0 0.807813 0.20625 0.028125 0.0375
0 0.421094 0.535417 0.0328125 0.0458333
0 0.792969 0.153125 0.0328125 0.04375
0 0.825 0.425 0.034375 0.0458333
0 0.811719 0.70625 0.0328125 0.0416667
0 0.279687 0.885417 0.03125 0.0458333
0 0.914062 0.811458 0.03125 0.0395833
0 0.0234375 0.639583 0.03125 0.0416667
0 0.151562 0.74375 0.028125 0.0375
0 0.140625 0.3625 0.03125 0.0458333
0 0.301562 0.926042 0.028125 0.0395833
0 0.279687 0.304167 0.034375 0.0458333
0 0.424219 0.3875 0.0359375 0.05
0 0.351562 0.80625 0.028125 0.0375
0 0.257812 0.875 0.028125 0.0375
0 0.071875 0.8875 0.03125 0.0416667
0 0.260938 0.808333 0.0375 0.05
0 0.223438 0.471875 0.028125 0.03125
0 0.932813 0.197917 0.0375 0.0541667
0 0.108594 0.922917 0.0359375 0.0458333
