0 0.511719 0.00729167 0.0359375 0.0145833
0 0.994531 0.423958 0.0109375 0.0354167
0 0.485938 0.261458 0.025 0.03125
0 0.675 0.19375 0.03125 0.0416667
0 0.682813 0.211458 0.0375 0.0479167
0 0.985937 0.626042 0.021875 0.0395833
0 0.478906 0.213542 0.0265625 0.0270833
0 0.604688 0.0291667 0.03125 0.0375
0 0.714063 0.941667 0.028125 0.0375
0 0.03125 0.20625 0.040625 0.0583333
0 0.270312 0.713542 0.034375 0.0479167
0 0.99375 0.963542 0.0125 0.0395833
0 0.470313 0.248958 0.025 0.03125
0 0.235938 0.676042 0.0375 0.0520833
0 0.49375 0.832292 0.025 0.0354167
0 0.754687 0.484375 0.021875 0.03125
0 0.652344 0.647917 0.0265625 0.0458333
0 0.35625 0.435417 0.0375 0.0458333
0 0.08125 0.0458333 0.0375 0.05
0 0.645312 0.009375 0.03125 0.01875
0 0.742188 0.476042 0.025 0.0354167
0 0.991406 0.0197917 0.0171875 0.0354167
0 0.484375 0.403125 0.025 0.0354167
0 0.332031 0.908333 0.0390625 0.05
0 0.141406 0.176042 0.0265625 0.04375
0 0.448438 0.68125 0.04375 0.0541667
0 0.305469 0.059375 0.0421875 0.0604167
0 0.980469 0.539583 0.0296875 0.0333333
0 0.090625 0.55625 0.03125 0.0416667
0 0.0515625 0.769792 0.025 0.03125
0 0.490625 0.115625 0.046875 0.0604167
0 0.989844 0.590625 0.0203125 0.04375
0 0.685938 0.921875 0.025 0.03125
0 0.642187 0.244792 0.0375 0.0479167
0 0.499219 0.673958 0.0328125 0.0395833
0 0.2625 0.553125 0.034375 0.0479167
0 0.992188 0.661458 0.015625 0.0354167
0 0.359375 0.0927083 0.03125 0.0479167
0 0.294531 0.985417 0.0265625 0.0291667
0 0.365625 0.133333 0.034375 0.0458333
0 0.63125 0.6375 0.0375 0.05
0 0.6375 0.901042 0.028125 0.0354167
0 0.334375 0.0260417 0.028125 0.0354167
0 0.313281 0.471875 0.0265625 0.0354167
0 0.646094 0.767708 0.0265625 0.0354167
0 0.421094 0.490625 0.0453125 0.0645833
0 0.334375 0.460417 0.025 0.0333333
0 0.803125 0.945833 0.03125 0.0416667
0 0.891406 0.855208 0.0328125 0.0395833
0 0.592188 0.675 0.034375 0.05
0 0.446094 0.188542 0.0421875 0.05625
0 0.109375 0.691667 0.028125 0.0375
0 0.296875 0.629167 0.028125 0.0375
0 0.115625 0.422917 0.028125 0.0333333
0 0.357812 0.884375 0.0375 0.0520833
0 0.5125 0.141667 0.03125 0.0375
0 0.335938 0.189583 0.025 0.0333333
0 0.84375 0.323958 0.03125 0.0354167
0 0.733594 0.435417 0.0234375 0.0333333
0 0.271094 0.984375 0.0328125 0.03125
0 0.053125 0.0677083 0.03125 0.0395833
0 0.6875 0.463542 0.034375 0.04375
0 0.0921875 0.0604167 0.053125 0.0708333
0 0.613281 0.75625 0.0265625 0.0333333
0 0.342187 0.0510417 0.025 0.0354167
0 0.358594 0.929167 0.0265625 0.0333333
0 0.108594 0.611458 0.0328125 0.0395833
0 0.896094 0.511458 0.0421875 0.0520833
0 0.828906 0.344792 0.0265625 0.0354167
0 0.364844 0.219792 0.0328125 0.04375
0 0.142969 0.36875 0.0359375 0.05
0 0.335938 0.142708 0.028125 0.03125
0 0.160938 0.970833 0.040625 0.05
0 0.664062 0.164583 0.034375 0.0458333
0 0.154687 0.0416667 0.040625 0.0541667
0 0.102344 0.640625 0.0359375 0.0479167
0 0.13125 0.161458 0.025 0.0354167
0 0.6 0.546875 0.0375 0.0520833
0 0.535156 0.416667 0.0296875 0.0416667
0 0.422656 0.971875 0.0296875 0.0354167
0 0.398438 0.861458 0.03125 0.0395833
0 0.303125 0.154167 0.03125 0.0416667
0 0.807031 0.264583 0.0328125 0.0458333
0 0.735156 0.907292 0.0328125 0.04375
0 0.392188 0.23125 0.03125 0.0416667
0 0.403906 0.03125 0.0359375 0.0458333
0 0.511719 0.226042 0.0265625 0.0354167
0 0.441406 0.941667 0.0296875 0.0416667
0 0.504687 0.959375 0.034375 0.0479167
0 0.239063 0.0427083 0.03125 0.0395833
0 0.146875 0.120833 0.034375 0.0458333
0 0.0789063 0.146875 0.0359375 0.0479167
0 0.396875 0.901042 0.028125 0.0354167
0 0.527344 0.589583 0.0390625 0.05
0 0.158594 0.30625 0.0359375 0.05
0 0.61875 0.869792 0.034375 0.04375
0 0.0203125 0.397917 0.040625 0.05
0 0.502344 0.360417 0.0390625 0.05
