0 0.328125 0.4625 0.01875 0.0333333
0 0.517969 0.378125 0.0234375 0.0354167
0 0.464844 0.279167 0.0203125 0.0291667
0 0.207813 0.954167 0.034375 0.0416667
0 0.248437 0.0270833 0.03125 0.0291667
0 0.642969 0.246875 0.0359375 0.0479167
0 0.5 0.39375 0.021875 0.0291667
0 0.505469 0.125 0.0453125 0.0583333
0 0.357031 0.738542 0.0203125 0.03125
0 0.83125 0.203125 0.03125 0.04375
0 0.476562 0.254167 0.021875 0.0291667
0 0.457031 0.190625 0.0359375 0.04375
0 0.951563 0.419792 0.0375 0.0520833
0 0.145313 0.177083 0.025 0.0375
0 0.479688 0.221875 0.025 0.03125
1 0.480469 0.248958 0.0640625 0.0770833
0 0.371094 0.090625 0.0328125 0.0479167
0 0.153906 0.361458 0.0328125 0.0479167
0 0.209375 0.864583 0.03125 0.0333333
0 0.135156 0.159375 0.0234375 0.03125
0 0.901563 0.509375 0.04375 0.05625
0 0.146094 0.161458 0.0265625 0.0354167
0 0.511719 0.572917 0.0265625 0.0375
0 0.720312 0.392708 0.025 0.0354167
0 0.726562 0.934375 0.03125 0.0395833
0 0.255469 0.68125 0.0390625 0.05
0 0.339844 0.0479167 0.0296875 0.0375
0 0.748438 0.641667 0.040625 0.0541667
0 0.739062 0.866667 0.028125 0.0333333
0 0.710938 0.113542 0.025 0.03125
0 0.292188 0.707292 0.034375 0.04375
0 0.421094 0.894792 0.0265625 0.0354167
0 0.177344 0.294792 0.0296875 0.0395833
0 0.4 0.236458 0.028125 0.0395833
0 0.45 0.68125 0.04375 0.0541667
0 0.0507812 0.769792 0.0234375 0.03125
0 0.360938 0.441667 0.034375 0.05
0 0.614844 0.489583 0.0296875 0.0375
0 0.132031 0.6375 0.0359375 0.0416667
0 0.120312 0.55 0.028125 0.0375
0 0.0367187 0.397917 0.0328125 0.0416667
0 0.503125 0.68125 0.025 0.0375
0 0.991406 0.275 0.0171875 0.0333333
0 0.989062 0.621875 0.01875 0.0354167
0 0.155469 0.0395833 0.0421875 0.0541667
0 0.661719 0.954167 0.0265625 0.0333333
0 0.609375 0.460417 0.034375 0.05
0 0.271875 0.60625 0.028125 0.0375
0 0.821094 0.267708 0.0265625 0.0354167
0 0.747656 0.773958 0.0296875 0.0354167
0 0.315625 0.472917 0.025 0.0291667
0 0.867969 0.433333 0.0328125 0.0416667
0 0.425 0.334375 0.034375 0.0479167
0 0.375781 0.135417 0.0359375 0.0458333
0 0.341406 0.461458 0.0234375 0.03125
0 0.694531 0.916667 0.0265625 0.0333333
0 0.139844 0.4125 0.0265625 0.0333333
0 0.288281 0.984375 0.0359375 0.0270833
0 0.358594 0.935417 0.0265625 0.0291667
0 0.3 0.135417 0.03125 0.0416667
0 0.251563 0.0395833 0.034375 0.0416667
0 0.742969 0.422917 0.0234375 0.0333333
0 0.435937 0.482292 0.034375 0.0479167
0 0.353125 0.913542 0.03125 0.0395833
0 0.332031 0.63125 0.0265625 0.0333333
0 0.725781 0.372917 0.0265625 0.0375
0 0.45 0.952083 0.028125 0.0416667
0 0.0625 0.059375 0.025 0.0354167
0 0.753125 0.905208 0.03125 0.0395833
0 0.375781 0.222917 0.0296875 0.0375
0 0.85625 0.319792 0.028125 0.03125
0 0.907031 0.854167 0.0359375 0.0458333
0 0.103125 0.059375 0.046875 0.0645833
0 0.810156 0.936458 0.0296875 0.0395833
0 0.539844 0.560417 0.0296875 0.0375
0 0.269531 0.115625 0.0265625 0.0354167
0 0.686719 0.273958 0.0296875 0.0395833
0 0.292969 0.545833 0.0328125 0.0416667
0 0.1375 0.608333 0.03125 0.0375
0 0.084375 0.141667 0.034375 0.0458333
0 0.783594 0.601042 0.0359375 0.0520833
0 0.429688 0.741667 0.028125 0.0333333
0 0.430469 0.0270833 0.0359375 0.0416667
0 0.6125 0.758333 0.028125 0.0375
0 0.10625 0.034375 0.0375 0.0479167
0 0.525781 0.353125 0.0328125 0.0395833
0 0.442187 0.441667 0.028125 0.0333333
0 0.401563 0.870833 0.028125 0.0375
0 0.3625 0.8875 0.03125 0.0416667
0 0.53125 0.591667 0.03125 0.0333333
0 0.160938 0.291667 0.028125 0.0375
0 0.882031 0.398958 0.0296875 0.0395833
0 0.420312 0.215625 0.028125 0.0395833
0 0.171875 0.970833 0.040625 0.05
0 0.764844 0.960417 0.0359375 0.05
0 0.146094 0.117708 0.0296875 0.0395833
0 0.628125 0.565625 0.03125 0.04375
0 0.555469 0.721875 0.0359375 0.04375
