0 0.969531 0.0104167 0.0453125 0.0208333
0 0.203125 0.980208 0.028125 0.03125
0 0.978125 0.359375 0.025 0.03125
0 0.15625 0.810417 0.05 0.0583333
0 0.892187 0.6 0.028125 0.0416667
0 0.317969 0.805208 0.0328125 0.04375
0 0.0921875 0.732292 0.025 0.03125
0 0.442969 0.492708 0.0359375 0.0479167
0 0.290625 0.661458 0.040625 0.0520833
0 0.175 0.35 0.025 0.0291667
0 0.953906 0.0229167 0.0328125 0.0333333
0 0.158594 0.609375 0.0328125 0.04375
0 0.228906 0.179167 0.0234375 0.0375
0 0.920313 0.348958 0.025 0.0354167
0 0.896875 0.728125 0.025 0.0354167
0 0.572656 0.852083 0.0234375 0.0375
0 0.409375 0.3 0.028125 0.0375
0 0.185156 0.138542 0.0265625 0.0354167
0 0.853125 0.546875 0.0375 0.0520833
0 0.200781 0.352083 0.0328125 0.0375
0 0.604688 0.50625 0.0375 0.05
0 0.213281 0.510417 0.0296875 0.0375
0 0.411719 0.734375 0.0296875 0.04375
0 0.161719 0.0114583 0.0359375 0.0229167
0 0.560156 0.71875 0.0328125 0.0416667
0 0.991406 0.0479167 0.0171875 0.0416667
0 0.586719 0.0864583 0.0296875 0.0354167
0 0.447656 0.861458 0.0296875 0.0395833
0 0.673437 0.909375 0.028125 0.0354167
0 0.411719 0.694792 0.0328125 0.0395833
0 0.0867188 0.420833 0.0296875 0.0375
1 0.971875 0.572917 0.05625 0.0833333
0 0.322656 0.932292 0.0296875 0.0395833
0 0.782031 0.109375 0.0328125 0.04375
0 0.860156 0.361458 0.0296875 0.04375
0 0.223438 0.335417 0.034375 0.0458333
0 0.649219 0.090625 0.0296875 0.0354167
0 0.534375 0.0104167 0.034375 0.0208333
0 0.873438 0.765625 0.028125 0.0395833
0 0.511719 0.0625 0.0296875 0.0375
0 0.153125 0.646875 0.03125 0.0395833
0 0.289062 0.340625 0.028125 0.0395833
0 0.439844 0.4125 0.0296875 0.0375
0 0.621875 0.2875 0.028125 0.0416667
0 0.610156 0.417708 0.0296875 0.0395833
0 0.771094 0.666667 0.0328125 0.0375
0 0.0710938 0.309375 0.0296875 0.0395833
0 0.165625 0.472917 0.03125 0.0416667
0 0.428125 0.621875 0.03125 0.0395833
0 0.747656 0.111458 0.0421875 0.0604167
0 0.829687 0.317708 0.03125 0.0395833
0 0.389062 0.445833 0.03125 0.0416667
0 0.0453125 0.5375 0.040625 0.05
0 0.0320312 0.6125 0.0359375 0.0458333
0 0.059375 0.053125 0.034375 0.0479167
0 0.808594 0.725 0.0359375 0.05
0 0.266406 0.897917 0.0390625 0.0541667
0 0.908594 0.0177083 0.0328125 0.0354167
0 0.48125 0.0635417 0.028125 0.0395833
0 0.972656 0.0833333 0.0328125 0.0458333
0 0.125781 0.219792 0.0328125 0.0479167
0 0.919531 0.476042 0.0328125 0.04375
0 0.0179687 0.957292 0.0265625 0.0395833
0 0.153125 0.38125 0.034375 0.0416667
0 0.785156 0.272917 0.0328125 0.0458333
0 0.6375 0.560417 0.0375 0.0458333
0 0.766406 0.229167 0.0328125 0.0416667
0 0.739844 0.059375 0.0328125 0.04375
0 0.0710938 0.89375 0.0390625 0.0458333
0 0.913281 0.260417 0.0421875 0.0541667
0 0.196094 0.211458 0.0328125 0.04375
