0 0.427344 0.486458 0.0421875 0.0604167
0 0.642187 0.00833333 0.034375 0.0166667
0 0.45 0.684375 0.04375 0.05625
0 0.498437 0.988542 0.0375 0.01875
0 0.485938 0.402083 0.025 0.0333333
0 0.245312 0.678125 0.034375 0.0479167
0 0.338281 0.908333 0.0328125 0.0458333
0 0.753125 0.471875 0.03125 0.0395833
0 0.552344 0.39375 0.0328125 0.05
0 0.503125 0.392708 0.028125 0.0354167
0 0.678906 0.522917 0.0421875 0.0541667
0 0.355469 0.4375 0.0390625 0.0458333
0 0.608594 0.0291667 0.0296875 0.0375
0 0.991406 0.0177083 0.0171875 0.03125
0 0.617969 0.603125 0.0296875 0.0395833
0 0.40625 0.895833 0.028125 0.0375
0 0.896875 0.509375 0.04375 0.05625
0 0.0078125 0.29375 0.015625 0.0416667
0 0.64375 0.245833 0.040625 0.0541667
0 0.311719 0.471875 0.0234375 0.03125
0 0.652344 0.652083 0.0265625 0.0416667
0 0.989062 0.589583 0.021875 0.0416667
0 0.479688 0.435417 0.028125 0.0333333
0 0.39375 0.240625 0.025 0.0354167
0 0.985937 0.625 0.025 0.0375
0 0.0515625 0.770833 0.025 0.0291667
0 0.142188 0.172917 0.025 0.0416667
0 0.14375 0.367708 0.034375 0.0520833
0 0.326562 0.0708333 0.025 0.0333333
0 0.69375 0.464583 0.0375 0.0458333
0 0.398438 0.8625 0.03125 0.0375
0 0.275 0.982292 0.0375 0.03125
0 0.992188 0.661458 0.015625 0.0354167
0 0.472656 0.252083 0.0265625 0.0333333
0 0.334375 0.460417 0.025 0.0291667
0 0.661719 0.858333 0.0296875 0.0416667
0 0.497656 0.58125 0.0265625 0.0333333
0 0.6375 0.914583 0.03125 0.0416667
0 0.685156 0.917708 0.0265625 0.03125
0 0.364062 0.0895833 0.03125 0.0458333
0 0.09375 0.0416667 0.05 0.0583333
0 0.714063 0.939583 0.028125 0.0375
0 0.0992187 0.554167 0.0296875 0.0375
0 0.857031 0.4375 0.0421875 0.0541667
0 0.460938 0.15 0.028125 0.0375
0 0.982813 0.539583 0.028125 0.0333333
0 0.155469 0.040625 0.0421875 0.05625
0 0.110156 0.638542 0.0359375 0.0479167
0 0.273438 0.861458 0.025 0.0354167
0 0.219531 0.728125 0.0328125 0.04375
0 0.278906 0.713542 0.0359375 0.0479167
0 0.804688 0.939583 0.03125 0.0416667
0 0.1625 0.969792 0.0375 0.0520833
0 0.307813 0.0572917 0.04375 0.05625
0 0.6125 0.757292 0.028125 0.0354167
0 0.13125 0.160417 0.025 0.0375
0 0.338281 0.0260417 0.0265625 0.03125
0 0.0546875 0.065625 0.028125 0.0395833
0 0.883594 0.323958 0.0265625 0.0354167
0 0.119531 0.423958 0.0296875 0.0354167
0 0.579687 0.204167 0.03125 0.0416667
0 0.539844 0.486458 0.0296875 0.0354167
0 0.896094 0.854167 0.0328125 0.0416667
0 0.448438 0.191667 0.0375 0.05
0 0.360156 0.886458 0.0328125 0.0479167
0 0.241406 0.0416667 0.0359375 0.0416667
0 0.307813 0.632292 0.028125 0.0395833
0 0.688281 0.660417 0.0328125 0.0416667
0 0.755469 0.6125 0.0296875 0.0458333
0 0.367188 0.1375 0.0375 0.05
0 0.286719 0.55625 0.0328125 0.0416667
0 0.734375 0.434375 0.025 0.03125
0 0.479688 0.895833 0.034375 0.0458333
0 0.442187 0.946875 0.028125 0.0395833
0 0.807813 0.264583 0.03125 0.0458333
0 0.358594 0.929167 0.0265625 0.0333333
0 0.846094 0.325 0.0296875 0.0333333
0 0.567969 0.144792 0.0359375 0.04375
0 0.163281 0.302083 0.0359375 0.0541667
0 0.115625 0.609375 0.03125 0.0395833
0 0.594531 0.682292 0.0328125 0.0520833
0 0.7375 0.908333 0.03125 0.0416667
0 0.729688 0.236458 0.034375 0.04375
0 0.302344 0.146875 0.0328125 0.0479167
0 0.0242187 0.398958 0.0359375 0.0479167
0 0.777344 0.339583 0.0296875 0.0416667
0 0.25 0.258333 0.0375 0.05
0 0.519531 0.94375 0.0328125 0.0416667
0 0.415625 0.0239583 0.0375 0.04375
0 0.371094 0.223958 0.0296875 0.0354167
0 0.078125 0.14375 0.034375 0.0458333
0 0.141406 0.126042 0.0328125 0.04375
0 0.528125 0.588542 0.040625 0.0479167
0 0.509375 0.353125 0.040625 0.05625
