0 0.645312 0.00729167 0.03125 0.0145833
0 0.2375 0.684375 0.0375 0.0479167
0 0.704687 0.458333 0.028125 0.0375
0 0.990625 0.01875 0.01875 0.0375
0 0.60625 0.028125 0.03125 0.0395833
0 0.549219 0.161458 0.0296875 0.03125
0 0.139844 0.182292 0.0265625 0.04375
0 0.899219 0.511458 0.0453125 0.05625
0 0.616406 0.611458 0.0328125 0.0479167
0 0.739844 0.646875 0.0421875 0.0604167
0 0.308594 0.059375 0.0421875 0.05625
0 0.358594 0.738542 0.0234375 0.0354167
0 0.685156 0.920833 0.0265625 0.0333333
0 0.311719 0.471875 0.0234375 0.03125
0 0.338281 0.0322917 0.0265625 0.0354167
0 0.425781 0.486458 0.0421875 0.0604167
0 0.654688 0.646875 0.025 0.0395833
0 0.475781 0.225 0.0296875 0.0333333
0 0.321875 0.0395833 0.028125 0.0458333
0 0.98125 0.539583 0.03125 0.0375
0 0.353906 0.439583 0.0390625 0.05
0 0.469531 0.25 0.0234375 0.0333333
0 0.696094 0.684375 0.0265625 0.0354167
0 0.0507812 0.767708 0.0234375 0.03125
0 0.986719 0.625 0.0234375 0.0375
0 0.478906 0.435417 0.0296875 0.0375
0 0.163281 0.69375 0.0265625 0.0333333
0 0.277344 0.719792 0.0328125 0.0479167
0 0.692187 0.463542 0.0375 0.04375
0 0.49375 0.835417 0.025 0.0333333
0 0.489844 0.258333 0.0265625 0.0333333
0 0.45 0.68125 0.046875 0.0583333
0 0.992188 0.6625 0.015625 0.0375
0 0.85625 0.435417 0.040625 0.0541667
0 0.361719 0.090625 0.0328125 0.04375
0 0.09375 0.0604167 0.053125 0.0708333
0 0.144531 0.367708 0.0359375 0.0520833
0 0.714063 0.940625 0.028125 0.0395833
0 0.4 0.861458 0.03125 0.0354167
0 0.142969 0.164583 0.0265625 0.0375
0 0.271094 0.5625 0.0328125 0.0416667
0 0.988281 0.589583 0.0234375 0.0416667
0 0.403906 0.898958 0.0296875 0.0354167
0 0.333594 0.459375 0.0234375 0.03125
0 0.359375 0.884375 0.034375 0.04375
0 0.0953125 0.554167 0.028125 0.0375
0 0.45 0.1875 0.0375 0.0458333
0 0.650781 0.858333 0.0359375 0.0458333
0 0.354688 0.140625 0.025 0.0354167
0 0.111719 0.608333 0.0296875 0.0333333
0 0.303906 0.633333 0.0265625 0.0375
0 0.273438 0.983333 0.0375 0.0333333
0 0.1625 0.96875 0.034375 0.0458333
0 0.739844 0.421875 0.0234375 0.03125
0 0.0539063 0.0666667 0.0265625 0.0375
0 0.36875 0.134375 0.03125 0.04375
0 0.154687 0.0416667 0.0375 0.05
0 0.805469 0.941667 0.0328125 0.0458333
0 0.64375 0.244792 0.040625 0.0520833
0 0.810156 0.2625 0.0328125 0.0458333
0 0.117969 0.423958 0.0296875 0.0354167
0 0.4125 0.172917 0.028125 0.0333333
0 0.108594 0.638542 0.0359375 0.0479167
0 0.639844 0.905208 0.0296875 0.0354167
0 0.895312 0.854167 0.0375 0.0416667
0 0.6125 0.755208 0.028125 0.0354167
0 0.410156 0.0270833 0.0328125 0.0416667
0 0.26875 0.923958 0.025 0.03125
0 0.774219 0.272917 0.0265625 0.0375
0 0.59375 0.677083 0.034375 0.05
0 0.13125 0.160417 0.025 0.0375
0 0.39375 0.233333 0.028125 0.0375
0 0.303125 0.152083 0.03125 0.0416667
0 0.549219 0.173958 0.0296875 0.0395833
0 0.736719 0.907292 0.0328125 0.04375
0 0.502344 0.633333 0.0296875 0.0416667
0 0.358594 0.93125 0.0265625 0.0333333
0 0.241406 0.0427083 0.0328125 0.0395833
0 0.658594 0.590625 0.0328125 0.04375
0 0.540625 0.444792 0.034375 0.04375
0 0.496875 0.972917 0.03125 0.0416667
0 0.271094 0.238542 0.0328125 0.04375
0 0.849219 0.325 0.0359375 0.0375
0 0.603906 0.551042 0.0328125 0.04375
0 0.545313 0.0635417 0.03125 0.0395833
0 0.505469 0.354167 0.0359375 0.05
0 0.078125 0.145833 0.034375 0.0458333
0 0.44375 0.941667 0.03125 0.0416667
0 0.144531 0.121875 0.0328125 0.04375
0 0.164844 0.3 0.0359375 0.05
0 0.36875 0.222917 0.03125 0.0375
0 0.021875 0.398958 0.040625 0.0520833
0 0.527344 0.588542 0.0390625 0.0479167
