0 0.850781 0.560417 0.0390625 0.0541667
0 0.990625 0.0114583 0.01875 0.0229167
0 0.951563 0.0291667 0.03125 0.0375
1 0.482812 0.0927083 0.046875 0.05625
0 0.0046875 0.305208 0.009375 0.0395833
0 0.970312 0.0260417 0.028125 0.03125
0 0.227344 0.190625 0.0234375 0.0354167
0 0.961719 0.0104167 0.0328125 0.0208333
0 0.561719 0.729167 0.0296875 0.0375
0 0.160156 0.622917 0.0296875 0.0375
0 0.450781 0.51875 0.0359375 0.0458333
0 0.58125 0.417708 0.03125 0.04375
0 0.975781 0.373958 0.0234375 0.0270833
0 0.914062 0.301042 0.028125 0.04375
1 0.964844 0.028125 0.0671875 0.05625
0 0.2 0.35 0.028125 0.0375
0 0.188281 0.14375 0.0265625 0.0375
0 0.78125 0.126042 0.025 0.0395833
0 0.890625 0.610417 0.028125 0.0333333
0 0.79375 0.009375 0.025 0.01875
0 0.479688 0.0979167 0.021875 0.0291667
1 0.970312 0.578125 0.059375 0.0895833
0 0.117188 0.448958 0.0375 0.0479167
0 0.364844 0.783333 0.0234375 0.0333333
0 0.0835937 0.41875 0.0265625 0.0333333
0 0.210156 0.470833 0.0265625 0.0333333
0 0.25625 0.846875 0.0375 0.04375
0 0.211719 0.5125 0.0265625 0.0333333
0 0.903125 0.747917 0.028125 0.0375
0 0.0257812 0.717708 0.0296875 0.0395833
0 0.163281 0.0104167 0.0296875 0.0208333
0 0.489844 0.090625 0.0234375 0.03125
0 0.00859375 0.505208 0.0171875 0.0395833
0 0.225 0.334375 0.034375 0.04375
0 0.291406 0.347917 0.0296875 0.0375
0 0.913281 0.0135417 0.0296875 0.0270833
0 0.835156 0.49375 0.0296875 0.0375
0 0.15 0.383333 0.0375 0.0458333
0 0.9125 0.276042 0.034375 0.0520833
0 0.192969 0.0208333 0.0296875 0.0333333
0 0.15 0.648958 0.028125 0.0354167
0 0.720312 0.613542 0.028125 0.0395833
0 0.461719 0.926042 0.0328125 0.04375
0 0.0765625 0.839583 0.028125 0.0375
0 0.764063 0.254167 0.028125 0.0375
0 0.704687 0.473958 0.034375 0.0395833
0 0.0632813 0.897917 0.0359375 0.0458333
0 0.732813 0.246875 0.028125 0.0395833
0 0.775 0.678125 0.03125 0.0395833
0 0.330469 0.946875 0.0296875 0.0395833
0 0.265625 0.179167 0.028125 0.0333333
0 0.134375 0.241667 0.025 0.0333333
0 0.873438 0.764583 0.028125 0.0416667
0 0.575781 0.6375 0.0296875 0.0375
0 0.0484375 0.2875 0.03125 0.0416667
0 0.0726563 0.25 0.0265625 0.0375
0 0.957812 0.0833333 0.028125 0.0416667
0 0.0921875 0.219792 0.03125 0.04375
0 0.885156 0.220833 0.0265625 0.0375
0 0.796094 0.904167 0.0328125 0.0416667
0 0.264844 0.896875 0.0359375 0.0520833
0 0.535937 0.01875 0.0375 0.0375
0 0.627344 0.30625 0.0265625 0.0416667
0 0.775781 0.277083 0.0328125 0.0416667
0 0.657031 0.126042 0.0296875 0.0395833
0 0.432813 0.639583 0.03125 0.0375
0 0.788281 0.191667 0.0296875 0.0375
0 0.147656 0.702083 0.0328125 0.0416667
0 0.58125 0.104167 0.034375 0.0416667
0 0.642187 0.576042 0.040625 0.0520833
0 0.7375 0.129167 0.0375 0.0541667
