0 0.210156 0.865625 0.0265625 0.0270833
0 0.489062 0.127083 0.046875 0.0583333
0 0.857031 0.436458 0.0359375 0.0520833
0 0.503125 0.404167 0.025 0.0333333
0 0.139844 0.182292 0.0265625 0.04375
0 0.861719 0.333333 0.0296875 0.0375
0 0.647656 0.86875 0.0328125 0.0375
0 0.403906 0.897917 0.0296875 0.0333333
0 0.897656 0.510417 0.0421875 0.0583333
0 0.645312 0.00729167 0.03125 0.0145833
0 0.471875 0.25 0.028125 0.0375
0 0.653906 0.651042 0.0234375 0.0395833
0 0.991406 0.01875 0.0171875 0.0375
0 0.478906 0.436458 0.0296875 0.0354167
0 0.607031 0.028125 0.0296875 0.0354167
0 0.3625 0.090625 0.034375 0.0479167
0 0.685156 0.919792 0.0265625 0.03125
0 0.610156 0.609375 0.0296875 0.0395833
0 0.3125 0.472917 0.025 0.0333333
0 0.550781 0.394792 0.0328125 0.0520833
0 0.277344 0.558333 0.0359375 0.05
0 0.00703125 0.292708 0.0140625 0.0395833
0 0.4875 0.258333 0.034375 0.0416667
0 0.49375 0.833333 0.025 0.0333333
0 0.70625 0.657292 0.025 0.03125
0 0.278125 0.721875 0.03125 0.04375
0 0.0960938 0.555208 0.0265625 0.0354167
0 0.450781 0.68125 0.0453125 0.0583333
0 0.713281 0.940625 0.0265625 0.0354167
0 0.321875 0.0447917 0.028125 0.0395833
0 0.353906 0.4375 0.0390625 0.0458333
0 0.986719 0.625 0.0234375 0.0416667
0 0.982031 0.540625 0.0265625 0.0354167
0 0.425 0.486458 0.04375 0.0645833
0 0.992188 0.6625 0.015625 0.0375
0 0.0507812 0.767708 0.0234375 0.03125
0 0.692969 0.463542 0.0359375 0.04375
0 0.0929687 0.0416667 0.0484375 0.0541667
0 0.339063 0.028125 0.028125 0.03125
0 0.664062 0.608333 0.028125 0.0375
0 0.988281 0.589583 0.0234375 0.0416667
0 0.478125 0.226042 0.03125 0.0395833
0 0.608594 0.557292 0.0328125 0.0395833
0 0.142969 0.165625 0.0265625 0.0395833
0 0.14375 0.367708 0.034375 0.0520833
0 0.334375 0.459375 0.025 0.03125
0 0.1125 0.610417 0.03125 0.0375
0 0.535156 0.0916667 0.0390625 0.05
0 0.4 0.861458 0.03125 0.0354167
0 0.7375 0.645833 0.040625 0.05
0 0.763281 0.285417 0.0328125 0.0416667
0 0.359375 0.884375 0.034375 0.0479167
0 0.308594 0.0604167 0.0421875 0.0583333
0 0.303125 0.632292 0.028125 0.0395833
0 0.1625 0.96875 0.0375 0.05
0 0.0539063 0.0677083 0.0265625 0.0354167
0 0.357031 0.142708 0.0265625 0.0354167
0 0.639844 0.905208 0.0296875 0.0354167
0 0.895312 0.854167 0.034375 0.0416667
0 0.182812 0.691667 0.028125 0.0333333
0 0.120312 0.425 0.028125 0.0333333
0 0.45 0.186458 0.0375 0.0479167
0 0.469531 0.935417 0.0265625 0.0375
0 0.64375 0.245833 0.0375 0.05
0 0.272656 0.983333 0.0390625 0.0333333
0 0.414062 0.160417 0.028125 0.0333333
0 0.490625 0.958333 0.03125 0.0416667
0 0.391406 0.234375 0.0265625 0.0354167
0 0.6125 0.75625 0.028125 0.0333333
0 0.369531 0.132292 0.0328125 0.04375
0 0.440625 0.944792 0.03125 0.0395833
0 0.804688 0.941667 0.034375 0.0458333
0 0.594531 0.679167 0.0359375 0.0541667
0 0.283594 0.914583 0.0265625 0.0375
0 0.303906 0.153125 0.0328125 0.04375
0 0.155469 0.0416667 0.0390625 0.05
0 0.107813 0.6375 0.0375 0.05
0 0.846094 0.325 0.0359375 0.0375
0 0.410937 0.0260417 0.034375 0.0395833
0 0.810156 0.261458 0.0328125 0.0479167
0 0.358594 0.93125 0.0265625 0.0333333
0 0.13125 0.160417 0.025 0.0375
0 0.505469 0.355208 0.0390625 0.0520833
0 0.732031 0.434375 0.0265625 0.0354167
0 0.555469 0.173958 0.0328125 0.0395833
0 0.144531 0.123958 0.0328125 0.04375
0 0.736719 0.907292 0.0328125 0.04375
0 0.495313 0.620833 0.034375 0.0458333
0 0.0789063 0.145833 0.0328125 0.0458333
0 0.367969 0.225 0.0296875 0.0375
0 0.164062 0.298958 0.034375 0.0520833
0 0.260938 0.226042 0.034375 0.0479167
0 0.548437 0.458333 0.03125 0.0416667
0 0.241406 0.0416667 0.0328125 0.0416667
0 0.528125 0.588542 0.0375 0.04375
0 0.0234375 0.398958 0.0375 0.0479167
