0 0.0984375 0.0583333 0.05625 0.0708333
0 0.678125 0.520833 0.04375 0.0541667
0 0.976562 0.284375 0.025 0.03125
0 0.342969 0.913542 0.0296875 0.0395833
0 0.479688 0.1125 0.028125 0.0416667
0 0.614844 0.0270833 0.0328125 0.0375
0 0.358594 0.440625 0.0390625 0.0520833
0 0.755469 0.46875 0.0296875 0.0416667
0 0.300781 0.078125 0.0328125 0.04375
0 0.207813 0.954167 0.034375 0.0416667
0 0.942969 0.405208 0.0390625 0.0520833
0 0.140625 0.182292 0.028125 0.0395833
0 0.492188 0.778125 0.03125 0.04375
0 0.635156 0.227083 0.0296875 0.0375
0 0.898438 0.509375 0.04375 0.05625
0 0.651563 0.647917 0.03125 0.05
0 0.986719 0.623958 0.0234375 0.0395833
0 0.433594 0.485417 0.0453125 0.0583333
0 0.984375 0.541667 0.025 0.0375
0 0.509375 0.382292 0.025 0.0354167
0 0.800781 0.555208 0.0234375 0.0354167
0 0.153125 0.361458 0.034375 0.0479167
0 0.449219 0.68125 0.0453125 0.0583333
0 0.989844 0.5875 0.0203125 0.0416667
0 0.755469 0.773958 0.0296875 0.0395833
0 0.692187 0.915625 0.025 0.0354167
0 0.444531 0.285417 0.0296875 0.0375
0 0.335156 0.461458 0.0234375 0.0354167
0 0.142188 0.161458 0.028125 0.0395833
0 0.742188 0.635417 0.04375 0.0583333
0 0.0515625 0.770833 0.021875 0.0291667
0 0.503906 0.74375 0.0296875 0.0375
0 0.107813 0.553125 0.03125 0.0395833
0 0.124219 0.638542 0.0390625 0.0479167
0 0.410156 0.89375 0.0296875 0.0375
0 0.479688 0.513542 0.03125 0.0395833
0 0.308594 0.0583333 0.0390625 0.0583333
0 0.132031 0.158333 0.0234375 0.0375
1 0.482031 0.239583 0.0578125 0.0791667
0 0.357812 0.93125 0.028125 0.0333333
0 0.0960938 0.0395833 0.0421875 0.05
0 0.313281 0.471875 0.0234375 0.03125
0 0.396094 0.867708 0.0265625 0.0354167
0 0.697656 0.872917 0.0234375 0.0291667
0 0.396875 0.238542 0.028125 0.0395833
0 0.627344 0.677083 0.0484375 0.0708333
0 0.217187 0.286458 0.028125 0.0354167
0 0.992188 0.661458 0.015625 0.0354167
0 0.0117188 0.294792 0.0234375 0.04375
0 0.811719 0.264583 0.0359375 0.05
0 0.45 0.194792 0.0375 0.0479167
0 0.388281 0.164583 0.0265625 0.0375
0 0.640625 0.246875 0.03125 0.04375
0 0.367969 0.0885417 0.0328125 0.0479167
0 0.370313 0.134375 0.034375 0.0479167
0 0.154687 0.0416667 0.040625 0.0541667
0 0.125781 0.609375 0.0328125 0.0395833
0 0.717969 0.936458 0.0296875 0.0395833
0 0.339844 0.03125 0.0234375 0.0333333
0 0.582812 0.147917 0.028125 0.0375
0 0.789844 0.466667 0.0328125 0.0458333
0 0.305469 0.770833 0.0296875 0.0375
0 0.599219 0.680208 0.0328125 0.0520833
0 0.146875 0.117708 0.03125 0.04375
0 0.261719 0.738542 0.0265625 0.0354167
0 0.319531 0.632292 0.0296875 0.0395833
0 0.765625 0.473958 0.025 0.0354167
0 0.940625 0.309375 0.028125 0.0354167
0 0.628906 0.267708 0.0296875 0.0354167
0 0.171094 0.295833 0.0359375 0.0458333
0 0.361719 0.884375 0.0296875 0.04375
0 0.279687 0.984375 0.0375 0.03125
0 0.647656 0.930208 0.0296875 0.0395833
0 0.898438 0.85625 0.034375 0.0416667
0 0.671094 0.905208 0.0234375 0.03125
0 0.805469 0.9375 0.0328125 0.0458333
0 0.734375 0.432292 0.028125 0.0354167
0 0.8125 0.415625 0.03125 0.04375
0 0.05625 0.0625 0.028125 0.0375
0 0.610937 0.75625 0.028125 0.0375
0 0.13125 0.417708 0.028125 0.03125
0 0.696875 0.465625 0.0375 0.0479167
0 0.620313 0.56875 0.034375 0.0416667
0 0.165625 0.971875 0.0375 0.0479167
0 0.547656 0.497917 0.0328125 0.0458333
0 0.852344 0.321875 0.0328125 0.0354167
0 0.44375 0.95 0.03125 0.0416667
0 0.423438 0.0239583 0.0375 0.0395833
0 0.371094 0.217708 0.0328125 0.04375
0 0.744531 0.903125 0.0328125 0.04375
0 0.245312 0.040625 0.034375 0.0395833
0 0.303906 0.146875 0.0328125 0.04375
0 0.514063 0.354167 0.034375 0.0458333
0 0.797656 0.326042 0.0421875 0.0520833
0 0.028125 0.4 0.040625 0.05
0 0.0804688 0.142708 0.0359375 0.0479167
0 0.529688 0.588542 0.04375 0.05625
