0 0.921094 0.352083 0.0234375 0.0333333
2 0.09375 0.734375 0.025 0.03125
0 0.983594 0.0114583 0.0328125 0.0229167
0 0.291406 0.664583 0.0421875 0.0541667
0 0.953906 0.0239583 0.0328125 0.0354167
0 0.317969 0.80625 0.0359375 0.0458333
0 0.100781 0.988542 0.0453125 0.01875
0 0.121875 0.448958 0.040625 0.0479167
0 0.0929687 0.734375 0.0265625 0.0354167
0 0.854688 0.548958 0.034375 0.0479167
0 0.203906 0.495833 0.0265625 0.0416667
0 0.158594 0.610417 0.0359375 0.0458333
0 0.967188 0.0114583 0.0375 0.0229167
0 0.226562 0.336458 0.0375 0.0479167
0 0.25625 0.834375 0.040625 0.0520833
0 0.891406 0.605208 0.0296875 0.0395833
0 0.201562 0.35 0.03125 0.0416667
0 0.978906 0.363542 0.0234375 0.03125
0 0.411719 0.3125 0.0296875 0.0375
0 0.440625 0.502083 0.034375 0.0458333
0 0.228906 0.180208 0.0265625 0.0354167
1 0.971094 0.576042 0.0578125 0.0895833
0 0.802344 0.298958 0.0296875 0.0354167
0 0.785156 0.85 0.0265625 0.0375
0 0.579687 0.983333 0.034375 0.0333333
0 0.0851562 0.420833 0.0296875 0.0375
0 0.164062 0.0114583 0.034375 0.0229167
0 0.914062 0.0166667 0.03125 0.0333333
0 0.742969 0.952083 0.0328125 0.0458333
0 0.603906 0.504167 0.0390625 0.05
0 0.772656 0.667708 0.0296875 0.0354167
0 0.199219 0.153125 0.0328125 0.0479167
0 0.699219 0.903125 0.0328125 0.04375
0 0.914844 0.411458 0.0265625 0.0354167
0 0.535937 0.0125 0.034375 0.025
0 0.635156 0.4375 0.0296875 0.0375
0 0.872656 0.764583 0.0265625 0.0375
0 0.0640625 0.113542 0.03125 0.04375
0 0.50625 0.0645833 0.028125 0.0375
0 0.434375 0.676042 0.03125 0.0395833
0 0.403906 0.353125 0.0296875 0.0395833
0 0.216406 0.511458 0.0296875 0.0395833
0 0.908594 0.382292 0.0265625 0.0354167
0 0.897656 0.733333 0.0265625 0.0375
0 0.58125 0.398958 0.034375 0.0479167
0 0.561719 0.722917 0.0328125 0.0416667
0 0.497656 0.942708 0.0296875 0.0395833
0 0.071875 0.291667 0.03125 0.0416667
0 0.116406 0.544792 0.0296875 0.0395833
0 0.339063 0.451042 0.034375 0.04375
0 0.153125 0.648958 0.03125 0.0395833
0 0.0148437 0.589583 0.0296875 0.0416667
0 0.290625 0.342708 0.034375 0.04375
0 0.0335938 0.979167 0.0296875 0.0416667
0 0.43125 0.626042 0.03125 0.04375
0 0.483594 0.071875 0.0328125 0.04375
0 0.651563 0.0947917 0.03125 0.0395833
0 0.424219 0.775 0.0359375 0.05
0 0.0640625 0.576042 0.03125 0.0395833
0 0.705469 0.152083 0.0296875 0.0458333
0 0.779688 0.114583 0.028125 0.0416667
0 0.15 0.380208 0.034375 0.04375
0 0.0703125 0.894792 0.034375 0.0395833
0 0.639063 0.5625 0.040625 0.05
0 0.792188 0.144792 0.03125 0.0395833
0 0.626562 0.292708 0.03125 0.0479167
0 0.967969 0.0760417 0.0265625 0.03125
0 0.327344 0.938542 0.0296875 0.0395833
0 0.585156 0.0916667 0.0328125 0.0416667
0 0.183594 0.142708 0.0296875 0.04375
0 0.971094 0.101042 0.0296875 0.0354167
0 0.807813 0.73125 0.034375 0.0458333
0 0.125781 0.227083 0.0359375 0.0458333
0 0.746875 0.126042 0.040625 0.0604167
0 0.791406 0.278125 0.0328125 0.0395833
0 0.9125 0.263542 0.040625 0.05625
0 0.76875 0.239583 0.034375 0.0416667
0 0.267969 0.897917 0.0390625 0.0541667
0 0.144531 0.334375 0.0328125 0.0479167
