0 0.317969 0.805208 0.0328125 0.04375
0 0.028125 0.226042 0.025 0.0354167
0 0.0929687 0.732292 0.0234375 0.03125
0 0.782031 0.110417 0.0359375 0.0458333
0 0.121094 0.446875 0.0390625 0.0479167
0 0.891406 0.604167 0.0296875 0.0416667
0 0.155469 0.810417 0.0515625 0.0625
2 0.0304688 0.226042 0.0296875 0.0354167
0 0.25625 0.830208 0.040625 0.0479167
0 0.436719 0.495833 0.0265625 0.0375
0 0.834375 0.909375 0.028125 0.03125
0 0.896875 0.728125 0.025 0.0354167
0 0.158594 0.609375 0.0328125 0.04375
0 0.604688 0.505208 0.0375 0.0479167
0 0.228125 0.180208 0.025 0.0354167
0 0.954687 0.021875 0.03125 0.03125
0 0.409375 0.3 0.028125 0.0375
0 0.2 0.35 0.03125 0.0416667
0 0.988281 0.05 0.0234375 0.0375
0 0.853906 0.548958 0.0359375 0.0520833
0 0.185156 0.1375 0.0296875 0.0375
0 0.2125 0.510417 0.028125 0.0375
0 0.161719 0.0104167 0.0328125 0.0208333
0 0.203125 0.980208 0.03125 0.0354167
0 0.153125 0.383333 0.03125 0.0416667
0 0.323438 0.932292 0.03125 0.04375
0 0.674219 0.907292 0.0265625 0.0354167
0 0.428906 0.621875 0.0296875 0.0395833
0 0.453906 0.865625 0.0328125 0.04375
0 0.386719 0.444792 0.0296875 0.0395833
0 0.649219 0.0895833 0.0296875 0.0375
0 0.533594 0.0104167 0.0359375 0.0208333
0 0.510938 0.0625 0.028125 0.0375
0 0.053125 0.53125 0.034375 0.0458333
1 0.971875 0.572917 0.05625 0.0833333
0 0.873438 0.765625 0.028125 0.0395833
0 0.56875 0.873958 0.0375 0.04375
0 0.153125 0.647917 0.03125 0.0375
0 0.0734375 0.311458 0.03125 0.0395833
0 0.410156 0.689583 0.0296875 0.0375
0 0.169531 0.3625 0.0265625 0.0375
0 0.585938 0.0875 0.03125 0.0375
0 0.0859375 0.420833 0.028125 0.0375
0 0.0625 0.0614583 0.034375 0.04375
0 0.771094 0.666667 0.0328125 0.0375
0 0.610937 0.407292 0.03125 0.0395833
0 0.0171875 0.967708 0.034375 0.0479167
0 0.910156 0.021875 0.0328125 0.0354167
0 0.224219 0.336458 0.0359375 0.0479167
0 0.409375 0.7375 0.03125 0.0458333
0 0.289062 0.339583 0.028125 0.0416667
0 0.0328125 0.60625 0.03125 0.0416667
0 0.872656 0.342708 0.0328125 0.04375
0 0.764844 0.230208 0.0296875 0.0395833
0 0.921094 0.470833 0.0296875 0.0375
0 0.621875 0.288542 0.028125 0.04375
0 0.127344 0.220833 0.0296875 0.0416667
0 0.480469 0.0635417 0.0296875 0.0395833
0 0.785937 0.272917 0.034375 0.0458333
0 0.265625 0.897917 0.040625 0.0583333
0 0.166406 0.475 0.0328125 0.0416667
0 0.638281 0.559375 0.0359375 0.04375
0 0.971875 0.0822917 0.028125 0.04375
0 0.446875 0.421875 0.034375 0.04375
0 0.807813 0.725 0.034375 0.05
0 0.826563 0.326042 0.03125 0.0395833
0 0.0703125 0.892708 0.040625 0.0479167
0 0.739844 0.0614583 0.0328125 0.04375
0 0.9125 0.261458 0.04375 0.05625
0 0.196094 0.207292 0.0328125 0.04375
0 0.746875 0.113542 0.040625 0.05625
