0 0.209375 0.864583 0.028125 0.0291667
0 0.03125 0.207292 0.040625 0.05625
0 0.554688 0.39375 0.03125 0.0458333
0 0.939062 0.407292 0.040625 0.05625
0 0.800781 0.55625 0.0265625 0.0416667
0 0.899219 0.510417 0.0421875 0.0541667
0 0.613281 0.028125 0.0296875 0.0395833
0 0.357812 0.439583 0.0375 0.05
0 0.00546875 0.403125 0.0109375 0.0395833
0 0.285156 0.707292 0.0359375 0.0479167
0 0.976562 0.288542 0.025 0.0354167
0 0.478125 0.1125 0.025 0.0375
0 0.9875 0.622917 0.021875 0.0375
0 0.458594 0.286458 0.0328125 0.04375
0 0.152344 0.361458 0.0359375 0.0479167
0 0.495313 0.125 0.04375 0.0541667
0 0.096875 0.0583333 0.053125 0.0666667
1 0.480469 0.242708 0.0578125 0.0854167
0 0.476562 0.222917 0.03125 0.0416667
0 0.20625 0.954167 0.028125 0.0416667
0 0.652344 0.65 0.0296875 0.05
0 0.341406 0.911458 0.0328125 0.04375
0 0.471875 0.25 0.028125 0.0375
0 0.480469 0.436458 0.0296875 0.0354167
0 0.277344 0.555208 0.0328125 0.0479167
0 0.990625 0.586458 0.01875 0.04375
0 0.359375 0.739583 0.021875 0.0291667
0 0.36875 0.134375 0.03125 0.04375
0 0.3125 0.471875 0.021875 0.03125
0 0.983594 0.540625 0.0265625 0.0395833
0 0.155469 0.040625 0.0390625 0.0520833
0 0.689844 0.915625 0.0234375 0.03125
0 0.751562 0.473958 0.025 0.03125
0 0.104687 0.554167 0.03125 0.0416667
0 0.627344 0.677083 0.0484375 0.0708333
0 0.367188 0.090625 0.03125 0.0479167
0 0.744531 0.635417 0.0453125 0.0625
0 0.45 0.682292 0.046875 0.0604167
0 0.142188 0.171875 0.028125 0.0479167
0 0.39375 0.240625 0.028125 0.0395833
0 0.717188 0.936458 0.028125 0.0354167
0 0.121094 0.609375 0.0328125 0.0354167
0 0.13125 0.159375 0.021875 0.0395833
0 0.245312 0.679167 0.040625 0.05
0 0.0117188 0.29375 0.0234375 0.0416667
0 0.992188 0.660417 0.015625 0.0333333
0 0.491406 0.51875 0.0328125 0.0416667
0 0.309375 0.0572917 0.04375 0.0604167
0 0.429688 0.484375 0.04375 0.0645833
0 0.657812 0.93125 0.025 0.0375
0 0.7 0.876042 0.028125 0.0354167
0 0.360156 0.886458 0.0296875 0.04375
0 0.0515625 0.769792 0.025 0.03125
0 0.11875 0.639583 0.0375 0.0458333
0 0.335156 0.460417 0.0234375 0.0333333
0 0.409375 0.894792 0.028125 0.0354167
0 0.317969 0.0822917 0.0265625 0.0354167
0 0.317187 0.634375 0.028125 0.0395833
0 0.357812 0.930208 0.028125 0.0354167
0 0.93125 0.319792 0.028125 0.0354167
0 0.766406 0.475 0.0234375 0.0291667
0 0.617188 0.244792 0.0375 0.0479167
0 0.733594 0.752083 0.0265625 0.0333333
0 0.694531 0.467708 0.0390625 0.04375
0 0.264844 0.763542 0.0265625 0.0354167
0 0.278906 0.982292 0.0359375 0.03125
0 0.553906 0.161458 0.0328125 0.04375
0 0.396094 0.867708 0.0265625 0.0354167
0 0.389062 0.159375 0.028125 0.0354167
0 0.128906 0.41875 0.0265625 0.0333333
0 0.785937 0.30625 0.03125 0.0416667
0 0.639844 0.253125 0.0390625 0.0520833
0 0.620313 0.572917 0.0375 0.0458333
0 0.753906 0.444792 0.0234375 0.03125
0 0.804688 0.9375 0.034375 0.0458333
0 0.810938 0.264583 0.0375 0.05
0 0.220313 0.320833 0.028125 0.0375
0 0.897656 0.857292 0.0359375 0.04375
0 0.295312 0.767708 0.03125 0.0395833
0 0.644531 0.929167 0.0296875 0.0375
0 0.794531 0.46875 0.0265625 0.0375
0 0.610937 0.757292 0.028125 0.03125
0 0.0976562 0.0395833 0.0421875 0.05
0 0.303125 0.147917 0.03125 0.0416667
0 0.739844 0.904167 0.0296875 0.0416667
0 0.529688 0.5 0.03125 0.0416667
0 0.05625 0.0625 0.028125 0.0375
0 0.340625 0.0333333 0.025 0.0333333
0 0.50625 0.808333 0.03125 0.0416667
0 0.165625 0.970833 0.0375 0.05
0 0.16875 0.294792 0.034375 0.0479167
0 0.448438 0.195833 0.0375 0.05
0 0.0273438 0.401042 0.0421875 0.0520833
0 0.442969 0.948958 0.0296875 0.04375
0 0.788281 0.438542 0.0328125 0.04375
0 0.851562 0.322917 0.034375 0.0375
0 0.596094 0.683333 0.0328125 0.05
0 0.242969 0.0416667 0.0359375 0.0458333
0 0.492969 0.778125 0.0296875 0.0395833
0 0.421875 0.0229167 0.0375 0.0416667
0 0.371094 0.21875 0.0328125 0.0458333
0 0.141406 0.115625 0.0328125 0.04375
0 0.0796875 0.142708 0.0375 0.0479167
0 0.513281 0.353125 0.0359375 0.0479167
0 0.528906 0.5875 0.0421875 0.0541667
