0 0.248437 0.0270833 0.03125 0.0291667
0 0.761719 0.461458 0.0296875 0.0354167
0 0.621875 0.025 0.028125 0.0333333
0 0.488281 0.2625 0.0234375 0.0291667
0 0.989844 0.544792 0.0171875 0.03125
0 0.532812 0.575 0.03125 0.0291667
0 0.708594 0.4625 0.0296875 0.0375
0 0.357031 0.738542 0.0203125 0.03125
0 0.567969 0.398958 0.0328125 0.0479167
0 0.5125 0.380208 0.025 0.03125
0 0.145313 0.1625 0.028125 0.0375
1 0.480469 0.247917 0.0609375 0.075
0 0.371094 0.090625 0.0328125 0.0479167
0 0.504687 0.125 0.046875 0.0625
0 0.498437 0.39375 0.021875 0.0291667
0 0.154687 0.3625 0.034375 0.0458333
0 0.479688 0.221875 0.025 0.03125
0 0.421875 0.7375 0.025 0.0375
0 0.475781 0.254167 0.0234375 0.0291667
0 0.457031 0.190625 0.0359375 0.04375
0 0.209375 0.864583 0.03125 0.0375
0 0.642187 0.245833 0.034375 0.0458333
0 0.608594 0.458333 0.0328125 0.05
0 0.772656 0.472917 0.0234375 0.0291667
0 0.145313 0.178125 0.025 0.0354167
0 0.207031 0.953125 0.0359375 0.04375
0 0.615625 0.488542 0.028125 0.03125
0 0.134375 0.159375 0.025 0.03125
0 0.132031 0.636458 0.0328125 0.0395833
0 0.725781 0.934375 0.0296875 0.0395833
0 0.360938 0.441667 0.034375 0.05
0 0.435156 0.482292 0.0328125 0.0479167
0 0.821094 0.266667 0.0203125 0.0333333
0 0.4 0.236458 0.028125 0.0395833
0 0.421094 0.89375 0.0265625 0.0333333
0 0.682813 0.271875 0.028125 0.0395833
0 0.510938 0.571875 0.028125 0.0354167
0 0.315625 0.472917 0.021875 0.0291667
0 0.0507812 0.769792 0.0234375 0.03125
0 0.660937 0.954167 0.025 0.0333333
0 0.553906 0.713542 0.0296875 0.0395833
0 0.292969 0.709375 0.0328125 0.04375
0 0.829687 0.209375 0.028125 0.0395833
0 0.747656 0.639583 0.0421875 0.0583333
0 0.989062 0.621875 0.01875 0.0354167
0 0.0367187 0.396875 0.0328125 0.0395833
0 0.255469 0.682292 0.0390625 0.0479167
0 0.119531 0.55 0.0296875 0.0375
0 0.991406 0.275 0.0171875 0.0333333
0 0.900781 0.510417 0.0421875 0.05
0 0.739062 0.866667 0.028125 0.0375
0 0.375781 0.135417 0.0359375 0.0458333
0 0.45 0.68125 0.040625 0.0541667
0 0.69375 0.916667 0.028125 0.0375
0 0.352344 0.913542 0.0296875 0.0395833
0 0.950781 0.419792 0.0390625 0.0520833
0 0.0210938 0.302083 0.0328125 0.0458333
0 0.540625 0.557292 0.025 0.03125
0 0.139844 0.4125 0.0265625 0.0333333
0 0.867188 0.433333 0.03125 0.0416667
0 0.70625 0.108333 0.028125 0.0291667
0 0.341406 0.461458 0.0234375 0.03125
0 0.288281 0.984375 0.0359375 0.0270833
0 0.103125 0.0604167 0.046875 0.0625
0 0.450781 0.953125 0.0265625 0.0395833
0 0.722656 0.377083 0.0296875 0.0333333
0 0.907031 0.85625 0.0359375 0.0458333
0 0.332031 0.63125 0.0265625 0.0333333
0 0.290625 0.546875 0.03125 0.04375
0 0.424219 0.335417 0.0328125 0.0416667
0 0.810156 0.936458 0.0296875 0.0395833
0 0.272656 0.610417 0.0296875 0.0375
0 0.74375 0.421875 0.025 0.03125
0 0.85625 0.319792 0.028125 0.03125
0 0.155469 0.0395833 0.0421875 0.0541667
0 0.251563 0.040625 0.034375 0.0395833
0 0.417188 0.213542 0.028125 0.0354167
0 0.375 0.221875 0.03125 0.0395833
0 0.171094 0.295833 0.0390625 0.0458333
0 0.752344 0.904167 0.0328125 0.0416667
0 0.0617188 0.059375 0.0234375 0.0354167
0 0.271094 0.114583 0.0296875 0.0333333
0 0.0851562 0.140625 0.0328125 0.04375
0 0.136719 0.608333 0.0296875 0.0375
0 0.779688 0.6 0.034375 0.05
0 0.146094 0.119792 0.0296875 0.0395833
0 0.3 0.136458 0.03125 0.0395833
0 0.880469 0.397917 0.0296875 0.0375
0 0.3625 0.8875 0.03125 0.0416667
0 0.525 0.355208 0.03125 0.0395833
0 0.742969 0.772917 0.0328125 0.0375
0 0.359375 0.933333 0.025 0.0333333
0 0.438281 0.44375 0.0296875 0.0333333
0 0.43125 0.0270833 0.034375 0.0416667
0 0.401563 0.870833 0.028125 0.0375
0 0.10625 0.0354167 0.0375 0.0458333
0 0.628125 0.565625 0.03125 0.04375
0 0.767187 0.957292 0.034375 0.0479167
0 0.171875 0.970833 0.040625 0.05
0 0.6125 0.757292 0.028125 0.0395833
0 0.53125 0.590625 0.03125 0.0354167
0 0.3375 0.0416667 0.03125 0.0375
