0 0.475781 0.116667 0.0421875 0.0583333
0 0.467969 0.989583 0.0390625 0.0166667
0 0.476562 0.439583 0.025 0.0291667
0 0.677344 0.523958 0.0453125 0.05625
0 0.653906 0.647917 0.0234375 0.0416667
0 0.299219 0.059375 0.0421875 0.05625
0 0.382812 0.897917 0.025 0.0375
0 0.89375 0.509375 0.04375 0.05625
0 0.797656 0.948958 0.0296875 0.04375
0 0.704687 0.461458 0.021875 0.0270833
0 0.991406 0.602083 0.0171875 0.0458333
0 0.253906 0.723958 0.0296875 0.0395833
0 0.607031 0.741667 0.0296875 0.0416667
0 0.477344 0.222917 0.0296875 0.0375
0 0.677344 0.936458 0.0234375 0.03125
0 0.798437 0.551042 0.025 0.03125
0 0.134375 0.178125 0.03125 0.0479167
0 0.353906 0.884375 0.0328125 0.04375
0 0.742969 0.636458 0.0421875 0.05625
0 0.985937 0.954167 0.028125 0.0625
0 0.535937 0.404167 0.040625 0.0541667
0 0.984375 0.592708 0.028125 0.04375
0 0.976562 0.541667 0.03125 0.0375
0 0.625781 0.883333 0.0328125 0.0416667
0 0.645312 0.0114583 0.03125 0.0229167
0 0.477344 0.38125 0.0296875 0.0416667
0 0.409375 0.496875 0.040625 0.05625
0 0.610937 0.771875 0.03125 0.04375
0 0.360156 0.138542 0.0328125 0.0395833
0 0.308594 0.471875 0.0234375 0.03125
0 0.427344 0.245833 0.0265625 0.0333333
0 0.389844 0.851042 0.0328125 0.04375
0 0.502344 0.847917 0.0296875 0.0416667
0 0.870313 0.85625 0.0375 0.0458333
0 0.282031 0.625 0.0265625 0.0375
0 0.155469 0.0458333 0.0390625 0.05
0 0.985156 0.0166667 0.0265625 0.0333333
0 0.347656 0.428125 0.0328125 0.0354167
0 0.142969 0.307292 0.0359375 0.0479167
0 0.0890625 0.148958 0.03125 0.04375
0 0.0523437 0.76875 0.0296875 0.0333333
0 0.74375 0.489583 0.021875 0.0291667
0 0.329688 0.458333 0.021875 0.0291667
0 0.138281 0.369792 0.0328125 0.0520833
0 0.0671875 0.552083 0.028125 0.0375
0 0.859375 0.863542 0.028125 0.0354167
0 0.560938 0.9 0.03125 0.0416667
0 0.147656 0.228125 0.0328125 0.04375
0 0.991406 0.66875 0.0171875 0.0333333
0 0.0140625 0.397917 0.028125 0.05
0 0.714844 0.405208 0.0296875 0.03125
0 0.0460938 0.071875 0.0296875 0.0395833
0 0.934375 0.714583 0.028125 0.0375
0 0.38125 0.24375 0.028125 0.0375
0 0.674219 0.465625 0.0359375 0.0479167
0 0.154687 0.972917 0.040625 0.05
0 0.084375 0.6375 0.0375 0.0458333
0 0.103906 0.41875 0.0265625 0.0333333
0 0.0820312 0.0583333 0.0515625 0.0708333
0 0.282031 0.796875 0.0265625 0.0354167
0 0.798437 0.263542 0.03125 0.04375
0 0.439844 0.191667 0.0421875 0.0541667
0 0.355469 0.927083 0.0265625 0.0333333
0 0.379687 0.146875 0.021875 0.0354167
0 0.436719 0.946875 0.0328125 0.0479167
0 0.822656 0.2125 0.0359375 0.0458333
0 0.141406 0.120833 0.0328125 0.0416667
0 0.0867188 0.611458 0.0328125 0.0395833
0 0.182812 0.94375 0.028125 0.0375
0 0.232812 0.154167 0.028125 0.0333333
0 0.709375 0.95 0.028125 0.0375
0 0.5375 0.261458 0.034375 0.0479167
0 0.655469 0.158333 0.0296875 0.0375
0 0.521875 0.909375 0.03125 0.0395833
0 0.448438 0.68125 0.04375 0.0541667
0 0.735937 0.422917 0.028125 0.0375
0 0.59375 0.685417 0.034375 0.0458333
0 0.632031 0.388542 0.0328125 0.0354167
0 0.588281 0.54375 0.0359375 0.05
0 0.589844 0.0291667 0.0328125 0.0416667
0 0.324219 0.902083 0.0390625 0.05
0 0.257031 0.545833 0.0328125 0.0458333
0 0.725781 0.9125 0.0296875 0.0416667
0 0.220313 0.0385417 0.034375 0.04375
0 0.0273438 0.207292 0.0453125 0.0604167
0 0.639063 0.241667 0.034375 0.0458333
0 0.315625 0.0166667 0.03125 0.0333333
0 0.304688 0.1625 0.034375 0.0416667
0 0.457031 0.021875 0.0328125 0.0354167
0 0.845312 0.314583 0.034375 0.0416667
0 0.379687 0.0208333 0.0375 0.0416667
0 0.452344 0.0395833 0.0296875 0.0375
0 0.360938 0.21875 0.034375 0.0458333
0 0.524219 0.5875 0.0390625 0.0458333
0 0.357812 0.0916667 0.034375 0.0458333
0 0.554688 0.142708 0.034375 0.0479167
0 0.0640625 0.138542 0.034375 0.0479167
0 0.257031 0.978125 0.0390625 0.04375
