0 0.677344 0.526042 0.0421875 0.0604167
0 0.270312 0.714583 0.034375 0.0458333
0 0.289062 0.75625 0.03125 0.0416667
0 0.635156 0.642708 0.0421875 0.0520833
0 0.714063 0.942708 0.028125 0.0395833
0 0.604688 0.028125 0.03125 0.0395833
0 0.683594 0.211458 0.0390625 0.0479167
0 0.854688 0.4375 0.034375 0.05
0 0.994531 0.425 0.0109375 0.0375
0 0.310937 0.457292 0.025 0.03125
0 0.676562 0.173958 0.025 0.0395833
0 0.235938 0.677083 0.0375 0.05
0 0.361719 0.0854167 0.0265625 0.0333333
0 0.358594 0.739583 0.0234375 0.0375
0 0.03125 0.20625 0.040625 0.0583333
0 0.355469 0.436458 0.0359375 0.04375
0 0.625781 0.68125 0.0390625 0.0583333
0 0.99375 0.9625 0.0125 0.0416667
0 0.859375 0.0885417 0.034375 0.0479167
0 0.485156 0.259375 0.0265625 0.03125
0 0.332031 0.028125 0.0265625 0.0354167
0 0.754687 0.483333 0.021875 0.0291667
0 0.484375 0.40625 0.025 0.0333333
0 0.685938 0.921875 0.025 0.03125
0 0.0820312 0.0458333 0.0390625 0.05
0 0.986719 0.626042 0.0203125 0.0395833
0 0.0515625 0.769792 0.025 0.03125
0 0.991406 0.0197917 0.0171875 0.0354167
0 0.333594 0.908333 0.0390625 0.05
0 0.653906 0.65 0.0265625 0.0458333
0 0.265625 0.551042 0.03125 0.04375
0 0.642969 0.244792 0.0359375 0.0479167
0 0.304688 0.059375 0.040625 0.0604167
0 0.141406 0.176042 0.0265625 0.04375
0 0.448438 0.68125 0.04375 0.0541667
0 0.471875 0.252083 0.025 0.0333333
0 0.645312 0.0104167 0.034375 0.0208333
0 0.478906 0.215625 0.0265625 0.0270833
0 0.49375 0.832292 0.025 0.0354167
0 0.0914062 0.55625 0.0296875 0.0375
0 0.365625 0.135417 0.034375 0.0458333
0 0.980469 0.539583 0.0296875 0.0333333
0 0.742188 0.477083 0.021875 0.0333333
0 0.989844 0.590625 0.0203125 0.04375
0 0.992969 0.661458 0.0140625 0.0354167
0 0.491406 0.114583 0.0421875 0.0541667
0 0.421094 0.491667 0.0453125 0.0625
0 0.3125 0.472917 0.025 0.0333333
0 0.826563 0.347917 0.028125 0.0333333
0 0.14375 0.36875 0.034375 0.05
0 0.289062 0.988542 0.025 0.0229167
0 0.333594 0.459375 0.0234375 0.03125
0 0.591406 0.673958 0.0359375 0.0479167
0 0.636719 0.9 0.0296875 0.0375
0 0.803125 0.945833 0.03125 0.0416667
0 0.357812 0.885417 0.0375 0.05
0 0.842969 0.322917 0.0296875 0.0291667
0 0.26875 0.982292 0.03125 0.03125
0 0.358594 0.103125 0.0296875 0.04375
0 0.447656 0.188542 0.0421875 0.0520833
0 0.297656 0.630208 0.0265625 0.0354167
0 0.347656 0.04375 0.0265625 0.0333333
0 0.892187 0.855208 0.03125 0.0395833
0 0.740625 0.439583 0.021875 0.0291667
0 0.510156 0.139583 0.0296875 0.0375
0 0.613281 0.75625 0.0265625 0.0333333
0 0.115625 0.422917 0.028125 0.0333333
0 0.420312 0.970833 0.028125 0.0333333
0 0.313281 0.229167 0.0265625 0.0375
0 0.107813 0.609375 0.03125 0.0354167
0 0.327344 0.188542 0.0265625 0.0354167
0 0.364844 0.220833 0.0328125 0.0416667
0 0.358594 0.929167 0.0265625 0.0333333
0 0.686719 0.464583 0.0328125 0.0416667
0 0.103125 0.696875 0.03125 0.0395833
0 0.0921875 0.0614583 0.053125 0.06875
0 0.160938 0.969792 0.0375 0.0479167
0 0.053125 0.0677083 0.03125 0.0395833
0 0.646875 0.778125 0.025 0.0354167
0 0.155469 0.0416667 0.0421875 0.0541667
0 0.101562 0.639583 0.034375 0.0458333
0 0.514844 0.225 0.0265625 0.0333333
0 0.535156 0.415625 0.0265625 0.0395833
0 0.895312 0.511458 0.040625 0.0520833
0 0.665625 0.172917 0.03125 0.0416667
0 0.403906 0.0302083 0.0328125 0.04375
0 0.336719 0.138542 0.0296875 0.0354167
0 0.302344 0.153125 0.0328125 0.0395833
0 0.13125 0.161458 0.025 0.0354167
0 0.396875 0.861458 0.03125 0.0395833
0 0.807031 0.264583 0.0328125 0.0458333
0 0.734375 0.90625 0.03125 0.0416667
0 0.441406 0.940625 0.0296875 0.0395833
0 0.392188 0.230208 0.028125 0.0395833
0 0.396875 0.9 0.028125 0.0333333
0 0.239063 0.0427083 0.03125 0.0395833
0 0.619531 0.871875 0.0328125 0.0395833
0 0.146875 0.120833 0.034375 0.0458333
0 0.0789063 0.146875 0.0359375 0.0479167
0 0.527344 0.588542 0.0390625 0.0479167
0 0.0203125 0.397917 0.0375 0.05
0 0.5125 0.959375 0.0375 0.0520833
0 0.598437 0.545833 0.040625 0.05
0 0.158594 0.30625 0.0359375 0.05
0 0.502344 0.360417 0.0390625 0.05
