0 0.121875 0.160417 0.025 0.0333333
0 0.203125 0.955208 0.034375 0.04375
1 0.813281 0.585417 0.0609375 0.0916667
0 0.385938 0.848958 0.03125 0.0354167
0 0.153906 0.0416667 0.0390625 0.05
0 0.741406 0.639583 0.0421875 0.0541667
0 0.990625 0.596875 0.01875 0.0479167
0 0.133594 0.163542 0.0328125 0.0395833
0 0.644531 0.646875 0.0328125 0.0479167
0 0.486719 0.909375 0.0296875 0.03125
0 0.675 0.939583 0.025 0.0333333
0 0.292188 0.0614583 0.04375 0.0604167
0 0.892187 0.510417 0.040625 0.0541667
0 0.644531 0.223958 0.0265625 0.0395833
0 0.472656 0.419792 0.0265625 0.0354167
0 0.448438 0.68125 0.046875 0.0583333
0 0.675 0.465625 0.040625 0.0520833
0 0.0125 0.164583 0.025 0.0375
0 0.075 0.04375 0.040625 0.0458333
0 0.795313 0.95 0.03125 0.0416667
0 0.992188 0.6625 0.015625 0.0375
0 0.738281 0.4875 0.0203125 0.025
0 0.346094 0.427083 0.0328125 0.0375
0 0.675781 0.523958 0.0484375 0.0604167
0 0.246875 0.541667 0.0375 0.0458333
0 0.438281 0.947917 0.0296875 0.0416667
0 0.622656 0.884375 0.0296875 0.0395833
0 0.475781 0.38125 0.0359375 0.05
0 0.0609375 0.553125 0.028125 0.0354167
0 0.100781 0.419792 0.0296875 0.0354167
0 0.08125 0.0645833 0.05 0.0666667
0 0.724219 0.911458 0.0296875 0.0395833
0 0.639844 0.015625 0.0421875 0.03125
0 0.0515625 0.769792 0.028125 0.03125
0 0.278125 0.625 0.028125 0.0375
0 0.725 0.476042 0.025 0.0354167
0 0.985156 0.015625 0.0265625 0.03125
0 0.1375 0.36875 0.034375 0.05
0 0.985937 0.959375 0.028125 0.05625
0 0.307813 0.471875 0.025 0.03125
0 0.182812 0.882292 0.025 0.0354167
0 0.360938 0.1375 0.03125 0.0416667
0 0.353906 0.928125 0.0265625 0.03125
0 0.328125 0.457292 0.021875 0.0270833
0 0.478906 0.222917 0.0296875 0.0375
0 0.815625 0.879167 0.03125 0.0416667
0 0.405469 0.503125 0.0421875 0.0604167
0 0.0132813 0.402083 0.0265625 0.05
0 0.974219 0.541667 0.0328125 0.0375
0 0.795313 0.263542 0.034375 0.04375
0 0.377344 0.894792 0.0265625 0.03125
0 0.492969 0.934375 0.0265625 0.03125
0 0.0414063 0.075 0.0265625 0.0375
0 0.5375 0.398958 0.040625 0.0604167
0 0.751562 0.395833 0.028125 0.0375
0 0.455469 0.259375 0.0296875 0.0354167
0 0.64375 0.357292 0.0375 0.0479167
0 0.0242187 0.20625 0.0421875 0.0583333
0 0.139062 0.308333 0.034375 0.0458333
0 0.585938 0.546875 0.0375 0.0520833
0 0.272656 0.934375 0.0296875 0.04375
0 0.635938 0.247917 0.03125 0.0416667
0 0.320312 0.0177083 0.03125 0.0354167
0 0.246875 0.755208 0.03125 0.0354167
0 0.434375 0.0197917 0.028125 0.03125
0 0.0820312 0.6125 0.0328125 0.0375
0 0.891406 0.735417 0.0328125 0.0458333
0 0.203906 0.314583 0.0328125 0.0416667
0 0.610937 0.803125 0.03125 0.04375
0 0.709375 0.951042 0.028125 0.0395833
0 0.216406 0.157292 0.0296875 0.0354167
0 0.255469 0.979167 0.0359375 0.0375
0 0.842969 0.316667 0.0296875 0.0375
0 0.372656 0.260417 0.0296875 0.0416667
0 0.375 0.170833 0.025 0.0375
0 0.796094 0.194792 0.0328125 0.04375
0 0.525 0.5875 0.04375 0.0541667
0 0.492188 0.880208 0.028125 0.0354167
0 0.144531 0.132292 0.0296875 0.0395833
0 0.0796875 0.641667 0.0375 0.0458333
0 0.444531 0.1875 0.0421875 0.0541667
0 0.6125 0.755208 0.028125 0.0354167
0 0.576563 0.1375 0.034375 0.0458333
0 0.307031 0.1625 0.0328125 0.0416667
0 0.0609375 0.142708 0.034375 0.04375
0 0.878125 0.855208 0.0375 0.0479167
0 0.582812 0.678125 0.0375 0.0479167
0 0.360938 0.215625 0.034375 0.0479167
0 0.153906 0.970833 0.0421875 0.05
0 0.566406 0.207292 0.0359375 0.0479167
0 0.375781 0.021875 0.0390625 0.04375
0 0.216406 0.0375 0.0328125 0.0416667
0 0.35625 0.09375 0.0375 0.05
