0 0.685938 0.919792 0.025 0.03125
0 0.472656 0.254167 0.0265625 0.0333333
0 0.620313 0.591667 0.034375 0.05
0 0.338281 0.907292 0.0328125 0.0479167
0 0.499219 0.988542 0.0359375 0.01875
0 0.334375 0.0291667 0.025 0.0291667
0 0.992188 0.0166667 0.015625 0.0291667
0 0.678906 0.522917 0.0421875 0.0541667
0 0.609375 0.028125 0.03125 0.0354167
0 0.24375 0.68125 0.0375 0.0541667
0 0.503906 0.392708 0.0265625 0.0354167
0 0.355469 0.4375 0.0390625 0.0458333
0 0.646875 0.244792 0.040625 0.0520833
0 0.475781 0.222917 0.0296875 0.0375
0 0.896875 0.509375 0.04375 0.0604167
0 0.144531 0.364583 0.0328125 0.05
0 0.394531 0.240625 0.0265625 0.0354167
0 0.49375 0.119792 0.04375 0.0520833
0 0.377344 0.142708 0.0296875 0.0354167
0 0.449219 0.68125 0.0421875 0.0541667
0 0.613281 0.560417 0.0328125 0.05
0 0.142188 0.172917 0.025 0.0416667
0 0.479688 0.434375 0.028125 0.0354167
0 0.985937 0.625 0.025 0.0375
0 0.85625 0.4375 0.040625 0.0541667
0 0.00703125 0.29375 0.0140625 0.0416667
0 0.323438 0.0708333 0.025 0.0375
0 0.0515625 0.769792 0.025 0.03125
0 0.989062 0.589583 0.021875 0.0416667
0 0.554688 0.391667 0.0375 0.0541667
0 0.653906 0.652083 0.0265625 0.0416667
0 0.3125 0.471875 0.025 0.03125
0 0.364844 0.0895833 0.0328125 0.0458333
0 0.222656 0.736458 0.0328125 0.0479167
0 0.335156 0.459375 0.0234375 0.03125
0 0.992969 0.661458 0.0140625 0.0354167
0 0.40625 0.896875 0.028125 0.0354167
0 0.694531 0.663542 0.0265625 0.0395833
0 0.573438 0.209375 0.028125 0.0354167
0 0.366406 0.136458 0.0328125 0.04375
0 0.750781 0.602083 0.0328125 0.0458333
0 0.428125 0.485417 0.04375 0.0625
0 0.274219 0.983333 0.0359375 0.0333333
0 0.155469 0.0416667 0.0421875 0.0541667
0 0.0945313 0.040625 0.0484375 0.05625
0 0.121094 0.422917 0.0265625 0.0333333
0 0.714063 0.939583 0.028125 0.0375
0 0.734375 0.236458 0.034375 0.04375
0 0.666406 0.85625 0.0328125 0.0416667
0 0.398438 0.863542 0.03125 0.0354167
0 0.0992187 0.554167 0.0296875 0.0375
0 0.130469 0.159375 0.0234375 0.0354167
0 0.282813 0.558333 0.03125 0.0416667
0 0.110156 0.638542 0.0359375 0.0479167
0 0.242188 0.0416667 0.034375 0.0416667
0 0.475 0.8875 0.03125 0.0458333
0 0.982813 0.540625 0.028125 0.0354167
0 0.308594 0.0583333 0.0421875 0.0541667
0 0.573438 0.138542 0.034375 0.0479167
0 0.69375 0.463542 0.040625 0.0479167
0 0.279687 0.713542 0.0375 0.0479167
0 0.277344 0.851042 0.0265625 0.0354167
0 0.0546875 0.0635417 0.028125 0.0395833
0 0.804688 0.940625 0.03125 0.04375
0 0.896094 0.855208 0.0328125 0.0395833
0 0.6125 0.758333 0.028125 0.0333333
0 0.502344 0.572917 0.0328125 0.0458333
0 0.359375 0.929167 0.025 0.0333333
0 0.1625 0.970833 0.0375 0.05
0 0.307813 0.632292 0.028125 0.0395833
0 0.116406 0.609375 0.0296875 0.0354167
0 0.888281 0.321875 0.0296875 0.0354167
0 0.744531 0.427083 0.0265625 0.0375
0 0.470313 0.139583 0.025 0.0333333
0 0.442187 0.948958 0.028125 0.0395833
0 0.448438 0.191667 0.0375 0.05
0 0.639844 0.914583 0.0296875 0.0416667
0 0.594531 0.682292 0.0328125 0.0520833
0 0.360156 0.886458 0.0328125 0.0479167
0 0.807813 0.264583 0.03125 0.0458333
0 0.538281 0.4875 0.0296875 0.0333333
0 0.7375 0.907292 0.03125 0.04375
0 0.161719 0.301042 0.0359375 0.0520833
0 0.24375 0.263542 0.0375 0.0479167
0 0.845312 0.325 0.03125 0.0333333
0 0.415625 0.0229167 0.0375 0.0416667
0 0.0242187 0.398958 0.0359375 0.0479167
0 0.303125 0.144792 0.03125 0.04375
0 0.371094 0.221875 0.0296875 0.0354167
0 0.078125 0.14375 0.034375 0.0458333
0 0.141406 0.127083 0.0328125 0.0416667
0 0.775 0.340625 0.03125 0.0395833
0 0.526563 0.941667 0.034375 0.0458333
0 0.527344 0.586458 0.0421875 0.0520833
0 0.509375 0.353125 0.040625 0.0520833
