0 0.983594 0.63125 0.0234375 0.0375
0 0.31875 0.460417 0.021875 0.0291667
0 0.121094 0.16875 0.0265625 0.0416667
0 0.477344 0.41875 0.0234375 0.0375
0 0.0960938 0.157292 0.0296875 0.0395833
0 0.409375 0.495833 0.0375 0.0541667
0 0.745313 0.489583 0.025 0.0333333
0 0.382812 0.897917 0.025 0.0375
0 0.210156 0.861458 0.0296875 0.0354167
0 0.678125 0.936458 0.021875 0.03125
0 0.254687 0.722917 0.03125 0.0416667
0 0.488281 0.2625 0.0234375 0.0333333
0 0.991406 0.603125 0.0171875 0.0479167
0 0.728906 0.477083 0.0265625 0.0375
0 0.477344 0.439583 0.0265625 0.0333333
0 0.385938 0.236458 0.021875 0.0354167
0 0.349219 0.429167 0.0328125 0.0375
0 0.797656 0.947917 0.0296875 0.0416667
0 0.624219 0.882292 0.0328125 0.04375
0 0.628125 0.675 0.04375 0.0625
0 0.460156 0.257292 0.0265625 0.03125
0 0.298438 0.0635417 0.04375 0.05625
0 0.501562 0.833333 0.03125 0.0416667
0 0.133594 0.177083 0.0296875 0.0458333
0 0.799219 0.551042 0.0265625 0.0354167
0 0.535156 0.401042 0.0390625 0.0520833
0 0.985937 0.944792 0.028125 0.0604167
0 0.742188 0.6375 0.04375 0.0583333
0 0.354688 0.885417 0.034375 0.0458333
0 0.308594 0.472917 0.0203125 0.0291667
0 0.83125 0.192708 0.028125 0.0354167
0 0.84375 0.440625 0.04375 0.05625
0 0.892969 0.508333 0.0484375 0.0583333
0 0.155469 0.046875 0.0390625 0.0520833
0 0.976562 0.540625 0.034375 0.0395833
0 0.478906 0.222917 0.0296875 0.0375
0 0.985156 0.590625 0.0265625 0.04375
0 0.985937 0.0166667 0.028125 0.0333333
0 0.0523437 0.76875 0.0296875 0.0333333
0 0.991406 0.667708 0.0171875 0.0354167
0 0.390625 0.851042 0.034375 0.04375
0 0.0671875 0.552083 0.03125 0.0416667
0 0.610937 0.741667 0.03125 0.0458333
0 0.535937 0.270833 0.034375 0.0458333
0 0.646875 0.0125 0.034375 0.025
0 0.329688 0.457292 0.021875 0.0270833
0 0.139062 0.369792 0.034375 0.0520833
0 0.613281 0.761458 0.0359375 0.0479167
0 0.379687 0.133333 0.025 0.0333333
0 0.104687 0.41875 0.028125 0.0333333
0 0.717188 0.405208 0.028125 0.0354167
0 0.0828125 0.059375 0.053125 0.0729167
0 0.4625 0.0208333 0.028125 0.0333333
0 0.479688 0.380208 0.034375 0.04375
0 0.283594 0.623958 0.0296875 0.0395833
0 0.572656 0.903125 0.0359375 0.04375
0 0.0453125 0.071875 0.028125 0.0395833
0 0.439063 0.95 0.034375 0.05
0 0.18125 0.955208 0.028125 0.0354167
0 0.595312 0.680208 0.034375 0.0520833
0 0.0867188 0.611458 0.0328125 0.0395833
0 0.360938 0.141667 0.03125 0.0375
0 0.153125 0.973958 0.040625 0.0479167
0 0.672656 0.465625 0.0359375 0.0479167
0 0.0140625 0.397917 0.028125 0.05
0 0.354688 0.927083 0.028125 0.0333333
0 0.321875 0.01875 0.03125 0.0333333
0 0.325 0.902083 0.040625 0.0541667
0 0.797656 0.2625 0.0328125 0.0458333
0 0.535937 0.915625 0.028125 0.0354167
0 0.621875 0.3875 0.028125 0.0375
0 0.667969 0.158333 0.0296875 0.0375
0 0.729688 0.430208 0.025 0.0270833
0 0.283594 0.797917 0.0265625 0.0375
0 0.709375 0.948958 0.028125 0.0354167
0 0.448438 0.68125 0.046875 0.0541667
0 0.142969 0.30625 0.0359375 0.0458333
0 0.457031 0.0427083 0.0265625 0.0354167
0 0.38125 0.247917 0.025 0.0333333
0 0.95 0.7125 0.03125 0.0416667
0 0.14375 0.215625 0.03125 0.0354167
0 0.247656 0.545833 0.0328125 0.0416667
0 0.586719 0.542708 0.0359375 0.0520833
0 0.0859375 0.639583 0.034375 0.0416667
0 0.639063 0.242708 0.034375 0.0479167
0 0.725781 0.913542 0.0296875 0.0395833
0 0.845312 0.315625 0.034375 0.0395833
0 0.364062 0.219792 0.03125 0.04375
0 0.235156 0.15625 0.0296875 0.0333333
0 0.358594 0.0916667 0.0328125 0.0458333
0 0.874219 0.852083 0.0359375 0.0416667
0 0.221094 0.0385417 0.0328125 0.04375
0 0.440625 0.194792 0.040625 0.0520833
0 0.408594 0.242708 0.0265625 0.0354167
0 0.552344 0.140625 0.0359375 0.0479167
0 0.379687 0.0229167 0.0375 0.0416667
0 0.592188 0.0302083 0.0375 0.0479167
0 0.0257812 0.207292 0.0453125 0.0604167
0 0.304688 0.161458 0.034375 0.04375
0 0.258594 0.978125 0.0359375 0.04375
0 0.141406 0.116667 0.0328125 0.0416667
0 0.0640625 0.139583 0.034375 0.0458333
0 0.525781 0.588542 0.0390625 0.0479167
