0 0.8 0.244792 0.034375 0.04375
0 0.332031 0.910417 0.0359375 0.05
0 0.271094 0.713542 0.0359375 0.0479167
0 0.289062 0.75625 0.03125 0.0375
0 0.480469 0.258333 0.0265625 0.0333333
0 0.626562 0.68125 0.0375 0.0541667
0 0.359375 0.738542 0.025 0.0395833
0 0.03125 0.208333 0.040625 0.0583333
0 0.751562 0.48125 0.025 0.0375
0 0.478125 0.435417 0.028125 0.0375
0 0.532031 0.00833333 0.0296875 0.0166667
0 0.8 0.552083 0.028125 0.0416667
0 0.653906 0.651042 0.0265625 0.0479167
0 0.307031 0.059375 0.0390625 0.05625
0 0.985937 0.626042 0.021875 0.0395833
0 0.355469 0.436458 0.0390625 0.0479167
0 0.0820312 0.04375 0.0359375 0.05
0 0.475781 0.223958 0.0296875 0.0395833
0 0.991406 0.0197917 0.0171875 0.0354167
0 0.484375 0.403125 0.025 0.0354167
0 0.236719 0.677083 0.0359375 0.05
0 0.332031 0.0239583 0.0296875 0.0354167
0 0.632812 0.628125 0.034375 0.0479167
0 0.645312 0.00833333 0.034375 0.0166667
0 0.141406 0.176042 0.0265625 0.04375
0 0.642969 0.245833 0.0390625 0.05
0 0.603906 0.0291667 0.0296875 0.0375
0 0.98125 0.540625 0.028125 0.0354167
0 0.0515625 0.76875 0.021875 0.0291667
0 0.714063 0.941667 0.028125 0.0416667
0 0.685938 0.920833 0.025 0.0333333
0 0.472656 0.252083 0.0234375 0.0333333
0 0.399219 0.903125 0.0265625 0.0354167
0 0.446094 0.1875 0.0390625 0.0541667
0 0.989844 0.589583 0.0203125 0.0458333
0 0.592188 0.676042 0.034375 0.0520833
0 0.109375 0.6125 0.03125 0.0375
0 0.0914062 0.55625 0.0265625 0.0375
0 0.70625 0.460417 0.025 0.0291667
0 0.260156 0.552083 0.0296875 0.0416667
0 0.421875 0.490625 0.046875 0.0645833
0 0.335156 0.142708 0.0296875 0.03125
0 0.449219 0.68125 0.0421875 0.0541667
0 0.992188 0.6625 0.015625 0.0375
0 0.49375 0.832292 0.025 0.0354167
0 0.142969 0.367708 0.0328125 0.0479167
0 0.311719 0.471875 0.0265625 0.0354167
0 0.160938 0.970833 0.0375 0.05
0 0.517187 0.146875 0.03125 0.0395833
0 0.0914062 0.0604167 0.0515625 0.0708333
0 0.677344 0.526042 0.0453125 0.0604167
0 0.661719 0.76875 0.0296875 0.0458333
0 0.270312 0.983333 0.034375 0.0291667
0 0.342969 0.0364583 0.0265625 0.0354167
0 0.491406 0.11875 0.0453125 0.0583333
0 0.103906 0.639583 0.0328125 0.0458333
0 0.334375 0.459375 0.025 0.03125
0 0.803125 0.945833 0.03125 0.0416667
0 0.115625 0.422917 0.028125 0.0333333
0 0.30625 0.210417 0.03125 0.0416667
0 0.489844 0.6625 0.0296875 0.0416667
0 0.742969 0.476042 0.0265625 0.0354167
0 0.297656 0.629167 0.0265625 0.0375
0 0.432031 0.969792 0.0265625 0.0354167
0 0.359375 0.0895833 0.03125 0.0458333
0 0.845312 0.323958 0.03125 0.03125
0 0.892187 0.85625 0.034375 0.0416667
0 0.053125 0.0677083 0.028125 0.0395833
0 0.6875 0.463542 0.034375 0.04375
0 0.366406 0.134375 0.0328125 0.04375
0 0.532812 0.41875 0.028125 0.0375
0 0.515625 0.2375 0.028125 0.0375
0 0.155469 0.0427083 0.0390625 0.0520833
0 0.29375 0.977083 0.025 0.0333333
0 0.833594 0.346875 0.0265625 0.03125
0 0.732813 0.230208 0.028125 0.0354167
0 0.439063 0.9375 0.028125 0.0416667
0 0.6125 0.755208 0.028125 0.0354167
0 0.735937 0.438542 0.025 0.03125
0 0.679688 0.14375 0.034375 0.0416667
0 0.624219 0.858333 0.0359375 0.0416667
0 0.115625 0.677083 0.028125 0.0333333
0 0.302344 0.153125 0.0328125 0.04375
0 0.399219 0.863542 0.0328125 0.0395833
0 0.807031 0.263542 0.0328125 0.0479167
0 0.635938 0.898958 0.03125 0.0395833
0 0.735156 0.90625 0.0296875 0.0416667
0 0.146094 0.120833 0.0328125 0.0458333
0 0.13125 0.161458 0.025 0.0354167
0 0.239063 0.0427083 0.03125 0.0395833
0 0.358594 0.93125 0.0265625 0.0333333
0 0.391406 0.232292 0.0296875 0.0395833
0 0.158594 0.30625 0.0328125 0.0458333
0 0.895312 0.511458 0.04375 0.05625
0 0.600781 0.545833 0.0390625 0.0541667
0 0.359375 0.884375 0.0375 0.0520833
0 0.364062 0.225 0.028125 0.0375
0 0.0789063 0.146875 0.0359375 0.0479167
0 0.504687 0.953125 0.03125 0.04375
0 0.404687 0.0322917 0.034375 0.0479167
0 0.527344 0.588542 0.0390625 0.0479167
0 0.0210938 0.397917 0.0390625 0.05
0 0.502344 0.358333 0.0390625 0.05
