0 0.563281 0.401042 0.0296875 0.0479167
0 0.653125 0.65 0.028125 0.05
0 0.711719 0.222917 0.0390625 0.0458333
0 0.800781 0.257292 0.0265625 0.0395833
0 0.628125 0.661458 0.046875 0.0645833
0 0.392188 0.753125 0.028125 0.04375
0 0.771094 0.473958 0.0203125 0.0270833
0 0.678906 0.525 0.0421875 0.0583333
0 0.145313 0.177083 0.025 0.0375
0 0.48125 0.432292 0.021875 0.03125
0 0.75625 0.464583 0.025 0.0333333
0 0.434375 0.4875 0.03125 0.0416667
0 0.526563 0.855208 0.025 0.0395833
0 0.45625 0.190625 0.0375 0.0479167
0 0.134375 0.160417 0.021875 0.0291667
0 0.639844 0.244792 0.0328125 0.04375
0 0.497656 0.395833 0.0234375 0.0333333
0 0.0179687 0.298958 0.0296875 0.04375
0 0.340625 0.459375 0.021875 0.03125
0 0.75 0.640625 0.04375 0.05625
0 0.621875 0.025 0.028125 0.0333333
0 0.989844 0.586458 0.0203125 0.0479167
0 0.45 0.68125 0.04375 0.0583333
0 0.724219 0.938542 0.0328125 0.04375
0 0.864062 0.433333 0.0375 0.05
0 0.780469 0.555208 0.0296875 0.0395833
0 0.985156 0.542708 0.0234375 0.0354167
0 0.503906 0.677083 0.0203125 0.0333333
0 0.402344 0.872917 0.0265625 0.0333333
0 0.1375 0.413542 0.021875 0.03125
0 0.992969 0.659375 0.0140625 0.0354167
0 0.9875 0.621875 0.021875 0.0395833
0 0.417969 0.895833 0.0265625 0.0333333
0 0.801562 0.558333 0.028125 0.0375
0 0.667188 0.245833 0.028125 0.0416667
0 0.314063 0.472917 0.021875 0.0291667
0 0.100781 0.059375 0.0484375 0.0645833
0 0.25625 0.65 0.028125 0.0375
0 0.429688 0.311458 0.025 0.03125
0 0.0507812 0.769792 0.0234375 0.03125
0 0.129688 0.639583 0.0375 0.0416667
0 0.673437 0.129167 0.03125 0.0333333
0 0.833594 0.276042 0.0234375 0.03125
0 0.291406 0.709375 0.0359375 0.0479167
0 0.775 0.905208 0.034375 0.0479167
0 0.103125 0.0375 0.040625 0.05
0 0.501562 0.125 0.046875 0.0583333
0 0.816406 0.269792 0.0265625 0.0354167
0 0.398438 0.236458 0.025 0.0354167
0 0.115625 0.55 0.03125 0.0416667
0 0.657812 0.945833 0.028125 0.0375
0 0.610937 0.502083 0.025 0.0375
0 0.3 0.136458 0.03125 0.04375
0 0.453906 0.4625 0.0265625 0.0375
0 0.347656 0.9125 0.0265625 0.0375
0 0.359375 0.933333 0.021875 0.0291667
0 0.328125 0.629167 0.03125 0.0416667
0 0.175781 0.296875 0.0296875 0.0479167
0 0.254687 0.683333 0.0375 0.05
0 0.722656 0.8125 0.0296875 0.0416667
0 0.728125 0.864583 0.028125 0.0375
0 0.374219 0.135417 0.0359375 0.0458333
0 0.899219 0.509375 0.0421875 0.0520833
0 0.286719 0.984375 0.0359375 0.03125
0 0.373437 0.220833 0.028125 0.0375
0 0.3625 0.888542 0.028125 0.0395833
0 0.855469 0.320833 0.0296875 0.0333333
0 0.183594 0.272917 0.0265625 0.0375
0 0.371094 0.090625 0.0328125 0.0479167
0 0.146094 0.126042 0.0296875 0.0395833
0 0.691406 0.917708 0.0328125 0.0395833
0 0.742188 0.426042 0.025 0.03125
0 0.154687 0.040625 0.04375 0.05625
0 0.278906 0.127083 0.0296875 0.0375
0 0.509375 0.619792 0.03125 0.0395833
0 0.904688 0.85625 0.0375 0.0458333
0 0.059375 0.0614583 0.025 0.0354167
0 0.45 0.955208 0.028125 0.0395833
0 0.808594 0.9375 0.0328125 0.0458333
0 0.0328125 0.398958 0.0375 0.04375
0 0.611719 0.758333 0.0296875 0.0375
0 0.409375 0.203125 0.025 0.03125
0 0.289062 0.551042 0.03125 0.04375
0 0.982031 0.296875 0.0265625 0.0354167
0 0.428125 0.0260417 0.0375 0.04375
0 0.749219 0.907292 0.0328125 0.04375
0 0.511719 0.692708 0.0296875 0.0354167
0 0.248437 0.040625 0.034375 0.0395833
0 0.85625 0.38125 0.034375 0.0458333
0 0.523438 0.354167 0.034375 0.0416667
0 0.084375 0.141667 0.034375 0.0458333
0 0.340625 0.0364583 0.028125 0.0354167
0 0.689062 0.338542 0.03125 0.04375
0 0.170312 0.970833 0.040625 0.05
0 0.133594 0.608333 0.0359375 0.0416667
0 0.53125 0.588542 0.034375 0.04375
0 0.538281 0.541667 0.0296875 0.0458333
0 0.944531 0.413542 0.0453125 0.05625
0 0.622656 0.563542 0.0359375 0.0479167
