0 0.00546875 0.403125 0.0109375 0.0395833
0 0.216406 0.727083 0.0390625 0.0541667
0 0.0851562 0.0458333 0.0328125 0.0416667
0 0.941406 0.783333 0.0265625 0.0416667
0 0.150781 0.361458 0.0359375 0.0520833
0 0.503906 0.390625 0.0265625 0.0354167
0 0.247656 0.672917 0.0359375 0.05
0 0.0453125 0.0145833 0.028125 0.0208333
0 0.207031 0.954167 0.0328125 0.0416667
0 0.478125 0.223958 0.028125 0.0395833
0 0.483594 0.514583 0.0328125 0.0375
0 0.457812 0.288542 0.03125 0.04375
0 0.282813 0.709375 0.03125 0.0395833
0 0.357031 0.438542 0.0390625 0.0520833
0 0.9875 0.622917 0.021875 0.0375
0 0.471875 0.248958 0.028125 0.0354167
0 0.622656 0.232292 0.0328125 0.04375
0 0.359375 0.740625 0.021875 0.0354167
0 0.897656 0.510417 0.0421875 0.0583333
0 0.275781 0.554167 0.0328125 0.0458333
1 0.48125 0.242708 0.059375 0.0895833
0 0.813281 0.459375 0.0234375 0.03125
0 0.555469 0.39375 0.0328125 0.0458333
0 0.990625 0.586458 0.01875 0.04375
0 0.653125 0.647917 0.028125 0.0458333
0 0.984375 0.540625 0.025 0.0395833
0 0.480469 0.435417 0.0296875 0.0375
0 0.801562 0.555208 0.028125 0.04375
0 0.096875 0.0583333 0.053125 0.0666667
0 0.976562 0.285417 0.025 0.0333333
0 0.36875 0.133333 0.03125 0.0416667
0 0.698438 0.869792 0.03125 0.0395833
0 0.75 0.472917 0.028125 0.0333333
0 0.449219 0.68125 0.0453125 0.0583333
0 0.494531 0.125 0.0453125 0.0541667
0 0.3 0.769792 0.03125 0.0395833
0 0.120312 0.639583 0.0375 0.0458333
0 0.121875 0.610417 0.03125 0.0375
0 0.627344 0.677083 0.0484375 0.0708333
0 0.313281 0.471875 0.0234375 0.03125
0 0.009375 0.295833 0.01875 0.0458333
0 0.307031 0.059375 0.0453125 0.0645833
0 0.396094 0.238542 0.0296875 0.0395833
0 0.742969 0.636458 0.0453125 0.0604167
0 0.154687 0.0416667 0.040625 0.0541667
0 0.13125 0.159375 0.021875 0.0395833
0 0.14375 0.163542 0.028125 0.0395833
0 0.796875 0.457292 0.028125 0.04375
0 0.717188 0.9375 0.028125 0.0375
0 0.104687 0.554167 0.03125 0.0416667
0 0.0515625 0.769792 0.025 0.03125
0 0.690625 0.916667 0.025 0.0333333
0 0.992188 0.660417 0.015625 0.0333333
0 0.335156 0.460417 0.0234375 0.0333333
0 0.367188 0.090625 0.03125 0.0479167
0 0.357812 0.93125 0.028125 0.0333333
0 0.409375 0.89375 0.028125 0.0375
0 0.43125 0.485417 0.046875 0.0666667
0 0.766406 0.477083 0.0234375 0.0291667
0 0.646875 0.929167 0.028125 0.0375
0 0.489062 0.771875 0.03125 0.0395833
0 0.641406 0.251042 0.0359375 0.0479167
0 0.658594 0.923958 0.0265625 0.0354167
0 0.497656 0.798958 0.0328125 0.04375
0 0.0976562 0.0385417 0.0421875 0.0479167
0 0.317187 0.634375 0.028125 0.0395833
0 0.395312 0.867708 0.028125 0.0354167
0 0.930469 0.31875 0.0265625 0.0375
0 0.810938 0.264583 0.034375 0.05
0 0.360938 0.884375 0.03125 0.0479167
0 0.272656 0.767708 0.0265625 0.0354167
0 0.748438 0.445833 0.025 0.0291667
0 0.278906 0.983333 0.0359375 0.0333333
0 0.559375 0.1625 0.028125 0.0375
0 0.61875 0.572917 0.0375 0.0458333
0 0.694531 0.466667 0.0390625 0.0458333
0 0.242969 0.040625 0.0359375 0.04375
0 0.783594 0.444792 0.0296875 0.0395833
0 0.804688 0.938542 0.034375 0.0479167
0 0.225 0.313542 0.028125 0.0354167
0 0.346094 0.0416667 0.0265625 0.0333333
0 0.388281 0.158333 0.0265625 0.0333333
0 0.739844 0.753125 0.0328125 0.04375
0 0.739844 0.904167 0.0328125 0.0416667
0 0.129688 0.41875 0.028125 0.0333333
0 0.899219 0.85625 0.0359375 0.0458333
0 0.05625 0.0625 0.028125 0.0375
0 0.610937 0.758333 0.028125 0.0333333
0 0.307031 0.15625 0.0328125 0.0458333
0 0.448438 0.195833 0.0375 0.05
0 0.165625 0.970833 0.0375 0.05
0 0.596094 0.683333 0.0328125 0.05
0 0.169531 0.29375 0.0359375 0.05
0 0.851562 0.322917 0.034375 0.0375
0 0.44375 0.948958 0.03125 0.04375
0 0.028125 0.401042 0.04375 0.0520833
0 0.532031 0.510417 0.0328125 0.0458333
0 0.513281 0.353125 0.0328125 0.0479167
0 0.141406 0.114583 0.0328125 0.0458333
0 0.370313 0.21875 0.034375 0.0458333
0 0.422656 0.0229167 0.0390625 0.0416667
0 0.790625 0.30625 0.0375 0.05
0 0.0796875 0.14375 0.0375 0.05
0 0.529688 0.586458 0.040625 0.0520833
