0 0.678906 0.520833 0.0421875 0.0541667
0 0.360156 0.432292 0.0328125 0.04375
0 0.496094 0.123958 0.0453125 0.05625
0 0.753125 0.470833 0.025 0.0333333
0 0.6375 0.241667 0.03125 0.0458333
0 0.6375 0.215625 0.028125 0.0354167
0 0.510156 0.38125 0.0265625 0.0375
0 0.0484375 0.0125 0.03125 0.0208333
0 0.685938 0.433333 0.0375 0.0416667
0 0.34375 0.913542 0.03125 0.04375
0 0.152344 0.360417 0.0359375 0.0458333
0 0.3125 0.75 0.03125 0.0333333
0 0.986719 0.621875 0.0203125 0.0354167
0 0.898438 0.509375 0.04375 0.05625
0 0.984375 0.541667 0.025 0.0375
1 0.482031 0.242708 0.0578125 0.08125
0 0.478906 0.113542 0.0265625 0.0395833
0 0.309375 0.0583333 0.040625 0.0583333
0 0.990625 0.582292 0.01875 0.04375
0 0.610937 0.538542 0.025 0.03125
0 0.767187 0.472917 0.025 0.0375
0 0.691406 0.91875 0.0265625 0.0333333
0 0.615625 0.025 0.03125 0.0375
0 0.803125 0.555208 0.025 0.0354167
0 0.599219 0.68125 0.0328125 0.05
0 0.397656 0.2375 0.0296875 0.0416667
0 0.641406 0.277083 0.0328125 0.0458333
0 0.653906 0.646875 0.0265625 0.04375
0 0.649219 0.932292 0.0265625 0.0354167
0 0.0515625 0.770833 0.025 0.0291667
0 0.484375 0.488542 0.03125 0.0395833
0 0.396875 0.869792 0.028125 0.0354167
0 0.142969 0.161458 0.0296875 0.0395833
0 0.359375 0.929167 0.028125 0.0333333
0 0.778906 0.471875 0.0265625 0.0354167
0 0.410937 0.89375 0.028125 0.0375
0 0.285156 0.558333 0.0390625 0.05
0 0.132031 0.160417 0.0234375 0.0375
0 0.146094 0.119792 0.0328125 0.0479167
0 0.313281 0.471875 0.0234375 0.03125
0 0.334375 0.461458 0.025 0.03125
0 0.0117188 0.296875 0.0234375 0.04375
0 0.0992187 0.0416667 0.0453125 0.0541667
0 0.45 0.680208 0.04375 0.05625
0 0.814062 0.265625 0.03125 0.0395833
0 0.759375 0.786458 0.03125 0.0354167
0 0.719531 0.936458 0.0296875 0.0395833
0 0.492188 0.754167 0.034375 0.0458333
0 0.992969 0.660417 0.0140625 0.0333333
0 0.108594 0.553125 0.0296875 0.0395833
0 0.627344 0.677083 0.0484375 0.0708333
0 0.339844 0.0447917 0.0265625 0.03125
0 0.282813 0.710417 0.034375 0.0416667
0 0.123438 0.6375 0.0375 0.05
0 0.153906 0.040625 0.0421875 0.05625
0 0.370313 0.135417 0.034375 0.0458333
0 0.703125 0.872917 0.028125 0.0333333
0 0.440625 0.284375 0.034375 0.04375
0 0.678125 0.89375 0.025 0.0375
0 0.298438 0.096875 0.025 0.0354167
0 0.947656 0.3125 0.0265625 0.0375
0 0.279687 0.984375 0.0375 0.03125
0 0.219531 0.280208 0.0296875 0.0395833
0 0.361719 0.885417 0.0328125 0.0458333
0 0.36875 0.090625 0.03125 0.0479167
0 0.696875 0.466667 0.0375 0.0458333
0 0.167187 0.970833 0.040625 0.05
0 0.942187 0.408333 0.040625 0.0541667
0 0.132812 0.416667 0.028125 0.0333333
0 0.596094 0.1625 0.0296875 0.0375
0 0.451562 0.194792 0.0375 0.0520833
0 0.385156 0.171875 0.0296875 0.0395833
0 0.321094 0.630208 0.0296875 0.0395833
0 0.899219 0.857292 0.0328125 0.04375
0 0.745313 0.4375 0.021875 0.0333333
0 0.611719 0.75625 0.0296875 0.0375
0 0.50625 0.733333 0.03125 0.05
0 0.811719 0.395833 0.0328125 0.0416667
0 0.805469 0.9375 0.0296875 0.0416667
0 0.242969 0.725 0.0296875 0.0375
0 0.128125 0.610417 0.034375 0.0416667
0 0.0578125 0.0635417 0.028125 0.0354167
0 0.371875 0.220833 0.034375 0.0416667
0 0.619531 0.570833 0.0328125 0.0416667
0 0.305469 0.142708 0.0328125 0.0395833
0 0.424219 0.025 0.0390625 0.0416667
0 0.852344 0.322917 0.0328125 0.0333333
0 0.170312 0.294792 0.0375 0.0520833
0 0.31875 0.771875 0.0375 0.04375
0 0.44375 0.948958 0.03125 0.04375
0 0.557813 0.5 0.03125 0.0458333
0 0.796875 0.339583 0.0375 0.05
0 0.747656 0.905208 0.0328125 0.04375
0 0.028125 0.4 0.040625 0.05
0 0.245312 0.0395833 0.034375 0.0416667
0 0.0804688 0.142708 0.0359375 0.0479167
0 0.514844 0.354167 0.0390625 0.05
0 0.530469 0.588542 0.0421875 0.05625
