0 0.354688 0.436458 0.0375 0.04375
0 0.597656 0.0260417 0.0296875 0.0354167
0 0.499219 0.405208 0.0265625 0.0354167
0 0.209375 0.863542 0.03125 0.0354167
0 0.852344 0.438542 0.0359375 0.0479167
0 0.335938 0.438542 0.01875 0.03125
0 0.601562 0.833333 0.028125 0.0375
0 0.986719 0.626042 0.0203125 0.0354167
0 0.0296875 0.207292 0.040625 0.05625
0 0.979688 0.539583 0.028125 0.0333333
0 0.99375 0.959375 0.0125 0.04375
0 0.799219 0.551042 0.0234375 0.03125
0 0.471875 0.252083 0.025 0.0333333
0 0.739062 0.473958 0.025 0.0354167
0 0.090625 0.0604167 0.05 0.0625
0 0.053125 0.769792 0.025 0.0270833
0 0.503906 0.6875 0.0265625 0.0375
0 0.99375 0.428125 0.0125 0.03125
0 0.364844 0.135417 0.0328125 0.0458333
0 0.14375 0.369792 0.03125 0.0479167
0 0.416406 0.49375 0.0453125 0.0625
0 0.646875 0.009375 0.03125 0.01875
0 0.484375 0.402083 0.025 0.0333333
0 0.478906 0.222917 0.0296875 0.0375
0 0.155469 0.0416667 0.0390625 0.0541667
0 0.610156 0.842708 0.0265625 0.0354167
0 0.303125 0.0604167 0.046875 0.0625
0 0.3125 0.471875 0.025 0.03125
0 0.141406 0.179167 0.0265625 0.0416667
0 0.990625 0.01875 0.01875 0.0333333
0 0.677344 0.526042 0.0453125 0.0604167
0 0.685938 0.465625 0.03125 0.0395833
0 0.802344 0.945833 0.0296875 0.0375
0 0.685156 0.922917 0.0234375 0.0291667
0 0.711719 0.941667 0.0296875 0.0375
0 0.274219 0.198958 0.0296875 0.0395833
0 0.103906 0.613542 0.0296875 0.0354167
0 0.989844 0.588542 0.0203125 0.0395833
0 0.992969 0.663542 0.0140625 0.0354167
0 0.70625 0.459375 0.021875 0.0270833
0 0.084375 0.040625 0.040625 0.0479167
0 0.80625 0.357292 0.025 0.03125
0 0.0867188 0.555208 0.0296875 0.0354167
0 0.586719 0.679167 0.0296875 0.0375
0 0.50625 0.120833 0.034375 0.0458333
0 0.326562 0.209375 0.034375 0.04375
0 0.235938 0.040625 0.03125 0.0395833
0 0.389062 0.238542 0.028125 0.0395833
0 0.597656 0.55 0.0390625 0.05
0 0.01875 0.4 0.034375 0.05
0 0.508594 0.705208 0.0296875 0.0395833
0 0.332812 0.459375 0.021875 0.0270833
0 0.448438 0.68125 0.04375 0.0541667
0 0.596094 0.865625 0.0296875 0.0354167
0 0.80625 0.263542 0.028125 0.0354167
0 0.0984375 0.642708 0.034375 0.0479167
0 0.29375 0.628125 0.028125 0.0395833
0 0.357031 0.883333 0.0359375 0.0458333
0 0.399219 0.0333333 0.0359375 0.0458333
0 0.1125 0.420833 0.028125 0.0333333
0 0.274219 0.551042 0.0359375 0.0479167
0 0.0492188 0.691667 0.0265625 0.0333333
0 0.383594 0.936458 0.0265625 0.03125
0 0.130469 0.1625 0.0265625 0.0375
0 0.747656 0.640625 0.0453125 0.0604167
0 0.35625 0.929167 0.025 0.0291667
0 0.889063 0.855208 0.03125 0.0395833
0 0.614062 0.755208 0.028125 0.03125
0 0.634375 0.897917 0.028125 0.0333333
0 0.732813 0.907292 0.034375 0.04375
0 0.0523437 0.0677083 0.0296875 0.0395833
0 0.304688 0.160417 0.034375 0.0416667
0 0.3375 0.025 0.03125 0.0375
0 0.55625 0.496875 0.03125 0.04375
0 0.484375 0.1125 0.046875 0.0583333
0 0.596875 0.127083 0.03125 0.0416667
0 0.271094 0.983333 0.0359375 0.0333333
0 0.391406 0.894792 0.0296875 0.0354167
0 0.734375 0.433333 0.025 0.0333333
0 0.560156 0.397917 0.0328125 0.0458333
0 0.146094 0.11875 0.0359375 0.05
0 0.154687 0.307292 0.034375 0.04375
0 0.845312 0.317708 0.028125 0.0354167
0 0.438281 0.940625 0.0296875 0.0395833
0 0.498437 0.3625 0.034375 0.0458333
0 0.364844 0.219792 0.0359375 0.0479167
0 0.0773437 0.147917 0.0359375 0.05
0 0.357031 0.0927083 0.0296875 0.04375
0 0.521094 0.197917 0.0328125 0.0458333
0 0.573438 0.971875 0.040625 0.0479167
0 0.3625 0.0552083 0.021875 0.0354167
0 0.157813 0.96875 0.04375 0.05
0 0.449219 0.190625 0.0390625 0.0520833
0 0.396094 0.85625 0.0328125 0.0375
0 0.526563 0.5875 0.040625 0.05
