0 0.121094 0.445833 0.0359375 0.05
0 0.96875 0.0114583 0.046875 0.0229167
0 0.957031 0.0229167 0.0421875 0.0375
0 0.442969 0.258333 0.0203125 0.0291667
2 0.0289063 0.269792 0.0265625 0.0354167
0 0.0921875 0.732292 0.025 0.03125
0 0.891406 0.603125 0.0296875 0.0395833
0 0.225781 0.336458 0.0328125 0.04375
0 0.157813 0.610417 0.03125 0.0416667
0 0.317969 0.804167 0.0328125 0.0416667
0 0.25625 0.83125 0.034375 0.0458333
0 0.857813 0.920833 0.021875 0.0291667
0 0.185156 0.136458 0.0296875 0.0395833
0 0.290625 0.661458 0.040625 0.0479167
0 0.78125 0.110417 0.03125 0.0416667
0 0.979688 0.359375 0.025 0.03125
0 0.226562 0.18125 0.021875 0.0333333
0 0.410937 0.3 0.028125 0.0333333
0 0.896875 0.726042 0.025 0.0354167
0 0.201562 0.351042 0.025 0.03125
0 0.907812 0.040625 0.03125 0.0354167
0 0.853906 0.547917 0.0359375 0.05
0 0.2125 0.510417 0.028125 0.0375
0 0.5875 0.0854167 0.028125 0.0333333
0 0.43125 0.844792 0.028125 0.0354167
0 0.667188 0.914583 0.028125 0.0333333
0 0.189063 0.370833 0.028125 0.0333333
0 0.152344 0.38125 0.0328125 0.0416667
0 0.649219 0.0875 0.0296875 0.0333333
0 0.548437 0.836458 0.03125 0.04375
0 0.603906 0.505208 0.0359375 0.0479167
0 0.991406 0.034375 0.0171875 0.0354167
0 0.560156 0.71875 0.0296875 0.0375
0 0.535156 0.009375 0.0328125 0.01875
0 0.514844 0.0614583 0.0265625 0.0354167
0 0.610156 0.398958 0.0265625 0.0354167
0 0.161719 0.0114583 0.0359375 0.0229167
0 0.0148437 0.951042 0.0296875 0.04375
0 0.0859375 0.420833 0.028125 0.0375
0 0.410156 0.676042 0.0296875 0.0354167
0 0.782031 0.272917 0.0328125 0.0416667
0 0.153125 0.646875 0.03125 0.0395833
0 0.46875 0.421875 0.028125 0.0354167
0 0.059375 0.0395833 0.034375 0.0458333
0 0.839063 0.328125 0.03125 0.0395833
0 0.322656 0.929167 0.0296875 0.0375
0 0.716406 0.232292 0.0265625 0.0354167
0 0.872656 0.765625 0.0296875 0.0395833
0 0.289844 0.339583 0.0296875 0.0416667
0 0.482031 0.0625 0.0296875 0.0375
0 0.620313 0.288542 0.028125 0.04375
1 0.971875 0.571875 0.05625 0.0854167
0 0.771094 0.664583 0.0328125 0.0375
0 0.73125 0.021875 0.028125 0.03125
0 0.4 0.458333 0.028125 0.0375
0 0.428125 0.621875 0.028125 0.0395833
0 0.127344 0.217708 0.0296875 0.0395833
0 0.06875 0.310417 0.03125 0.0416667
0 0.863281 0.325 0.0296875 0.0416667
0 0.040625 0.527083 0.034375 0.0458333
0 0.180469 0.4625 0.0265625 0.0375
0 0.408594 0.719792 0.0296875 0.04375
0 0.071875 0.892708 0.0375 0.04375
0 0.199219 0.227083 0.0296875 0.0416667
0 0.03125 0.620833 0.034375 0.0416667
0 0.926562 0.4875 0.03125 0.0416667
0 0.639063 0.557292 0.0375 0.0479167
0 0.9125 0.260417 0.040625 0.0541667
0 0.767187 0.227083 0.028125 0.0375
0 0.266406 0.898958 0.0390625 0.05625
0 0.973437 0.0833333 0.03125 0.0458333
0 0.808594 0.725 0.0359375 0.05
0 0.748438 0.1125 0.040625 0.0583333
