0 0.99375 0.170833 0.0125 0.0416667
0 0.808594 0.0125 0.0265625 0.025
0 0.142969 0.794792 0.0234375 0.0395833
0 0.989062 0.320833 0.021875 0.0416667
0 0.158594 0.808333 0.0296875 0.0375
0 0.808594 0.0229167 0.0234375 0.0291667
0 0.760938 0.613542 0.028125 0.0354167
0 0.880469 0.586458 0.0328125 0.04375
0 0.936719 0.872917 0.0265625 0.0333333
0 0.605469 0.505208 0.0296875 0.0354167
0 0.175 0.805208 0.021875 0.03125
0 0.569531 0.967708 0.0296875 0.0395833
0 0.966406 0.920833 0.0359375 0.0458333
0 0.409375 0.772917 0.021875 0.0291667
0 0.317969 0.78125 0.0328125 0.0416667
0 0.148438 0.633333 0.028125 0.0333333
0 0.409375 0.290625 0.028125 0.0354167
0 0.704687 0.908333 0.028125 0.0333333
0 0.772656 0.614583 0.0359375 0.0416667
0 0.167187 0.129167 0.021875 0.0291667
0 0.876562 0.761458 0.025 0.0354167
0 0.936719 0.954167 0.0265625 0.0375
0 0.420312 0.535417 0.03125 0.0416667
0 0.0875 0.413542 0.025 0.0270833
0 0.8625 0.773958 0.025 0.03125
0 0.154687 0.594792 0.025 0.0354167
0 0.519531 0.986458 0.0296875 0.0270833
0 0.805469 0.170833 0.0265625 0.0375
0 0.552344 0.689583 0.0328125 0.0416667
0 0.564062 0.520833 0.028125 0.0375
0 0.941406 0.986458 0.0296875 0.0270833
0 0.0078125 0.507292 0.015625 0.0395833
0 0.396875 0.571875 0.025 0.03125
0 0.98125 0.053125 0.028125 0.0395833
0 0.835938 0.678125 0.025 0.0354167
0 0.241406 0.252083 0.0265625 0.0333333
0 0.79375 0.384375 0.028125 0.0354167
0 0.334375 0.748958 0.021875 0.0354167
0 0.279687 0.30625 0.034375 0.0458333
0 0.596875 0.235417 0.03125 0.0416667
0 0.205469 0.355208 0.0265625 0.0354167
0 0.63125 0.0604167 0.028125 0.0375
0 0.140625 0.3625 0.028125 0.0416667
0 0.854688 0.503125 0.034375 0.04375
0 0.025 0.625 0.028125 0.0333333
0 0.627344 0.028125 0.0296875 0.0354167
0 0.159375 0.773958 0.028125 0.0395833
0 0.152344 0.01875 0.0328125 0.0333333
0 0.0398437 0.93125 0.0296875 0.0416667
0 0.276563 0.888542 0.034375 0.0479167
0 0.224219 0.471875 0.0296875 0.03125
0 0.120312 0.146875 0.025 0.03125
0 0.842188 0.652083 0.028125 0.0416667
0 0.302344 0.927083 0.0296875 0.0416667
0 0.821094 0.403125 0.0296875 0.0354167
0 0.802344 0.203125 0.0296875 0.0395833
0 0.257812 0.84375 0.028125 0.0291667
0 0.425 0.390625 0.034375 0.0479167
0 0.260938 0.807292 0.034375 0.04375
0 0.789062 0.05625 0.03125 0.0416667
0 0.107031 0.922917 0.0328125 0.0416667
0 0.794531 0.15 0.0296875 0.0416667
0 0.071875 0.883333 0.03125 0.0416667
0 0.932031 0.198958 0.0328125 0.0479167
