0 0.142969 0.367708 0.0328125 0.0479167
0 0.639844 0.24375 0.0359375 0.0458333
0 0.0421875 0.0833333 0.034375 0.05
0 0.485938 0.825 0.021875 0.0333333
0 0.330469 0.903125 0.0328125 0.04375
0 0.495313 0.402083 0.028125 0.0375
0 0.642187 0.973958 0.034375 0.04375
0 0.746875 0.484375 0.021875 0.03125
0 0.51875 0.422917 0.028125 0.0375
0 0.653125 0.646875 0.025 0.0395833
0 0.375 0.209375 0.028125 0.04375
0 0.342969 0.870833 0.0234375 0.0333333
0 0.478906 0.113542 0.0421875 0.0520833
0 0.992188 0.666667 0.015625 0.0375
0 0.798437 0.551042 0.025 0.03125
0 0.353125 0.430208 0.034375 0.04375
0 0.488281 0.261458 0.0234375 0.03125
0 0.0273438 0.208333 0.0421875 0.0583333
0 0.980469 0.540625 0.0265625 0.03125
0 0.154687 0.0427083 0.0375 0.0520833
0 0.500781 0.767708 0.0296875 0.0395833
0 0.990625 0.591667 0.01875 0.0416667
0 0.364844 0.225 0.0265625 0.0375
0 0.68125 0.925 0.025 0.0333333
0 0.203125 0.186458 0.03125 0.0395833
0 0.735937 0.473958 0.025 0.0354167
0 0.1375 0.177083 0.028125 0.0458333
0 0.48125 0.402083 0.021875 0.0333333
0 0.705469 0.460417 0.0234375 0.0291667
0 0.990625 0.0166667 0.01875 0.0291667
0 0.386719 0.896875 0.0265625 0.03125
0 0.492188 0.372917 0.03125 0.0416667
0 0.302344 0.163542 0.0296875 0.0395833
0 0.264062 0.553125 0.03125 0.04375
0 0.710938 0.944792 0.028125 0.0354167
0 0.332031 0.457292 0.0234375 0.03125
0 0.990625 0.957292 0.01875 0.05625
0 0.09375 0.639583 0.0375 0.0458333
0 0.0515625 0.767708 0.025 0.03125
0 0.991406 0.426042 0.0171875 0.03125
0 0.303125 0.0583333 0.04375 0.0625
0 0.289062 0.626042 0.028125 0.03125
0 0.733594 0.4375 0.0234375 0.0333333
0 0.766406 0.363542 0.0265625 0.03125
0 0.594531 0.546875 0.0359375 0.0479167
0 0.078125 0.554167 0.028125 0.0375
0 0.310156 0.469792 0.0234375 0.0354167
0 0.536719 0.920833 0.0265625 0.0333333
0 0.478906 0.222917 0.0296875 0.0375
0 0.363281 0.139583 0.0328125 0.0416667
0 0.278125 0.147917 0.028125 0.0333333
0 0.803906 0.265625 0.0296875 0.0395833
0 0.94375 0.24375 0.028125 0.0416667
0 0.0804688 0.04375 0.0453125 0.0458333
0 0.096875 0.611458 0.03125 0.0354167
0 0.128125 0.1625 0.025 0.0375
0 0.642969 0.0145833 0.0328125 0.0291667
0 0.677344 0.05625 0.0265625 0.0333333
0 0.68125 0.465625 0.034375 0.04375
0 0.0757812 0.147917 0.0359375 0.05
0 0.108594 0.421875 0.0265625 0.03125
0 0.965625 0.822917 0.03125 0.0333333
0 0.571875 0.877083 0.03125 0.0375
0 0.620313 0.716667 0.03125 0.0416667
0 0.472656 0.0770833 0.0296875 0.0333333
0 0.449219 0.68125 0.0453125 0.0541667
0 0.846875 0.315625 0.028125 0.0354167
0 0.357031 0.926042 0.0265625 0.03125
0 0.646094 0.111458 0.0265625 0.0395833
0 0.744531 0.639583 0.0453125 0.0583333
0 0.0492188 0.0697917 0.0296875 0.0395833
0 0.385938 0.240625 0.028125 0.0354167
0 0.0171875 0.398958 0.034375 0.0520833
0 0.728906 0.907292 0.0328125 0.04375
0 0.800781 0.94375 0.0328125 0.0416667
0 0.59375 0.028125 0.034375 0.0395833
0 0.264062 0.977083 0.040625 0.0416667
0 0.591406 0.68125 0.0328125 0.0458333
0 0.357031 0.210417 0.0265625 0.0375
0 0.611719 0.755208 0.0265625 0.03125
0 0.629687 0.894792 0.028125 0.0395833
0 0.540625 0.101042 0.03125 0.04375
0 0.15 0.30625 0.034375 0.0458333
0 0.885938 0.854167 0.03125 0.0416667
0 0.440625 0.946875 0.034375 0.0479167
0 0.334375 0.0229167 0.03125 0.0375
0 0.445312 0.190625 0.040625 0.0520833
0 0.590625 0.448958 0.034375 0.04375
0 0.357812 0.0885417 0.03125 0.0395833
0 0.357812 0.108333 0.03125 0.0333333
0 0.146094 0.116667 0.0328125 0.0458333
0 0.0375 0.105208 0.03125 0.04375
0 0.157031 0.96875 0.0453125 0.0541667
0 0.230469 0.0395833 0.0328125 0.0416667
0 0.392969 0.857292 0.0328125 0.0395833
0 0.392188 0.028125 0.0375 0.0479167
0 0.546094 0.19375 0.0421875 0.05
0 0.526563 0.5875 0.040625 0.05
