0 0.227344 0.180208 0.0234375 0.0354167
0 0.978906 0.360417 0.0234375 0.0291667
0 0.967188 0.0114583 0.04375 0.0229167
0 0.708594 0.220833 0.0234375 0.0333333
0 0.445312 0.49375 0.028125 0.0375
0 0.0921875 0.732292 0.025 0.03125
0 0.257031 0.830208 0.0390625 0.0479167
0 0.317187 0.805208 0.034375 0.04375
0 0.78125 0.110417 0.034375 0.0458333
0 0.200781 0.35 0.0265625 0.0375
0 0.121875 0.446875 0.040625 0.0520833
0 0.290625 0.661458 0.046875 0.05625
0 0.410156 0.726042 0.0265625 0.03125
0 0.410156 0.302083 0.0296875 0.0333333
0 0.0273438 0.248958 0.0328125 0.04375
0 0.954687 0.0229167 0.034375 0.0333333
0 0.853906 0.914583 0.0265625 0.0333333
0 0.671094 0.911458 0.0265625 0.03125
0 0.214844 0.510417 0.0265625 0.0375
0 0.853906 0.547917 0.0359375 0.05
0 0.560156 0.71875 0.0296875 0.0375
0 0.547656 0.852083 0.0265625 0.0375
0 0.514063 0.0635417 0.025 0.0354167
0 0.586719 0.0864583 0.0296875 0.0354167
0 0.440625 0.85 0.028125 0.0375
0 0.649219 0.0864583 0.0296875 0.0354167
0 0.185156 0.48125 0.0296875 0.0375
0 0.161719 0.0114583 0.0359375 0.0229167
0 0.604688 0.505208 0.0375 0.0479167
0 0.534375 0.0104167 0.034375 0.0208333
1 0.971875 0.572917 0.05625 0.0833333
0 0.0859375 0.420833 0.03125 0.0416667
0 0.153125 0.646875 0.03125 0.0395833
0 0.897656 0.726042 0.0265625 0.0354167
0 0.192969 0.358333 0.0296875 0.0375
0 0.857813 0.342708 0.03125 0.04375
0 0.873438 0.765625 0.028125 0.0395833
0 0.322656 0.930208 0.0296875 0.0395833
0 0.392188 0.45625 0.03125 0.0375
0 0.58125 0.386458 0.04375 0.05625
0 0.428125 0.622917 0.03125 0.0416667
0 0.415625 0.696875 0.03125 0.0395833
0 0.446875 0.441667 0.028125 0.0416667
0 0.0679687 0.310417 0.0328125 0.0416667
0 0.921094 0.48125 0.0296875 0.0416667
0 0.771875 0.666667 0.03125 0.0375
0 0.639063 0.558333 0.034375 0.0458333
0 0.0320312 0.544792 0.0359375 0.0479167
0 0.907031 0.0197917 0.0328125 0.0354167
0 0.48125 0.0625 0.028125 0.0375
0 0.621094 0.290625 0.0296875 0.0479167
0 0.807813 0.726042 0.034375 0.0479167
0 0.973437 0.0833333 0.03125 0.0458333
0 0.0359375 0.613542 0.03125 0.04375
0 0.153125 0.382292 0.034375 0.04375
0 0.289844 0.340625 0.0328125 0.04375
0 0.196875 0.217708 0.034375 0.04375
0 0.01875 0.947917 0.028125 0.0416667
0 0.223438 0.336458 0.03125 0.04375
0 0.988281 0.040625 0.0234375 0.0395833
0 0.832031 0.322917 0.0296875 0.0375
0 0.749219 0.0364583 0.0296875 0.04375
0 0.9125 0.260417 0.040625 0.0541667
0 0.127344 0.219792 0.0328125 0.04375
0 0.071875 0.892708 0.040625 0.0479167
0 0.05625 0.05625 0.0375 0.05
0 0.783594 0.272917 0.0328125 0.0458333
0 0.266406 0.898958 0.0421875 0.05625
0 0.767969 0.228125 0.0296875 0.0395833
0 0.745313 0.113542 0.04375 0.0604167
