0 0.678125 0.525 0.046875 0.0583333
0 0.277344 0.694792 0.0234375 0.0270833
0 0.0609375 0.139583 0.03125 0.0416667
0 0.688281 0.958333 0.0203125 0.0291667
0 0.629687 0.678125 0.0375 0.05625
0 0.96875 0.647917 0.03125 0.0375
0 0.475 0.117708 0.040625 0.05625
0 0.140625 0.163542 0.025 0.0354167
0 0.313281 0.461458 0.0203125 0.03125
0 0.479688 0.434375 0.021875 0.0354167
0 0.23125 0.677083 0.0375 0.05
0 0.485156 0.825 0.0234375 0.0333333
0 0.0273438 0.208333 0.0421875 0.0583333
0 0.592969 0.0291667 0.0328125 0.0416667
0 0.385156 0.897917 0.0265625 0.0333333
0 0.989844 0.958333 0.0203125 0.0625
0 0.309375 0.470833 0.021875 0.0333333
0 0.355469 0.110417 0.0296875 0.0333333
0 0.416406 0.49375 0.0484375 0.0708333
0 0.324219 0.0166667 0.0328125 0.0291667
0 0.135937 0.176042 0.028125 0.04375
0 0.140625 0.36875 0.034375 0.05
0 0.0835937 0.0614583 0.0515625 0.0645833
0 0.913281 0.264583 0.0265625 0.0333333
0 0.350781 0.43125 0.0359375 0.0416667
0 0.990625 0.423958 0.01875 0.03125
0 0.477344 0.222917 0.0265625 0.0375
0 0.984375 0.629167 0.025 0.0333333
0 0.0914062 0.6375 0.0390625 0.0458333
0 0.989844 0.0145833 0.0203125 0.0291667
0 0.705469 0.460417 0.0234375 0.0291667
0 0.259375 0.545833 0.040625 0.05
0 0.374219 0.110417 0.0265625 0.0375
0 0.992969 0.667708 0.0140625 0.0354167
0 0.153906 0.04375 0.0390625 0.05
0 0.975 0.657292 0.028125 0.0354167
0 0.680469 0.465625 0.0328125 0.04375
0 0.978125 0.539583 0.028125 0.0333333
0 0.990625 0.59375 0.01875 0.0416667
0 0.0804688 0.04375 0.0421875 0.0458333
0 0.449219 0.68125 0.0453125 0.0541667
0 0.515625 0.378125 0.028125 0.0395833
0 0.301562 0.059375 0.04375 0.0604167
0 0.361719 0.140625 0.0359375 0.04375
0 0.4875 0.371875 0.028125 0.0354167
0 0.126563 0.1625 0.025 0.0375
0 0.802344 0.264583 0.0296875 0.0416667
0 0.0757812 0.553125 0.0328125 0.0395833
0 0.496875 0.405208 0.028125 0.0354167
0 0.33125 0.458333 0.025 0.0291667
0 0.545313 0.403125 0.03125 0.04375
0 0.357031 0.884375 0.0328125 0.04375
0 0.0742188 0.147917 0.0359375 0.0458333
0 0.0523437 0.76875 0.0328125 0.0375
0 0.710156 0.946875 0.0265625 0.0354167
0 0.754687 0.386458 0.025 0.03125
0 0.482031 0.403125 0.0234375 0.03125
0 0.286719 0.625 0.0296875 0.0375
0 0.648438 0.0114583 0.0375 0.0229167
0 0.228906 0.0385417 0.0328125 0.0395833
0 0.632812 0.096875 0.025 0.0354167
0 0.671094 0.0791667 0.0265625 0.0375
0 0.678906 0.930208 0.0234375 0.03125
0 0.625781 0.727083 0.0328125 0.0375
0 0.046875 0.071875 0.028125 0.0395833
0 0.735937 0.419792 0.025 0.03125
0 0.170312 0.179167 0.028125 0.0375
0 0.35625 0.0864583 0.028125 0.0354167
0 0.727344 0.908333 0.0328125 0.0416667
0 0.107813 0.420833 0.028125 0.0333333
0 0.885156 0.853125 0.0296875 0.0395833
0 0.941406 0.828125 0.0296875 0.0395833
0 0.846094 0.315625 0.0296875 0.0354167
0 0.0171875 0.398958 0.034375 0.0520833
0 0.357031 0.925 0.0265625 0.0333333
0 0.383594 0.251042 0.0265625 0.0354167
0 0.326562 0.858333 0.028125 0.0333333
0 0.799219 0.94375 0.0328125 0.0458333
0 0.744531 0.640625 0.0453125 0.0604167
0 0.49375 0.778125 0.03125 0.0395833
0 0.623438 0.952083 0.034375 0.0458333
0 0.59375 0.545833 0.0375 0.05
0 0.626562 0.892708 0.03125 0.0395833
0 0.146875 0.115625 0.03125 0.04375
0 0.5125 0.0885417 0.03125 0.0395833
0 0.6125 0.755208 0.028125 0.03125
0 0.149219 0.305208 0.0359375 0.0479167
0 0.385938 0.0333333 0.0375 0.0458333
0 0.59375 0.679167 0.034375 0.0458333
0 0.59375 0.445833 0.03125 0.0416667
0 0.441406 0.945833 0.0328125 0.0458333
0 0.571875 0.901042 0.028125 0.0395833
0 0.301562 0.159375 0.03125 0.04375
0 0.392969 0.85625 0.0359375 0.0416667
0 0.367188 0.226042 0.034375 0.0395833
0 0.09375 0.6125 0.034375 0.0416667
0 0.2625 0.976042 0.040625 0.04375
0 0.4875 0.926042 0.028125 0.0354167
0 0.552344 0.171875 0.0328125 0.04375
0 0.470313 0.05625 0.034375 0.0458333
0 0.270312 0.13125 0.03125 0.0333333
0 0.157813 0.970833 0.046875 0.0541667
0 0.446094 0.190625 0.0390625 0.0520833
0 0.526563 0.586458 0.040625 0.0479167
