0 0.00859375 0.376042 0.0171875 0.0354167
0 0.1625 0.808333 0.028125 0.0375
0 0.758594 0.6125 0.0265625 0.0375
0 0.211719 0.967708 0.0234375 0.03125
0 0.605469 0.504167 0.0265625 0.0375
0 0.120312 0.440625 0.0375 0.0479167
0 0.56875 0.965625 0.03125 0.0395833
0 0.142188 0.79375 0.025 0.0416667
0 0.317969 0.780208 0.0328125 0.0395833
0 0.872656 0.775 0.0265625 0.0333333
0 0.239844 0.241667 0.0265625 0.0333333
1 0.975781 0.528125 0.0484375 0.0854167
0 0.572656 0.536458 0.0203125 0.03125
0 0.773438 0.614583 0.034375 0.0458333
0 0.875 0.760417 0.028125 0.0416667
0 0.9625 0.922917 0.0375 0.0458333
0 0.409375 0.290625 0.028125 0.0354167
0 0.421094 0.536458 0.0296875 0.0395833
0 0.894531 0.586458 0.0296875 0.0354167
0 0.854688 0.504167 0.03125 0.0416667
0 0.149219 0.632292 0.0296875 0.0354167
0 0.552344 0.689583 0.0296875 0.0375
0 0.9375 0.877083 0.028125 0.0333333
0 0.166406 0.130208 0.0203125 0.03125
0 0.965625 0.989583 0.028125 0.0208333
0 0.00703125 0.517708 0.0140625 0.0354167
0 0.870313 0.645833 0.028125 0.0333333
0 0.79375 0.177083 0.028125 0.0375
0 0.517969 0.986458 0.0296875 0.0270833
0 0.401563 0.773958 0.025 0.03125
0 0.991406 0.145833 0.0171875 0.0375
0 0.153906 0.59375 0.0265625 0.0375
0 0.34375 0.7625 0.025 0.0375
0 0.714844 0.910417 0.0265625 0.0333333
0 0.802344 0.390625 0.0265625 0.0354167
0 0.0882813 0.413542 0.0265625 0.03125
0 0.632812 0.0604167 0.028125 0.0375
0 0.403125 0.577083 0.025 0.0333333
0 0.275781 0.8875 0.0328125 0.0458333
0 0.829687 0.675 0.025 0.0333333
0 0.152344 0.01875 0.0296875 0.0333333
0 0.982813 0.053125 0.028125 0.0395833
0 0.596875 0.236458 0.03125 0.0395833
0 0.928125 0.9625 0.025 0.0333333
0 0.820312 0.414583 0.025 0.0333333
0 0.121094 0.14375 0.0234375 0.0333333
0 0.627344 0.028125 0.0296875 0.0354167
0 0.0226563 0.626042 0.0296875 0.0395833
0 0.205469 0.355208 0.0296875 0.0395833
0 0.223438 0.471875 0.028125 0.0354167
0 0.140625 0.3625 0.03125 0.0458333
0 0.0429688 0.930208 0.0265625 0.0395833
0 0.15625 0.76875 0.028125 0.0375
0 0.789844 0.0552083 0.0296875 0.0395833
0 0.279687 0.305208 0.0375 0.0479167
0 0.425781 0.386458 0.0390625 0.05625
0 0.257812 0.855208 0.028125 0.0354167
0 0.302344 0.926042 0.0296875 0.04375
0 0.801562 0.205208 0.03125 0.0395833
0 0.261719 0.808333 0.0359375 0.0458333
0 0.071875 0.884375 0.03125 0.04375
0 0.795313 0.153125 0.03125 0.04375
0 0.108594 0.923958 0.0328125 0.04375
0 0.932813 0.198958 0.034375 0.0479167
