0 0.138281 0.167708 0.0265625 0.0354167
0 0.0554687 0.059375 0.0359375 0.0479167
0 0.0234375 0.00729167 0.028125 0.0145833
0 0.985156 0.595833 0.0265625 0.0416667
0 0.515625 0.980208 0.03125 0.0354167
0 0.2375 0.725 0.034375 0.05
0 0.645312 0.652083 0.040625 0.0666667
0 0.467187 0.423958 0.025 0.0354167
0 0.476562 0.220833 0.028125 0.0375
0 0.990625 0.604167 0.01875 0.0458333
0 0.157813 0.747917 0.025 0.0375
0 0.134375 0.319792 0.025 0.0395833
0 0.349219 0.10625 0.0296875 0.0416667
0 0.460938 0.122917 0.046875 0.0625
0 0.717969 0.476042 0.0234375 0.03125
0 0.4875 0.2625 0.021875 0.0291667
0 0.8 0.55 0.03125 0.0416667
0 0.00703125 0.407292 0.0140625 0.0395833
0 0.359375 0.880208 0.034375 0.0395833
0 0.398438 0.50625 0.04375 0.0625
0 0.304688 0.470833 0.025 0.0333333
0 0.702344 0.953125 0.0296875 0.0354167
0 0.132031 0.189583 0.0265625 0.0375
0 0.0515625 0.769792 0.028125 0.0354167
0 0.214062 0.685417 0.040625 0.0541667
0 0.486719 0.978125 0.0296875 0.0354167
0 0.345313 0.436458 0.0375 0.0479167
0 0.721875 0.497917 0.021875 0.025
0 0.991406 0.667708 0.0171875 0.0354167
0 0.313281 0.902083 0.0359375 0.05
0 0.0460938 0.558333 0.0296875 0.0375
0 0.0726563 0.071875 0.0421875 0.05625
0 0.835938 0.448958 0.0375 0.0479167
0 0.632812 0.240625 0.034375 0.0479167
0 0.123438 0.315625 0.03125 0.0354167
0 0.135156 0.151042 0.0296875 0.0354167
0 0.449219 0.68125 0.0484375 0.0583333
0 0.120312 0.171875 0.025 0.0354167
0 0.0664062 0.04375 0.0390625 0.0375
0 0.324219 0.45625 0.0234375 0.0333333
0 0.805469 0.797917 0.0265625 0.0375
0 0.669531 0.9375 0.0234375 0.0291667
0 0.0945313 0.422917 0.0265625 0.0333333
0 0.575781 0.546875 0.0359375 0.0479167
0 0.447656 0.26875 0.0296875 0.0375
0 0.891406 0.311458 0.0296875 0.0395833
0 0.515625 0.210417 0.028125 0.0375
0 0.250781 0.980208 0.0359375 0.0354167
0 0.980469 0.0145833 0.0265625 0.0291667
0 0.444531 0.979167 0.0234375 0.0333333
0 0.738281 0.639583 0.0421875 0.0583333
0 0.578125 0.0447917 0.0375 0.0479167
0 0.134375 0.36875 0.028125 0.0416667
0 0.892187 0.511458 0.04375 0.05625
0 0.147656 0.969792 0.0390625 0.0520833
0 0.148438 0.634375 0.028125 0.0354167
0 0.267969 0.625 0.0265625 0.0375
0 0.310937 0.0145833 0.03125 0.025
0 0.676562 0.959375 0.025 0.03125
0 0.786719 0.946875 0.0296875 0.0395833
0 0.841406 0.314583 0.0296875 0.0333333
0 0.0367187 0.075 0.0296875 0.0375
0 0.153125 0.0458333 0.04375 0.0541667
0 0.167969 0.721875 0.0296875 0.0395833
0 0.750781 0.444792 0.0265625 0.0395833
0 0.610937 0.746875 0.028125 0.0354167
0 0.682031 0.111458 0.0328125 0.04375
0 0.610937 0.301042 0.028125 0.0395833
0 0.971875 0.544792 0.03125 0.0354167
0 0.235156 0.542708 0.0359375 0.04375
0 0.471094 0.38125 0.0328125 0.0416667
0 0.610937 0.873958 0.028125 0.0354167
0 0.0210938 0.209375 0.0421875 0.0604167
0 0.274219 0.0708333 0.0484375 0.0666667
0 0.351562 0.922917 0.028125 0.0333333
0 0.0671875 0.65 0.0375 0.0416667
0 0.379687 0.840625 0.03125 0.0395833
0 0.3 0.242708 0.028125 0.0395833
0 0.876562 0.852083 0.034375 0.0458333
0 0.530469 0.404167 0.0390625 0.0541667
0 0.614062 0.476042 0.03125 0.0395833
0 0.182812 0.184375 0.028125 0.0354167
0 0.432031 0.94375 0.0265625 0.0375
0 0.210156 0.0354167 0.0328125 0.0416667
0 0.785937 0.260417 0.034375 0.0458333
0 0.297656 0.173958 0.0359375 0.04375
0 0.575 0.673958 0.0375 0.0479167
0 0.366406 0.265625 0.0296875 0.0395833
0 0.359375 0.01875 0.0375 0.0375
0 0.648438 0.0229167 0.034375 0.0416667
0 0.0679687 0.621875 0.0328125 0.04375
0 0.715625 0.908333 0.03125 0.0416667
0 0.35625 0.09375 0.03125 0.0458333
0 0.296875 0.510417 0.03125 0.0416667
0 0.355469 0.140625 0.0359375 0.0479167
0 0.425 0.203125 0.040625 0.05625
0 0.670313 0.4625 0.0375 0.05
0 0.523438 0.5875 0.04375 0.0541667
0 0.597656 0.0958333 0.0328125 0.0458333
0 0.0625 0.145833 0.0375 0.05
0 0.364844 0.21875 0.0328125 0.0458333
0 0.622656 0.378125 0.0328125 0.04375
