0 0.685938 0.919792 0.028125 0.03125
0 0.496094 0.9875 0.0390625 0.0166667
0 0.489844 0.125 0.0484375 0.0625
0 0.748438 0.475 0.03125 0.0375
0 0.475781 0.221875 0.0328125 0.0354167
0 0.723437 0.638542 0.034375 0.04375
0 0.139844 0.182292 0.0265625 0.04375
0 0.502344 0.39375 0.0296875 0.0416667
0 0.898438 0.511458 0.04375 0.05625
0 0.325 0.059375 0.025 0.0395833
0 0.642969 0.009375 0.0328125 0.01875
0 0.991406 0.0197917 0.0171875 0.0354167
0 0.704687 0.459375 0.03125 0.04375
0 0.242188 0.682292 0.040625 0.05625
0 0.45 0.684375 0.046875 0.0604167
0 0.4 0.8625 0.03125 0.0375
0 0.483594 0.255208 0.0328125 0.0395833
0 0.334375 0.028125 0.025 0.03125
0 0.0953125 0.0604167 0.059375 0.0791667
0 0.096875 0.55625 0.028125 0.0375
0 0.451562 0.189583 0.0375 0.05
0 0.551562 0.39375 0.034375 0.0541667
0 0.986719 0.625 0.0234375 0.0375
0 0.480469 0.214583 0.0265625 0.0291667
0 0.404687 0.895833 0.028125 0.0375
0 0.703125 0.221875 0.04375 0.0520833
0 0.311719 0.472917 0.0265625 0.0333333
0 0.857031 0.436458 0.0390625 0.0520833
0 0.0078125 0.29375 0.015625 0.0458333
0 0.0945313 0.0395833 0.0484375 0.0583333
0 0.982031 0.540625 0.0265625 0.0354167
0 0.0507812 0.769792 0.0234375 0.03125
0 0.353906 0.439583 0.0421875 0.0541667
0 0.607813 0.028125 0.03125 0.0395833
0 0.9875 0.586458 0.025 0.04375
0 0.308594 0.0604167 0.0453125 0.0583333
0 0.277344 0.71875 0.0359375 0.05
0 0.203906 0.704167 0.0296875 0.0416667
0 0.472656 0.25 0.0296875 0.0375
0 0.992188 0.661458 0.015625 0.0354167
0 0.14375 0.165625 0.028125 0.0395833
0 0.740625 0.646875 0.040625 0.05625
0 0.278906 0.557292 0.0328125 0.04375
0 0.642969 0.244792 0.0390625 0.0520833
0 0.144531 0.366667 0.0390625 0.0541667
0 0.425781 0.486458 0.0453125 0.0645833
0 0.334375 0.459375 0.025 0.03125
0 0.895312 0.854167 0.034375 0.0375
0 0.296094 0.8875 0.0265625 0.0333333
0 0.714063 0.939583 0.028125 0.0375
0 0.121094 0.425 0.0296875 0.0333333
0 0.43125 0.159375 0.028125 0.03125
0 0.273438 0.983333 0.0375 0.0333333
0 0.479688 0.435417 0.03125 0.0375
0 0.871875 0.333333 0.028125 0.0375
0 0.30625 0.632292 0.028125 0.0395833
0 0.503906 0.917708 0.0296875 0.0395833
0 0.0546875 0.0666667 0.028125 0.0375
0 0.653125 0.865625 0.034375 0.04375
0 0.1625 0.96875 0.0375 0.05
0 0.804688 0.940625 0.03125 0.04375
0 0.364062 0.0895833 0.034375 0.0458333
0 0.6125 0.757292 0.028125 0.0354167
0 0.845312 0.323958 0.03125 0.03125
0 0.107813 0.638542 0.034375 0.04375
0 0.394531 0.235417 0.0296875 0.0416667
0 0.69375 0.4625 0.040625 0.0458333
0 0.358594 0.93125 0.0265625 0.0333333
0 0.267969 0.251042 0.0421875 0.0520833
0 0.413281 0.0239583 0.0359375 0.04375
0 0.671094 0.626042 0.0265625 0.0354167
0 0.766406 0.309375 0.0296875 0.0354167
0 0.154687 0.0416667 0.040625 0.0541667
0 0.132031 0.160417 0.0265625 0.0375
0 0.113281 0.609375 0.0328125 0.0395833
0 0.359375 0.885417 0.034375 0.05
0 0.55 0.458333 0.028125 0.0416667
0 0.507031 0.598958 0.0296875 0.0395833
0 0.303125 0.15 0.034375 0.0458333
0 0.571094 0.185417 0.0328125 0.0416667
0 0.241406 0.0416667 0.0359375 0.0416667
0 0.164844 0.3 0.0359375 0.0541667
0 0.736719 0.907292 0.0328125 0.04375
0 0.367188 0.136458 0.034375 0.0479167
0 0.0234375 0.398958 0.0375 0.0479167
0 0.482031 0.935417 0.0296875 0.0416667
0 0.636719 0.905208 0.0296875 0.0395833
0 0.808594 0.264583 0.0359375 0.05
0 0.74375 0.40625 0.028125 0.0375
0 0.442187 0.944792 0.03125 0.0395833
0 0.0789063 0.145833 0.0328125 0.0458333
0 0.542969 0.116667 0.0359375 0.05
0 0.14375 0.125 0.034375 0.0416667
0 0.371094 0.223958 0.0296875 0.0395833
0 0.594531 0.68125 0.0359375 0.0541667
0 0.528906 0.586458 0.0359375 0.04375
0 0.50625 0.353125 0.040625 0.0520833
