0 0.798437 0.551042 0.021875 0.0270833
0 0.986719 0.626042 0.0203125 0.0354167
0 0.485156 0.25625 0.0265625 0.0375
0 0.310156 0.457292 0.0203125 0.0270833
0 0.600781 0.551042 0.0390625 0.0520833
0 0.328906 0.908333 0.0359375 0.05
0 0.0304688 0.209375 0.0390625 0.05625
0 0.646094 0.00729167 0.0296875 0.0145833
0 0.483594 0.4 0.0234375 0.0333333
0 0.090625 0.0625 0.05 0.0625
0 0.979688 0.541667 0.028125 0.0333333
0 0.678906 0.523958 0.0453125 0.0604167
0 0.5 0.404167 0.025 0.0375
0 0.154687 0.040625 0.0375 0.0520833
0 0.105469 0.615625 0.0328125 0.0395833
0 0.0523437 0.76875 0.0234375 0.0291667
0 0.599219 0.0260417 0.0328125 0.0395833
0 0.140625 0.179167 0.025 0.0416667
0 0.992969 0.427083 0.0140625 0.0333333
0 0.142969 0.367708 0.0328125 0.0479167
0 0.389062 0.236458 0.028125 0.0395833
0 0.740625 0.473958 0.025 0.0354167
0 0.991406 0.01875 0.0171875 0.0333333
0 0.707031 0.458333 0.0234375 0.0291667
0 0.311719 0.472917 0.0234375 0.0291667
0 0.478125 0.220833 0.028125 0.0375
0 0.989844 0.590625 0.0203125 0.0395833
0 0.992188 0.665625 0.015625 0.0354167
0 0.685938 0.464583 0.03125 0.0416667
0 0.713281 0.942708 0.0296875 0.0395833
0 0.497656 0.708333 0.0265625 0.0333333
0 0.304688 0.0614583 0.04375 0.0604167
0 0.510938 0.117708 0.03125 0.0479167
0 0.448438 0.68125 0.040625 0.05
0 0.41875 0.492708 0.04375 0.05625
0 0.335156 0.220833 0.0328125 0.0458333
0 0.333594 0.460417 0.0234375 0.0291667
0 0.802344 0.946875 0.0296875 0.0395833
0 0.0875 0.040625 0.040625 0.0479167
0 0.130469 0.1625 0.0265625 0.0375
0 0.0867188 0.555208 0.0265625 0.0354167
0 0.810156 0.360417 0.0265625 0.0291667
0 0.1125 0.422917 0.025 0.0291667
0 0.364844 0.138542 0.0328125 0.04375
0 0.685938 0.920833 0.025 0.0333333
0 0.598437 0.145833 0.028125 0.0333333
0 0.617969 0.827083 0.0296875 0.0375
0 0.0984375 0.641667 0.034375 0.0458333
0 0.560938 0.96875 0.034375 0.0458333
0 0.294531 0.628125 0.0265625 0.0354167
0 0.586719 0.678125 0.0296875 0.04375
0 0.733594 0.429167 0.0234375 0.0291667
0 0.747656 0.640625 0.0453125 0.0604167
0 0.272656 0.553125 0.0328125 0.04375
0 0.80625 0.2625 0.03125 0.0416667
0 0.889844 0.85625 0.0328125 0.0375
0 0.357031 0.928125 0.0265625 0.03125
0 0.560938 0.521875 0.034375 0.0479167
0 0.391406 0.896875 0.0265625 0.0354167
0 0.286719 0.20625 0.0296875 0.0416667
0 0.634375 0.897917 0.028125 0.0333333
0 0.357812 0.883333 0.034375 0.0458333
0 0.235156 0.0416667 0.0296875 0.0375
0 0.01875 0.4 0.034375 0.05
0 0.607031 0.864583 0.0296875 0.0375
0 0.614062 0.754167 0.028125 0.0333333
0 0.519531 0.196875 0.0328125 0.04375
0 0.845312 0.31875 0.028125 0.0333333
0 0.340625 0.0291667 0.03125 0.0416667
0 0.399219 0.0322917 0.0359375 0.0479167
0 0.439063 0.94375 0.028125 0.0375
0 0.388281 0.944792 0.0265625 0.03125
0 0.053125 0.065625 0.028125 0.0395833
0 0.353906 0.06875 0.0265625 0.0333333
0 0.45 0.189583 0.040625 0.0541667
0 0.0625 0.689583 0.028125 0.0375
0 0.553906 0.417708 0.0296875 0.0395833
0 0.271094 0.983333 0.0359375 0.0333333
0 0.159375 0.969792 0.040625 0.0479167
0 0.155469 0.307292 0.0328125 0.04375
0 0.732813 0.90625 0.034375 0.0458333
0 0.485938 0.111458 0.046875 0.0604167
0 0.5 0.3625 0.0375 0.05
0 0.145313 0.11875 0.034375 0.05
0 0.0773437 0.146875 0.0359375 0.0520833
0 0.361719 0.222917 0.0328125 0.0416667
0 0.357812 0.0927083 0.03125 0.04375
0 0.395312 0.858333 0.03125 0.0375
0 0.528125 0.5875 0.040625 0.05
0 0.307813 0.160417 0.040625 0.05
