0 0.403125 0.504167 0.040625 0.0583333
0 0.461719 0.123958 0.0515625 0.06875
0 0.13125 0.152083 0.028125 0.0416667
0 0.0601562 0.053125 0.0359375 0.04375
0 0.025 0.00833333 0.03125 0.0166667
0 0.626562 0.830208 0.025 0.0395833
0 0.66875 0.433333 0.034375 0.0416667
0 0.599219 0.664583 0.0234375 0.0333333
0 0.59375 0.826042 0.025 0.0354167
0 0.207813 0.864583 0.025 0.0333333
0 0.722656 0.472917 0.0234375 0.0333333
0 0.9875 0.596875 0.021875 0.0479167
0 0.642969 0.646875 0.0328125 0.0479167
0 0.354688 0.883333 0.03125 0.0416667
0 0.221094 0.680208 0.0359375 0.04375
0 0.838281 0.446875 0.0359375 0.0479167
0 0.2 0.690625 0.028125 0.0395833
0 0.0976562 0.420833 0.0265625 0.0333333
0 0.799219 0.548958 0.0265625 0.0354167
0 0.739844 0.640625 0.0421875 0.05625
0 0.734375 0.492708 0.021875 0.0270833
0 0.134375 0.18125 0.025 0.0375
0 0.342969 0.43125 0.0328125 0.0375
0 0.485156 0.414583 0.0265625 0.0416667
0 0.071875 0.0447917 0.046875 0.0479167
0 0.449219 0.68125 0.0484375 0.0583333
0 0.4875 0.2625 0.025 0.0333333
0 0.408594 0.936458 0.0265625 0.0354167
0 0.65 0.452083 0.03125 0.0375
0 0.702344 0.954167 0.0296875 0.0375
0 0.0726563 0.642708 0.0359375 0.04375
0 0.4875 0.185417 0.028125 0.0375
0 0.201562 0.952083 0.0375 0.05
0 0.30625 0.473958 0.021875 0.0270833
0 0.0734375 0.619792 0.034375 0.04375
0 0.478125 0.221875 0.028125 0.0354167
0 0.24375 0.726042 0.034375 0.04375
0 0.611719 0.851042 0.0265625 0.0354167
0 0.325781 0.45625 0.0234375 0.0291667
0 0.892187 0.511458 0.04375 0.05625
0 0.153125 0.04375 0.040625 0.0541667
0 0.0523437 0.554167 0.0296875 0.0333333
0 0.00859375 0.40625 0.0171875 0.0458333
0 0.271875 0.623958 0.025 0.0354167
0 0.514063 0.933333 0.028125 0.0375
0 0.300781 0.16875 0.0328125 0.0416667
0 0.0515625 0.769792 0.03125 0.0354167
0 0.121094 0.164583 0.0234375 0.0333333
0 0.139062 0.146875 0.028125 0.0354167
0 0.84375 0.775 0.028125 0.0375
0 0.992188 0.664583 0.015625 0.0375
0 0.275781 0.411458 0.0328125 0.04375
0 0.671094 0.94375 0.0265625 0.0333333
0 0.360156 0.1375 0.0328125 0.0458333
0 0.373437 0.892708 0.025 0.03125
0 0.457031 0.263542 0.0265625 0.03125
0 0.973437 0.541667 0.03125 0.0375
0 0.470313 0.421875 0.028125 0.0354167
0 0.234375 0.535417 0.03125 0.0416667
0 0.478906 0.958333 0.0265625 0.0333333
0 0.741406 0.413542 0.0265625 0.0354167
0 0.982031 0.0145833 0.0265625 0.0291667
0 0.791406 0.951042 0.0296875 0.0395833
0 0.740625 0.913542 0.03125 0.0354167
0 0.646875 0.0145833 0.03125 0.0291667
0 0.134375 0.369792 0.03125 0.04375
0 0.317187 0.0135417 0.03125 0.0270833
0 0.251563 0.980208 0.034375 0.0395833
0 0.534375 0.403125 0.040625 0.05625
0 0.875 0.290625 0.03125 0.0395833
0 0.609375 0.742708 0.028125 0.0354167
0 0.352344 0.923958 0.0265625 0.03125
0 0.021875 0.208333 0.04375 0.0625
0 0.471875 0.38125 0.034375 0.0416667
0 0.714844 0.907292 0.0296875 0.0395833
0 0.616406 0.882292 0.0234375 0.03125
0 0.314844 0.903125 0.0359375 0.0479167
0 0.334375 0.186458 0.028125 0.0354167
0 0.282813 0.0666667 0.04375 0.0583333
0 0.597656 0.333333 0.0328125 0.0458333
0 0.630469 0.261458 0.0328125 0.04375
0 0.841406 0.316667 0.0328125 0.0375
0 0.671094 0.464583 0.0359375 0.0458333
0 0.23125 0.802083 0.028125 0.0416667
0 0.789062 0.260417 0.0375 0.05
0 0.130469 0.315625 0.0328125 0.0395833
0 0.635938 0.297917 0.03125 0.0416667
0 0.199219 0.169792 0.0296875 0.0354167
0 0.576563 0.673958 0.034375 0.04375
0 0.580469 0.547917 0.0359375 0.05
0 0.0390625 0.075 0.03125 0.0416667
0 0.371875 0.0197917 0.040625 0.0395833
0 0.880469 0.852083 0.0390625 0.05
0 0.382812 0.845833 0.03125 0.0375
0 0.582031 0.0427083 0.0359375 0.0479167
0 0.525 0.588542 0.040625 0.0479167
0 0.5875 0.107292 0.034375 0.0479167
0 0.369531 0.2625 0.0296875 0.0416667
0 0.625 0.141667 0.034375 0.0458333
0 0.0648438 0.142708 0.0359375 0.0479167
0 0.428125 0.211458 0.040625 0.0520833
0 0.433594 0.941667 0.0296875 0.0416667
0 0.357031 0.0979167 0.0359375 0.05
0 0.2125 0.0364583 0.034375 0.04375
0 0.150781 0.970833 0.0390625 0.05
0 0.359375 0.213542 0.034375 0.0479167
0 0.178125 0.815625 0.028125 0.0395833
