0 0.470313 0.251042 0.021875 0.0270833
0 0.972656 0.428125 0.0265625 0.0354167
0 0.13125 0.319792 0.028125 0.0395833
0 0.704687 0.460417 0.021875 0.0291667
0 0.985937 0.594792 0.028125 0.0395833
0 0.1375 0.129167 0.034375 0.0458333
0 0.991406 0.605208 0.0171875 0.0395833
0 0.6375 0.653125 0.040625 0.05625
0 0.720312 0.494792 0.021875 0.0229167
0 0.992969 0.983333 0.0140625 0.0291667
0 0.717188 0.473958 0.025 0.03125
0 0.466406 0.426042 0.0234375 0.0354167
0 0.785937 0.948958 0.03125 0.0395833
0 0.119531 0.175 0.0296875 0.0416667
0 0.0398437 0.561458 0.0296875 0.04375
0 0.23125 0.726042 0.034375 0.04375
0 0.667188 0.938542 0.025 0.03125
0 0.214062 0.683333 0.0375 0.05
0 0.198437 0.953125 0.0375 0.0479167
0 0.648438 0.247917 0.025 0.0375
0 0.00703125 0.408333 0.0140625 0.0416667
0 0.346875 0.436458 0.0375 0.0479167
0 0.0507812 0.767708 0.0296875 0.0354167
0 0.4875 0.261458 0.025 0.03125
0 0.448438 0.680208 0.046875 0.05625
0 0.892187 0.509375 0.04375 0.05625
0 0.447656 0.267708 0.0296875 0.0395833
0 0.457812 0.121875 0.046875 0.0604167
0 0.554688 0.91875 0.03125 0.0375
0 0.358594 0.879167 0.0359375 0.0416667
0 0.627344 0.2375 0.0328125 0.0458333
0 0.434375 0.988542 0.028125 0.0229167
0 0.299219 0.584375 0.0265625 0.0354167
0 0.132031 0.188542 0.0296875 0.04375
0 0.585938 0.30625 0.03125 0.0416667
0 0.324219 0.45625 0.0234375 0.0333333
0 0.480469 0.222917 0.0296875 0.0375
0 0.0648438 0.623958 0.0328125 0.0395833
0 0.071875 0.0708333 0.04375 0.0583333
0 0.575781 0.547917 0.0359375 0.05
0 0.09375 0.423958 0.028125 0.03125
0 0.705469 0.947917 0.0296875 0.0375
0 0.308594 0.0125 0.0296875 0.025
0 0.598437 0.494792 0.028125 0.0354167
0 0.610937 0.748958 0.028125 0.0354167
0 0.265625 0.621875 0.025 0.0354167
0 0.991406 0.66875 0.0171875 0.0333333
0 0.132031 0.367708 0.0296875 0.04375
0 0.979688 0.0145833 0.028125 0.0291667
0 0.305469 0.470833 0.0265625 0.0333333
0 0.786719 0.8125 0.0328125 0.0458333
0 0.0648438 0.648958 0.0390625 0.04375
0 0.122656 0.313542 0.0296875 0.0354167
0 0.839844 0.0197917 0.0390625 0.0395833
0 0.192969 0.638542 0.0265625 0.0354167
0 0.065625 0.040625 0.0375 0.0395833
0 0.522656 0.24375 0.0328125 0.0416667
0 0.738281 0.641667 0.0421875 0.0583333
0 0.971875 0.541667 0.03125 0.0375
0 0.235938 0.541667 0.034375 0.0458333
0 0.3125 0.902083 0.0375 0.05
0 0.146094 0.969792 0.0453125 0.0520833
0 0.711719 0.910417 0.0296875 0.0375
0 0.938281 0.0229167 0.0328125 0.0375
0 0.646094 0.970833 0.0328125 0.0375
0 0.470313 0.383333 0.03125 0.0458333
0 0.928906 0.267708 0.0328125 0.0395833
0 0.127344 0.605208 0.0296875 0.0395833
0 0.607813 0.871875 0.028125 0.0354167
0 0.153906 0.046875 0.0421875 0.0520833
0 0.835156 0.45 0.0390625 0.05
0 0.351562 0.922917 0.028125 0.0333333
0 0.573438 0.673958 0.034375 0.0479167
0 0.874219 0.85 0.0359375 0.0458333
0 0.651563 0.0208333 0.034375 0.0375
0 0.784375 0.263542 0.034375 0.04375
0 0.565625 0.89375 0.0375 0.05
0 0.429688 0.944792 0.03125 0.04375
0 0.529688 0.405208 0.034375 0.0479167
0 0.753125 0.442708 0.03125 0.0395833
0 0.151562 0.679167 0.028125 0.0416667
0 0.575 0.0447917 0.034375 0.04375
0 0.248437 0.98125 0.034375 0.0333333
0 0.35625 0.09375 0.034375 0.05
0 0.0351562 0.0770833 0.0328125 0.0416667
0 0.378906 0.839583 0.0328125 0.0416667
0 0.841406 0.314583 0.0296875 0.0333333
0 0.721875 0.135417 0.028125 0.0375
0 0.178125 0.192708 0.03125 0.0395833
0 0.6125 0.410417 0.034375 0.0458333
0 0.296094 0.265625 0.0296875 0.0395833
0 0.294531 0.177083 0.0359375 0.0458333
0 0.365625 0.266667 0.03125 0.0416667
0 0.130469 0.151042 0.0328125 0.04375
0 0.0210938 0.209375 0.0421875 0.0604167
0 0.361719 0.215625 0.0359375 0.0520833
0 0.355469 0.140625 0.0359375 0.0479167
0 0.355469 0.01875 0.0390625 0.0375
0 0.425 0.208333 0.04375 0.0541667
0 0.207813 0.034375 0.034375 0.04375
0 0.0609375 0.147917 0.0375 0.05
0 0.523438 0.5875 0.040625 0.05
0 0.608594 0.09375 0.0390625 0.05
0 0.66875 0.464583 0.0375 0.05
