0 0.610937 0.69375 0.03125 0.0458333
1 0.477344 0.242708 0.0609375 0.08125
0 0.678125 0.527083 0.04375 0.0583333
0 0.313281 0.4625 0.0203125 0.0333333
0 0.210938 0.8625 0.03125 0.0333333
0 0.351562 0.429167 0.034375 0.0416667
0 0.140625 0.175 0.028125 0.0458333
0 0.232031 0.678125 0.0390625 0.0520833
0 0.799219 0.551042 0.0234375 0.03125
0 0.4875 0.258333 0.021875 0.0291667
0 0.5 0.404167 0.028125 0.0375
0 0.589844 0.990625 0.0359375 0.01875
0 0.683594 0.925 0.0265625 0.0333333
0 0.979688 0.541667 0.028125 0.0333333
0 0.0890625 0.0614583 0.053125 0.06875
0 0.35625 0.883333 0.03125 0.0416667
0 0.705469 0.460417 0.0234375 0.0291667
0 0.494531 0.1 0.0359375 0.0458333
0 0.3125 0.473958 0.021875 0.03125
0 0.0984375 0.641667 0.0375 0.05
0 0.333594 0.45625 0.0234375 0.0291667
0 0.271875 0.55 0.0375 0.0458333
0 0.735937 0.471875 0.025 0.0354167
0 0.142188 0.370833 0.034375 0.0541667
0 0.292969 0.626042 0.0296875 0.0395833
0 0.985937 0.628125 0.021875 0.0354167
0 0.00703125 0.0927083 0.0140625 0.0395833
0 0.990625 0.589583 0.01875 0.0375
0 0.417188 0.49375 0.04375 0.0625
0 0.154687 0.040625 0.0375 0.0520833
0 0.977344 0.186458 0.0265625 0.0354167
0 0.588281 0.684375 0.0328125 0.04375
0 0.244531 0.198958 0.0296875 0.0395833
0 0.992188 0.811458 0.015625 0.0354167
0 0.992188 0.961458 0.015625 0.0479167
0 0.644531 0.00833333 0.0328125 0.0166667
0 0.573438 0.867708 0.03125 0.0395833
0 0.596875 0.028125 0.034375 0.0395833
0 0.130469 0.163542 0.0265625 0.0395833
0 0.596875 0.55 0.0375 0.05
0 0.990625 0.0197917 0.01875 0.03125
0 0.538281 0.467708 0.0359375 0.04375
0 0.1 0.613542 0.034375 0.0395833
0 0.084375 0.554167 0.03125 0.0375
0 0.0523437 0.769792 0.0265625 0.03125
0 0.992188 0.664583 0.015625 0.0375
0 0.992188 0.427083 0.015625 0.0291667
0 0.084375 0.0427083 0.04375 0.0479167
0 0.583594 0.879167 0.0296875 0.0375
0 0.502344 0.726042 0.0296875 0.0395833
0 0.0304688 0.210417 0.0453125 0.0583333
0 0.109375 0.420833 0.028125 0.0333333
0 0.370313 0.910417 0.021875 0.0333333
0 0.482812 0.402083 0.025 0.0333333
0 0.746875 0.639583 0.046875 0.0625
0 0.710938 0.944792 0.03125 0.0395833
0 0.390625 0.89375 0.028125 0.0333333
0 0.682813 0.466667 0.034375 0.0416667
0 0.448438 0.189583 0.040625 0.05
0 0.801562 0.944792 0.03125 0.04375
0 0.734375 0.429167 0.025 0.0291667
0 0.449219 0.68125 0.0421875 0.0541667
0 0.479688 0.222917 0.03125 0.0375
0 0.805469 0.263542 0.0296875 0.0395833
0 0.632031 0.897917 0.0296875 0.0375
0 0.496875 0.367708 0.034375 0.0479167
0 0.570312 0.136458 0.028125 0.0354167
0 0.303125 0.0614583 0.04375 0.0604167
0 0.0523437 0.0677083 0.0296875 0.0395833
0 0.0203125 0.682292 0.028125 0.0395833
0 0.339844 0.028125 0.0296875 0.0395833
0 0.348437 0.0614583 0.028125 0.03125
0 0.692187 0.0197917 0.028125 0.03125
0 0.0179687 0.4 0.0359375 0.0541667
0 0.147656 0.117708 0.0328125 0.04375
0 0.614062 0.755208 0.028125 0.03125
0 0.358594 0.929167 0.0265625 0.0291667
0 0.264062 0.978125 0.040625 0.0395833
0 0.30625 0.166667 0.03125 0.0375
0 0.847656 0.321875 0.0328125 0.0354167
0 0.569531 0.40625 0.0359375 0.05
0 0.360938 0.2375 0.03125 0.0416667
0 0.301562 0.129167 0.028125 0.0333333
0 0.233594 0.040625 0.0296875 0.0395833
0 0.0765625 0.147917 0.0375 0.05
0 0.73125 0.907292 0.034375 0.0479167
0 0.685938 0.142708 0.028125 0.0395833
0 0.389844 0.238542 0.0296875 0.0395833
0 0.79375 0.367708 0.028125 0.0354167
0 0.888281 0.855208 0.0359375 0.04375
0 0.3625 0.138542 0.034375 0.04375
0 0.439063 0.941667 0.03125 0.0458333
0 0.480469 0.113542 0.0484375 0.0604167
0 0.153125 0.307292 0.0375 0.0479167
0 0.157031 0.969792 0.0453125 0.0520833
0 0.396875 0.855208 0.03125 0.0395833
0 0.533594 0.189583 0.0390625 0.05
0 0.396875 0.0291667 0.0375 0.0458333
0 0.353906 0.107292 0.0328125 0.0395833
0 0.527344 0.5875 0.0390625 0.05
