0 0.360938 0.440625 0.0375 0.0520833
0 0.497656 0.394792 0.0234375 0.03125
0 0.400781 0.745833 0.0265625 0.0375
0 0.645312 0.651042 0.0375 0.0604167
0 0.710938 0.223958 0.04375 0.0520833
0 0.273438 0.121875 0.028125 0.0354167
0 0.478125 0.216667 0.03125 0.0291667
0 0.517187 0.379167 0.028125 0.0375
0 0.153906 0.363542 0.0328125 0.0479167
0 0.134375 0.158333 0.021875 0.0291667
0 0.488281 0.263542 0.0234375 0.03125
0 0.667188 0.257292 0.028125 0.0395833
0 0.629687 0.672917 0.05 0.0708333
0 0.604688 0.489583 0.034375 0.0458333
0 0.772656 0.471875 0.0234375 0.03125
0 0.145313 0.176042 0.025 0.0354167
0 0.705469 0.4625 0.0328125 0.0416667
0 0.382031 0.216667 0.0265625 0.0416667
0 0.985937 0.542708 0.021875 0.0354167
0 0.310156 0.0427083 0.0390625 0.04375
0 0.621875 0.0260417 0.028125 0.0354167
0 0.253906 0.682292 0.0390625 0.0520833
0 0.476562 0.255208 0.025 0.0270833
0 0.210156 0.864583 0.0328125 0.0333333
0 0.436719 0.477083 0.0328125 0.0458333
0 0.642187 0.245833 0.0375 0.0458333
0 0.945312 0.413542 0.040625 0.0520833
0 0.992969 0.659375 0.0140625 0.03125
0 0.989844 0.586458 0.0203125 0.0479167
0 0.454688 0.191667 0.0375 0.05
0 0.758594 0.463542 0.0265625 0.03125
0 0.803125 0.555208 0.025 0.03125
0 0.0171875 0.302083 0.028125 0.0416667
0 0.782812 0.569792 0.03125 0.04375
0 0.724219 0.936458 0.0328125 0.04375
0 0.989062 0.620833 0.021875 0.0375
0 0.0507812 0.770833 0.0234375 0.0291667
0 0.180469 0.279167 0.0328125 0.0416667
0 0.534375 0.6875 0.025 0.0333333
0 0.300781 0.135417 0.0296875 0.0416667
0 0.9 0.509375 0.04375 0.05625
0 0.349219 0.9125 0.0296875 0.0375
0 0.449219 0.680208 0.0390625 0.0520833
0 0.207031 0.955208 0.0328125 0.04375
0 0.41875 0.896875 0.028125 0.0354167
0 0.746875 0.639583 0.04375 0.0583333
0 0.128906 0.638542 0.0359375 0.04375
0 0.501562 0.125 0.046875 0.0625
0 0.314844 0.471875 0.0234375 0.03125
0 0.101562 0.059375 0.046875 0.0645833
0 0.138281 0.413542 0.0265625 0.0354167
0 0.401563 0.872917 0.028125 0.0375
0 0.374219 0.222917 0.0265625 0.0375
0 0.507812 0.609375 0.025 0.0354167
0 0.288281 0.984375 0.0359375 0.03125
0 0.691406 0.129167 0.0265625 0.0333333
0 0.375 0.135417 0.034375 0.0458333
0 0.329688 0.63125 0.028125 0.0375
0 0.339844 0.460417 0.0234375 0.0333333
0 0.773438 0.921875 0.03125 0.04375
0 0.175 0.297917 0.034375 0.05
0 0.360156 0.932292 0.0234375 0.03125
0 0.398438 0.238542 0.025 0.03125
0 0.728906 0.796875 0.0296875 0.0395833
0 0.372656 0.0895833 0.0328125 0.0458333
0 0.430469 0.326042 0.0296875 0.0354167
0 0.298438 0.545833 0.03125 0.0416667
0 0.624219 0.564583 0.0359375 0.0458333
0 0.660156 0.947917 0.0296875 0.0375
0 0.749219 0.90625 0.0296875 0.0416667
0 0.866406 0.434375 0.0390625 0.0520833
0 0.808594 0.9375 0.0328125 0.0416667
0 0.816406 0.271875 0.0265625 0.0354167
0 0.905469 0.857292 0.0359375 0.04375
0 0.117188 0.55 0.03125 0.0416667
0 0.291406 0.707292 0.0359375 0.0479167
0 0.830469 0.242708 0.0265625 0.0395833
0 0.692969 0.917708 0.0328125 0.0395833
0 0.85625 0.320833 0.03125 0.0333333
0 0.696875 0.359375 0.03125 0.0354167
0 0.404687 0.215625 0.028125 0.0354167
0 0.734375 0.436458 0.025 0.03125
0 0.0601562 0.0614583 0.0265625 0.0354167
0 0.363281 0.8875 0.0296875 0.0416667
0 0.988281 0.2875 0.0234375 0.0375
0 0.730469 0.866667 0.0296875 0.0416667
0 0.255469 0.641667 0.0296875 0.0375
0 0.0835937 0.141667 0.0359375 0.0458333
0 0.444531 0.444792 0.0265625 0.0354167
0 0.45 0.955208 0.028125 0.0354167
0 0.611719 0.757292 0.0296875 0.0354167
0 0.034375 0.397917 0.0375 0.0458333
0 0.539062 0.551042 0.03125 0.04375
0 0.146875 0.128125 0.028125 0.0354167
0 0.154687 0.040625 0.04375 0.05625
0 0.25 0.040625 0.034375 0.0395833
0 0.134375 0.607292 0.034375 0.0395833
0 0.8625 0.386458 0.034375 0.04375
0 0.428125 0.0260417 0.0375 0.04375
0 0.524219 0.354167 0.0328125 0.0416667
0 0.339063 0.0395833 0.028125 0.0333333
0 0.171875 0.970833 0.040625 0.05
0 0.10625 0.0354167 0.0375 0.0458333
0 0.53125 0.588542 0.034375 0.0395833
