0 0.497656 0.39375 0.0265625 0.0458333
0 0.171875 0.989583 0.025 0.0208333
0 0.209375 0.863542 0.03125 0.0354167
0 0.203906 0.953125 0.0359375 0.0520833
0 0.326562 0.903125 0.040625 0.0520833
0 0.960156 0.671875 0.0265625 0.0354167
0 0.992188 0.933333 0.015625 0.0375
0 0.3625 0.140625 0.03125 0.04375
0 0.102344 0.179167 0.0328125 0.0416667
0 0.350781 0.438542 0.0359375 0.0479167
0 0.477344 0.222917 0.0265625 0.0375
0 0.0742188 0.046875 0.0390625 0.04375
0 0.514063 0.319792 0.03125 0.0479167
0 0.977344 0.541667 0.0265625 0.0291667
0 0.983594 0.627083 0.0203125 0.0333333
0 0.703906 0.461458 0.0203125 0.0270833
0 0.990625 0.591667 0.01875 0.0416667
0 0.846094 0.438542 0.0390625 0.0520833
0 0.678906 0.466667 0.0296875 0.0416667
0 0.479688 0.827083 0.021875 0.0291667
0 0.73125 0.473958 0.025 0.0354167
0 0.8 0.946875 0.03125 0.0479167
0 0.329688 0.45625 0.025 0.0291667
0 0.477344 0.4375 0.0296875 0.0375
0 0.986719 0.955208 0.0234375 0.0604167
0 0.626562 0.688542 0.04375 0.05625
0 0.678125 0.930208 0.021875 0.03125
0 0.383594 0.896875 0.0265625 0.0354167
0 0.410937 0.496875 0.04375 0.0604167
0 0.385156 0.245833 0.0265625 0.0375
0 0.590625 0.54375 0.034375 0.0458333
0 0.89375 0.510417 0.040625 0.0541667
0 0.475 0.408333 0.025 0.0291667
0 0.985937 0.582292 0.025 0.0354167
0 0.746094 0.483333 0.0234375 0.0333333
0 0.140625 0.36875 0.03125 0.0458333
0 0.992188 0.661458 0.015625 0.03125
0 0.9875 0.015625 0.025 0.03125
0 0.283594 0.623958 0.0265625 0.0354167
0 0.325 0.0177083 0.03125 0.0354167
0 0.449219 0.680208 0.0421875 0.0520833
0 0.355469 0.885417 0.0328125 0.0416667
0 0.0523437 0.76875 0.0328125 0.0375
0 0.728906 0.392708 0.0265625 0.03125
0 0.153125 0.0447917 0.040625 0.0520833
0 0.596875 0.677083 0.028125 0.0458333
0 0.49375 0.810417 0.028125 0.0375
0 0.610156 0.414583 0.0359375 0.0416667
0 0.626562 0.74375 0.034375 0.05
0 0.610937 0.751042 0.028125 0.0354167
0 0.622656 0.88125 0.0359375 0.05
0 0.0820312 0.0614583 0.0546875 0.0770833
0 0.028125 0.208333 0.04375 0.0583333
0 0.105469 0.41875 0.0265625 0.0333333
0 0.0148437 0.397917 0.0296875 0.05
0 0.729688 0.425 0.025 0.0291667
0 0.742969 0.638542 0.0421875 0.05625
0 0.973437 0.685417 0.03125 0.0416667
0 0.663281 0.113542 0.0265625 0.0395833
0 0.0703125 0.55 0.03125 0.0416667
0 0.549219 0.148958 0.0328125 0.0479167
0 0.0453125 0.071875 0.028125 0.0395833
0 0.8 0.2625 0.03125 0.0416667
0 0.639844 0.242708 0.0328125 0.04375
0 0.309375 0.46875 0.025 0.0375
0 0.909375 0.841667 0.028125 0.0333333
0 0.874219 0.230208 0.0328125 0.04375
0 0.310156 0.830208 0.0265625 0.0354167
0 0.128125 0.1625 0.0375 0.0458333
0 0.357812 0.0947917 0.03125 0.04375
0 0.725781 0.910417 0.0296875 0.0416667
0 0.0882813 0.6375 0.0359375 0.0458333
0 0.354688 0.925 0.028125 0.0333333
0 0.447656 0.977083 0.0265625 0.0333333
0 0.708594 0.948958 0.0265625 0.0354167
0 0.4 0.204167 0.03125 0.0416667
0 0.485938 0.0614583 0.03125 0.04375
0 0.0921875 0.609375 0.034375 0.0395833
0 0.55 0.891667 0.034375 0.05
0 0.439063 0.94375 0.03125 0.0458333
0 0.15625 0.969792 0.04375 0.0520833
0 0.300781 0.059375 0.0453125 0.0604167
0 0.384375 0.126042 0.025 0.0354167
0 0.615625 0.0666667 0.03125 0.0416667
0 0.390625 0.853125 0.03125 0.0395833
0 0.645312 0.0166667 0.034375 0.0333333
0 0.884375 0.853125 0.03125 0.0395833
0 0.146875 0.305208 0.034375 0.04375
0 0.845312 0.315625 0.03125 0.0395833
0 0.446094 0.190625 0.0390625 0.0520833
0 0.253125 0.151042 0.028125 0.0354167
0 0.364844 0.221875 0.0296875 0.0395833
0 0.486719 0.375 0.0359375 0.05
0 0.305469 0.1625 0.0328125 0.0416667
0 0.225 0.040625 0.03125 0.0395833
0 0.382812 0.0239583 0.040625 0.04375
0 0.146875 0.113542 0.03125 0.0479167
0 0.260938 0.977083 0.0375 0.0458333
0 0.526563 0.586458 0.040625 0.0520833
0 0.0726563 0.145833 0.0421875 0.0541667
