0 0.0921875 0.732292 0.025 0.03125
0 0.292188 0.663542 0.04375 0.0520833
0 0.96875 0.0114583 0.04375 0.0229167
0 0.317187 0.805208 0.03125 0.0395833
0 0.151562 0.645833 0.028125 0.0333333
0 0.121094 0.447917 0.0390625 0.0458333
0 0.892187 0.603125 0.03125 0.04375
0 0.978125 0.361458 0.025 0.03125
0 0.953906 0.021875 0.0359375 0.0354167
0 0.228906 0.180208 0.0234375 0.03125
0 0.201562 0.351042 0.03125 0.0395833
0 0.807813 0.727083 0.034375 0.05
0 0.604688 0.50625 0.0375 0.05
0 0.225781 0.335417 0.0328125 0.0458333
0 0.575781 0.904167 0.0265625 0.0333333
0 0.435156 0.38125 0.0265625 0.0333333
0 0.920313 0.352083 0.021875 0.0333333
0 0.1625 0.0104167 0.034375 0.0208333
0 0.466406 0.892708 0.0296875 0.0395833
0 0.817187 0.872917 0.028125 0.0291667
0 0.896875 0.728125 0.028125 0.0354167
0 0.413281 0.303125 0.0296875 0.0354167
0 0.420312 0.747917 0.03125 0.0458333
0 0.289844 0.340625 0.0296875 0.0395833
0 0.367188 0.457292 0.03125 0.0354167
0 0.610156 0.411458 0.0265625 0.0354167
0 0.213281 0.509375 0.0296875 0.0395833
0 0.508594 0.0625 0.0265625 0.0333333
0 0.403906 0.680208 0.0328125 0.04375
0 0.15 0.38125 0.034375 0.0416667
0 0.534375 0.0104167 0.034375 0.0208333
0 0.0304688 0.980208 0.0265625 0.0354167
0 0.0539063 0.0791667 0.0328125 0.0416667
0 0.322656 0.934375 0.0296875 0.0395833
1 0.971094 0.571875 0.0578125 0.0854167
0 0.220313 0.972917 0.03125 0.0375
0 0.872656 0.764583 0.0296875 0.0375
0 0.0609375 0.544792 0.03125 0.04375
0 0.1625 0.346875 0.028125 0.0395833
0 0.560938 0.719792 0.03125 0.0395833
0 0.0820312 0.30625 0.0296875 0.0375
0 0.585938 0.0875 0.03125 0.0375
0 0.782031 0.109375 0.0359375 0.04375
0 0.0867188 0.421875 0.0296875 0.0395833
0 0.771094 0.666667 0.0328125 0.0375
0 0.682813 0.9 0.028125 0.0333333
0 0.871094 0.367708 0.0328125 0.04375
0 0.182812 0.139583 0.028125 0.0333333
0 0.910937 0.0208333 0.034375 0.0375
0 0.622656 0.292708 0.0296875 0.04375
0 0.43125 0.621875 0.03125 0.04375
0 0.144531 0.496875 0.0296875 0.0395833
0 0.48125 0.0666667 0.03125 0.0416667
0 0.0242187 0.590625 0.0328125 0.04375
0 0.985937 0.0760417 0.028125 0.04375
0 0.813281 0.311458 0.0328125 0.0395833
0 0.639063 0.559375 0.0375 0.0479167
0 0.650781 0.0895833 0.0328125 0.0416667
0 0.970312 0.0791667 0.028125 0.0416667
0 0.0703125 0.89375 0.0375 0.0416667
0 0.746094 0.113542 0.0453125 0.0604167
0 0.91875 0.447917 0.03125 0.0416667
0 0.127344 0.221875 0.0296875 0.0395833
0 0.265625 0.897917 0.0375 0.0541667
0 0.766406 0.232292 0.0296875 0.0395833
0 0.7875 0.272917 0.034375 0.05
0 0.9125 0.261458 0.04375 0.05625
0 0.2 0.189583 0.03125 0.0458333
