0 0.866406 0.432292 0.0296875 0.0395833
0 0.51875 0.378125 0.021875 0.03125
0 0.990625 0.544792 0.01875 0.03125
0 0.991406 0.576042 0.0140625 0.03125
0 0.107031 0.034375 0.0359375 0.04375
0 0.654688 0.65 0.021875 0.0375
0 0.478906 0.252083 0.0234375 0.0291667
0 0.209375 0.864583 0.03125 0.0375
0 0.361719 0.441667 0.0328125 0.0458333
0 0.728125 0.9375 0.03125 0.0416667
0 0.991406 0.621875 0.0171875 0.03125
0 0.357812 0.739583 0.01875 0.0208333
0 0.399219 0.2375 0.0296875 0.0375
0 0.449219 0.679167 0.0359375 0.05
0 0.746094 0.641667 0.0359375 0.0458333
0 0.713281 0.457292 0.0296875 0.0354167
0 0.879687 0.0895833 0.028125 0.0375
0 0.207031 0.95625 0.0265625 0.0375
0 0.50625 0.125 0.04375 0.0583333
0 0.25625 0.68125 0.0375 0.05
0 0.135937 0.158333 0.025 0.0333333
0 0.153906 0.361458 0.0296875 0.04375
0 0.146094 0.161458 0.0265625 0.0354167
0 0.0515625 0.770833 0.021875 0.0291667
0 0.467187 0.730208 0.028125 0.0354167
0 0.107031 0.05625 0.0484375 0.0666667
0 0.479688 0.221875 0.028125 0.0354167
0 0.145313 0.177083 0.025 0.0375
0 0.786719 0.636458 0.0296875 0.0395833
0 0.0375 0.401042 0.03125 0.0395833
0 0.811719 0.933333 0.0296875 0.0416667
0 0.250781 0.142708 0.0328125 0.0395833
0 0.698438 0.914583 0.025 0.0333333
0 0.29375 0.70625 0.028125 0.0416667
0 0.288281 0.984375 0.0328125 0.0270833
0 0.457812 0.188542 0.0375 0.0479167
0 0.342187 0.4625 0.025 0.0333333
0 0.15625 0.0416667 0.040625 0.0541667
0 0.373437 0.0885417 0.03125 0.04375
0 0.178125 0.295833 0.03125 0.0458333
0 0.286719 0.577083 0.0265625 0.0333333
0 0.377344 0.132292 0.0328125 0.04375
0 0.334375 0.628125 0.021875 0.03125
0 0.4375 0.480208 0.034375 0.04375
0 0.449219 0.953125 0.0265625 0.0354167
0 0.664062 0.957292 0.025 0.0354167
0 0.359375 0.936458 0.025 0.0270833
0 0.316406 0.472917 0.0234375 0.0291667
0 0.825781 0.145833 0.0296875 0.0416667
0 0.755469 0.904167 0.0296875 0.0375
0 0.860156 0.317708 0.0265625 0.03125
0 0.0328125 0.295833 0.034375 0.0416667
0 0.403125 0.873958 0.025 0.0354167
0 0.910156 0.855208 0.0328125 0.04375
0 0.122656 0.547917 0.0296875 0.0375
0 0.280469 0.540625 0.0296875 0.0395833
0 0.423438 0.892708 0.025 0.0354167
0 0.767969 0.746875 0.0265625 0.0354167
0 0.746094 0.385417 0.0265625 0.0333333
0 0.0640625 0.0604167 0.025 0.0333333
0 0.821875 0.267708 0.028125 0.0354167
0 0.141406 0.411458 0.0265625 0.0354167
0 0.298438 0.129167 0.03125 0.0375
0 0.745313 0.864583 0.025 0.0333333
0 0.410937 0.335417 0.0375 0.05
0 0.758594 0.980208 0.0296875 0.0354167
0 0.147656 0.266667 0.0265625 0.0333333
0 0.425 0.429167 0.028125 0.0375
0 0.135156 0.6375 0.0328125 0.0375
0 0.435937 0.0260417 0.034375 0.04375
0 0.746094 0.104167 0.0296875 0.0333333
0 0.139844 0.607292 0.0328125 0.0354167
0 0.745313 0.417708 0.021875 0.03125
0 0.525781 0.353125 0.0296875 0.0395833
0 0.592969 0.726042 0.0296875 0.0354167
0 0.342187 0.05 0.03125 0.0375
0 0.422656 0.229167 0.0265625 0.0416667
0 0.377344 0.21875 0.0328125 0.0416667
0 0.0859375 0.141667 0.03125 0.0416667
0 0.353906 0.9125 0.0296875 0.0375
0 0.897656 0.430208 0.0296875 0.0395833
0 0.148438 0.1125 0.03125 0.0375
0 0.613281 0.757292 0.0265625 0.03125
0 0.3625 0.889583 0.03125 0.0416667
0 0.900781 0.510417 0.0359375 0.0458333
0 0.519531 0.53125 0.0296875 0.0416667
0 0.63125 0.564583 0.03125 0.0416667
0 0.570312 0.569792 0.03125 0.04375
0 0.252344 0.040625 0.0328125 0.0395833
0 0.174219 0.970833 0.0390625 0.05
0 0.697656 0.275 0.0328125 0.0416667
0 0.532812 0.588542 0.034375 0.0395833
