0 0.475781 0.270833 0.0296875 0.0375
0 0.339063 0.907292 0.03125 0.04375
0 0.139844 0.18125 0.0265625 0.0375
0 0.629687 0.655208 0.0375 0.0520833
0 0.503906 0.391667 0.0265625 0.0333333
0 0.03125 0.208333 0.040625 0.0583333
0 0.35625 0.4375 0.0375 0.0458333
0 0.0429688 0.0177083 0.0328125 0.03125
0 0.449219 0.680208 0.0421875 0.05625
0 0.480469 0.433333 0.0265625 0.0333333
0 0.647656 0.245833 0.0390625 0.0458333
0 0.492969 0.119792 0.0421875 0.05625
0 0.678125 0.521875 0.040625 0.0520833
0 0.85625 0.436458 0.0375 0.0520833
0 0.4625 0.279167 0.025 0.0333333
1 0.478125 0.251042 0.06875 0.102083
0 0.897656 0.510417 0.0453125 0.0625
0 0.609375 0.0270833 0.03125 0.0375
0 0.989844 0.588542 0.0203125 0.0395833
0 0.0507812 0.769792 0.0234375 0.03125
0 0.279687 0.7125 0.034375 0.0458333
0 0.0953125 0.0604167 0.05625 0.075
0 0.00703125 0.29375 0.0140625 0.0416667
0 0.311719 0.471875 0.0265625 0.03125
0 0.6875 0.913542 0.025 0.03125
0 0.986719 0.625 0.0234375 0.0375
0 0.617188 0.58125 0.046875 0.0666667
0 0.365625 0.138542 0.028125 0.0395833
0 0.758594 0.463542 0.0359375 0.04375
0 0.742969 0.635417 0.0421875 0.0583333
0 0.489062 0.561458 0.03125 0.0395833
0 0.399219 0.8625 0.0296875 0.0375
0 0.14375 0.166667 0.025 0.0375
0 0.364844 0.0875 0.0328125 0.05
0 0.699219 0.695833 0.0296875 0.0375
0 0.335156 0.461458 0.0234375 0.03125
0 0.425781 0.485417 0.0421875 0.0625
0 0.357812 0.930208 0.025 0.03125
0 0.241406 0.0416667 0.0328125 0.0416667
0 0.144531 0.363542 0.0328125 0.0479167
0 0.395312 0.240625 0.028125 0.0395833
0 0.653906 0.652083 0.0265625 0.0416667
0 0.555469 0.391667 0.0328125 0.0458333
0 0.992188 0.661458 0.015625 0.0354167
0 0.100781 0.555208 0.0296875 0.0354167
0 0.714844 0.939583 0.0296875 0.0375
0 0.13125 0.161458 0.021875 0.0354167
0 0.692969 0.466667 0.0390625 0.0458333
0 0.275781 0.983333 0.0390625 0.0333333
0 0.40625 0.896875 0.028125 0.0354167
0 0.154687 0.040625 0.040625 0.0520833
0 0.896094 0.316667 0.0265625 0.0333333
0 0.982813 0.541667 0.028125 0.0333333
0 0.123438 0.420833 0.028125 0.0333333
0 0.360156 0.885417 0.0296875 0.0458333
0 0.777344 0.365625 0.0296875 0.0395833
0 0.0242187 0.4 0.0359375 0.0458333
0 0.235938 0.736458 0.028125 0.04375
0 0.310156 0.633333 0.0265625 0.0375
0 0.380469 0.146875 0.0265625 0.0354167
0 0.732813 0.432292 0.025 0.03125
0 0.486719 0.161458 0.0265625 0.03125
0 0.225781 0.266667 0.0390625 0.0583333
0 0.672656 0.869792 0.0265625 0.0395833
0 0.0546875 0.0635417 0.028125 0.0395833
0 0.896875 0.854167 0.03125 0.0375
0 0.639844 0.983333 0.0296875 0.0333333
0 0.344531 0.0364583 0.0265625 0.0354167
0 0.804688 0.940625 0.03125 0.04375
0 0.117188 0.611458 0.03125 0.0395833
0 0.610937 0.757292 0.028125 0.0354167
0 0.845312 0.323958 0.03125 0.03125
0 0.475 0.859375 0.03125 0.04375
0 0.163281 0.971875 0.0359375 0.0479167
0 0.738281 0.90625 0.0296875 0.0416667
0 0.78125 0.575 0.03125 0.0416667
0 0.0929687 0.0395833 0.0453125 0.0541667
0 0.291406 0.554167 0.0296875 0.0416667
0 0.447656 0.192708 0.0359375 0.0479167
0 0.441406 0.946875 0.0296875 0.0395833
0 0.523438 0.469792 0.03125 0.04375
0 0.594531 0.682292 0.0328125 0.0520833
0 0.110156 0.640625 0.0359375 0.0479167
0 0.582812 0.164583 0.03125 0.0416667
0 0.278125 0.825 0.028125 0.0375
0 0.309375 0.0583333 0.046875 0.0625
0 0.166406 0.3 0.0359375 0.0541667
0 0.303125 0.144792 0.03125 0.0479167
0 0.517187 0.909375 0.03125 0.04375
0 0.417188 0.0229167 0.0375 0.0416667
0 0.807813 0.263542 0.034375 0.0479167
0 0.140625 0.125 0.03125 0.0416667
0 0.371875 0.221875 0.03125 0.0395833
0 0.74375 0.245833 0.0375 0.05
0 0.583594 0.201042 0.0328125 0.04375
0 0.078125 0.14375 0.034375 0.0458333
0 0.636719 0.921875 0.0296875 0.0395833
0 0.508594 0.353125 0.0390625 0.0520833
0 0.528906 0.588542 0.0390625 0.0479167
