0 0.799219 0.245833 0.0359375 0.0458333
0 0.617188 0.620833 0.03125 0.0333333
0 0.140625 0.180208 0.028125 0.04375
0 0.426562 0.486458 0.040625 0.05625
0 0.00625 0.292708 0.0125 0.0395833
0 0.03125 0.207292 0.040625 0.0604167
0 0.991406 0.0166667 0.0171875 0.0333333
0 0.494531 0.834375 0.0265625 0.0354167
0 0.646094 0.00729167 0.0296875 0.0145833
0 0.745313 0.477083 0.028125 0.0375
0 0.698438 0.702083 0.028125 0.0375
0 0.625781 0.678125 0.0390625 0.0604167
0 0.653125 0.65 0.025 0.0416667
0 0.484375 0.401042 0.025 0.0354167
0 0.470313 0.248958 0.025 0.03125
0 0.358594 0.739583 0.0234375 0.0375
0 0.2375 0.68125 0.0375 0.05
0 0.705469 0.459375 0.0296875 0.0395833
0 0.685156 0.919792 0.0265625 0.03125
0 0.353906 0.441667 0.0359375 0.0458333
0 0.275781 0.723958 0.0296875 0.04375
0 0.449219 0.186458 0.0359375 0.0479167
0 0.491406 0.258333 0.0328125 0.0416667
0 0.896875 0.510417 0.046875 0.0625
0 0.986719 0.625 0.0234375 0.0375
0 0.3125 0.470833 0.025 0.0333333
0 0.449219 0.91875 0.0296875 0.0375
0 0.98125 0.539583 0.028125 0.0375
0 0.0953125 0.555208 0.028125 0.0354167
0 0.308594 0.0604167 0.0421875 0.0583333
0 0.160938 0.697917 0.025 0.0291667
0 0.110937 0.609375 0.03125 0.0354167
0 0.60625 0.028125 0.03125 0.0395833
0 0.479688 0.435417 0.03125 0.0375
0 0.85625 0.436458 0.0375 0.0520833
0 0.992188 0.661458 0.015625 0.0354167
0 0.854688 0.333333 0.03125 0.0375
0 0.692969 0.4625 0.0390625 0.0458333
0 0.45 0.68125 0.046875 0.0583333
0 0.477344 0.223958 0.0296875 0.0354167
0 0.302344 0.633333 0.0265625 0.0375
0 0.989062 0.589583 0.021875 0.0416667
0 0.0507812 0.769792 0.0234375 0.03125
0 0.805469 0.942708 0.0328125 0.04375
0 0.14375 0.165625 0.028125 0.0395833
0 0.714844 0.940625 0.0296875 0.0395833
0 0.4 0.861458 0.028125 0.0354167
0 0.64375 0.244792 0.0375 0.0479167
0 0.405469 0.9 0.0296875 0.0375
0 0.392188 0.233333 0.028125 0.0375
0 0.846094 0.327083 0.0359375 0.0375
0 0.160938 0.969792 0.0375 0.0520833
0 0.26875 0.551042 0.034375 0.0479167
0 0.333594 0.460417 0.0234375 0.0291667
0 0.535937 0.4375 0.034375 0.0375
0 0.3625 0.0895833 0.034375 0.0458333
0 0.14375 0.367708 0.0375 0.0520833
0 0.0539063 0.0677083 0.0265625 0.0395833
0 0.89375 0.854167 0.0375 0.0416667
0 0.367969 0.136458 0.0328125 0.04375
0 0.285156 0.928125 0.0296875 0.0395833
0 0.0921875 0.0604167 0.053125 0.0708333
0 0.498437 0.633333 0.034375 0.0458333
0 0.742969 0.416667 0.0234375 0.0333333
0 0.6125 0.75625 0.028125 0.0375
0 0.155469 0.040625 0.0390625 0.0520833
0 0.354688 0.1375 0.025 0.0375
0 0.358594 0.930208 0.0265625 0.03125
0 0.542969 0.1625 0.0296875 0.0375
0 0.605469 0.548958 0.0328125 0.04375
0 0.117188 0.423958 0.028125 0.0354167
0 0.107031 0.639583 0.0359375 0.0458333
0 0.330469 0.0270833 0.0328125 0.0416667
0 0.638281 0.904167 0.0296875 0.0375
0 0.408594 0.0291667 0.0328125 0.0416667
0 0.440625 0.942708 0.028125 0.0395833
0 0.13125 0.160417 0.025 0.0375
0 0.163281 0.301042 0.0359375 0.0520833
0 0.59375 0.677083 0.034375 0.05
0 0.399219 0.176042 0.0296875 0.0354167
0 0.529688 0.0604167 0.034375 0.0458333
0 0.654688 0.576042 0.03125 0.0395833
0 0.359375 0.884375 0.034375 0.0479167
0 0.271875 0.982292 0.0375 0.03125
0 0.809375 0.261458 0.03125 0.04375
0 0.759375 0.26875 0.028125 0.0375
0 0.736719 0.907292 0.0328125 0.04375
0 0.503906 0.980208 0.0328125 0.0395833
0 0.647656 0.853125 0.0328125 0.0395833
0 0.144531 0.121875 0.0328125 0.04375
0 0.303125 0.153125 0.03125 0.04375
0 0.36875 0.223958 0.03125 0.0395833
0 0.078125 0.145833 0.034375 0.0458333
0 0.240625 0.04375 0.034375 0.0416667
0 0.278906 0.251042 0.0328125 0.04375
0 0.0226563 0.397917 0.0390625 0.05
0 0.504687 0.355208 0.0375 0.0520833
0 0.528125 0.589583 0.040625 0.0458333
