0 0.139844 0.183333 0.0265625 0.0458333
0 0.03125 0.20625 0.040625 0.0583333
0 0.485156 0.402083 0.0234375 0.0333333
1 0.480469 0.245833 0.0578125 0.0875
0 0.404687 0.895833 0.03125 0.0333333
0 0.799219 0.242708 0.0359375 0.04375
0 0.461719 0.279167 0.0265625 0.0333333
0 0.477344 0.220833 0.0265625 0.0333333
0 0.473437 0.248958 0.028125 0.0354167
0 0.551562 0.39375 0.034375 0.0541667
0 0.653906 0.648958 0.0234375 0.0395833
0 0.64375 0.00833333 0.03125 0.0166667
0 0.4 0.8625 0.03125 0.0375
0 0.705469 0.458333 0.0296875 0.0416667
0 0.899219 0.511458 0.0453125 0.05625
0 0.278906 0.554167 0.0328125 0.0458333
0 0.502344 0.392708 0.0265625 0.0354167
0 0.991406 0.0197917 0.0171875 0.0354167
0 0.484375 0.254167 0.028125 0.0416667
0 0.719531 0.645833 0.0296875 0.0416667
0 0.685156 0.919792 0.0265625 0.03125
0 0.0953125 0.0614583 0.05625 0.0770833
0 0.45 0.190625 0.034375 0.0479167
0 0.45 0.684375 0.046875 0.0604167
0 0.278125 0.71875 0.03125 0.0458333
0 0.607031 0.561458 0.0328125 0.0395833
0 0.339063 0.03125 0.025 0.0291667
0 0.747656 0.475 0.0296875 0.0375
0 0.0960938 0.55625 0.0265625 0.0333333
0 0.49375 0.830208 0.025 0.0354167
0 0.561719 0.19375 0.0328125 0.0458333
0 0.311719 0.472917 0.0265625 0.0333333
0 0.0078125 0.291667 0.015625 0.0416667
0 0.607031 0.0270833 0.0296875 0.0375
0 0.0507812 0.769792 0.0234375 0.03125
0 0.0921875 0.040625 0.046875 0.05625
0 0.986719 0.5875 0.0265625 0.0458333
0 0.992188 0.661458 0.015625 0.0354167
0 0.611719 0.605208 0.0296875 0.0354167
0 0.644531 0.245833 0.0390625 0.05
0 0.982031 0.540625 0.0296875 0.0354167
0 0.713281 0.940625 0.0265625 0.0354167
0 0.857813 0.435417 0.040625 0.0541667
0 0.353906 0.439583 0.0421875 0.0541667
0 0.985937 0.625 0.025 0.0416667
0 0.333594 0.459375 0.0234375 0.03125
0 0.364062 0.090625 0.034375 0.04375
0 0.479688 0.435417 0.03125 0.0375
0 0.2625 0.247917 0.0375 0.05
0 0.7375 0.645833 0.04375 0.0541667
0 0.895312 0.854167 0.03125 0.0375
0 0.14375 0.165625 0.028125 0.0395833
0 0.0546875 0.06875 0.028125 0.0375
0 0.154687 0.040625 0.040625 0.0520833
0 0.144531 0.365625 0.0359375 0.0479167
0 0.69375 0.463542 0.040625 0.0479167
0 0.479688 0.920833 0.028125 0.0375
0 0.872656 0.338542 0.0296875 0.0354167
0 0.108594 0.638542 0.0359375 0.04375
0 0.121094 0.425 0.0296875 0.0333333
0 0.358594 0.930208 0.0265625 0.03125
0 0.804688 0.940625 0.03125 0.04375
0 0.241406 0.68125 0.0390625 0.0541667
0 0.488281 0.939583 0.0328125 0.0416667
0 0.161719 0.969792 0.0390625 0.0520833
0 0.6125 0.757292 0.028125 0.0354167
0 0.552344 0.0989583 0.0328125 0.04375
0 0.295312 0.896875 0.025 0.03125
0 0.309375 0.0604167 0.04375 0.0583333
0 0.273438 0.983333 0.0375 0.0333333
0 0.13125 0.160417 0.025 0.0375
0 0.426562 0.485417 0.046875 0.0666667
0 0.305469 0.632292 0.0296875 0.0395833
0 0.846094 0.322917 0.0328125 0.0333333
0 0.639063 0.905208 0.028125 0.0354167
0 0.653906 0.86875 0.0328125 0.0458333
0 0.367188 0.1375 0.034375 0.0458333
0 0.392969 0.234375 0.0265625 0.0354167
0 0.113281 0.609375 0.0328125 0.0395833
0 0.809375 0.263542 0.034375 0.0479167
0 0.428125 0.158333 0.028125 0.0333333
0 0.736719 0.907292 0.0328125 0.04375
0 0.778125 0.302083 0.03125 0.0375
0 0.359375 0.885417 0.034375 0.05
0 0.441406 0.944792 0.0296875 0.0395833
0 0.494531 0.610417 0.0328125 0.0416667
0 0.0234375 0.4 0.0375 0.0458333
0 0.240625 0.0416667 0.034375 0.0416667
0 0.739062 0.408333 0.03125 0.0375
0 0.547656 0.464583 0.0328125 0.0416667
0 0.411719 0.0229167 0.0359375 0.0416667
0 0.164844 0.3 0.0359375 0.0541667
0 0.303125 0.148958 0.034375 0.0479167
0 0.078125 0.145833 0.034375 0.0458333
0 0.528125 0.590625 0.0375 0.04375
0 0.14375 0.123958 0.034375 0.04375
0 0.594531 0.679167 0.0359375 0.0541667
0 0.370313 0.222917 0.03125 0.0416667
0 0.507031 0.353125 0.0390625 0.0520833
