0 0.025 0.00833333 0.03125 0.0166667
0 0.957812 0.660417 0.0375 0.05
0 0.646875 0.652083 0.0375 0.0666667
0 0.469531 0.251042 0.0203125 0.0270833
0 0.4875 0.2625 0.025 0.0333333
0 0.354688 0.88125 0.03125 0.0375
0 0.732813 0.492708 0.021875 0.0270833
0 0.400781 0.504167 0.0453125 0.0625
0 0.985156 0.59375 0.0265625 0.0416667
0 0.634375 0.140625 0.034375 0.04375
0 0.242188 0.728125 0.03125 0.0395833
0 0.798437 0.551042 0.028125 0.0354167
0 0.838281 0.447917 0.0390625 0.05
0 0.0703125 0.0479167 0.046875 0.05
0 0.0742188 0.0677083 0.0453125 0.0604167
0 0.403906 0.932292 0.0296875 0.0395833
0 0.200781 0.952083 0.0390625 0.05
0 0.488281 0.2125 0.0234375 0.0375
0 0.121875 0.164583 0.025 0.0375
0 0.450781 0.68125 0.0484375 0.0625
0 0.0726563 0.644792 0.0390625 0.0479167
0 0.34375 0.430208 0.034375 0.0395833
0 0.470313 0.422917 0.028125 0.0375
0 0.702344 0.954167 0.0296875 0.0375
0 0.153125 0.04375 0.040625 0.0541667
0 0.789844 0.944792 0.0296875 0.0395833
0 0.096875 0.422917 0.028125 0.0333333
0 0.472656 0.957292 0.0234375 0.03125
0 0.595312 0.828125 0.028125 0.0395833
0 0.604688 0.861458 0.028125 0.0354167
0 0.221094 0.680208 0.0359375 0.04375
0 0.134375 0.18125 0.025 0.0375
0 0.983594 0.95625 0.0296875 0.0541667
0 0.0515625 0.769792 0.028125 0.0354167
0 0.00859375 0.40625 0.0171875 0.0458333
0 0.671094 0.941667 0.0265625 0.0333333
0 0.235156 0.536458 0.0390625 0.0520833
0 0.860937 0.336458 0.028125 0.0395833
0 0.973437 0.541667 0.03125 0.0375
0 0.739844 0.639583 0.0453125 0.0625
0 0.475 0.223958 0.025 0.0354167
0 0.372656 0.889583 0.0234375 0.0333333
0 0.30625 0.473958 0.021875 0.03125
0 0.892187 0.511458 0.046875 0.0604167
0 0.992188 0.665625 0.015625 0.0354167
0 0.317187 0.0125 0.028125 0.025
0 0.617969 0.879167 0.0203125 0.0291667
0 0.271094 0.622917 0.0265625 0.0375
0 0.325781 0.457292 0.0234375 0.03125
0 0.714063 0.907292 0.028125 0.0395833
0 0.0515625 0.554167 0.03125 0.0333333
0 0.471875 0.38125 0.034375 0.0416667
0 0.285156 0.416667 0.0328125 0.0458333
0 0.455469 0.2625 0.0265625 0.0333333
0 0.133594 0.371875 0.0296875 0.04375
0 0.98125 0.015625 0.028125 0.03125
0 0.672656 0.463542 0.0359375 0.0479167
0 0.607813 0.326042 0.03125 0.0354167
0 0.129688 0.314583 0.03125 0.0375
0 0.0226563 0.207292 0.0421875 0.0604167
0 0.230469 0.7875 0.0265625 0.0375
0 0.732813 0.925 0.025 0.0333333
0 0.314063 0.902083 0.0375 0.05
0 0.177344 0.808333 0.0265625 0.0375
0 0.191406 0.683333 0.0265625 0.0333333
0 0.301562 0.171875 0.034375 0.04375
0 0.0734375 0.619792 0.0375 0.0479167
0 0.650781 0.458333 0.0265625 0.0333333
0 0.841406 0.778125 0.0328125 0.0479167
0 0.507031 0.946875 0.0265625 0.0354167
0 0.533594 0.403125 0.0421875 0.05625
0 0.735156 0.414583 0.0265625 0.0333333
0 0.578906 0.546875 0.0359375 0.0479167
0 0.135937 0.145833 0.028125 0.0375
0 0.360938 0.140625 0.03125 0.04375
0 0.841406 0.315625 0.0328125 0.0395833
0 0.351562 0.925 0.028125 0.0333333
0 0.610937 0.74375 0.028125 0.0375
0 0.213281 0.0364583 0.0328125 0.04375
0 0.582031 0.04375 0.0359375 0.05
0 0.646094 0.0239583 0.0328125 0.0354167
0 0.0382813 0.075 0.0296875 0.0416667
0 0.251563 0.980208 0.034375 0.0395833
0 0.328906 0.202083 0.0265625 0.0375
0 0.196094 0.173958 0.0296875 0.0354167
0 0.150781 0.969792 0.0421875 0.0520833
0 0.588281 0.108333 0.0328125 0.0458333
0 0.576563 0.672917 0.0375 0.0458333
0 0.879687 0.852083 0.040625 0.0541667
0 0.382812 0.844792 0.03125 0.0395833
0 0.432813 0.939583 0.028125 0.0416667
0 0.523438 0.588542 0.04375 0.0520833
0 0.367969 0.263542 0.0296875 0.0395833
0 0.789844 0.2625 0.0421875 0.0541667
0 0.369531 0.0177083 0.0390625 0.0354167
0 0.423438 0.203125 0.040625 0.05625
0 0.633594 0.265625 0.0328125 0.0479167
0 0.360156 0.215625 0.0328125 0.04375
0 0.0632813 0.142708 0.0359375 0.0479167
0 0.280469 0.06875 0.0421875 0.0583333
0 0.357812 0.096875 0.034375 0.0479167
