0 0.209375 0.865625 0.025 0.0270833
0 0.609375 0.0270833 0.028125 0.0375
0 0.678906 0.521875 0.0421875 0.0520833
0 0.6875 0.913542 0.025 0.03125
0 0.648438 0.246875 0.0375 0.0479167
0 0.503125 0.391667 0.028125 0.0333333
0 0.85625 0.436458 0.0375 0.0520833
0 0.339063 0.907292 0.03125 0.04375
0 0.245312 0.680208 0.0375 0.0520833
0 0.357031 0.435417 0.0328125 0.0458333
0 0.480469 0.434375 0.0265625 0.0354167
1 0.477344 0.247917 0.0671875 0.104167
0 0.308594 0.059375 0.0453125 0.0645833
0 0.365625 0.138542 0.028125 0.0395833
0 0.448438 0.680208 0.040625 0.0520833
0 0.311719 0.471875 0.0234375 0.03125
0 0.55625 0.390625 0.034375 0.0479167
0 0.463281 0.278125 0.0265625 0.0354167
0 0.0953125 0.059375 0.05 0.0645833
0 0.989844 0.588542 0.0203125 0.04375
0 0.00703125 0.29375 0.0140625 0.0416667
0 0.489062 0.859375 0.025 0.0354167
0 0.492969 0.119792 0.0453125 0.05625
0 0.985937 0.623958 0.025 0.0395833
0 0.364062 0.0885417 0.03125 0.0479167
0 0.153906 0.0416667 0.0421875 0.0541667
0 0.74375 0.636458 0.04375 0.05625
0 0.395312 0.241667 0.028125 0.0375
0 0.279687 0.7125 0.034375 0.0458333
0 0.0507812 0.769792 0.0234375 0.03125
0 0.14375 0.166667 0.025 0.0375
0 0.335156 0.460417 0.0234375 0.0291667
0 0.896875 0.510417 0.046875 0.0625
0 0.653906 0.652083 0.0265625 0.0416667
0 0.101562 0.555208 0.03125 0.0354167
0 0.616406 0.58125 0.0453125 0.0625
0 0.675 0.86875 0.028125 0.0375
0 0.992188 0.6625 0.015625 0.0333333
0 0.515625 0.90625 0.03125 0.0416667
0 0.714063 0.939583 0.028125 0.0375
0 0.586719 0.16875 0.0296875 0.0416667
0 0.14375 0.366667 0.034375 0.05
0 0.896875 0.319792 0.025 0.03125
0 0.276563 0.983333 0.0375 0.0333333
0 0.242188 0.0416667 0.034375 0.0416667
0 0.399219 0.8625 0.0296875 0.0375
0 0.357031 0.930208 0.0265625 0.03125
0 0.380469 0.145833 0.0265625 0.0333333
0 0.13125 0.161458 0.021875 0.0354167
0 0.777344 0.369792 0.0296875 0.0354167
0 0.275 0.828125 0.028125 0.0354167
0 0.776563 0.571875 0.03125 0.04375
0 0.11875 0.610417 0.03125 0.0375
0 0.236719 0.7375 0.0265625 0.0416667
0 0.40625 0.895833 0.028125 0.0333333
0 0.982813 0.541667 0.028125 0.0333333
0 0.475781 0.860417 0.0296875 0.0458333
0 0.429688 0.479167 0.040625 0.0583333
0 0.310156 0.634375 0.0265625 0.0354167
0 0.122656 0.420833 0.0296875 0.0333333
0 0.025 0.4 0.034375 0.0458333
0 0.34375 0.0375 0.028125 0.0333333
0 0.360156 0.885417 0.0328125 0.0458333
0 0.758594 0.465625 0.0359375 0.04375
0 0.692187 0.466667 0.034375 0.0416667
0 0.804688 0.940625 0.03125 0.04375
0 0.610937 0.758333 0.028125 0.0333333
0 0.224219 0.26875 0.0390625 0.0541667
0 0.0546875 0.0645833 0.028125 0.0375
0 0.292969 0.552083 0.0296875 0.0416667
0 0.896094 0.855208 0.0328125 0.0395833
0 0.440625 0.945833 0.03125 0.0416667
0 0.485938 0.157292 0.028125 0.0354167
0 0.583594 0.204167 0.0328125 0.0458333
0 0.738281 0.905208 0.0296875 0.0395833
0 0.845312 0.325 0.03125 0.0333333
0 0.594531 0.682292 0.0328125 0.0479167
0 0.110937 0.640625 0.034375 0.0479167
0 0.734375 0.432292 0.025 0.03125
0 0.492188 0.559375 0.03125 0.0395833
0 0.807813 0.263542 0.034375 0.0479167
0 0.0929687 0.0385417 0.0421875 0.0520833
0 0.166406 0.298958 0.0359375 0.0520833
0 0.303125 0.144792 0.034375 0.0479167
0 0.163281 0.971875 0.0359375 0.0479167
0 0.447656 0.19375 0.0359375 0.0458333
0 0.635938 0.982292 0.028125 0.0354167
0 0.141406 0.125 0.0296875 0.0416667
0 0.417188 0.0229167 0.0375 0.0416667
0 0.371875 0.222917 0.03125 0.0375
0 0.523438 0.470833 0.03125 0.0458333
0 0.747656 0.245833 0.0359375 0.05
0 0.078125 0.14375 0.034375 0.0458333
0 0.639063 0.921875 0.03125 0.0395833
0 0.508594 0.353125 0.0390625 0.0520833
0 0.528906 0.588542 0.0390625 0.0479167
