0 0.705469 0.459375 0.0265625 0.0354167
0 0.0921875 0.0375 0.0375 0.0458333
0 0.684375 0.189583 0.028125 0.0291667
0 0.488281 0.258333 0.0296875 0.0375
0 0.896875 0.509375 0.040625 0.05625
0 0.475781 0.223958 0.0296875 0.0354167
0 0.85625 0.436458 0.0375 0.0520833
0 0.65 0.866667 0.03125 0.0375
0 0.685938 0.919792 0.025 0.03125
0 0.607031 0.0291667 0.0296875 0.0375
0 0.00625 0.289583 0.0125 0.0375
0 0.991406 0.01875 0.0171875 0.0375
0 0.652344 0.652083 0.0234375 0.0416667
0 0.359375 0.739583 0.021875 0.0333333
0 0.321094 0.0458333 0.0296875 0.0458333
0 0.484375 0.401042 0.025 0.03125
0 0.313281 0.471875 0.0234375 0.03125
0 0.846094 0.321875 0.0296875 0.0354167
0 0.277344 0.721875 0.0296875 0.04375
0 0.7375 0.64375 0.040625 0.0541667
0 0.353906 0.435417 0.0390625 0.0458333
0 0.478906 0.436458 0.0296875 0.0354167
0 0.469531 0.247917 0.0265625 0.0333333
0 0.360938 0.0927083 0.03125 0.04375
0 0.403906 0.898958 0.0265625 0.03125
0 0.49375 0.834375 0.025 0.0354167
0 0.425 0.486458 0.040625 0.0604167
0 0.0507812 0.767708 0.0234375 0.03125
0 0.986719 0.623958 0.0234375 0.0395833
0 0.450781 0.68125 0.0453125 0.0583333
0 0.333594 0.459375 0.0234375 0.03125
0 0.692187 0.463542 0.0375 0.0395833
0 0.711719 0.679167 0.0296875 0.0375
0 0.982031 0.540625 0.0265625 0.0354167
0 0.713281 0.940625 0.0265625 0.0354167
0 0.992969 0.661458 0.0140625 0.0354167
0 0.450781 0.186458 0.0359375 0.0479167
0 0.490625 0.9625 0.03125 0.0375
0 0.774219 0.285417 0.0296875 0.0416667
0 0.359375 0.884375 0.03125 0.04375
0 0.989062 0.588542 0.021875 0.0395833
0 0.609375 0.611458 0.028125 0.0354167
0 0.142188 0.170833 0.028125 0.0458333
0 0.0929687 0.0604167 0.0515625 0.0708333
0 0.4 0.861458 0.028125 0.0354167
0 0.144531 0.365625 0.0359375 0.0520833
0 0.175 0.689583 0.028125 0.0375
0 0.0945313 0.555208 0.0265625 0.0354167
0 0.304688 0.632292 0.028125 0.0395833
0 0.1625 0.969792 0.0375 0.0479167
0 0.269531 0.910417 0.0265625 0.0333333
0 0.0539063 0.0666667 0.0265625 0.0375
0 0.353125 0.14375 0.025 0.0333333
0 0.895312 0.854167 0.034375 0.0416667
0 0.804688 0.941667 0.03125 0.0458333
0 0.111719 0.609375 0.0296875 0.0354167
0 0.810156 0.261458 0.0296875 0.04375
0 0.392188 0.232292 0.028125 0.0395833
0 0.155469 0.0416667 0.0390625 0.05
0 0.340625 0.0322917 0.025 0.03125
0 0.733594 0.427083 0.0234375 0.0291667
0 0.440625 0.94375 0.03125 0.0458333
0 0.275 0.5625 0.03125 0.0458333
0 0.36875 0.134375 0.03125 0.04375
0 0.6125 0.75625 0.028125 0.0333333
0 0.309375 0.059375 0.04375 0.0604167
0 0.410937 0.0270833 0.034375 0.0416667
0 0.107813 0.638542 0.0375 0.0479167
0 0.85625 0.327083 0.03125 0.0375
0 0.119531 0.423958 0.0296875 0.0354167
0 0.663281 0.594792 0.0296875 0.0395833
0 0.359375 0.93125 0.025 0.0333333
0 0.64375 0.244792 0.0375 0.0479167
0 0.271875 0.983333 0.0375 0.0333333
0 0.264844 0.219792 0.0328125 0.04375
0 0.605469 0.555208 0.0328125 0.04375
0 0.410937 0.169792 0.028125 0.0354167
0 0.13125 0.160417 0.025 0.0375
0 0.544531 0.0760417 0.0328125 0.0395833
0 0.59375 0.678125 0.034375 0.0520833
0 0.736719 0.90625 0.0328125 0.0416667
0 0.549219 0.172917 0.0328125 0.0416667
0 0.145313 0.122917 0.03125 0.0416667
0 0.6375 0.905208 0.028125 0.0354167
0 0.078125 0.145833 0.034375 0.0458333
0 0.303125 0.151042 0.03125 0.04375
0 0.367969 0.225 0.0296875 0.0375
0 0.241406 0.0427083 0.0328125 0.0395833
0 0.546094 0.444792 0.0328125 0.0479167
0 0.499219 0.619792 0.0296875 0.0395833
0 0.504687 0.35625 0.0375 0.05
0 0.528125 0.588542 0.0375 0.04375
0 0.0226563 0.398958 0.0390625 0.0479167
0 0.164062 0.3 0.034375 0.05
