0 0.0226563 0.00729167 0.0296875 0.0145833
0 0.985937 0.59375 0.025 0.0416667
0 0.2 0.952083 0.034375 0.0458333
0 0.467187 0.423958 0.025 0.0354167
0 0.151562 0.266667 0.028125 0.0333333
0 0.238281 0.723958 0.0359375 0.0520833
0 0.476562 0.219792 0.028125 0.0354167
0 0.642969 0.646875 0.0359375 0.0520833
0 0.990625 0.604167 0.01875 0.0416667
0 0.717188 0.475 0.025 0.0333333
0 0.460156 0.123958 0.0484375 0.0645833
0 0.800781 0.548958 0.0296875 0.0395833
0 0.135156 0.320833 0.0234375 0.0375
0 0.397656 0.507292 0.0421875 0.05625
0 0.835156 0.448958 0.0390625 0.0479167
0 0.349219 0.10625 0.0296875 0.0416667
0 0.00703125 0.407292 0.0140625 0.0395833
0 0.0726563 0.0697917 0.0421875 0.05625
0 0.4875 0.2625 0.021875 0.0291667
0 0.803125 0.795833 0.028125 0.0375
0 0.517969 0.984375 0.0296875 0.0270833
0 0.13125 0.189583 0.028125 0.0375
0 0.488281 0.982292 0.0296875 0.03125
0 0.513281 0.215625 0.0265625 0.0354167
0 0.567969 0.86875 0.0359375 0.05
0 0.0515625 0.769792 0.028125 0.0354167
0 0.721875 0.496875 0.021875 0.0270833
0 0.991406 0.667708 0.0171875 0.0354167
0 0.892187 0.511458 0.04375 0.05625
0 0.702344 0.952083 0.0296875 0.0375
0 0.359375 0.880208 0.034375 0.0395833
0 0.632812 0.240625 0.034375 0.0479167
0 0.046875 0.558333 0.028125 0.0333333
0 0.135937 0.154167 0.03125 0.0375
0 0.0671875 0.0447917 0.040625 0.0395833
0 0.0945313 0.422917 0.0265625 0.0333333
0 0.214844 0.685417 0.0421875 0.0541667
0 0.121094 0.173958 0.0296875 0.0395833
0 0.669531 0.938542 0.0234375 0.03125
0 0.323438 0.45625 0.025 0.0375
0 0.122656 0.314583 0.0296875 0.0333333
0 0.344531 0.434375 0.0390625 0.0479167
0 0.578906 0.0458333 0.0359375 0.0458333
0 0.447656 0.26875 0.0296875 0.0375
0 0.576563 0.547917 0.034375 0.05
0 0.250781 0.98125 0.0359375 0.0333333
0 0.313281 0.903125 0.0359375 0.0479167
0 0.786719 0.946875 0.0296875 0.0395833
0 0.134375 0.367708 0.028125 0.0395833
0 0.895312 0.308333 0.025 0.0333333
0 0.149219 0.633333 0.0296875 0.0375
0 0.449219 0.680208 0.0484375 0.05625
0 0.98125 0.0145833 0.028125 0.0291667
0 0.971875 0.544792 0.03125 0.0354167
0 0.560156 0.888542 0.0328125 0.04375
0 0.739062 0.640625 0.040625 0.05625
0 0.614062 0.48125 0.028125 0.0375
0 0.676562 0.960417 0.025 0.0291667
0 0.441406 0.98125 0.0265625 0.0333333
0 0.876562 0.852083 0.034375 0.0458333
0 0.267969 0.625 0.0265625 0.0375
0 0.153906 0.0458333 0.0421875 0.0541667
0 0.305469 0.471875 0.0265625 0.0354167
0 0.686719 0.1125 0.0265625 0.0375
0 0.470313 0.383333 0.03125 0.0416667
0 0.610937 0.746875 0.028125 0.0354167
0 0.0367187 0.075 0.0296875 0.0375
0 0.309375 0.0145833 0.028125 0.025
0 0.274219 0.0708333 0.0453125 0.0625
0 0.841406 0.314583 0.0296875 0.0333333
0 0.0671875 0.65 0.0375 0.0458333
0 0.147656 0.969792 0.0390625 0.0479167
0 0.610937 0.873958 0.028125 0.0354167
0 0.166406 0.717708 0.0296875 0.04375
0 0.748438 0.444792 0.025 0.0395833
0 0.301562 0.244792 0.028125 0.0395833
0 0.351562 0.922917 0.028125 0.0333333
0 0.430469 0.942708 0.0265625 0.0354167
0 0.35625 0.09375 0.03125 0.0458333
0 0.236719 0.541667 0.0359375 0.0458333
0 0.0210938 0.209375 0.0421875 0.0604167
0 0.297656 0.173958 0.0359375 0.04375
0 0.182031 0.184375 0.0296875 0.0354167
0 0.530469 0.405208 0.0390625 0.0520833
0 0.209375 0.0354167 0.03125 0.0416667
0 0.785937 0.261458 0.034375 0.04375
0 0.379687 0.840625 0.03125 0.0395833
0 0.0679687 0.622917 0.0328125 0.0458333
0 0.648438 0.0260417 0.034375 0.0395833
0 0.425 0.203125 0.040625 0.05625
0 0.575 0.673958 0.0375 0.0479167
0 0.355469 0.140625 0.0359375 0.0479167
0 0.359375 0.01875 0.0375 0.0375
0 0.29375 0.516667 0.034375 0.0458333
0 0.715625 0.909375 0.03125 0.04375
0 0.609375 0.298958 0.03125 0.0395833
0 0.366406 0.265625 0.0296875 0.0395833
0 0.523438 0.5875 0.04375 0.0541667
0 0.597656 0.0947917 0.0328125 0.04375
0 0.0617188 0.145833 0.0359375 0.05
0 0.671094 0.464583 0.0359375 0.05
0 0.621875 0.380208 0.03125 0.04375
0 0.366406 0.220833 0.0328125 0.0416667
