0 0.328125 0.4375 0.025 0.0375
0 0.589844 0.040625 0.0328125 0.04375
0 0.466406 0.253125 0.0265625 0.03125
0 0.0609375 0.0552083 0.03125 0.0395833
0 0.225 0.678125 0.0375 0.0479167
0 0.489844 0.263542 0.0296875 0.0354167
0 0.676562 0.523958 0.046875 0.0604167
0 0.451562 0.682292 0.04375 0.05625
0 0.134375 0.173958 0.03125 0.0479167
0 0.153125 0.0416667 0.0375 0.05
0 0.705469 0.4625 0.0234375 0.0291667
0 0.796094 0.948958 0.0296875 0.0395833
0 0.130469 0.161458 0.0328125 0.0354167
0 0.741406 0.638542 0.0421875 0.05625
0 0.348437 0.108333 0.025 0.0333333
0 0.990625 0.596875 0.01875 0.04375
0 0.201562 0.954167 0.0375 0.0458333
0 0.842969 0.445833 0.0359375 0.05
0 0.246875 0.536458 0.034375 0.0479167
0 0.642969 0.645833 0.0328125 0.0458333
0 0.242969 0.744792 0.0296875 0.0395833
0 0.347656 0.428125 0.0359375 0.0395833
0 0.075 0.0458333 0.040625 0.0458333
0 0.676562 0.467708 0.0375 0.0479167
0 0.7375 0.488542 0.01875 0.03125
0 0.475 0.380208 0.034375 0.04375
0 0.675 0.938542 0.025 0.03125
0 0.484375 0.896875 0.028125 0.0354167
0 0.892969 0.509375 0.0421875 0.05625
0 0.00703125 0.15625 0.0140625 0.0416667
0 0.685156 0.429167 0.0359375 0.0375
0 0.984375 0.015625 0.028125 0.03125
0 0.1375 0.36875 0.034375 0.05
0 0.385938 0.847917 0.03125 0.0375
0 0.6125 0.808333 0.028125 0.0375
0 0.992188 0.6625 0.015625 0.0375
0 0.535937 0.401042 0.04375 0.0604167
0 0.478906 0.225 0.0296875 0.0375
0 0.8125 0.215625 0.028125 0.0395833
0 0.725 0.477083 0.025 0.0333333
0 0.100781 0.420833 0.0296875 0.0333333
0 0.642969 0.0135417 0.0296875 0.0270833
0 0.182812 0.877083 0.025 0.0333333
0 0.289062 0.0625 0.04375 0.0541667
0 0.0601562 0.553125 0.0296875 0.0354167
0 0.455469 0.261458 0.0296875 0.0354167
0 0.407813 0.496875 0.04375 0.0604167
0 0.80625 0.885417 0.028125 0.0375
0 0.307813 0.472917 0.025 0.0333333
0 0.0242187 0.204167 0.0421875 0.0583333
0 0.0523437 0.769792 0.0265625 0.03125
0 0.709375 0.953125 0.028125 0.0354167
0 0.1375 0.309375 0.03125 0.04375
0 0.635938 0.25 0.03125 0.0375
0 0.328125 0.457292 0.021875 0.03125
0 0.435937 0.946875 0.028125 0.0395833
0 0.277344 0.625 0.0265625 0.0375
0 0.322656 0.01875 0.0265625 0.0333333
0 0.434375 0.0166667 0.03125 0.0333333
0 0.0125 0.402083 0.025 0.05
0 0.753906 0.396875 0.0296875 0.04375
0 0.353125 0.927083 0.028125 0.0333333
0 0.646094 0.230208 0.0265625 0.0354167
0 0.471875 0.419792 0.025 0.0354167
0 0.985937 0.959375 0.028125 0.05625
0 0.974219 0.540625 0.0328125 0.0395833
0 0.584375 0.136458 0.03125 0.0395833
0 0.585156 0.546875 0.0390625 0.0520833
0 0.267188 0.920833 0.025 0.0375
0 0.361719 0.136458 0.0328125 0.04375
0 0.0421875 0.075 0.028125 0.0375
0 0.210938 0.322917 0.03125 0.0416667
0 0.377344 0.895833 0.0265625 0.0333333
0 0.08125 0.6125 0.03125 0.0375
0 0.794531 0.2625 0.0328125 0.0416667
0 0.723437 0.915625 0.028125 0.0395833
0 0.446094 0.194792 0.0421875 0.0604167
0 0.214062 0.159375 0.03125 0.0354167
0 0.842188 0.315625 0.028125 0.0354167
0 0.620313 0.884375 0.028125 0.0354167
0 0.141406 0.13125 0.0296875 0.0375
0 0.0632813 0.144792 0.0359375 0.0520833
0 0.630469 0.365625 0.0359375 0.0479167
0 0.525 0.5875 0.04375 0.0541667
0 0.373437 0.260417 0.028125 0.0375
0 0.6125 0.755208 0.028125 0.0354167
0 0.304688 0.163542 0.034375 0.04375
0 0.571094 0.19375 0.0328125 0.0416667
0 0.0789063 0.64375 0.0359375 0.0458333
0 0.253906 0.980208 0.0359375 0.0395833
0 0.369531 0.177083 0.0296875 0.0416667
0 0.360156 0.216667 0.0328125 0.0416667
0 0.153906 0.970833 0.0421875 0.05
0 0.375781 0.021875 0.0390625 0.0395833
0 0.49375 0.933333 0.034375 0.0458333
0 0.584375 0.673958 0.0375 0.0479167
0 0.882031 0.735417 0.0390625 0.05
0 0.878125 0.85 0.0375 0.05
0 0.216406 0.0375 0.0328125 0.0416667
0 0.357812 0.0885417 0.03125 0.04375
