0 0.207031 0.864583 0.0203125 0.0291667
0 0.982813 0.955208 0.03125 0.0520833
0 0.078125 0.0666667 0.046875 0.0625
0 0.314844 0.904167 0.0359375 0.0458333
0 0.346094 0.434375 0.0390625 0.0479167
0 0.0601562 0.0552083 0.0328125 0.04375
0 0.246875 0.720833 0.0375 0.05
0 0.123438 0.165625 0.025 0.0354167
0 0.463281 0.122917 0.0515625 0.0666667
0 0.485156 0.41875 0.0265625 0.0375
0 0.9875 0.595833 0.021875 0.05
0 0.629687 0.259375 0.034375 0.0479167
0 0.797656 0.552083 0.0265625 0.0333333
0 0.235156 0.541667 0.0296875 0.0416667
0 0.664844 0.439583 0.0328125 0.0416667
0 0.154687 0.04375 0.0375 0.05
0 0.0984375 0.422917 0.028125 0.0291667
0 0.740625 0.639583 0.04375 0.0583333
0 0.071875 0.0458333 0.04375 0.0458333
0 0.642969 0.645833 0.0296875 0.0458333
0 0.488281 0.260417 0.0265625 0.0375
0 0.624219 0.807292 0.0390625 0.05625
0 0.136719 0.136458 0.0296875 0.04375
0 0.723437 0.473958 0.025 0.03125
0 0.735937 0.4875 0.01875 0.025
0 0.471875 0.420833 0.025 0.0333333
0 0.133594 0.176042 0.0296875 0.04375
0 0.644531 0.0145833 0.0328125 0.0291667
0 0.673437 0.465625 0.0375 0.0479167
0 0.982813 0.015625 0.028125 0.03125
0 0.201562 0.954167 0.0375 0.0458333
0 0.221094 0.679167 0.0359375 0.0458333
0 0.672656 0.941667 0.0265625 0.0333333
0 0.405469 0.49375 0.0390625 0.05
0 0.325781 0.457292 0.0234375 0.03125
0 0.05625 0.555208 0.03125 0.0354167
0 0.449219 0.68125 0.0484375 0.0583333
0 0.009375 0.405208 0.01875 0.0479167
0 0.992188 0.663542 0.015625 0.0395833
0 0.0523437 0.76875 0.0265625 0.0333333
0 0.705469 0.955208 0.0296875 0.0395833
0 0.252344 0.375 0.0328125 0.0416667
0 0.453906 0.263542 0.0296875 0.0354167
0 0.603906 0.154167 0.0296875 0.0375
0 0.474219 0.38125 0.0328125 0.0416667
0 0.307031 0.472917 0.0234375 0.0333333
0 0.384375 0.846875 0.03125 0.0395833
0 0.840625 0.446875 0.0375 0.0520833
0 0.135156 0.371875 0.0328125 0.0479167
0 0.0773437 0.617708 0.0359375 0.04375
0 0.505469 0.919792 0.0265625 0.0354167
0 0.625 0.828125 0.0375 0.05625
0 0.584375 0.0427083 0.034375 0.04375
0 0.892187 0.509375 0.046875 0.05625
0 0.478125 0.935417 0.025 0.0333333
0 0.317187 0.0135417 0.028125 0.0270833
0 0.534375 0.403125 0.04375 0.0604167
0 0.739062 0.41875 0.025 0.0291667
0 0.375781 0.892708 0.0265625 0.03125
0 0.075 0.64375 0.034375 0.0458333
0 0.179688 0.842708 0.025 0.0354167
0 0.207031 0.1625 0.0265625 0.0333333
0 0.0234375 0.205208 0.04375 0.0604167
0 0.217187 0.714583 0.025 0.0333333
0 0.864062 0.763542 0.034375 0.0479167
0 0.974219 0.541667 0.0328125 0.0416667
0 0.764063 0.902083 0.03125 0.0375
0 0.617188 0.88125 0.028125 0.0375
0 0.858594 0.258333 0.0328125 0.0416667
0 0.792188 0.264583 0.0375 0.05
0 0.796094 0.947917 0.0328125 0.0416667
0 0.351562 0.925 0.028125 0.0291667
0 0.273438 0.623958 0.028125 0.0395833
0 0.477344 0.211458 0.0359375 0.0479167
0 0.253125 0.98125 0.034375 0.0375
0 0.432813 0.942708 0.028125 0.04375
0 0.132812 0.314583 0.03125 0.0375
0 0.842188 0.315625 0.03125 0.0395833
0 0.0398437 0.0739583 0.0296875 0.0395833
0 0.438281 0.208333 0.0390625 0.05
0 0.582031 0.547917 0.0359375 0.05
0 0.304688 0.164583 0.03125 0.0416667
0 0.524219 0.5875 0.0421875 0.05
0 0.360156 0.140625 0.0296875 0.0395833
0 0.585156 0.114583 0.0328125 0.0458333
0 0.246094 0.844792 0.0234375 0.0354167
0 0.717969 0.909375 0.0328125 0.04375
0 0.608594 0.739583 0.0265625 0.0333333
0 0.617188 0.34375 0.034375 0.0458333
0 0.346094 0.18125 0.0296875 0.0333333
0 0.371094 0.260417 0.0296875 0.0416667
0 0.151562 0.970833 0.040625 0.05
0 0.360156 0.214583 0.0328125 0.0458333
0 0.375 0.021875 0.040625 0.04375
0 0.285937 0.0666667 0.04375 0.0583333
0 0.880469 0.851042 0.0421875 0.0520833
0 0.065625 0.141667 0.034375 0.0458333
0 0.214062 0.0375 0.03125 0.0416667
0 0.578125 0.667708 0.0375 0.0479167
0 0.357812 0.0958333 0.034375 0.05
