0 0.596875 0.832292 0.028125 0.0354167
0 0.0296875 0.20625 0.040625 0.0541667
0 0.628125 0.657292 0.04375 0.05625
0 0.851562 0.439583 0.0375 0.05
0 0.692969 0.954167 0.0203125 0.0291667
0 0.355469 0.436458 0.0359375 0.04375
0 0.303906 0.163542 0.0328125 0.04375
0 0.857031 0.0875 0.0234375 0.0333333
0 0.5 0.404167 0.028125 0.0375
0 0.485156 0.258333 0.0265625 0.0375
0 0.145313 0.370833 0.03125 0.0458333
0 0.979688 0.541667 0.03125 0.0375
0 0.799219 0.551042 0.0234375 0.03125
0 0.416406 0.49375 0.0421875 0.0583333
0 0.471875 0.251042 0.025 0.0354167
0 0.597656 0.0270833 0.0328125 0.0375
0 0.739844 0.476042 0.0265625 0.0354167
0 0.986719 0.627083 0.0203125 0.0375
0 0.140625 0.178125 0.028125 0.04375
0 0.100781 0.6125 0.0296875 0.0333333
0 0.992969 0.959375 0.0140625 0.0479167
0 0.0523437 0.769792 0.0234375 0.0270833
0 0.407813 0.0822917 0.021875 0.0354167
0 0.597656 0.55 0.0390625 0.05
0 0.698438 0.00729167 0.028125 0.0145833
0 0.991406 0.0166667 0.0171875 0.0333333
0 0.3125 0.473958 0.021875 0.03125
0 0.483594 0.114583 0.0453125 0.05
0 0.155469 0.040625 0.0359375 0.0520833
0 0.685156 0.465625 0.0359375 0.04375
0 0.684375 0.920833 0.028125 0.0333333
0 0.292969 0.626042 0.0296875 0.0395833
0 0.802344 0.945833 0.0296875 0.0416667
0 0.0976562 0.64375 0.0359375 0.0458333
0 0.130469 0.1625 0.0265625 0.0375
0 0.585156 0.983333 0.0296875 0.0291667
0 0.992969 0.427083 0.0140625 0.0333333
0 0.0875 0.0520833 0.04375 0.0583333
0 0.989844 0.590625 0.0203125 0.0395833
0 0.499219 0.716667 0.0328125 0.0416667
0 0.0867188 0.555208 0.0265625 0.0354167
0 0.992188 0.664583 0.015625 0.0375
0 0.333594 0.45625 0.0234375 0.025
0 0.642969 0.0125 0.0328125 0.025
0 0.449219 0.682292 0.0421875 0.0520833
0 0.478906 0.222917 0.0296875 0.0375
0 0.591406 0.841667 0.0359375 0.0375
0 0.357031 0.884375 0.0359375 0.0479167
0 0.307031 0.148958 0.0296875 0.0354167
0 0.0390625 0.677083 0.028125 0.0333333
0 0.678906 0.527083 0.0484375 0.0583333
0 0.696094 0.159375 0.0265625 0.03125
0 0.388281 0.238542 0.0265625 0.0354167
0 0.235156 0.040625 0.0296875 0.0354167
0 0.799219 0.353125 0.0296875 0.0354167
0 0.484375 0.402083 0.025 0.0333333
0 0.344531 0.196875 0.0265625 0.0354167
0 0.111719 0.422917 0.0265625 0.0291667
0 0.70625 0.459375 0.025 0.03125
0 0.503906 0.110417 0.0296875 0.0416667
0 0.746875 0.639583 0.046875 0.0625
0 0.804688 0.2625 0.03125 0.0416667
0 0.711719 0.941667 0.0296875 0.0375
0 0.586719 0.68125 0.0328125 0.0458333
0 0.633594 0.897917 0.0296875 0.0375
0 0.363281 0.136458 0.0328125 0.04375
0 0.01875 0.4 0.034375 0.05
0 0.614062 0.75625 0.028125 0.0333333
0 0.35625 0.930208 0.025 0.03125
0 0.349219 0.0604167 0.0265625 0.0333333
0 0.270312 0.984375 0.0375 0.03125
0 0.0523437 0.0677083 0.0296875 0.0395833
0 0.497656 0.363542 0.0328125 0.04375
0 0.888281 0.855208 0.0328125 0.0395833
0 0.264062 0.554167 0.03125 0.0416667
0 0.157813 0.969792 0.04375 0.0479167
0 0.398438 0.03125 0.03125 0.0416667
0 0.303906 0.0614583 0.0421875 0.0604167
0 0.752344 0.442708 0.0265625 0.0354167
0 0.378125 0.927083 0.025 0.0291667
0 0.732031 0.90625 0.0359375 0.0458333
0 0.390625 0.894792 0.028125 0.0354167
0 0.5375 0.486458 0.034375 0.04375
0 0.596875 0.861458 0.034375 0.04375
0 0.564844 0.386458 0.0328125 0.04375
0 0.154687 0.309375 0.034375 0.04375
0 0.846875 0.321875 0.03125 0.0354167
0 0.584375 0.139583 0.028125 0.0375
0 0.364062 0.223958 0.03125 0.0395833
0 0.146094 0.117708 0.0328125 0.04375
0 0.338281 0.021875 0.0296875 0.0354167
0 0.357031 0.09375 0.0296875 0.0458333
0 0.0773437 0.147917 0.0359375 0.05
0 0.521875 0.191667 0.034375 0.0458333
0 0.4375 0.940625 0.03125 0.04375
0 0.396875 0.85625 0.03125 0.0375
0 0.449219 0.191667 0.0390625 0.05
0 0.527344 0.588542 0.0390625 0.0479167
