0 0.788281 0.025 0.0328125 0.0291667
0 0.121094 0.44375 0.0390625 0.05
0 0.770312 0.611458 0.034375 0.0395833
0 0.807031 0.0229167 0.0234375 0.025
0 0.808594 0.0104167 0.0234375 0.0208333
0 0.833594 0.991667 0.0265625 0.0166667
0 0.970312 0.510417 0.034375 0.0458333
0 0.604688 0.503125 0.03125 0.0395833
0 0.209375 0.870833 0.021875 0.0291667
0 0.142188 0.794792 0.021875 0.0354167
0 0.15 0.634375 0.028125 0.0354167
0 0.410156 0.290625 0.0265625 0.0354167
0 0.317969 0.779167 0.0359375 0.0416667
0 0.552344 0.6875 0.0328125 0.0375
0 0.967188 0.923958 0.034375 0.04375
0 0.853125 0.505208 0.03125 0.0395833
0 0.570312 0.965625 0.03125 0.0395833
0 0.521875 0.985417 0.028125 0.025
0 0.166406 0.130208 0.0203125 0.03125
0 0.153906 0.594792 0.0234375 0.0354167
0 0.785156 0.20625 0.0296875 0.0375
0 0.823438 0.389583 0.028125 0.0375
0 0.346094 0.7875 0.0234375 0.0333333
0 0.0882813 0.4125 0.0234375 0.0291667
0 0.378125 0.773958 0.025 0.03125
0 0.81875 0.689583 0.028125 0.0333333
0 0.89375 0.791667 0.025 0.0291667
0 0.627344 0.979167 0.0328125 0.0375
0 0.585938 0.526042 0.025 0.0354167
0 0.877344 0.765625 0.0265625 0.0354167
0 0.634375 0.0604167 0.025 0.0375
0 0.827344 0.420833 0.0296875 0.0375
0 0.421094 0.536458 0.0328125 0.04375
0 0.80625 0.205208 0.028125 0.0395833
0 0.705469 0.939583 0.0265625 0.0333333
0 0.415625 0.602083 0.028125 0.0375
0 0.596094 0.234375 0.0296875 0.0395833
0 0.982031 0.0520833 0.0296875 0.0416667
0 0.152344 0.01875 0.0296875 0.0333333
0 0.929688 0.903125 0.028125 0.0395833
0 0.139844 0.361458 0.0296875 0.04375
0 0.205469 0.355208 0.0265625 0.0354167
0 0.223438 0.472917 0.025 0.0291667
0 0.975 0.173958 0.028125 0.0354167
0 0.627344 0.028125 0.0296875 0.0354167
0 0.423438 0.390625 0.034375 0.0479167
0 0.885156 0.579167 0.0296875 0.0416667
0 0.23125 0.2125 0.03125 0.0416667
0 0.857813 0.616667 0.028125 0.0375
0 0.277344 0.8875 0.0328125 0.0458333
0 0.119531 0.14375 0.0265625 0.0333333
0 0.789062 0.05625 0.028125 0.0375
0 0.0203125 0.638542 0.03125 0.0395833
0 0.154687 0.755208 0.028125 0.0354167
0 0.280469 0.304167 0.0328125 0.0458333
0 0.2625 0.807292 0.0375 0.0479167
0 0.914844 0.939583 0.0265625 0.0333333
0 0.301562 0.925 0.028125 0.0416667
0 0.253906 0.86875 0.0265625 0.0375
0 0.796094 0.148958 0.0328125 0.04375
0 0.0726563 0.884375 0.0328125 0.04375
0 0.107813 0.921875 0.034375 0.04375
0 0.0429688 0.923958 0.0328125 0.04375
0 0.93125 0.198958 0.0375 0.0520833
