0 0.208594 0.865625 0.0265625 0.0270833
0 0.628125 0.677083 0.046875 0.0666667
0 0.341406 0.909375 0.0328125 0.04375
0 0.477344 0.111458 0.0328125 0.0395833
0 0.742188 0.634375 0.040625 0.05625
0 0.03125 0.20625 0.040625 0.0541667
0 0.507812 0.380208 0.025 0.0354167
0 0.898438 0.509375 0.04375 0.0604167
0 0.760938 0.472917 0.034375 0.0333333
0 0.514844 0.857292 0.0296875 0.0395833
1 0.478125 0.2375 0.05625 0.0791667
0 0.688281 0.913542 0.0234375 0.03125
0 0.49375 0.114583 0.0375 0.05
0 0.359375 0.740625 0.021875 0.0354167
0 0.144531 0.365625 0.0328125 0.0520833
0 0.467969 0.25625 0.0265625 0.0333333
0 0.555469 0.392708 0.0328125 0.0479167
0 0.653125 0.652083 0.028125 0.0458333
0 0.432813 0.477083 0.0375 0.0541667
0 0.610156 0.0260417 0.0296875 0.0354167
0 0.639063 0.923958 0.028125 0.0354167
0 0.3125 0.471875 0.021875 0.03125
0 0.357031 0.434375 0.0328125 0.04375
0 0.625781 0.558333 0.0359375 0.0541667
0 0.9875 0.585417 0.025 0.0416667
0 0.3125 0.635417 0.028125 0.0375
0 0.247656 0.676042 0.0359375 0.0479167
0 0.986719 0.625 0.0234375 0.0375
0 0.395312 0.241667 0.028125 0.0375
0 0.102344 0.555208 0.0296875 0.0354167
0 0.45 0.68125 0.04375 0.0583333
0 0.142969 0.164583 0.0265625 0.0375
0 0.0078125 0.29375 0.015625 0.0416667
0 0.335156 0.461458 0.0234375 0.03125
0 0.366406 0.0885417 0.0328125 0.0479167
0 0.0507812 0.769792 0.0234375 0.03125
0 0.759375 0.452083 0.03125 0.0375
0 0.277344 0.983333 0.0359375 0.0291667
0 0.367969 0.1375 0.0296875 0.0416667
0 0.992188 0.661458 0.015625 0.0354167
0 0.811719 0.266667 0.0296875 0.0416667
0 0.125781 0.419792 0.0265625 0.03125
0 0.153906 0.0416667 0.0421875 0.0541667
0 0.683594 0.860417 0.0265625 0.0375
0 0.220313 0.290625 0.03125 0.04375
0 0.30625 0.059375 0.04375 0.0604167
0 0.492969 0.779167 0.0265625 0.0333333
0 0.358594 0.930208 0.0265625 0.03125
0 0.691406 0.46875 0.0359375 0.0416667
0 0.339844 0.0302083 0.0265625 0.03125
0 0.908594 0.31875 0.0265625 0.0333333
0 0.513281 0.167708 0.0296875 0.0354167
0 0.982813 0.541667 0.025 0.0333333
0 0.398438 0.863542 0.028125 0.0395833
0 0.804688 0.940625 0.03125 0.04375
0 0.130469 0.161458 0.0234375 0.0354167
0 0.383594 0.151042 0.0265625 0.0354167
0 0.714844 0.938542 0.0296875 0.0395833
0 0.278125 0.553125 0.034375 0.0479167
0 0.114063 0.640625 0.0375 0.0479167
0 0.776563 0.534375 0.03125 0.04375
0 0.253125 0.755208 0.028125 0.0354167
0 0.407813 0.895833 0.028125 0.0333333
0 0.025 0.398958 0.034375 0.0479167
0 0.896875 0.85625 0.034375 0.0416667
0 0.278906 0.808333 0.0265625 0.0333333
0 0.0546875 0.0645833 0.028125 0.0375
0 0.0953125 0.040625 0.04375 0.0520833
0 0.640625 0.965625 0.028125 0.0395833
0 0.441406 0.947917 0.0296875 0.0416667
0 0.610937 0.75625 0.028125 0.0333333
0 0.526563 0.49375 0.03125 0.0375
0 0.470313 0.282292 0.03125 0.0395833
0 0.475781 0.81875 0.0328125 0.0458333
0 0.359375 0.886458 0.03125 0.0479167
0 0.595312 0.68125 0.034375 0.05
0 0.119531 0.611458 0.0328125 0.0395833
0 0.242969 0.0427083 0.0359375 0.04375
0 0.736719 0.90625 0.0296875 0.0416667
0 0.846875 0.322917 0.03125 0.0333333
0 0.779688 0.39375 0.028125 0.0416667
0 0.617969 0.585417 0.0328125 0.0416667
0 0.142969 0.122917 0.0296875 0.0416667
0 0.492188 0.548958 0.034375 0.04375
0 0.716406 0.708333 0.0328125 0.0416667
0 0.303125 0.145833 0.034375 0.05
0 0.163281 0.971875 0.0390625 0.0479167
0 0.167187 0.296875 0.034375 0.0520833
0 0.510156 0.873958 0.0328125 0.0395833
0 0.447656 0.194792 0.0359375 0.0479167
0 0.7625 0.259375 0.03125 0.04375
0 0.0789063 0.142708 0.0328125 0.04375
0 0.371875 0.220833 0.03125 0.0375
0 0.41875 0.0229167 0.0375 0.0416667
0 0.528906 0.5875 0.0421875 0.0541667
0 0.509375 0.352083 0.0375 0.05
