0 0.714063 0.942708 0.028125 0.0395833
0 0.70625 0.459375 0.021875 0.03125
0 0.486719 0.260417 0.0234375 0.0333333
0 0.800781 0.551042 0.0265625 0.0395833
1 0.48125 0.240625 0.05625 0.0895833
0 0.626562 0.676042 0.040625 0.0604167
0 0.677344 0.527083 0.0453125 0.0583333
0 0.0898438 0.555208 0.0296875 0.0395833
0 0.359375 0.739583 0.025 0.0375
0 0.645312 0.244792 0.0375 0.0479167
0 0.634375 0.645833 0.0375 0.0541667
0 0.994531 0.425 0.0109375 0.0375
0 0.652344 0.65 0.0296875 0.05
0 0.604688 0.0291667 0.03125 0.0375
0 0.748438 0.639583 0.04375 0.0625
0 0.986719 0.626042 0.0234375 0.0395833
0 0.859375 0.0875 0.034375 0.0458333
0 0.492969 0.833333 0.0265625 0.0375
0 0.336719 0.034375 0.0296875 0.04375
0 0.0304688 0.20625 0.0421875 0.0583333
0 0.478906 0.219792 0.0234375 0.03125
0 0.485156 0.40625 0.0234375 0.0291667
0 0.235938 0.677083 0.0375 0.05
0 0.741406 0.477083 0.0234375 0.0333333
0 0.270312 0.714583 0.034375 0.05
0 0.0828125 0.0447917 0.040625 0.0479167
0 0.642969 0.0125 0.0359375 0.025
0 0.490625 0.117708 0.046875 0.05625
0 0.366406 0.135417 0.0359375 0.0416667
0 0.141406 0.176042 0.0265625 0.04375
0 0.991406 0.01875 0.0171875 0.0375
0 0.355469 0.438542 0.0359375 0.0479167
0 0.989844 0.590625 0.0203125 0.04375
0 0.0515625 0.769792 0.025 0.03125
0 0.685938 0.921875 0.025 0.03125
0 0.992188 0.6625 0.015625 0.0375
0 0.311719 0.472917 0.0234375 0.0333333
0 0.448438 0.68125 0.04375 0.0541667
0 0.979688 0.541667 0.03125 0.0375
0 0.824219 0.346875 0.0265625 0.03125
0 0.635938 0.898958 0.028125 0.0354167
0 0.305469 0.0604167 0.0453125 0.0625
0 0.413281 0.969792 0.0296875 0.0354167
0 0.358594 0.09375 0.0328125 0.0458333
0 0.296875 0.630208 0.028125 0.0354167
0 0.267969 0.54375 0.0328125 0.0416667
0 0.420312 0.491667 0.04375 0.0625
0 0.351562 0.0375 0.03125 0.0416667
0 0.160938 0.969792 0.0375 0.0479167
0 0.803125 0.945833 0.03125 0.0416667
0 0.640625 0.782292 0.028125 0.0395833
0 0.107813 0.609375 0.03125 0.0354167
0 0.102344 0.68125 0.0296875 0.0375
0 0.0921875 0.0614583 0.053125 0.06875
0 0.321094 0.194792 0.0265625 0.0354167
0 0.5125 0.141667 0.028125 0.0375
0 0.142969 0.369792 0.0359375 0.0520833
0 0.334375 0.459375 0.025 0.03125
0 0.101562 0.639583 0.034375 0.0458333
0 0.6875 0.463542 0.034375 0.04375
0 0.507031 0.683333 0.0296875 0.0416667
0 0.891406 0.85625 0.0328125 0.0416667
0 0.620313 0.876042 0.028125 0.0354167
0 0.053125 0.06875 0.03125 0.0416667
0 0.844531 0.326042 0.0328125 0.0354167
0 0.357031 0.884375 0.0390625 0.0520833
0 0.116406 0.421875 0.0296875 0.0354167
0 0.895312 0.511458 0.04375 0.05625
0 0.440625 0.94375 0.028125 0.0416667
0 0.319531 0.240625 0.0296875 0.0354167
0 0.613281 0.757292 0.0265625 0.03125
0 0.334375 0.134375 0.028125 0.0395833
0 0.397656 0.861458 0.0328125 0.0395833
0 0.744531 0.440625 0.0234375 0.03125
0 0.403125 0.0302083 0.034375 0.04375
0 0.515625 0.220833 0.028125 0.0375
0 0.155469 0.0416667 0.0421875 0.0541667
0 0.591406 0.675 0.0359375 0.05
0 0.358594 0.929167 0.0265625 0.0333333
0 0.129688 0.161458 0.025 0.0354167
0 0.659375 0.178125 0.028125 0.0395833
0 0.521875 0.966667 0.034375 0.0458333
0 0.366406 0.220833 0.0328125 0.0416667
0 0.807031 0.264583 0.0328125 0.0458333
0 0.271094 0.983333 0.0359375 0.0333333
0 0.303906 0.15625 0.0328125 0.0416667
0 0.396094 0.898958 0.0296875 0.0354167
0 0.540625 0.407292 0.034375 0.04375
0 0.447656 0.1875 0.0421875 0.0541667
0 0.392969 0.230208 0.0296875 0.0395833
0 0.734375 0.908333 0.03125 0.0416667
0 0.078125 0.146875 0.0375 0.0520833
0 0.146875 0.119792 0.034375 0.04375
0 0.598437 0.54375 0.040625 0.0541667
0 0.239844 0.0427083 0.0328125 0.0395833
0 0.503125 0.360417 0.0375 0.05
0 0.526563 0.589583 0.040625 0.05
0 0.0195312 0.398958 0.0390625 0.0520833
0 0.158594 0.307292 0.0359375 0.0479167
