0 0.930469 0.405208 0.0390625 0.0520833
0 0.628125 0.68125 0.0375 0.0541667
0 0.186719 0.741667 0.0328125 0.0458333
0 0.992969 0.958333 0.0140625 0.05
0 0.682813 0.160417 0.028125 0.0375
0 0.484375 0.2625 0.025 0.0291667
0 0.49375 0.11875 0.04375 0.0541667
0 0.479688 0.435417 0.025 0.0375
0 0.485938 0.4 0.021875 0.0291667
0 0.03125 0.205208 0.040625 0.05625
0 0.359375 0.739583 0.025 0.0375
0 0.475 0.228125 0.028125 0.0354167
0 0.855469 0.4375 0.0359375 0.05
0 0.653906 0.652083 0.0265625 0.0458333
0 0.8 0.24375 0.034375 0.0416667
0 0.236719 0.678125 0.0359375 0.0479167
0 0.342187 0.138542 0.028125 0.0354167
0 0.685938 0.920833 0.025 0.0333333
0 0.355469 0.438542 0.0359375 0.0479167
0 0.478906 0.215625 0.0265625 0.0270833
0 0.991406 0.01875 0.0171875 0.0375
0 0.676562 0.525 0.04375 0.0583333
0 0.2625 0.536458 0.028125 0.0395833
0 0.642969 0.244792 0.0390625 0.0479167
0 0.647656 0.00833333 0.0359375 0.0166667
0 0.629687 0.627083 0.034375 0.05
0 0.554688 0.3875 0.028125 0.0458333
0 0.273438 0.965625 0.028125 0.0354167
0 0.00703125 0.288542 0.0140625 0.0395833
0 0.336719 0.0229167 0.0296875 0.0333333
0 0.494531 0.832292 0.0265625 0.0354167
0 0.604688 0.0291667 0.03125 0.0375
0 0.0835937 0.04375 0.0390625 0.0458333
0 0.4 0.901042 0.03125 0.0395833
0 0.470313 0.247917 0.025 0.0291667
0 0.448438 0.682292 0.04375 0.05625
0 0.0914062 0.555208 0.0265625 0.0354167
0 0.0515625 0.769792 0.021875 0.03125
0 0.142969 0.367708 0.0328125 0.0479167
0 0.142188 0.165625 0.028125 0.0395833
0 0.307031 0.0583333 0.0421875 0.0583333
0 0.311719 0.471875 0.0265625 0.0354167
0 0.423438 0.489583 0.04375 0.0625
0 0.989062 0.589583 0.021875 0.0416667
0 0.592188 0.675 0.034375 0.05
0 0.688281 0.4625 0.0328125 0.0416667
0 0.447656 0.186458 0.0390625 0.0520833
0 0.992188 0.661458 0.015625 0.0354167
0 0.70625 0.460417 0.025 0.0291667
0 0.615625 0.548958 0.03125 0.04375
0 0.741406 0.427083 0.0234375 0.0291667
0 0.161719 0.969792 0.0390625 0.0479167
0 0.714063 0.940625 0.028125 0.0395833
0 0.98125 0.541667 0.03125 0.0375
0 0.364062 0.179167 0.025 0.0333333
0 0.74375 0.476042 0.028125 0.0354167
0 0.892187 0.855208 0.034375 0.0395833
0 0.803906 0.942708 0.0328125 0.04375
0 0.666406 0.748958 0.0265625 0.0354167
0 0.4375 0.979167 0.025 0.0333333
0 0.109375 0.6125 0.03125 0.0375
0 0.844531 0.319792 0.0296875 0.03125
0 0.895312 0.510417 0.04375 0.0541667
0 0.6 0.546875 0.0375 0.0479167
0 0.298438 0.629167 0.028125 0.0375
0 0.103125 0.640625 0.034375 0.04375
0 0.628906 0.8625 0.0296875 0.0375
0 0.367188 0.134375 0.034375 0.04375
0 0.636719 0.9 0.0296875 0.0375
0 0.115625 0.423958 0.028125 0.0354167
0 0.0546875 0.0666667 0.028125 0.0375
0 0.527344 0.145833 0.0296875 0.0375
0 0.399219 0.8625 0.0328125 0.0375
0 0.121094 0.697917 0.0265625 0.0333333
0 0.344531 0.0385417 0.0265625 0.03125
0 0.470313 0.911458 0.03125 0.0354167
0 0.146094 0.121875 0.0328125 0.04375
0 0.510938 0.239583 0.025 0.0333333
0 0.333594 0.459375 0.0234375 0.03125
0 0.298438 0.230208 0.0375 0.0520833
0 0.360938 0.0916667 0.03125 0.0458333
0 0.358594 0.885417 0.0359375 0.05
0 0.392969 0.232292 0.0296875 0.0395833
0 0.0929687 0.0614583 0.0515625 0.0645833
0 0.155469 0.040625 0.0390625 0.0520833
0 0.6125 0.75625 0.028125 0.0333333
0 0.13125 0.160417 0.025 0.0375
0 0.441406 0.940625 0.0296875 0.0395833
0 0.835156 0.340625 0.0296875 0.03125
0 0.509375 0.658333 0.03125 0.0375
0 0.735937 0.90625 0.03125 0.0416667
0 0.365625 0.222917 0.03125 0.0375
0 0.239844 0.0427083 0.0328125 0.0395833
0 0.301562 0.153125 0.034375 0.04375
0 0.516406 0.01875 0.0328125 0.0375
0 0.357812 0.93125 0.028125 0.0333333
0 0.158594 0.304167 0.0328125 0.0458333
0 0.740625 0.235417 0.03125 0.0375
0 0.808594 0.264583 0.0328125 0.0458333
0 0.271094 0.985417 0.0359375 0.0291667
0 0.0210938 0.398958 0.0390625 0.0479167
0 0.0789063 0.146875 0.0359375 0.0479167
0 0.520312 0.426042 0.034375 0.0479167
0 0.528125 0.589583 0.040625 0.05
0 0.405469 0.0322917 0.0359375 0.04375
0 0.503125 0.357292 0.0375 0.0520833
