0 0.586719 0.0416667 0.0328125 0.0458333
0 0.486719 0.2625 0.0265625 0.0333333
0 0.328906 0.4375 0.0265625 0.0375
0 0.669531 0.430208 0.0453125 0.04375
0 0.460938 0.202083 0.025 0.0416667
0 0.0265625 0.00833333 0.03125 0.0166667
0 0.467969 0.252083 0.0265625 0.0291667
0 0.0789063 0.059375 0.0515625 0.06875
0 0.739844 0.486458 0.0171875 0.0270833
0 0.602344 0.663542 0.0234375 0.0354167
0 0.225 0.680208 0.0375 0.0479167
1 0.210938 0.8625 0.046875 0.05
0 0.8 0.55 0.028125 0.0375
0 0.676562 0.525 0.046875 0.0583333
0 0.464844 0.11875 0.0453125 0.0541667
0 0.134375 0.175 0.03125 0.0458333
0 0.796875 0.947917 0.03125 0.0416667
0 0.208594 0.864583 0.0234375 0.0291667
0 0.427344 0.00833333 0.0296875 0.0166667
0 0.742188 0.638542 0.040625 0.05625
0 0.989844 0.596875 0.0203125 0.0479167
0 0.235156 0.733333 0.0296875 0.0416667
0 0.725781 0.478125 0.0265625 0.03125
0 0.705469 0.461458 0.0234375 0.03125
0 0.841406 0.445833 0.0390625 0.0541667
0 0.675 0.466667 0.040625 0.0541667
0 0.346875 0.428125 0.034375 0.0395833
0 0.473437 0.380208 0.034375 0.0395833
0 0.153906 0.0458333 0.0390625 0.0541667
0 0.0804688 0.615625 0.0359375 0.04375
0 0.0742188 0.0427083 0.0390625 0.04375
0 0.64375 0.645833 0.034375 0.0458333
0 0.1 0.419792 0.028125 0.0354167
0 0.620313 0.355208 0.0375 0.0479167
0 0.201562 0.954167 0.040625 0.05
0 0.478906 0.223958 0.0296875 0.0354167
0 0.992188 0.663542 0.015625 0.0395833
0 0.307813 0.473958 0.021875 0.03125
0 0.321094 0.0135417 0.0296875 0.0270833
0 0.449219 0.68125 0.0484375 0.0583333
0 0.891406 0.509375 0.0453125 0.05625
0 0.984375 0.015625 0.028125 0.03125
0 0.6375 0.252083 0.0375 0.0541667
0 0.1375 0.3125 0.03125 0.0375
0 0.078125 0.64375 0.0375 0.0458333
0 0.1375 0.136458 0.03125 0.0395833
0 0.460156 0.909375 0.0265625 0.0354167
0 0.040625 0.075 0.03125 0.0416667
0 0.0585938 0.552083 0.0328125 0.0375
0 0.403906 0.502083 0.0421875 0.0583333
0 0.984375 0.959375 0.03125 0.0604167
0 0.454688 0.261458 0.03125 0.0354167
0 0.0234375 0.207292 0.04375 0.0604167
0 0.276563 0.625 0.028125 0.0375
0 0.470313 0.419792 0.025 0.0354167
0 0.973437 0.541667 0.034375 0.0416667
0 0.229687 0.34375 0.034375 0.0458333
0 0.0523437 0.770833 0.0296875 0.0333333
0 0.790625 0.886458 0.03125 0.0354167
0 0.616406 0.814583 0.0359375 0.05
0 0.675 0.939583 0.028125 0.0333333
0 0.2125 0.167708 0.03125 0.0354167
0 0.327344 0.457292 0.0234375 0.03125
0 0.240625 0.546875 0.034375 0.04375
0 0.0125 0.402083 0.025 0.05
0 0.352344 0.925 0.0296875 0.0333333
0 0.260156 0.891667 0.0234375 0.0375
0 0.871875 0.744792 0.03125 0.04375
0 0.360938 0.138542 0.03125 0.04375
0 0.138281 0.369792 0.0328125 0.0479167
0 0.436719 0.945833 0.0296875 0.0416667
0 0.828906 0.234375 0.0328125 0.04375
0 0.363281 0.177083 0.0265625 0.0333333
0 0.182812 0.864583 0.025 0.0333333
0 0.734375 0.425 0.028125 0.0416667
0 0.385156 0.847917 0.0296875 0.0375
0 0.709375 0.952083 0.03125 0.0416667
0 0.619531 0.789583 0.0328125 0.05
0 0.586719 0.180208 0.0328125 0.0395833
0 0.586719 0.127083 0.0328125 0.0416667
0 0.377344 0.89375 0.0265625 0.0333333
0 0.500781 0.908333 0.0296875 0.0375
0 0.842969 0.316667 0.0296875 0.0375
0 0.490625 0.942708 0.028125 0.0354167
0 0.288281 0.0635417 0.0421875 0.05625
0 0.534375 0.402083 0.04375 0.0583333
0 0.723437 0.9125 0.034375 0.0458333
0 0.79375 0.264583 0.0375 0.05
0 0.642187 0.0166667 0.034375 0.0333333
0 0.214844 0.0375 0.0328125 0.0416667
0 0.442187 0.196875 0.0375 0.0479167
0 0.523438 0.5875 0.04375 0.05
0 0.620313 0.882292 0.028125 0.0395833
0 0.252344 0.98125 0.0359375 0.0375
0 0.373437 0.260417 0.028125 0.0416667
0 0.153906 0.969792 0.0421875 0.0520833
0 0.582031 0.671875 0.0390625 0.0479167
0 0.583594 0.545833 0.0359375 0.05
0 0.879687 0.851042 0.040625 0.0520833
0 0.360938 0.214583 0.034375 0.05
0 0.375 0.0229167 0.0375 0.0416667
0 0.357812 0.0927083 0.034375 0.0479167
0 0.0640625 0.142708 0.0375 0.0479167
0 0.610937 0.755208 0.028125 0.0354167
0 0.303906 0.164583 0.0359375 0.0458333
