0 0.607031 0.028125 0.0328125 0.0395833
0 0.626562 0.677083 0.046875 0.0666667
0 0.685938 0.919792 0.025 0.03125
0 0.897656 0.5125 0.0421875 0.0541667
0 0.7375 0.644792 0.0375 0.05625
0 0.139844 0.182292 0.0265625 0.04375
0 0.991406 0.01875 0.0171875 0.0375
0 0.704687 0.459375 0.028125 0.0354167
0 0.359375 0.738542 0.021875 0.0354167
0 0.49375 0.125 0.04375 0.0541667
0 0.475 0.223958 0.028125 0.0354167
0 0.651563 0.647917 0.025 0.0458333
0 0.354688 0.436458 0.040625 0.0479167
0 0.85625 0.436458 0.0375 0.0520833
0 0.489844 0.258333 0.0265625 0.0333333
0 0.551562 0.159375 0.028125 0.03125
0 0.479688 0.4375 0.028125 0.0375
0 0.611719 0.611458 0.0296875 0.0354167
0 0.98125 0.540625 0.028125 0.0354167
0 0.311719 0.471875 0.0234375 0.03125
0 0.450781 0.186458 0.0359375 0.0479167
0 0.425781 0.4875 0.0421875 0.0625
0 0.495313 0.834375 0.021875 0.0354167
0 0.692187 0.4625 0.0375 0.0416667
0 0.703906 0.684375 0.0265625 0.0354167
0 0.277344 0.719792 0.0328125 0.0479167
0 0.335156 0.0291667 0.0296875 0.0333333
0 0.307813 0.0604167 0.040625 0.0583333
0 0.321094 0.0427083 0.0296875 0.04375
0 0.986719 0.625 0.0234375 0.0416667
0 0.65 0.860417 0.034375 0.0458333
0 0.0515625 0.76875 0.025 0.0291667
0 0.469531 0.25 0.0265625 0.0333333
0 0.450781 0.68125 0.0453125 0.0583333
0 0.361719 0.0927083 0.0328125 0.04375
0 0.992969 0.661458 0.0140625 0.0354167
0 0.714063 0.940625 0.028125 0.0395833
0 0.403125 0.897917 0.028125 0.0333333
0 0.272656 0.5625 0.0328125 0.0416667
0 0.359375 0.884375 0.03125 0.04375
0 0.167969 0.690625 0.0265625 0.03125
0 0.333594 0.459375 0.0234375 0.03125
0 0.142188 0.163542 0.028125 0.0395833
0 0.989062 0.589583 0.021875 0.0416667
0 0.45625 0.934375 0.028125 0.0354167
0 0.399219 0.861458 0.0296875 0.0354167
0 0.738281 0.422917 0.0234375 0.0291667
0 0.0953125 0.554167 0.028125 0.0375
0 0.440625 0.946875 0.028125 0.0395833
0 0.0929687 0.0604167 0.0515625 0.0708333
0 0.638281 0.905208 0.0296875 0.0354167
0 0.36875 0.134375 0.03125 0.04375
0 0.303906 0.633333 0.0265625 0.0375
0 0.14375 0.367708 0.0375 0.0520833
0 0.161719 0.96875 0.0359375 0.0458333
0 0.353125 0.141667 0.025 0.0333333
0 0.273438 0.983333 0.0375 0.0333333
0 0.0546875 0.0666667 0.028125 0.0375
0 0.111719 0.609375 0.0296875 0.0354167
0 0.107813 0.638542 0.0375 0.0479167
0 0.64375 0.245833 0.0375 0.05
0 0.804688 0.941667 0.03125 0.0458333
0 0.895312 0.854167 0.034375 0.0416667
0 0.6125 0.75625 0.028125 0.0333333
0 0.55 0.175 0.028125 0.0375
0 0.496875 0.96875 0.03125 0.0416667
0 0.605469 0.552083 0.0328125 0.0416667
0 0.773438 0.276042 0.025 0.0354167
0 0.847656 0.323958 0.0359375 0.0354167
0 0.155469 0.0416667 0.0390625 0.05
0 0.810156 0.2625 0.0296875 0.0416667
0 0.26875 0.91875 0.025 0.0333333
0 0.414062 0.176042 0.025 0.03125
0 0.270312 0.23125 0.03125 0.0416667
0 0.13125 0.160417 0.025 0.0375
0 0.410156 0.0270833 0.0328125 0.0416667
0 0.736719 0.907292 0.0328125 0.04375
0 0.119531 0.423958 0.0296875 0.0354167
0 0.359375 0.93125 0.025 0.0333333
0 0.241406 0.0427083 0.0328125 0.0395833
0 0.39375 0.232292 0.028125 0.0395833
0 0.594531 0.678125 0.0359375 0.0520833
0 0.546875 0.0645833 0.03125 0.0416667
0 0.542188 0.445833 0.034375 0.0458333
0 0.501562 0.627083 0.028125 0.0375
0 0.505469 0.354167 0.0359375 0.05
0 0.144531 0.121875 0.0328125 0.04375
0 0.078125 0.145833 0.034375 0.0458333
0 0.303906 0.152083 0.0328125 0.0416667
0 0.164062 0.301042 0.034375 0.0520833
0 0.527344 0.589583 0.0359375 0.0416667
0 0.36875 0.222917 0.03125 0.0375
0 0.0226563 0.4 0.0390625 0.05
0 0.661719 0.592708 0.0328125 0.04375
