0 0.0867188 0.389583 0.0328125 0.0375
0 0.490625 0.417708 0.025 0.0354167
0 0.650781 0.646875 0.0296875 0.0479167
0 0.785156 0.20625 0.0265625 0.0375
0 0.704687 0.4625 0.021875 0.0291667
0 0.253125 0.722917 0.03125 0.0416667
0 0.486719 0.867708 0.0296875 0.0395833
0 0.33125 0.435417 0.025 0.0333333
0 0.08125 0.059375 0.05 0.0645833
0 0.296094 0.0614583 0.0453125 0.05625
0 0.640625 0.652083 0.040625 0.0541667
0 0.741406 0.6375 0.0421875 0.0583333
0 0.471094 0.117708 0.0484375 0.0604167
0 0.989844 0.596875 0.0203125 0.0520833
0 0.475781 0.221875 0.0265625 0.0354167
0 0.740625 0.488542 0.01875 0.0270833
0 0.322656 0.903125 0.0359375 0.0479167
0 0.625 0.883333 0.034375 0.0416667
0 0.796875 0.948958 0.03125 0.04375
0 0.675781 0.525 0.0453125 0.0583333
0 0.523438 0.898958 0.028125 0.0354167
0 0.676562 0.9375 0.025 0.0333333
0 0.992188 0.6625 0.015625 0.0375
0 0.475781 0.38125 0.0359375 0.05
0 0.892969 0.509375 0.0453125 0.05625
0 0.134375 0.171875 0.03125 0.04375
0 0.652344 0.19375 0.0296875 0.0416667
0 0.154687 0.0447917 0.0375 0.0520833
0 0.985156 0.958333 0.0296875 0.0625
0 0.457812 0.261458 0.025 0.03125
0 0.727344 0.477083 0.0234375 0.0291667
0 0.974219 0.540625 0.0328125 0.0395833
0 0.0640625 0.553125 0.03125 0.0395833
0 0.442187 0.0145833 0.03125 0.025
0 0.985937 0.015625 0.028125 0.03125
0 0.0523437 0.769792 0.0265625 0.03125
0 0.252344 0.546875 0.0328125 0.04375
0 0.388281 0.85 0.0328125 0.0416667
0 0.407031 0.501042 0.0421875 0.0604167
0 0.346875 0.427083 0.034375 0.0375
0 0.279687 0.623958 0.028125 0.0395833
0 0.353906 0.928125 0.0265625 0.03125
0 0.307813 0.470833 0.021875 0.0333333
0 0.796875 0.263542 0.03125 0.04375
0 0.103125 0.41875 0.028125 0.0333333
0 0.286719 0.980208 0.0265625 0.0395833
0 0.0757812 0.0416667 0.0390625 0.0458333
0 0.436719 0.951042 0.0296875 0.04375
0 0.449219 0.68125 0.0453125 0.0541667
0 0.471875 0.41875 0.025 0.0333333
0 0.64375 0.015625 0.034375 0.03125
0 0.139844 0.308333 0.0328125 0.0416667
0 0.642969 0.392708 0.0328125 0.0395833
0 0.360156 0.139583 0.0328125 0.0458333
0 0.5375 0.397917 0.04375 0.0625
0 0.0421875 0.0739583 0.028125 0.0395833
0 0.441406 0.189583 0.0359375 0.0458333
0 0.0835937 0.6125 0.0328125 0.0416667
0 0.0507812 0.157292 0.0296875 0.0395833
0 0.18125 0.908333 0.025 0.0375
0 0.304688 0.163542 0.034375 0.04375
0 0.379687 0.251042 0.028125 0.0395833
0 0.25625 0.978125 0.034375 0.0395833
0 0.725 0.913542 0.03125 0.0395833
0 0.435937 0.214583 0.03125 0.0416667
0 0.328125 0.457292 0.025 0.03125
0 0.613281 0.75625 0.0390625 0.05
0 0.836719 0.872917 0.0328125 0.0416667
0 0.903906 0.728125 0.0328125 0.04375
0 0.585938 0.545833 0.0375 0.05
0 0.710938 0.95 0.028125 0.0375
0 0.320312 0.0177083 0.03125 0.0354167
0 0.138281 0.367708 0.0328125 0.0479167
0 0.08125 0.640625 0.034375 0.04375
0 0.0140625 0.401042 0.028125 0.0479167
0 0.696094 0.41875 0.0296875 0.0375
0 0.507812 0.921875 0.028125 0.0354167
0 0.258594 0.769792 0.0296875 0.0395833
0 0.225781 0.160417 0.0296875 0.0375
0 0.386719 0.159375 0.0265625 0.0395833
0 0.566406 0.1375 0.0390625 0.05
0 0.673437 0.466667 0.0375 0.05
0 0.84375 0.316667 0.034375 0.0416667
0 0.73125 0.433333 0.025 0.0333333
0 0.524219 0.586458 0.0421875 0.0520833
0 0.378906 0.897917 0.0265625 0.0333333
0 0.638281 0.244792 0.0359375 0.0479167
0 0.872656 0.85 0.0359375 0.0458333
0 0.0257812 0.20625 0.0421875 0.0583333
0 0.607813 0.784375 0.03125 0.04375
0 0.183594 0.277083 0.0296875 0.0416667
0 0.153906 0.972917 0.0421875 0.05
0 0.591406 0.683333 0.0390625 0.0541667
0 0.357031 0.09375 0.0328125 0.0458333
0 0.0640625 0.14375 0.03125 0.0416667
0 0.140625 0.127083 0.034375 0.0458333
0 0.378125 0.0208333 0.040625 0.0416667
0 0.557813 0.230208 0.034375 0.0479167
0 0.217969 0.0385417 0.0328125 0.04375
0 0.359375 0.215625 0.034375 0.0479167
