0 0.241406 0.680208 0.0390625 0.05625
0 0.705469 0.459375 0.0296875 0.04375
0 0.3375 0.908333 0.034375 0.05
0 0.496094 0.9875 0.0390625 0.0166667
0 0.799219 0.244792 0.0359375 0.04375
0 0.550781 0.394792 0.0328125 0.0520833
0 0.652344 0.651042 0.0265625 0.04375
0 0.642187 0.009375 0.03125 0.01875
0 0.898438 0.511458 0.04375 0.05625
0 0.399219 0.8625 0.0296875 0.0375
0 0.00625 0.292708 0.0125 0.0395833
0 0.685938 0.919792 0.028125 0.03125
0 0.448438 0.680208 0.046875 0.05625
0 0.503125 0.402083 0.025 0.0375
0 0.478906 0.220833 0.0296875 0.0375
0 0.485938 0.403125 0.021875 0.03125
0 0.48125 0.257292 0.03125 0.0395833
0 0.608594 0.028125 0.0328125 0.0395833
0 0.991406 0.0197917 0.0171875 0.0354167
0 0.475781 0.922917 0.0328125 0.0416667
0 0.0984375 0.554167 0.028125 0.0375
0 0.3125 0.472917 0.025 0.0333333
0 0.0945313 0.059375 0.0578125 0.08125
0 0.60625 0.563542 0.03125 0.0395833
0 0.355469 0.440625 0.0390625 0.0520833
0 0.0515625 0.76875 0.025 0.0333333
0 0.405469 0.895833 0.0296875 0.0375
0 0.277344 0.714583 0.0359375 0.05
0 0.985937 0.625 0.025 0.0416667
0 0.986719 0.5875 0.0265625 0.0458333
0 0.142969 0.165625 0.0265625 0.0395833
0 0.64375 0.244792 0.040625 0.0520833
0 0.575781 0.184375 0.0265625 0.0354167
0 0.992188 0.6625 0.015625 0.0375
0 0.450781 0.190625 0.0359375 0.0479167
0 0.14375 0.365625 0.0375 0.0520833
0 0.479688 0.436458 0.028125 0.0354167
0 0.113281 0.609375 0.0328125 0.0354167
0 0.682813 0.632292 0.025 0.0354167
0 0.275 0.982292 0.0375 0.0354167
0 0.742969 0.641667 0.0484375 0.0666667
0 0.425781 0.486458 0.0453125 0.0645833
0 0.876562 0.327083 0.028125 0.0333333
0 0.108594 0.6375 0.0359375 0.0458333
0 0.775 0.313542 0.03125 0.0395833
0 0.121094 0.425 0.0296875 0.0333333
0 0.285937 0.879167 0.028125 0.0375
0 0.309375 0.0604167 0.04375 0.0583333
0 0.641406 0.90625 0.0296875 0.0375
0 0.334375 0.459375 0.025 0.0354167
0 0.440625 0.152083 0.028125 0.0333333
0 0.30625 0.633333 0.028125 0.0375
0 0.0539063 0.065625 0.0296875 0.0395833
0 0.692969 0.4625 0.0390625 0.0458333
0 0.713281 0.940625 0.0296875 0.0395833
0 0.846094 0.323958 0.0328125 0.03125
0 0.982813 0.540625 0.028125 0.0354167
0 0.360156 0.884375 0.0328125 0.0479167
0 0.358594 0.930208 0.0265625 0.0354167
0 0.495313 0.598958 0.03125 0.0395833
0 0.1625 0.969792 0.040625 0.0520833
0 0.804688 0.941667 0.034375 0.0458333
0 0.240625 0.0416667 0.034375 0.0416667
0 0.13125 0.160417 0.025 0.0375
0 0.896094 0.853125 0.0359375 0.04375
0 0.164844 0.302083 0.0359375 0.05
0 0.611719 0.75625 0.0296875 0.0375
0 0.395312 0.2375 0.028125 0.0375
0 0.739062 0.417708 0.028125 0.0354167
0 0.559375 0.115625 0.03125 0.04375
0 0.364844 0.0895833 0.0328125 0.0458333
0 0.342187 0.03125 0.025 0.0333333
0 0.508594 0.938542 0.0296875 0.0395833
0 0.65625 0.870833 0.03125 0.0458333
0 0.154687 0.040625 0.040625 0.0520833
0 0.279687 0.563542 0.034375 0.0479167
0 0.808594 0.263542 0.0328125 0.04375
0 0.0242187 0.398958 0.0390625 0.0479167
0 0.303906 0.15 0.0328125 0.0458333
0 0.414844 0.0229167 0.0359375 0.0416667
0 0.7375 0.907292 0.034375 0.0479167
0 0.257812 0.263542 0.0375 0.0479167
0 0.078125 0.144792 0.034375 0.0479167
0 0.857031 0.435417 0.0421875 0.0541667
0 0.441406 0.94375 0.0296875 0.0416667
0 0.367188 0.1375 0.034375 0.05
0 0.142969 0.125 0.0328125 0.0416667
0 0.371094 0.223958 0.0296875 0.0395833
0 0.557813 0.464583 0.03125 0.0458333
0 0.594531 0.68125 0.0359375 0.0541667
0 0.528906 0.586458 0.0421875 0.0479167
0 0.508594 0.354167 0.0390625 0.0541667
