0 0.376563 0.115625 0.025 0.0395833
0 0.678125 0.523958 0.046875 0.0604167
0 0.141406 0.369792 0.0296875 0.0479167
0 0.63125 0.672917 0.046875 0.0541667
0 0.799219 0.55 0.0234375 0.0291667
0 0.230469 0.678125 0.0390625 0.0520833
0 0.985937 0.955208 0.025 0.0604167
0 0.4875 0.260417 0.025 0.0333333
0 0.704687 0.461458 0.021875 0.03125
0 0.989844 0.423958 0.0203125 0.0354167
0 0.349219 0.436458 0.0390625 0.0479167
0 0.978125 0.540625 0.028125 0.0354167
0 0.478906 0.116667 0.0421875 0.0541667
0 0.478906 0.435417 0.0265625 0.0375
0 0.330469 0.45625 0.0234375 0.0291667
0 0.414062 0.494792 0.046875 0.06875
0 0.361719 0.142708 0.0296875 0.0395833
0 0.592969 0.544792 0.0390625 0.0520833
0 0.384375 0.898958 0.025 0.0354167
0 0.678906 0.465625 0.0328125 0.04375
0 0.309375 0.46875 0.021875 0.0333333
0 0.355469 0.885417 0.0328125 0.0416667
0 0.639844 0.244792 0.0359375 0.0479167
0 0.0273438 0.208333 0.0421875 0.0583333
0 0.559375 0.894792 0.03125 0.0395833
0 0.153906 0.04375 0.0359375 0.05
0 0.628125 0.886458 0.028125 0.0395833
0 0.0804688 0.04375 0.0453125 0.05
0 0.496094 0.40625 0.0296875 0.0375
0 0.989844 0.590625 0.0203125 0.0354167
0 0.492188 0.373958 0.034375 0.0479167
0 0.48125 0.404167 0.025 0.0333333
0 0.0734375 0.551042 0.03125 0.0395833
0 0.73125 0.429167 0.025 0.0333333
0 0.894531 0.510417 0.0421875 0.0541667
0 0.139062 0.177083 0.03125 0.0458333
0 0.478125 0.222917 0.028125 0.0375
0 0.5125 0.784375 0.034375 0.0479167
0 0.449219 0.68125 0.0453125 0.0541667
0 0.124219 0.1625 0.0265625 0.0375
0 0.648438 0.0104167 0.0375 0.0208333
0 0.358594 0.0927083 0.0296875 0.04375
0 0.678906 0.930208 0.0234375 0.03125
0 0.971875 0.6625 0.028125 0.0375
0 0.988281 0.015625 0.0234375 0.03125
0 0.508594 0.352083 0.0328125 0.0458333
0 0.252344 0.541667 0.0359375 0.0458333
0 0.227344 0.0385417 0.0328125 0.04375
0 0.992188 0.6625 0.015625 0.0333333
0 0.924219 0.829167 0.0296875 0.0375
0 0.385938 0.248958 0.025 0.0354167
0 0.542188 0.405208 0.0375 0.0520833
0 0.0523437 0.76875 0.0328125 0.0416667
0 0.633594 0.710417 0.0328125 0.0458333
0 0.802344 0.264583 0.0328125 0.0458333
0 0.8 0.944792 0.034375 0.0479167
0 0.625781 0.911458 0.0296875 0.0395833
0 0.625 0.0791667 0.028125 0.0333333
0 0.392188 0.222917 0.028125 0.0375
0 0.382812 0.123958 0.025 0.0354167
0 0.317187 0.84375 0.028125 0.0375
0 0.327344 0.0177083 0.0359375 0.0354167
0 0.503125 0.0760417 0.028125 0.0354167
0 0.0773437 0.146875 0.0453125 0.05625
0 0.727344 0.909375 0.0328125 0.04375
0 0.107031 0.41875 0.0265625 0.0333333
0 0.466406 0.95 0.0265625 0.0375
0 0.084375 0.0625 0.053125 0.0708333
0 0.439063 0.944792 0.034375 0.0479167
0 0.921094 0.244792 0.0296875 0.0395833
0 0.611719 0.752083 0.0296875 0.0375
0 0.630469 0.730208 0.0359375 0.0520833
0 0.35625 0.926042 0.028125 0.03125
0 0.740625 0.386458 0.034375 0.0395833
0 0.0898438 0.638542 0.0390625 0.0479167
0 0.285156 0.622917 0.0265625 0.0375
0 0.261719 0.146875 0.0296875 0.03125
0 0.884375 0.852083 0.03125 0.0416667
0 0.613281 0.426042 0.0328125 0.04375
0 0.74375 0.640625 0.046875 0.0604167
0 0.0164062 0.398958 0.0328125 0.0520833
0 0.148438 0.305208 0.034375 0.0479167
0 0.0460938 0.0729167 0.0296875 0.0375
0 0.709375 0.947917 0.028125 0.0375
0 0.461719 0.046875 0.0328125 0.04375
0 0.846875 0.314583 0.034375 0.0416667
0 0.303125 0.158333 0.034375 0.0416667
0 0.364844 0.223958 0.0296875 0.0395833
0 0.392188 0.854167 0.034375 0.0416667
0 0.0929687 0.609375 0.0359375 0.0395833
0 0.385938 0.028125 0.0375 0.04375
0 0.3 0.059375 0.046875 0.0645833
0 0.446875 0.189583 0.040625 0.0541667
0 0.667969 0.09375 0.0265625 0.0375
0 0.550781 0.158333 0.0328125 0.0458333
0 0.157813 0.970833 0.046875 0.0541667
0 0.146094 0.115625 0.0328125 0.0479167
0 0.2625 0.976042 0.040625 0.04375
0 0.592969 0.678125 0.0359375 0.0520833
0 0.526563 0.586458 0.040625 0.0520833
