0 0.633594 0.652083 0.0390625 0.05
0 0.721094 0.226042 0.0390625 0.0479167
0 0.496094 0.9875 0.0390625 0.0166667
0 0.679688 0.522917 0.046875 0.0583333
0 0.492969 0.120833 0.0421875 0.05
0 0.4625 0.278125 0.028125 0.0395833
0 0.685938 0.91875 0.028125 0.0291667
0 0.899219 0.511458 0.0453125 0.05625
0 0.00625 0.291667 0.0125 0.0375
0 0.3375 0.908333 0.034375 0.0458333
0 0.652344 0.65 0.0265625 0.0458333
0 0.798437 0.245833 0.0375 0.0416667
0 0.399219 0.8625 0.0296875 0.0375
0 0.503125 0.402083 0.028125 0.0375
0 0.644531 0.009375 0.0328125 0.01875
0 0.448438 0.680208 0.046875 0.05625
0 0.485156 0.403125 0.0234375 0.03125
0 0.741406 0.642708 0.0421875 0.0604167
0 0.242188 0.68125 0.0375 0.0541667
0 0.608594 0.6 0.0296875 0.0416667
0 0.550781 0.394792 0.0328125 0.0520833
0 0.991406 0.0208333 0.0171875 0.0375
0 0.475781 0.222917 0.0328125 0.0375
0 0.0976562 0.555208 0.0265625 0.0354167
0 0.48125 0.257292 0.03125 0.0395833
0 0.311719 0.472917 0.0234375 0.0333333
0 0.608594 0.028125 0.0328125 0.0395833
0 0.278125 0.714583 0.034375 0.05
0 0.405469 0.895833 0.0296875 0.0375
0 0.0953125 0.0583333 0.059375 0.0791667
0 0.986719 0.5875 0.0265625 0.0458333
0 0.0507812 0.769792 0.0234375 0.03125
0 0.985937 0.625 0.025 0.0416667
0 0.477344 0.920833 0.0328125 0.0416667
0 0.213281 0.711458 0.0328125 0.0395833
0 0.992188 0.661458 0.015625 0.0354167
0 0.450781 0.189583 0.0359375 0.0458333
0 0.114063 0.608333 0.03125 0.0333333
0 0.607813 0.563542 0.028125 0.0395833
0 0.142969 0.165625 0.0265625 0.0395833
0 0.857031 0.436458 0.0421875 0.0520833
0 0.275 0.982292 0.0375 0.0354167
0 0.644531 0.246875 0.0390625 0.0520833
0 0.333594 0.459375 0.0234375 0.03125
0 0.35625 0.440625 0.0375 0.0520833
0 0.142969 0.365625 0.0359375 0.0520833
0 0.692969 0.463542 0.0390625 0.0479167
0 0.561719 0.114583 0.0296875 0.0416667
0 0.479688 0.436458 0.028125 0.0354167
0 0.640625 0.907292 0.028125 0.0354167
0 0.876562 0.328125 0.028125 0.03125
0 0.574219 0.184375 0.0328125 0.0395833
0 0.982813 0.540625 0.028125 0.0354167
0 0.121094 0.423958 0.0296875 0.03125
0 0.442187 0.154167 0.028125 0.0333333
0 0.425781 0.486458 0.0453125 0.0645833
0 0.0546875 0.065625 0.028125 0.0395833
0 0.30625 0.633333 0.028125 0.0375
0 0.713281 0.940625 0.0296875 0.0395833
0 0.505469 0.941667 0.0296875 0.0375
0 0.846094 0.323958 0.0328125 0.03125
0 0.252344 0.263542 0.0390625 0.0520833
0 0.109375 0.638542 0.034375 0.04375
0 0.346094 0.0333333 0.0265625 0.0333333
0 0.166406 0.301042 0.0359375 0.0520833
0 0.163281 0.969792 0.0390625 0.0520833
0 0.310156 0.059375 0.0453125 0.0604167
0 0.804688 0.941667 0.034375 0.0458333
0 0.657031 0.869792 0.0296875 0.04375
0 0.360156 0.885417 0.0328125 0.05
0 0.896094 0.854167 0.0359375 0.0416667
0 0.359375 0.930208 0.025 0.0354167
0 0.13125 0.160417 0.025 0.0375
0 0.277344 0.884375 0.0265625 0.0354167
0 0.778125 0.315625 0.03125 0.0395833
0 0.6125 0.75625 0.028125 0.0375
0 0.735156 0.420833 0.0265625 0.0333333
0 0.394531 0.2375 0.0296875 0.0375
0 0.495313 0.6 0.03125 0.0416667
0 0.154687 0.040625 0.040625 0.0520833
0 0.28125 0.563542 0.034375 0.0479167
0 0.303125 0.15 0.034375 0.0458333
0 0.7375 0.907292 0.034375 0.0479167
0 0.807813 0.263542 0.034375 0.04375
0 0.0234375 0.398958 0.0375 0.04375
0 0.241406 0.0416667 0.0359375 0.0416667
0 0.364844 0.0885417 0.0328125 0.0479167
0 0.367188 0.1375 0.034375 0.05
0 0.440625 0.944792 0.028125 0.0395833
0 0.559375 0.46875 0.034375 0.0458333
0 0.078125 0.14375 0.034375 0.0458333
0 0.414844 0.0229167 0.0359375 0.0416667
0 0.142969 0.125 0.0328125 0.0416667
0 0.370313 0.223958 0.03125 0.0395833
0 0.508594 0.354167 0.0390625 0.0541667
0 0.595312 0.68125 0.034375 0.0541667
0 0.528906 0.5875 0.0390625 0.0458333
