0 0.609375 0.0270833 0.03125 0.0375
0 0.647656 0.253125 0.0390625 0.0479167
0 0.208594 0.864583 0.0265625 0.0291667
0 0.508594 0.379167 0.0296875 0.0375
0 0.857813 0.4375 0.040625 0.0541667
0 0.75 0.472917 0.028125 0.0333333
0 0.46875 0.253125 0.028125 0.0354167
0 0.494531 0.114583 0.0390625 0.0541667
0 0.475 0.220833 0.025 0.0333333
0 0.766406 0.473958 0.0234375 0.03125
0 0.503906 0.390625 0.0296875 0.0354167
0 0.579687 0.205208 0.0375 0.0520833
0 0.245312 0.680208 0.0375 0.0520833
0 0.711719 0.698958 0.0234375 0.03125
0 0.897656 0.510417 0.0453125 0.0625
0 0.03125 0.207292 0.040625 0.05625
0 0.742969 0.635417 0.0421875 0.0583333
0 0.339063 0.908333 0.034375 0.0458333
0 0.989844 0.5875 0.0203125 0.0416667
0 0.507031 0.891667 0.0328125 0.0375
0 0.480469 0.434375 0.0265625 0.0354167
0 0.627344 0.576042 0.0359375 0.05625
0 0.3125 0.469792 0.021875 0.03125
0 0.357812 0.435417 0.034375 0.0458333
0 0.0945313 0.059375 0.0484375 0.0604167
0 0.677344 0.865625 0.0328125 0.04375
0 0.145313 0.365625 0.0375 0.0520833
0 0.142969 0.164583 0.0265625 0.0375
0 0.555469 0.391667 0.0328125 0.0458333
0 0.982813 0.540625 0.025 0.03125
0 0.653906 0.652083 0.0265625 0.0416667
0 0.448438 0.68125 0.04375 0.0541667
0 0.364844 0.090625 0.0328125 0.0479167
0 0.366406 0.136458 0.0296875 0.04375
0 0.0078125 0.29375 0.015625 0.0416667
0 0.800781 0.555208 0.0265625 0.0354167
0 0.691406 0.467708 0.0359375 0.04375
0 0.335156 0.460417 0.0234375 0.0333333
0 0.0507812 0.769792 0.0234375 0.03125
0 0.248437 0.747917 0.028125 0.0416667
0 0.985937 0.625 0.025 0.0375
0 0.357812 0.93125 0.025 0.0333333
0 0.992188 0.661458 0.015625 0.0354167
0 0.395312 0.240625 0.028125 0.0395833
0 0.714844 0.938542 0.0296875 0.0395833
0 0.103125 0.554167 0.03125 0.0375
0 0.310937 0.633333 0.028125 0.0375
0 0.688281 0.9125 0.0265625 0.0333333
0 0.222656 0.272917 0.0328125 0.0458333
0 0.308594 0.0583333 0.0453125 0.0625
0 0.279687 0.710417 0.034375 0.0458333
0 0.399219 0.8625 0.0296875 0.0375
0 0.123438 0.422917 0.025 0.0291667
0 0.276563 0.983333 0.0375 0.0333333
0 0.782031 0.554167 0.0296875 0.0416667
0 0.432031 0.479167 0.0421875 0.0583333
0 0.496875 0.551042 0.0375 0.0479167
0 0.130469 0.161458 0.0234375 0.0354167
0 0.903125 0.31875 0.028125 0.0333333
0 0.407031 0.896875 0.0265625 0.0354167
0 0.804688 0.940625 0.03125 0.04375
0 0.471875 0.278125 0.03125 0.0354167
0 0.153906 0.040625 0.0421875 0.05625
0 0.382812 0.152083 0.025 0.0333333
0 0.360938 0.885417 0.03125 0.0458333
0 0.499219 0.16875 0.0296875 0.0375
0 0.810156 0.265625 0.0296875 0.04375
0 0.896875 0.85625 0.03125 0.0375
0 0.289062 0.552083 0.03125 0.0416667
0 0.744531 0.445833 0.0265625 0.0333333
0 0.7375 0.90625 0.03125 0.0416667
0 0.614844 0.580208 0.0390625 0.05625
0 0.610937 0.757292 0.028125 0.0354167
0 0.0546875 0.0645833 0.028125 0.0375
0 0.638281 0.971875 0.0265625 0.0354167
0 0.0242187 0.4 0.0328125 0.0458333
0 0.167187 0.298958 0.034375 0.0520833
0 0.111719 0.639583 0.0328125 0.0458333
0 0.266406 0.809375 0.0296875 0.0354167
0 0.441406 0.946875 0.0296875 0.0395833
0 0.11875 0.610417 0.03125 0.0375
0 0.520312 0.480208 0.028125 0.0395833
0 0.242969 0.0416667 0.0359375 0.0458333
0 0.796875 0.38125 0.028125 0.0375
0 0.341406 0.0291667 0.0265625 0.0333333
0 0.0945313 0.0395833 0.0390625 0.05
0 0.638281 0.921875 0.0296875 0.0354167
0 0.448438 0.194792 0.034375 0.0479167
0 0.163281 0.971875 0.0390625 0.0479167
0 0.847656 0.322917 0.0328125 0.0375
0 0.301562 0.14375 0.034375 0.0458333
0 0.0789063 0.142708 0.0328125 0.04375
0 0.594531 0.682292 0.0359375 0.0520833
0 0.372656 0.222917 0.0296875 0.0375
0 0.142969 0.122917 0.0296875 0.0416667
0 0.75 0.2625 0.040625 0.05
0 0.417969 0.021875 0.0390625 0.04375
0 0.528906 0.588542 0.0390625 0.0479167
0 0.509375 0.352083 0.040625 0.0541667
