0 0.35 0.436458 0.040625 0.0520833
0 0.135937 0.165625 0.028125 0.0395833
0 0.799219 0.551042 0.0234375 0.03125
0 0.991406 0.602083 0.0171875 0.0416667
0 0.728125 0.477083 0.025 0.0333333
0 0.628125 0.677083 0.040625 0.0583333
0 0.704687 0.461458 0.021875 0.0270833
0 0.476562 0.4375 0.028125 0.0375
0 0.978125 0.540625 0.03125 0.0354167
0 0.476562 0.4125 0.028125 0.0375
0 0.359375 0.0927083 0.034375 0.04375
0 0.798437 0.947917 0.028125 0.0416667
0 0.590625 0.028125 0.028125 0.0354167
0 0.139844 0.36875 0.0328125 0.05
0 0.153125 0.972917 0.034375 0.0416667
0 0.125781 0.195833 0.0296875 0.0375
0 0.3 0.0604167 0.04375 0.0625
0 0.535937 0.403125 0.034375 0.0479167
0 0.983594 0.633333 0.0234375 0.0375
0 0.203906 0.952083 0.0328125 0.0458333
0 0.325781 0.903125 0.0359375 0.0479167
0 0.746094 0.4875 0.0234375 0.0291667
0 0.988281 0.945833 0.0234375 0.0583333
0 0.479688 0.223958 0.028125 0.0354167
0 0.663281 0.135417 0.0265625 0.0333333
0 0.382812 0.896875 0.025 0.0354167
0 0.983594 0.588542 0.0265625 0.0395833
0 0.4125 0.986458 0.028125 0.0229167
0 0.675 0.464583 0.034375 0.0458333
0 0.107031 0.1625 0.0234375 0.0375
0 0.410156 0.495833 0.0421875 0.0583333
0 0.38125 0.123958 0.025 0.0354167
0 0.308594 0.471875 0.0234375 0.03125
0 0.985937 0.015625 0.028125 0.03125
0 0.89375 0.509375 0.04375 0.05625
0 0.85 0.213542 0.034375 0.04375
0 0.247656 0.536458 0.0359375 0.04375
0 0.625781 0.885417 0.0296875 0.0375
0 0.678125 0.933333 0.021875 0.0291667
0 0.329688 0.45625 0.021875 0.0291667
0 0.991406 0.667708 0.0171875 0.0354167
0 0.0515625 0.76875 0.028125 0.0333333
0 0.742969 0.639583 0.0421875 0.0541667
0 0.496875 0.825 0.03125 0.0416667
0 0.645312 0.0135417 0.03125 0.0270833
0 0.361719 0.140625 0.0328125 0.0395833
0 0.292188 0.810417 0.025 0.0333333
0 0.154687 0.0458333 0.040625 0.05
0 0.0148437 0.397917 0.0296875 0.05
0 0.105469 0.419792 0.0296875 0.0354167
0 0.355469 0.926042 0.0265625 0.03125
0 0.614062 0.385417 0.028125 0.0375
0 0.0828125 0.0604167 0.053125 0.075
0 0.480469 0.379167 0.0328125 0.0416667
0 0.439844 0.947917 0.0328125 0.0458333
0 0.175 0.976042 0.028125 0.0354167
0 0.0453125 0.071875 0.028125 0.0395833
0 0.725 0.9125 0.028125 0.0375
0 0.602344 0.913542 0.0296875 0.0395833
0 0.588281 0.54375 0.0359375 0.05
0 0.383594 0.24375 0.0265625 0.0375
0 0.798437 0.2625 0.03125 0.0458333
0 0.06875 0.551042 0.034375 0.04375
0 0.0867188 0.639583 0.0328125 0.0416667
0 0.355469 0.885417 0.0328125 0.0416667
0 0.322656 0.0166667 0.0328125 0.0333333
0 0.442969 0.191667 0.0390625 0.05
0 0.946094 0.689583 0.0328125 0.0416667
0 0.0882813 0.609375 0.0328125 0.0395833
0 0.708594 0.951042 0.0265625 0.0354167
0 0.410156 0.2125 0.0265625 0.0333333
0 0.284375 0.622917 0.028125 0.0375
0 0.595312 0.679167 0.03125 0.0458333
0 0.457031 0.0385417 0.0296875 0.0395833
0 0.449219 0.68125 0.0421875 0.0541667
0 0.603125 0.05625 0.028125 0.0333333
0 0.720312 0.397917 0.028125 0.0333333
0 0.752344 0.446875 0.0265625 0.0395833
0 0.619531 0.757292 0.0359375 0.04375
0 0.880469 0.855208 0.0359375 0.04375
0 0.523438 0.288542 0.034375 0.0479167
0 0.24375 0.146875 0.028125 0.03125
0 0.478906 0.034375 0.0328125 0.04375
0 0.223438 0.0395833 0.03125 0.0416667
0 0.542969 0.913542 0.0328125 0.04375
0 0.639844 0.241667 0.0328125 0.0458333
0 0.844531 0.315625 0.0328125 0.0395833
0 0.389844 0.852083 0.0328125 0.0416667
0 0.145313 0.30625 0.0375 0.0458333
0 0.303906 0.163542 0.0328125 0.04375
0 0.146094 0.113542 0.0328125 0.04375
0 0.55 0.14375 0.034375 0.0458333
0 0.361719 0.221875 0.0296875 0.0395833
0 0.0265625 0.209375 0.046875 0.0645833
0 0.38125 0.0229167 0.0375 0.0416667
0 0.0664062 0.138542 0.0359375 0.0479167
0 0.260156 0.976042 0.0359375 0.04375
0 0.525781 0.5875 0.0390625 0.05
