0 0.25625 0.832292 0.0375 0.0479167
0 0.0929687 0.734375 0.0234375 0.03125
2 0.0953125 0.734375 0.025 0.03125
0 0.121875 0.447917 0.040625 0.0458333
0 0.952344 0.0239583 0.0296875 0.03125
0 0.892187 0.602083 0.028125 0.0375
0 0.776563 0.834375 0.028125 0.0395833
0 0.291406 0.664583 0.0421875 0.0541667
0 0.317969 0.805208 0.0359375 0.04375
0 0.855469 0.548958 0.0359375 0.0520833
0 0.979688 0.361458 0.025 0.03125
0 0.201562 0.351042 0.03125 0.0395833
0 0.155469 0.813542 0.0421875 0.05625
0 0.157813 0.615625 0.03125 0.04375
0 0.414062 0.3125 0.025 0.0333333
0 0.0101562 0.986458 0.0203125 0.0270833
0 0.914062 0.015625 0.03125 0.0270833
0 0.0117188 0.584375 0.0234375 0.0395833
0 0.591406 0.982292 0.0296875 0.03125
0 0.896875 0.734375 0.025 0.0354167
0 0.6125 0.445833 0.028125 0.0375
0 0.604688 0.50625 0.0375 0.05
0 0.536719 0.0135417 0.0359375 0.0229167
0 0.772656 0.66875 0.0296875 0.0333333
0 0.0859375 0.420833 0.028125 0.0375
0 0.58125 0.398958 0.034375 0.0479167
0 0.809375 0.732292 0.03125 0.04375
0 0.0710938 0.894792 0.0359375 0.0395833
0 0.101562 0.563542 0.034375 0.0395833
1 0.971094 0.573958 0.0578125 0.0854167
0 0.163281 0.0114583 0.0328125 0.0229167
0 0.872656 0.764583 0.0265625 0.0375
0 0.216406 0.511458 0.0296875 0.0395833
0 0.50625 0.0645833 0.028125 0.0375
0 0.228906 0.182292 0.0234375 0.0354167
0 0.223438 0.332292 0.03125 0.04375
0 0.424219 0.780208 0.0328125 0.04375
0 0.405469 0.685417 0.0328125 0.0458333
0 0.0632813 0.128125 0.0359375 0.0479167
0 0.330469 0.455208 0.0359375 0.04375
0 0.707031 0.905208 0.0265625 0.0354167
0 0.432031 0.335417 0.0296875 0.0375
0 0.153125 0.647917 0.028125 0.0375
0 0.127344 0.230208 0.0296875 0.04375
0 0.738281 0.939583 0.0265625 0.0375
0 0.059375 0.561458 0.03125 0.0395833
0 0.289844 0.342708 0.0328125 0.04375
0 0.202344 0.141667 0.0328125 0.0458333
0 0.977344 0.111458 0.0296875 0.0395833
0 0.0710938 0.289583 0.0296875 0.0375
0 0.182812 0.14375 0.028125 0.0375
0 0.151562 0.380208 0.034375 0.04375
0 0.483594 0.0729167 0.0296875 0.0416667
0 0.792969 0.278125 0.0328125 0.0395833
0 0.560938 0.722917 0.03125 0.0416667
0 0.639844 0.5625 0.0390625 0.05
0 0.153125 0.327083 0.03125 0.0416667
0 0.328906 0.938542 0.0296875 0.0395833
0 0.507031 0.959375 0.0296875 0.04375
0 0.694531 0.151042 0.0296875 0.04375
0 0.797656 0.291667 0.0328125 0.0416667
0 0.43125 0.626042 0.03125 0.04375
0 0.967969 0.0791667 0.0265625 0.0375
0 0.625781 0.292708 0.0328125 0.0479167
0 0.654688 0.0979167 0.03125 0.0416667
0 0.585938 0.09375 0.034375 0.0416667
0 0.913281 0.264583 0.0421875 0.0541667
0 0.801562 0.167708 0.03125 0.0479167
0 0.90625 0.398958 0.0375 0.0479167
0 0.744531 0.125 0.0390625 0.0541667
0 0.767187 0.242708 0.03125 0.0395833
0 0.779688 0.1125 0.028125 0.0375
0 0.267188 0.896875 0.040625 0.05625
