0 0.0875 0.059375 0.05 0.0645833
0 0.4875 0.826042 0.021875 0.0354167
0 0.478906 0.436458 0.0234375 0.0354167
0 0.458594 0.258333 0.0234375 0.0291667
0 0.691406 0.95625 0.0171875 0.0291667
0 0.854688 0.0875 0.028125 0.0375
0 0.488281 0.259375 0.0234375 0.0270833
0 0.395312 0.234375 0.025 0.0395833
0 0.736719 0.470833 0.0265625 0.0375
0 0.460938 0.111458 0.028125 0.0395833
0 0.979688 0.541667 0.028125 0.0333333
0 0.798437 0.551042 0.025 0.0354167
0 0.596875 0.0270833 0.03125 0.0375
0 0.028125 0.209375 0.04375 0.05625
0 0.264844 0.716667 0.0359375 0.05
0 0.991406 0.958333 0.0171875 0.0541667
0 0.355469 0.435417 0.0359375 0.0458333
0 0.624219 0.989583 0.0390625 0.0208333
0 0.496094 0.403125 0.0328125 0.0395833
0 0.370313 0.215625 0.034375 0.0520833
0 0.479688 0.119792 0.04375 0.0520833
0 0.0976562 0.641667 0.0390625 0.05
0 0.595312 0.546875 0.034375 0.0479167
0 0.985937 0.628125 0.021875 0.0395833
0 0.68125 0.925 0.028125 0.0333333
0 0.416406 0.494792 0.0453125 0.0645833
0 0.139844 0.177083 0.0265625 0.0416667
0 0.009375 0.697917 0.01875 0.0333333
0 0.478906 0.223958 0.0296875 0.0354167
0 0.332031 0.457292 0.0234375 0.03125
0 0.498437 0.739583 0.034375 0.05
0 0.988281 0.588542 0.0234375 0.04375
0 0.310937 0.469792 0.025 0.0354167
0 0.710156 0.944792 0.0296875 0.0395833
0 0.990625 0.015625 0.01875 0.03125
0 0.991406 0.664583 0.0171875 0.0375
0 0.570312 0.8875 0.028125 0.0416667
0 0.992188 0.427083 0.015625 0.0291667
0 0.527344 0.442708 0.0328125 0.0395833
0 0.154687 0.0427083 0.0375 0.0520833
0 0.484375 0.402083 0.028125 0.0375
0 0.357031 0.886458 0.0296875 0.0395833
0 0.289844 0.625 0.0296875 0.0375
0 0.0523437 0.769792 0.0265625 0.03125
0 0.128906 0.161458 0.0234375 0.0354167
0 0.649219 0.0114583 0.0296875 0.0229167
0 0.08125 0.553125 0.03125 0.0395833
0 0.804688 0.263542 0.03125 0.04375
0 0.70625 0.461458 0.025 0.03125
0 0.110156 0.420833 0.0265625 0.0333333
0 0.3625 0.138542 0.03125 0.04375
0 0.0140625 0.1 0.028125 0.0416667
0 0.0976562 0.6125 0.0328125 0.0375
0 0.084375 0.0416667 0.04375 0.05
0 0.23125 0.0416667 0.03125 0.0375
0 0.984375 0.81875 0.025 0.0333333
0 0.228125 0.197917 0.028125 0.0375
0 0.661719 0.135417 0.0296875 0.0375
0 0.801562 0.944792 0.034375 0.04375
0 0.4875 0.090625 0.03125 0.0354167
0 0.682813 0.465625 0.034375 0.04375
0 0.495313 0.370833 0.034375 0.05
0 0.358594 0.926042 0.0265625 0.03125
0 0.05 0.06875 0.03125 0.0416667
0 0.969531 0.21875 0.0296875 0.0375
0 0.746094 0.640625 0.0484375 0.0604167
0 0.564844 0.428125 0.0265625 0.0354167
0 0.685938 0.0364583 0.025 0.0354167
0 0.388281 0.240625 0.0265625 0.0354167
0 0.34375 0.0958333 0.028125 0.0416667
0 0.308594 0.164583 0.0296875 0.0375
0 0.782812 0.369792 0.028125 0.0354167
0 0.449219 0.682292 0.0421875 0.0520833
0 0.591406 0.682292 0.0359375 0.0479167
0 0.744531 0.413542 0.0265625 0.0354167
0 0.354688 0.232292 0.034375 0.04375
0 0.582031 0.8875 0.0296875 0.0375
0 0.0757812 0.146875 0.0359375 0.0479167
0 0.261719 0.554167 0.0328125 0.0458333
0 0.847656 0.321875 0.0328125 0.0354167
0 0.5625 0.111458 0.03125 0.0395833
0 0.263281 0.977083 0.0390625 0.0416667
0 0.146875 0.117708 0.03125 0.04375
0 0.390625 0.894792 0.028125 0.0354167
0 0.613281 0.755208 0.0296875 0.03125
0 0.630469 0.896875 0.0296875 0.0395833
0 0.729688 0.907292 0.034375 0.04375
0 0.888281 0.854167 0.0359375 0.0458333
0 0.334375 0.0197917 0.03125 0.0354167
0 0.438281 0.941667 0.0328125 0.0458333
0 0.151562 0.308333 0.034375 0.0458333
0 0.448438 0.189583 0.040625 0.05
0 0.303125 0.0614583 0.046875 0.0645833
0 0.158594 0.970833 0.0453125 0.0541667
0 0.292969 0.139583 0.0296875 0.0375
0 0.357812 0.0916667 0.034375 0.0458333
0 0.526563 0.5875 0.0375 0.0458333
0 0.394531 0.855208 0.0328125 0.0395833
0 0.0179687 0.4 0.0359375 0.0541667
0 0.535937 0.188542 0.040625 0.0520833
0 0.395312 0.0270833 0.04375 0.05
