0 0.00546875 0.292708 0.0109375 0.0354167
0 0.140625 0.18125 0.028125 0.0458333
0 0.324219 0.034375 0.0296875 0.04375
0 0.501562 0.401042 0.025 0.0354167
0 0.626562 0.678125 0.046875 0.06875
0 0.745313 0.477083 0.03125 0.0416667
0 0.991406 0.0166667 0.0171875 0.0333333
0 0.425 0.485417 0.04375 0.0625
0 0.03125 0.20625 0.040625 0.0583333
0 0.698438 0.691667 0.028125 0.0375
0 0.49375 0.835417 0.025 0.0375
0 0.358594 0.739583 0.0234375 0.0375
0 0.685156 0.919792 0.0265625 0.03125
0 0.449219 0.1875 0.0390625 0.05
0 0.484375 0.402083 0.025 0.0333333
0 0.705469 0.459375 0.0296875 0.0395833
0 0.653125 0.648958 0.028125 0.04375
0 0.354688 0.442708 0.034375 0.04375
0 0.469531 0.253125 0.0265625 0.0354167
0 0.60625 0.028125 0.03125 0.0395833
0 0.986719 0.625 0.0234375 0.0416667
0 0.3125 0.470833 0.025 0.0333333
0 0.897656 0.510417 0.0484375 0.0625
0 0.490625 0.258333 0.03125 0.0375
0 0.277344 0.722917 0.0328125 0.0458333
0 0.238281 0.68125 0.0390625 0.05
0 0.982031 0.539583 0.0296875 0.0375
0 0.478906 0.4375 0.0296875 0.0375
0 0.449219 0.68125 0.0484375 0.0583333
0 0.85625 0.435417 0.040625 0.0541667
0 0.805469 0.942708 0.0328125 0.04375
0 0.303125 0.632292 0.028125 0.0354167
0 0.992188 0.661458 0.015625 0.0395833
0 0.0515625 0.769792 0.025 0.03125
0 0.692187 0.4625 0.040625 0.0458333
0 0.404687 0.901042 0.028125 0.0354167
0 0.989062 0.588542 0.021875 0.04375
0 0.477344 0.225 0.0296875 0.0333333
0 0.714844 0.940625 0.0296875 0.0395833
0 0.4 0.8625 0.03125 0.0375
0 0.160156 0.695833 0.0265625 0.0333333
0 0.110937 0.609375 0.03125 0.0354167
0 0.333594 0.025 0.0296875 0.0375
0 0.142969 0.164583 0.0296875 0.0416667
0 0.0929687 0.0604167 0.0546875 0.0708333
0 0.333594 0.461458 0.0234375 0.03125
0 0.532031 0.0614583 0.0359375 0.04375
0 0.367969 0.1375 0.0328125 0.0458333
0 0.160938 0.969792 0.0375 0.0520833
0 0.276563 0.25 0.03125 0.0458333
0 0.307813 0.059375 0.04375 0.0604167
0 0.267969 0.553125 0.0359375 0.0479167
0 0.0945313 0.554167 0.0296875 0.0375
0 0.14375 0.367708 0.0375 0.0520833
0 0.391406 0.233333 0.0296875 0.0416667
0 0.3625 0.0895833 0.034375 0.0458333
0 0.0539063 0.0677083 0.0265625 0.0395833
0 0.65 0.854167 0.03125 0.0375
0 0.279687 0.928125 0.028125 0.0395833
0 0.89375 0.854167 0.0375 0.0458333
0 0.760938 0.26875 0.028125 0.0375
0 0.117969 0.423958 0.0296875 0.0354167
0 0.155469 0.040625 0.0390625 0.0520833
0 0.355469 0.138542 0.0265625 0.0395833
0 0.6125 0.75625 0.028125 0.0375
0 0.638281 0.904167 0.0296875 0.0375
0 0.64375 0.245833 0.040625 0.05
0 0.408594 0.0291667 0.0328125 0.0416667
0 0.358594 0.93125 0.0265625 0.0333333
0 0.59375 0.678125 0.034375 0.0520833
0 0.74375 0.416667 0.025 0.0333333
0 0.5375 0.439583 0.0375 0.0458333
0 0.359375 0.884375 0.034375 0.0479167
0 0.502344 0.976042 0.0359375 0.04375
0 0.13125 0.160417 0.025 0.0375
0 0.497656 0.635417 0.0328125 0.0458333
0 0.107031 0.638542 0.0359375 0.0479167
0 0.441406 0.942708 0.0328125 0.0479167
0 0.810156 0.2625 0.0328125 0.0458333
0 0.401563 0.175 0.03125 0.0375
0 0.271875 0.98125 0.0375 0.0333333
0 0.163281 0.301042 0.0359375 0.0520833
0 0.144531 0.121875 0.0328125 0.04375
0 0.54375 0.164583 0.03125 0.0416667
0 0.848437 0.326042 0.0375 0.0395833
0 0.60625 0.548958 0.034375 0.0479167
0 0.736719 0.908333 0.0328125 0.0458333
0 0.658594 0.576042 0.0296875 0.0395833
0 0.240625 0.04375 0.034375 0.0416667
0 0.078125 0.145833 0.034375 0.0458333
0 0.303125 0.153125 0.034375 0.04375
0 0.504687 0.354167 0.0375 0.05
0 0.367969 0.223958 0.0328125 0.0395833
0 0.0226563 0.397917 0.0390625 0.05
0 0.528125 0.589583 0.040625 0.0458333
