0 0.751562 0.875 0.021875 0.0291667
0 0.970312 0.0104167 0.04375 0.0208333
0 0.292188 0.6625 0.04375 0.0541667
0 0.891406 0.603125 0.0296875 0.04375
0 0.853906 0.546875 0.0359375 0.0520833
0 0.317187 0.805208 0.03125 0.0395833
0 0.560156 0.719792 0.0296875 0.04375
0 0.978125 0.360417 0.025 0.0291667
0 0.153125 0.647917 0.028125 0.0333333
0 0.919531 0.351042 0.0203125 0.03125
0 0.228125 0.179167 0.025 0.0375
0 0.807031 0.726042 0.0328125 0.0479167
0 0.184375 0.139583 0.028125 0.0375
0 0.210938 0.972917 0.028125 0.0375
0 0.953125 0.0229167 0.03125 0.0333333
0 0.585938 0.0875 0.028125 0.0375
0 0.2125 0.510417 0.028125 0.0375
0 0.225781 0.3375 0.0359375 0.05
0 0.460938 0.885417 0.028125 0.0375
0 0.410937 0.304167 0.028125 0.0333333
0 0.201562 0.351042 0.03125 0.0395833
0 0.897656 0.728125 0.0265625 0.0354167
0 0.1625 0.0104167 0.034375 0.0208333
0 0.149219 0.382292 0.0328125 0.04375
0 0.445312 0.49375 0.03125 0.0416667
0 0.375 0.453125 0.028125 0.0354167
0 0.626562 0.407292 0.028125 0.0354167
0 0.450781 0.392708 0.0296875 0.0354167
0 0.751562 0.0885417 0.028125 0.0395833
0 0.534375 0.0104167 0.034375 0.0208333
0 0.0867188 0.421875 0.0296875 0.0354167
0 0.771875 0.667708 0.03125 0.0354167
0 0.914062 0.0333333 0.03125 0.0375
0 0.604688 0.50625 0.0375 0.05
0 0.159375 0.352083 0.028125 0.0375
0 0.509375 0.0635417 0.028125 0.0354167
0 0.782812 0.110417 0.034375 0.0416667
0 0.872656 0.765625 0.0296875 0.0395833
0 0.68125 0.902083 0.028125 0.0333333
0 0.989844 0.0625 0.0203125 0.0416667
0 0.289844 0.340625 0.0296875 0.0395833
0 0.561719 0.890625 0.0296875 0.0395833
0 0.078125 0.3125 0.03125 0.0416667
0 0.153125 0.511458 0.03125 0.0395833
0 0.413281 0.690625 0.0328125 0.04375
0 0.321875 0.932292 0.028125 0.0395833
0 0.621875 0.291667 0.028125 0.0416667
0 0.0289063 0.971875 0.0296875 0.0395833
1 0.971094 0.572917 0.0578125 0.0833333
0 0.41875 0.742708 0.03125 0.04375
0 0.433594 0.622917 0.0296875 0.0416667
0 0.872656 0.357292 0.0328125 0.04375
0 0.48125 0.0645833 0.03125 0.0416667
0 0.920313 0.454167 0.028125 0.0375
0 0.0585938 0.542708 0.0328125 0.04375
0 0.0703125 0.894792 0.0375 0.04375
0 0.0296875 0.6 0.03125 0.0458333
0 0.198437 0.196875 0.03125 0.0479167
0 0.650781 0.090625 0.0328125 0.0395833
0 0.814844 0.316667 0.0328125 0.0416667
0 0.0476562 0.071875 0.0359375 0.04375
0 0.745313 0.117708 0.0375 0.0520833
0 0.786719 0.270833 0.0359375 0.05
0 0.971094 0.0791667 0.0265625 0.0375
0 0.265625 0.897917 0.0375 0.0541667
0 0.6375 0.559375 0.0375 0.0479167
0 0.766406 0.229167 0.0296875 0.0416667
0 0.126563 0.222917 0.03125 0.0416667
0 0.9125 0.261458 0.04375 0.05625
