0 0.991406 0.601042 0.0171875 0.04375
0 0.653906 0.264583 0.0234375 0.0333333
0 0.626562 0.6875 0.0375 0.05
0 0.799219 0.55 0.0234375 0.0291667
0 0.799219 0.946875 0.0328125 0.0479167
0 0.0679687 0.05 0.0359375 0.0458333
0 0.120312 0.177083 0.034375 0.0541667
0 0.349219 0.4375 0.0359375 0.0458333
0 0.476562 0.438542 0.028125 0.0354167
0 0.459375 0.258333 0.025 0.0333333
0 0.989062 0.945833 0.021875 0.0666667
0 0.613281 0.89375 0.0296875 0.0375
0 0.978125 0.540625 0.028125 0.0354167
0 0.139844 0.369792 0.0328125 0.0520833
0 0.746094 0.486458 0.0234375 0.03125
0 0.589844 0.544792 0.0328125 0.0479167
0 0.704687 0.461458 0.021875 0.0270833
0 0.494531 0.408333 0.0265625 0.0333333
0 0.985937 0.590625 0.025 0.0395833
0 0.153906 0.0458333 0.0390625 0.05
0 0.677344 0.932292 0.0234375 0.03125
0 0.984375 0.63125 0.021875 0.0333333
0 0.624219 0.885417 0.0296875 0.0375
0 0.135937 0.177083 0.028125 0.0458333
0 0.382031 0.89375 0.0265625 0.0333333
0 0.3 0.059375 0.04375 0.0604167
0 0.360938 0.142708 0.028125 0.0354167
0 0.329688 0.457292 0.025 0.03125
0 0.410937 0.495833 0.046875 0.0625
0 0.508594 0.825 0.0296875 0.0416667
0 0.249219 0.540625 0.0359375 0.0479167
0 0.0796875 0.0447917 0.040625 0.0479167
0 0.308594 0.471875 0.0234375 0.0354167
0 0.382031 0.126042 0.0203125 0.0270833
0 0.326562 0.903125 0.040625 0.0520833
0 0.675781 0.463542 0.0328125 0.0479167
0 0.476562 0.413542 0.025 0.03125
0 0.426562 0.985417 0.028125 0.025
0 0.300781 0.814583 0.0296875 0.0375
0 0.358594 0.0927083 0.0328125 0.04375
0 0.0523437 0.769792 0.0296875 0.0354167
0 0.89375 0.510417 0.04375 0.0541667
0 0.892969 0.845833 0.0296875 0.0375
0 0.485156 0.378125 0.0328125 0.0395833
0 0.986719 0.015625 0.0265625 0.03125
0 0.992969 0.664583 0.0140625 0.0333333
0 0.478906 0.223958 0.0296875 0.0354167
0 0.084375 0.0697917 0.046875 0.0604167
0 0.178125 0.985417 0.03125 0.0291667
0 0.327344 0.0166667 0.0328125 0.0333333
0 0.0148437 0.397917 0.0296875 0.05
0 0.384375 0.245833 0.028125 0.0375
0 0.284375 0.623958 0.028125 0.0395833
0 0.639844 0.24375 0.0328125 0.0458333
0 0.621875 0.752083 0.0375 0.0458333
0 0.154687 0.971875 0.040625 0.0479167
0 0.396094 0.207292 0.0234375 0.03125
0 0.742969 0.639583 0.0421875 0.0541667
0 0.105469 0.417708 0.0296875 0.0354167
0 0.725781 0.395833 0.0296875 0.0375
0 0.354688 0.926042 0.028125 0.03125
0 0.355469 0.884375 0.0328125 0.04375
0 0.0890625 0.609375 0.034375 0.0395833
0 0.646875 0.015625 0.034375 0.03125
0 0.0460938 0.0729167 0.0265625 0.0375
0 0.596094 0.679167 0.0296875 0.0458333
0 0.0703125 0.552083 0.03125 0.0416667
0 0.248437 0.144792 0.028125 0.0354167
0 0.708594 0.948958 0.0265625 0.0354167
0 0.855469 0.225 0.0328125 0.0416667
0 0.553906 0.910417 0.0359375 0.0458333
0 0.45 0.68125 0.04375 0.0541667
0 0.517969 0.296875 0.0296875 0.0395833
0 0.439063 0.946875 0.034375 0.0479167
0 0.0867188 0.639583 0.0359375 0.0458333
0 0.742969 0.44375 0.0265625 0.0375
0 0.882812 0.854167 0.028125 0.0375
0 0.798437 0.2625 0.03125 0.0458333
0 0.725 0.9125 0.03125 0.0416667
0 0.48125 0.0479167 0.028125 0.0375
0 0.458594 0.0479167 0.0296875 0.0375
0 0.304688 0.1625 0.03125 0.0416667
0 0.442969 0.191667 0.0421875 0.0541667
0 0.390625 0.852083 0.034375 0.0416667
0 0.548437 0.145833 0.034375 0.0458333
0 0.845312 0.315625 0.03125 0.0395833
0 0.664844 0.116667 0.0296875 0.0416667
0 0.361719 0.223958 0.0296875 0.0395833
0 0.607031 0.396875 0.0328125 0.0479167
0 0.146875 0.113542 0.03125 0.04375
0 0.0265625 0.208333 0.04375 0.0625
0 0.146094 0.30625 0.0359375 0.0458333
0 0.611719 0.0552083 0.0265625 0.0395833
0 0.953125 0.695833 0.034375 0.05
0 0.260156 0.977083 0.0359375 0.0416667
0 0.223438 0.040625 0.03125 0.0395833
0 0.382812 0.0229167 0.0375 0.0416667
0 0.0664062 0.147917 0.0390625 0.05
0 0.525 0.5875 0.040625 0.05
