0 0.279687 0.554167 0.034375 0.05
0 0.139844 0.183333 0.0265625 0.0458333
0 0.642969 0.00625 0.0296875 0.0125
0 0.404687 0.896875 0.028125 0.0354167
0 0.609375 0.607292 0.028125 0.0395833
0 0.278125 0.71875 0.03125 0.0458333
0 0.685156 0.919792 0.0265625 0.03125
0 0.471094 0.25 0.0265625 0.0333333
0 0.479688 0.435417 0.028125 0.0375
0 0.896875 0.510417 0.040625 0.0541667
0 0.475 0.222917 0.03125 0.0375
0 0.857031 0.436458 0.0359375 0.0479167
0 0.550781 0.392708 0.0359375 0.05625
0 0.652344 0.65 0.0234375 0.0416667
0 0.991406 0.0197917 0.0171875 0.0354167
0 0.607813 0.028125 0.03125 0.0354167
0 0.185937 0.713542 0.028125 0.0354167
0 0.486719 0.25625 0.0328125 0.0458333
0 0.3625 0.0895833 0.034375 0.0458333
0 0.982031 0.541667 0.0265625 0.0333333
0 0.311719 0.472917 0.0234375 0.0333333
0 0.45 0.186458 0.0375 0.0479167
0 0.399219 0.861458 0.0296875 0.0354167
0 0.607813 0.559375 0.034375 0.0395833
0 0.671875 0.60625 0.028125 0.0416667
0 0.45 0.68125 0.04375 0.0583333
0 0.0953125 0.554167 0.028125 0.0375
0 0.738281 0.646875 0.0390625 0.05625
0 0.321094 0.0458333 0.0296875 0.0416667
0 0.992969 0.661458 0.0140625 0.0354167
0 0.09375 0.0604167 0.053125 0.0708333
0 0.986719 0.625 0.0234375 0.0375
0 0.0078125 0.290625 0.015625 0.0395833
0 0.353125 0.438542 0.040625 0.0520833
0 0.14375 0.366667 0.034375 0.05
0 0.425 0.486458 0.04375 0.0645833
0 0.989062 0.589583 0.021875 0.0416667
0 0.846094 0.323958 0.0296875 0.03125
0 0.866406 0.325 0.0265625 0.0291667
0 0.692969 0.463542 0.0359375 0.04375
0 0.05 0.76875 0.025 0.0333333
0 0.639844 0.905208 0.0265625 0.03125
0 0.494531 0.833333 0.0234375 0.0333333
0 0.713281 0.939583 0.0265625 0.0375
0 0.334375 0.459375 0.025 0.03125
0 0.540625 0.0958333 0.034375 0.0416667
0 0.594531 0.678125 0.0328125 0.0520833
0 0.646094 0.867708 0.0296875 0.0354167
0 0.895312 0.854167 0.03125 0.0375
0 0.1125 0.610417 0.03125 0.0375
0 0.339844 0.034375 0.0234375 0.03125
0 0.161719 0.969792 0.0390625 0.0520833
0 0.142969 0.163542 0.0296875 0.0395833
0 0.303906 0.632292 0.0296875 0.0395833
0 0.64375 0.245833 0.0375 0.05
0 0.240625 0.68125 0.040625 0.0541667
0 0.121094 0.425 0.0296875 0.0333333
0 0.359375 0.884375 0.034375 0.0479167
0 0.0546875 0.0666667 0.028125 0.0375
0 0.309375 0.059375 0.04375 0.0604167
0 0.6125 0.75625 0.028125 0.0333333
0 0.417969 0.163542 0.0265625 0.0354167
0 0.39375 0.234375 0.028125 0.0395833
0 0.155469 0.040625 0.0390625 0.0520833
0 0.803906 0.940625 0.0328125 0.04375
0 0.366406 0.136458 0.0359375 0.0479167
0 0.46875 0.913542 0.028125 0.0354167
0 0.707812 0.657292 0.028125 0.0354167
0 0.107813 0.638542 0.0375 0.0479167
0 0.2875 0.908333 0.028125 0.0375
0 0.272656 0.983333 0.0359375 0.0333333
0 0.732813 0.434375 0.025 0.0354167
0 0.144531 0.122917 0.0328125 0.0416667
0 0.13125 0.161458 0.025 0.0395833
0 0.809375 0.263542 0.034375 0.0479167
0 0.358594 0.930208 0.0265625 0.0354167
0 0.736719 0.907292 0.0328125 0.04375
0 0.410156 0.0260417 0.0328125 0.0395833
0 0.761719 0.292708 0.0296875 0.04375
0 0.439844 0.94375 0.0296875 0.0416667
0 0.241406 0.0416667 0.0359375 0.0416667
0 0.253906 0.239583 0.0359375 0.05
0 0.489844 0.951042 0.0328125 0.0479167
0 0.557031 0.179167 0.0328125 0.0416667
0 0.0789063 0.145833 0.0328125 0.0458333
0 0.50625 0.353125 0.0375 0.0520833
0 0.164844 0.3 0.0359375 0.0541667
0 0.0234375 0.398958 0.0375 0.0479167
0 0.547656 0.466667 0.0328125 0.0458333
0 0.4875 0.620833 0.034375 0.0458333
0 0.369531 0.222917 0.0328125 0.0416667
0 0.528125 0.589583 0.040625 0.0458333
0 0.303906 0.154167 0.0328125 0.0458333
