0 0.742188 0.633333 0.040625 0.0541667
0 0.340625 0.909375 0.03125 0.04375
0 0.209375 0.865625 0.028125 0.0270833
0 0.627344 0.676042 0.0484375 0.06875
0 0.609375 0.0270833 0.028125 0.0333333
0 0.04375 0.0166667 0.028125 0.025
0 0.857031 0.4375 0.0359375 0.05
0 0.03125 0.20625 0.040625 0.0541667
0 0.475 0.222917 0.028125 0.0375
0 0.641406 0.923958 0.0265625 0.0354167
0 0.591406 0.210417 0.0359375 0.0458333
1 0.478125 0.233333 0.05625 0.075
0 0.898438 0.509375 0.04375 0.0604167
0 0.801562 0.555208 0.021875 0.03125
0 0.758594 0.473958 0.0328125 0.0354167
0 0.685156 0.8625 0.0265625 0.0375
0 0.503906 0.388542 0.0265625 0.03125
0 0.689844 0.913542 0.0234375 0.03125
0 0.145313 0.364583 0.0375 0.0541667
0 0.653906 0.653125 0.0265625 0.04375
0 0.429688 0.486458 0.040625 0.05625
0 0.313281 0.634375 0.0296875 0.0395833
0 0.475781 0.111458 0.0265625 0.0354167
0 0.9875 0.585417 0.025 0.0416667
0 0.469531 0.254167 0.0265625 0.0333333
0 0.986719 0.625 0.0234375 0.0375
0 0.313281 0.471875 0.0234375 0.03125
0 0.357812 0.435417 0.034375 0.0458333
0 0.555469 0.392708 0.0328125 0.0479167
0 0.359375 0.740625 0.025 0.0354167
0 0.495313 0.114583 0.0375 0.05
0 0.103125 0.554167 0.03125 0.0416667
0 0.00703125 0.29375 0.0140625 0.0416667
0 0.246094 0.677083 0.0359375 0.0458333
0 0.142969 0.164583 0.0265625 0.0375
0 0.367188 0.136458 0.028125 0.04375
0 0.616406 0.582292 0.0328125 0.0479167
0 0.635156 0.967708 0.0265625 0.0354167
0 0.0507812 0.769792 0.0234375 0.03125
0 0.279687 0.711458 0.03125 0.0395833
0 0.992188 0.661458 0.015625 0.0354167
0 0.395312 0.241667 0.028125 0.0375
0 0.277344 0.982292 0.0359375 0.03125
0 0.335156 0.460417 0.0234375 0.0333333
0 0.365625 0.0885417 0.03125 0.0479167
0 0.692187 0.467708 0.0375 0.04375
0 0.125781 0.419792 0.0265625 0.03125
0 0.490625 0.547917 0.0375 0.05
0 0.153906 0.0416667 0.0421875 0.0541667
0 0.810156 0.265625 0.0296875 0.04375
0 0.982813 0.540625 0.025 0.0354167
0 0.449219 0.68125 0.0453125 0.0541667
0 0.358594 0.930208 0.0265625 0.03125
0 0.714844 0.938542 0.0296875 0.0395833
0 0.475 0.829167 0.034375 0.05
0 0.383594 0.153125 0.0265625 0.0354167
0 0.804688 0.941667 0.03125 0.0416667
0 0.505469 0.160417 0.0265625 0.0291667
0 0.277344 0.8125 0.0265625 0.0375
0 0.610937 0.757292 0.028125 0.03125
0 0.715625 0.70625 0.028125 0.0375
0 0.907031 0.319792 0.0296875 0.0354167
0 0.130469 0.160417 0.0234375 0.0375
0 0.308594 0.0583333 0.0453125 0.0625
0 0.398438 0.8625 0.028125 0.0375
0 0.755469 0.448958 0.0265625 0.0354167
0 0.519531 0.876042 0.0296875 0.0354167
0 0.896094 0.855208 0.0328125 0.0395833
0 0.0546875 0.0645833 0.028125 0.0375
0 0.736719 0.90625 0.0296875 0.0375
0 0.441406 0.947917 0.0296875 0.0375
0 0.0945313 0.0416667 0.0453125 0.0541667
0 0.360156 0.885417 0.0296875 0.0458333
0 0.1125 0.641667 0.034375 0.0458333
0 0.471875 0.282292 0.03125 0.0354167
0 0.78125 0.539583 0.03125 0.0416667
0 0.282031 0.555208 0.0390625 0.0479167
0 0.242969 0.0427083 0.0359375 0.04375
0 0.219531 0.28125 0.0390625 0.05
0 0.259375 0.752083 0.03125 0.0416667
0 0.407813 0.895833 0.028125 0.0333333
0 0.11875 0.610417 0.03125 0.0375
0 0.448438 0.19375 0.034375 0.0458333
0 0.0242187 0.4 0.0359375 0.0458333
0 0.341406 0.0302083 0.0265625 0.0354167
0 0.846094 0.322917 0.0328125 0.0375
0 0.163281 0.970833 0.0390625 0.05
0 0.142188 0.122917 0.028125 0.0416667
0 0.595312 0.682292 0.034375 0.0520833
0 0.167187 0.297917 0.034375 0.0541667
0 0.760156 0.258333 0.0328125 0.0416667
0 0.371875 0.221875 0.03125 0.0395833
0 0.784375 0.385417 0.028125 0.0416667
0 0.521875 0.4875 0.03125 0.0416667
0 0.0789063 0.142708 0.0328125 0.04375
0 0.41875 0.0229167 0.0375 0.0416667
0 0.300781 0.144792 0.0359375 0.0479167
0 0.509375 0.352083 0.0375 0.05
0 0.528906 0.5875 0.0421875 0.05
