0 0.478125 0.435417 0.028125 0.0375
0 0.363281 0.221875 0.0328125 0.0395833
0 0.144531 0.369792 0.0328125 0.0479167
0 0.463281 0.110417 0.0296875 0.0416667
0 0.683594 0.926042 0.0234375 0.03125
0 0.3125 0.461458 0.021875 0.03125
0 0.979688 0.540625 0.028125 0.0354167
0 0.0273438 0.208333 0.0421875 0.0541667
0 0.610937 0.704167 0.028125 0.0416667
0 0.232031 0.677083 0.0390625 0.05
0 0.798437 0.551042 0.025 0.03125
0 0.4875 0.258333 0.021875 0.025
0 0.352344 0.43125 0.0359375 0.0416667
0 0.0976562 0.641667 0.0421875 0.0541667
0 0.746094 0.6375 0.0453125 0.0583333
0 0.644531 0.00729167 0.0328125 0.0145833
0 0.139844 0.178125 0.0265625 0.04375
0 0.366406 0.90625 0.0234375 0.0291667
0 0.417188 0.49375 0.046875 0.0625
0 0.333594 0.45625 0.0234375 0.0291667
0 0.992188 0.959375 0.015625 0.0479167
0 0.509375 0.734375 0.028125 0.0395833
0 0.371875 0.213542 0.0375 0.05625
0 0.155469 0.040625 0.0359375 0.0520833
0 0.985937 0.627083 0.021875 0.0375
0 0.735937 0.471875 0.025 0.0354167
0 0.00859375 0.09375 0.0171875 0.0458333
0 0.0984375 0.613542 0.034375 0.0395833
0 0.311719 0.473958 0.0234375 0.03125
0 0.990625 0.589583 0.01875 0.0375
0 0.596875 0.548958 0.040625 0.0520833
0 0.291406 0.625 0.0296875 0.0416667
0 0.705469 0.459375 0.0265625 0.03125
0 0.5875 0.68125 0.03125 0.0416667
0 0.498437 0.403125 0.028125 0.0395833
0 0.990625 0.0166667 0.01875 0.0333333
0 0.109375 0.422917 0.028125 0.0333333
0 0.129688 0.1625 0.025 0.0375
0 0.992969 0.428125 0.0140625 0.0270833
0 0.483594 0.401042 0.0265625 0.0354167
0 0.989844 0.815625 0.0203125 0.0395833
0 0.710156 0.94375 0.0296875 0.0375
0 0.053125 0.769792 0.028125 0.03125
0 0.992188 0.663542 0.015625 0.0395833
0 0.357031 0.883333 0.0328125 0.0416667
0 0.353906 0.10625 0.0328125 0.0416667
0 0.728906 0.427083 0.0265625 0.0333333
0 0.7875 0.369792 0.03125 0.0354167
0 0.584375 0.890625 0.028125 0.0395833
0 0.084375 0.04375 0.04375 0.0458333
0 0.689844 0.028125 0.0265625 0.0395833
0 0.303906 0.169792 0.0296875 0.0395833
0 0.271875 0.553125 0.0375 0.0479167
0 0.0515625 0.06875 0.028125 0.0375
0 0.0140625 0.688542 0.028125 0.0395833
0 0.364062 0.238542 0.034375 0.04375
0 0.0828125 0.554167 0.034375 0.0416667
0 0.803906 0.263542 0.0328125 0.04375
0 0.146875 0.11875 0.03125 0.0458333
0 0.479688 0.223958 0.03125 0.0395833
0 0.489844 0.0947917 0.0359375 0.04375
0 0.573438 0.877083 0.034375 0.0375
0 0.0179687 0.4 0.0359375 0.0541667
0 0.390625 0.89375 0.028125 0.0375
0 0.982813 0.202083 0.028125 0.0375
0 0.800781 0.944792 0.0328125 0.04375
0 0.296094 0.127083 0.0296875 0.0333333
0 0.479688 0.1125 0.04375 0.0583333
0 0.846875 0.321875 0.03125 0.0354167
0 0.390625 0.239583 0.028125 0.0375
0 0.358594 0.930208 0.0265625 0.03125
0 0.449219 0.190625 0.0390625 0.0520833
0 0.449219 0.68125 0.0421875 0.0541667
0 0.495313 0.367708 0.034375 0.0479167
0 0.302344 0.0583333 0.0453125 0.0625
0 0.563281 0.140625 0.0296875 0.0395833
0 0.530469 0.457292 0.0359375 0.0479167
0 0.2375 0.189583 0.028125 0.0375
0 0.682813 0.465625 0.0375 0.0479167
0 0.604688 0.984375 0.0375 0.03125
0 0.632031 0.896875 0.0296875 0.0395833
0 0.334375 0.01875 0.03125 0.0375
0 0.0773437 0.147917 0.0359375 0.05
0 0.4375 0.944792 0.03125 0.04375
0 0.342969 0.065625 0.0265625 0.03125
0 0.6125 0.755208 0.028125 0.03125
0 0.363281 0.139583 0.0328125 0.0458333
0 0.152344 0.308333 0.0359375 0.05
0 0.73125 0.907292 0.034375 0.04375
0 0.68125 0.141667 0.03125 0.0375
0 0.157813 0.970833 0.046875 0.0541667
0 0.535156 0.190625 0.0421875 0.05625
0 0.569531 0.421875 0.0296875 0.0395833
0 0.8875 0.854167 0.034375 0.0416667
0 0.232812 0.040625 0.03125 0.0395833
0 0.2625 0.977083 0.040625 0.0458333
0 0.396094 0.855208 0.0328125 0.0395833
0 0.396875 0.028125 0.0375 0.04375
0 0.527344 0.5875 0.0390625 0.05
