0 0.228906 0.677083 0.0390625 0.05
0 0.957812 0.647917 0.028125 0.0333333
0 0.35 0.436458 0.0375 0.0479167
0 0.0679687 0.05 0.0359375 0.0458333
0 0.477344 0.4375 0.0296875 0.0375
0 0.330469 0.45625 0.0234375 0.0291667
0 0.326562 0.903125 0.040625 0.05625
0 0.8 0.947917 0.034375 0.05
0 0.978125 0.540625 0.028125 0.03125
0 0.704687 0.461458 0.021875 0.0270833
0 0.117188 0.159375 0.028125 0.0354167
0 0.1125 0.189583 0.025 0.0416667
0 0.986719 0.953125 0.0234375 0.0604167
0 0.0632813 0.127083 0.0296875 0.0333333
0 0.985156 0.630208 0.0203125 0.03125
0 0.845312 0.439583 0.040625 0.0541667
0 0.492969 0.410417 0.0265625 0.0333333
0 0.139844 0.369792 0.0328125 0.0520833
0 0.627344 0.686458 0.0421875 0.0520833
0 0.360938 0.14375 0.028125 0.0375
0 0.676562 0.463542 0.034375 0.04375
0 0.986719 0.0145833 0.0265625 0.0291667
0 0.170312 0.980208 0.034375 0.0395833
0 0.410937 0.495833 0.04375 0.0583333
0 0.746094 0.485417 0.0234375 0.0333333
0 0.6125 0.752083 0.028125 0.0375
0 0.358594 0.0927083 0.0328125 0.04375
0 0.477344 0.4125 0.0265625 0.0333333
0 0.73125 0.473958 0.025 0.0354167
0 0.986719 0.59375 0.0265625 0.0416667
0 0.0835937 0.06875 0.0453125 0.0583333
0 0.324219 0.0166667 0.0296875 0.0333333
0 0.135156 0.180208 0.0296875 0.04375
0 0.626562 0.746875 0.034375 0.0520833
0 0.5125 0.8125 0.03125 0.0416667
0 0.478906 0.222917 0.0265625 0.0333333
0 0.992969 0.665625 0.0140625 0.0354167
0 0.607031 0.888542 0.0265625 0.0395833
0 0.152344 0.0447917 0.0390625 0.0479167
0 0.0796875 0.04375 0.040625 0.0458333
0 0.248437 0.542708 0.034375 0.04375
0 0.894531 0.510417 0.0421875 0.0541667
0 0.555469 0.907292 0.0359375 0.0479167
0 0.896094 0.844792 0.0296875 0.0354167
0 0.308594 0.471875 0.0234375 0.0354167
0 0.0515625 0.76875 0.03125 0.0375
0 0.589844 0.544792 0.0328125 0.0479167
0 0.380469 0.126042 0.0234375 0.03125
0 0.799219 0.2625 0.0296875 0.0416667
0 0.449219 0.682292 0.0421875 0.0520833
0 0.385156 0.245833 0.0265625 0.0375
0 0.3 0.0604167 0.04375 0.0625
0 0.303906 0.817708 0.0265625 0.0354167
0 0.742969 0.639583 0.0421875 0.0583333
0 0.709375 0.948958 0.028125 0.0354167
0 0.0148437 0.397917 0.0296875 0.05
0 0.623438 0.8875 0.03125 0.0416667
0 0.607031 0.065625 0.0265625 0.0395833
0 0.734375 0.4375 0.025 0.0333333
0 0.355469 0.926042 0.0265625 0.03125
0 0.425781 0.978125 0.0296875 0.03125
0 0.284375 0.623958 0.028125 0.0395833
0 0.394531 0.20625 0.0265625 0.0333333
0 0.25 0.144792 0.03125 0.0354167
0 0.382812 0.89375 0.028125 0.0333333
0 0.596875 0.678125 0.03125 0.04375
0 0.0460938 0.0729167 0.0265625 0.0375
0 0.861719 0.20625 0.0328125 0.0458333
0 0.105469 0.417708 0.0296875 0.0354167
0 0.0875 0.639583 0.0375 0.0458333
0 0.722656 0.398958 0.0265625 0.03125
0 0.438281 0.945833 0.0328125 0.0458333
0 0.0898438 0.610417 0.0359375 0.0416667
0 0.355469 0.884375 0.0328125 0.04375
0 0.486719 0.377083 0.0359375 0.0458333
0 0.460938 0.0427083 0.03125 0.04375
0 0.639844 0.242708 0.0328125 0.04375
0 0.725 0.911458 0.03125 0.0395833
0 0.0703125 0.551042 0.034375 0.04375
0 0.155469 0.971875 0.0421875 0.0520833
0 0.550781 0.145833 0.0328125 0.0458333
0 0.669531 0.109375 0.0265625 0.0354167
0 0.44375 0.191667 0.040625 0.0541667
0 0.882812 0.854167 0.028125 0.0375
0 0.486719 0.040625 0.0328125 0.04375
0 0.146094 0.30625 0.0390625 0.05
0 0.304688 0.1625 0.03125 0.0416667
0 0.146875 0.113542 0.03125 0.04375
0 0.845312 0.315625 0.03125 0.0395833
0 0.0695312 0.142708 0.0359375 0.0479167
0 0.389844 0.852083 0.0328125 0.0416667
0 0.0265625 0.208333 0.04375 0.0625
0 0.642969 0.0166667 0.0359375 0.0333333
0 0.3625 0.223958 0.03125 0.0395833
0 0.957031 0.690625 0.0359375 0.0479167
0 0.382812 0.0239583 0.0375 0.04375
0 0.260156 0.977083 0.0359375 0.0416667
0 0.224219 0.040625 0.0328125 0.0395833
0 0.604688 0.404167 0.0375 0.0458333
0 0.515625 0.30625 0.034375 0.0458333
0 0.525 0.586458 0.040625 0.0479167
