0 0.248437 0.676042 0.034375 0.0520833
0 0.147656 0.159375 0.0265625 0.0395833
0 0.307813 0.0541667 0.0375 0.0541667
0 0.489062 0.2625 0.01875 0.025
0 0.221875 0.723958 0.0375 0.0520833
0 0.561719 0.396875 0.0359375 0.0520833
0 0.525 0.855208 0.025 0.04375
0 0.478906 0.223958 0.0296875 0.0354167
0 0.610156 0.507292 0.0328125 0.0520833
0 0.723437 0.938542 0.03125 0.0395833
0 0.472656 0.252083 0.0234375 0.0291667
0 0.64375 0.645833 0.028125 0.05
0 0.754687 0.466667 0.028125 0.0375
0 0.803125 0.55625 0.025 0.0333333
0 0.517969 0.665625 0.0296875 0.0479167
0 0.03125 0.20625 0.040625 0.0583333
0 0.508594 0.382292 0.0265625 0.0354167
0 0.451562 0.680208 0.040625 0.0520833
0 0.1 0.0604167 0.046875 0.0625
0 0.746094 0.636458 0.0453125 0.0604167
0 0.359375 0.440625 0.0375 0.0520833
0 0.824219 0.314583 0.0296875 0.0375
0 0.314063 0.467708 0.025 0.0354167
0 0.451562 0.19375 0.034375 0.0458333
0 0.9 0.508333 0.046875 0.0625
0 0.984375 0.54375 0.025 0.0333333
0 0.986719 0.623958 0.0203125 0.0395833
0 0.0507812 0.76875 0.0265625 0.0333333
0 0.769531 0.475 0.0234375 0.0333333
0 0.628906 0.678125 0.0484375 0.06875
0 0.496094 0.394792 0.0265625 0.0354167
0 0.71875 0.859375 0.03125 0.0395833
0 0.784375 0.523958 0.03125 0.0395833
0 0.653906 0.241667 0.0328125 0.0458333
0 0.335938 0.460417 0.025 0.0375
0 0.989844 0.589583 0.0203125 0.05
0 0.398438 0.2375 0.028125 0.0416667
0 0.346875 0.9125 0.028125 0.0375
0 0.363281 0.886458 0.0296875 0.0395833
0 0.5 0.125 0.05 0.0625
0 0.476562 0.702083 0.028125 0.0333333
0 0.113281 0.548958 0.0328125 0.0395833
0 0.399219 0.870833 0.0296875 0.0375
0 0.414844 0.89375 0.0265625 0.0333333
0 0.360938 0.744792 0.025 0.0354167
0 0.14375 0.176042 0.028125 0.04375
0 0.125781 0.638542 0.0359375 0.04375
0 0.992188 0.660417 0.015625 0.0416667
0 0.779688 0.859375 0.03125 0.0395833
0 0.701563 0.461458 0.0375 0.0479167
0 0.708594 0.846875 0.0296875 0.0395833
0 0.134375 0.161458 0.025 0.0395833
0 0.373437 0.219792 0.028125 0.0395833
0 0.358594 0.932292 0.0234375 0.03125
0 0.61875 0.0260417 0.034375 0.0395833
0 0.964844 0.296875 0.0296875 0.0354167
0 0.365625 0.763542 0.03125 0.0395833
0 0.145313 0.121875 0.03125 0.04375
0 0.944531 0.408333 0.0421875 0.0541667
0 0.738281 0.435417 0.0265625 0.0333333
0 0.169531 0.295833 0.0328125 0.0458333
0 0.335938 0.034375 0.028125 0.0395833
0 0.101562 0.0395833 0.040625 0.0541667
0 0.370313 0.0885417 0.03125 0.0479167
0 0.135156 0.416667 0.0265625 0.0333333
0 0.0109375 0.301042 0.021875 0.04375
0 0.2875 0.709375 0.0375 0.0520833
0 0.404687 0.189583 0.025 0.0333333
0 0.853906 0.319792 0.0296875 0.0354167
0 0.314844 0.113542 0.0265625 0.0354167
0 0.285156 0.983333 0.0359375 0.0333333
0 0.03125 0.401042 0.0375 0.04375
0 0.324219 0.630208 0.0296875 0.0395833
0 0.154687 0.040625 0.04375 0.05625
0 0.690625 0.917708 0.03125 0.0395833
0 0.459375 0.483333 0.028125 0.0416667
0 0.653906 0.939583 0.0328125 0.0416667
0 0.816406 0.26875 0.0296875 0.0375
0 0.373437 0.134375 0.034375 0.04375
0 0.645312 0.14375 0.03125 0.0375
0 0.667188 0.327083 0.034375 0.0458333
0 0.192188 0.282292 0.028125 0.0395833
0 0.903125 0.857292 0.0375 0.0479167
0 0.641406 0.245833 0.0390625 0.05
0 0.611719 0.758333 0.0296875 0.0375
0 0.304688 0.142708 0.03125 0.0395833
0 0.13125 0.609375 0.034375 0.0395833
0 0.446875 0.952083 0.03125 0.0416667
0 0.247656 0.0395833 0.0359375 0.0416667
0 0.80625 0.9375 0.034375 0.0458333
0 0.0585938 0.0614583 0.0296875 0.0354167
0 0.430469 0.29375 0.0328125 0.0416667
0 0.83125 0.377083 0.0375 0.0458333
0 0.426562 0.025 0.0375 0.0458333
0 0.558594 0.54375 0.0296875 0.0416667
0 0.505469 0.66875 0.0359375 0.05
0 0.520312 0.354167 0.034375 0.0458333
0 0.0835937 0.141667 0.0359375 0.05
0 0.749219 0.907292 0.0390625 0.0479167
0 0.16875 0.970833 0.040625 0.05
0 0.621875 0.5625 0.0375 0.05
0 0.530469 0.588542 0.0421875 0.0520833
