0 0.969531 0.009375 0.0390625 0.01875
0 0.0914062 0.732292 0.0234375 0.03125
0 0.992188 0.0166667 0.015625 0.0291667
0 0.959375 0.0125 0.034375 0.0208333
0 0.410937 0.298958 0.028125 0.0354167
0 0.445312 0.491667 0.028125 0.0416667
0 0.603906 0.505208 0.0328125 0.0479167
0 0.291406 0.661458 0.0421875 0.0520833
0 0.917188 0.353125 0.021875 0.03125
0 0.807031 0.721875 0.0328125 0.0479167
0 0.00625 0.075 0.0125 0.0458333
0 0.653906 0.917708 0.0296875 0.0354167
0 0.884375 0.952083 0.025 0.0333333
0 0.559375 0.71875 0.028125 0.0375
0 0.533594 0.009375 0.0296875 0.01875
0 0.528125 0.783333 0.028125 0.0416667
0 0.771094 0.663542 0.0296875 0.0354167
0 0.408594 0.688542 0.0265625 0.0354167
0 0.161719 0.0114583 0.0359375 0.0229167
0 0.153125 0.646875 0.03125 0.0395833
0 0.516406 0.0635417 0.0234375 0.03125
0 0.225 0.334375 0.03125 0.04375
0 0.585938 0.0833333 0.028125 0.0375
0 0.408594 0.808333 0.0265625 0.0333333
0 0.228125 0.180208 0.025 0.0354167
0 0.196875 0.411458 0.028125 0.0395833
0 0.905469 0.015625 0.0296875 0.03125
0 0.647656 0.084375 0.0296875 0.0354167
0 0.957031 0.0239583 0.0328125 0.03125
0 0.208594 0.432292 0.0296875 0.0395833
0 0.427344 0.617708 0.0296875 0.0395833
0 0.199219 0.351042 0.0296875 0.0395833
0 0.78125 0.10625 0.03125 0.0458333
0 0.158594 0.610417 0.0328125 0.0416667
0 0.895312 0.722917 0.025 0.0333333
0 0.179688 0.135417 0.028125 0.0375
0 0.482812 0.0604167 0.028125 0.0375
0 0.974219 0.0833333 0.0296875 0.0458333
0 0.0757812 0.320833 0.0296875 0.0375
0 0.321875 0.928125 0.028125 0.0354167
0 0.289844 0.338542 0.0296875 0.0395833
0 0.719531 0.260417 0.0265625 0.0333333
0 0.6375 0.557292 0.034375 0.04375
0 0.264844 0.891667 0.0359375 0.05
0 0.620313 0.285417 0.028125 0.0416667
1 0.972656 0.569792 0.0546875 0.08125
0 0.416406 0.455208 0.0296875 0.0354167
0 0.840625 0.352083 0.028125 0.0375
0 0.927344 0.513542 0.0296875 0.04375
0 0.779688 0.272917 0.03125 0.0416667
0 0.0585938 0.0197917 0.0296875 0.0354167
0 0.0859375 0.420833 0.028125 0.0375
0 0.475781 0.473958 0.0265625 0.0354167
0 0.395312 0.709375 0.028125 0.0354167
0 0.0140625 0.920833 0.028125 0.05
0 0.0257812 0.527083 0.0328125 0.0458333
0 0.873438 0.764583 0.028125 0.0375
0 0.0179687 0.640625 0.0328125 0.0479167
0 0.211719 0.510417 0.0296875 0.0416667
0 0.128906 0.217708 0.0296875 0.0395833
0 0.15 0.38125 0.0375 0.0458333
0 0.844531 0.30625 0.0265625 0.0375
0 0.071875 0.89375 0.040625 0.0458333
0 0.767187 0.227083 0.03125 0.0416667
0 0.914062 0.258333 0.0375 0.05
0 0.19375 0.251042 0.034375 0.0479167
0 0.742969 0.107292 0.0421875 0.05625
