0 0.897656 0.720833 0.0234375 0.0333333
0 0.983594 0.0104167 0.0296875 0.0208333
0 0.292969 0.6625 0.0453125 0.0541667
0 0.971094 0.0270833 0.0296875 0.0333333
0 0.961719 0.0104167 0.0359375 0.0208333
0 0.853906 0.545833 0.0328125 0.0458333
0 0.644531 0.0729167 0.0265625 0.0333333
0 0.223438 0.335417 0.03125 0.0416667
0 0.585938 0.376042 0.03125 0.04375
0 0.200781 0.352083 0.0328125 0.0416667
0 0.534375 0.00729167 0.025 0.0145833
0 0.771094 0.6625 0.0296875 0.0375
0 0.225781 0.18125 0.0234375 0.0333333
0 0.979688 0.358333 0.021875 0.0291667
0 0.905469 0.0135417 0.0296875 0.0270833
0 0.257812 0.822917 0.040625 0.0458333
0 0.410937 0.298958 0.028125 0.0354167
0 0.524219 0.751042 0.0296875 0.04375
0 0.0851562 0.421875 0.0296875 0.0395833
0 0.153906 0.646875 0.0328125 0.0395833
0 0.434375 0.447917 0.025 0.0291667
0 0.158594 0.609375 0.0359375 0.04375
0 0.517969 0.0645833 0.0234375 0.0333333
0 0.746094 0.10625 0.0390625 0.0541667
0 0.975 0.084375 0.028125 0.0395833
0 0.782031 0.104167 0.0265625 0.0375
0 0.227344 0.38125 0.0265625 0.0375
0 0.289062 0.3375 0.028125 0.0375
0 0.3875 0.690625 0.03125 0.0354167
0 0.492969 0.015625 0.0328125 0.03125
0 0.179688 0.132292 0.028125 0.0395833
0 0.603906 0.504167 0.0359375 0.05
0 0.485156 0.473958 0.0265625 0.03125
0 0.1625 0.0125 0.034375 0.025
0 0.907812 0.982292 0.03125 0.0354167
0 0.00859375 0.897917 0.0171875 0.0375
0 0.957031 0.021875 0.0296875 0.03125
0 0.558594 0.719792 0.0265625 0.0354167
0 0.211719 0.507292 0.0296875 0.0395833
0 0.61875 0.282292 0.025 0.0395833
0 0.075 0.33125 0.028125 0.0416667
0 0.642187 0.917708 0.028125 0.0354167
0 0.15625 0.814583 0.05 0.0625
0 0.422656 0.617708 0.0265625 0.0354167
0 0.124219 0.447917 0.0453125 0.0583333
0 0.366406 0.697917 0.0296875 0.0375
0 0.0398437 0.108333 0.0296875 0.0375
0 0.153125 0.3875 0.034375 0.0458333
0 0.807031 0.717708 0.0328125 0.0479167
0 0.730469 0.310417 0.0296875 0.0416667
0 0.929688 0.539583 0.025 0.0375
0 0.854688 0.348958 0.028125 0.0354167
0 0.015625 0.50625 0.03125 0.05
0 0.386719 0.776042 0.0296875 0.0395833
0 0.771875 0.226042 0.028125 0.0354167
0 0.321875 0.926042 0.028125 0.0354167
0 0.825781 0.290625 0.0296875 0.04375
0 0.571875 0.33125 0.028125 0.0375
0 0.482031 0.05625 0.0265625 0.0375
0 0.782031 0.26875 0.0328125 0.0458333
1 0.972656 0.571875 0.0546875 0.08125
0 0.872656 0.765625 0.0296875 0.0395833
0 0.217969 0.402083 0.0328125 0.0375
0 0.128906 0.217708 0.0328125 0.04375
0 0.6375 0.55625 0.0375 0.05
0 0.263281 0.889583 0.0390625 0.0541667
0 0.0296875 0.647917 0.034375 0.0458333
0 0.198437 0.277083 0.034375 0.0541667
0 0.0703125 0.89375 0.040625 0.0458333
0 0.914062 0.255208 0.0375 0.0520833
