0 0.964063 0.9875 0.03125 0.0208333
0 0.125 0.451042 0.0375 0.0479167
0 0.959375 0.021875 0.028125 0.0229167
0 0.201562 0.476042 0.01875 0.03125
0 0.530469 0.00833333 0.0390625 0.0166667
1 0.966406 0.01875 0.0609375 0.0375
0 0.200781 0.957292 0.0234375 0.0395833
0 0.96875 0.0104167 0.040625 0.0208333
0 0.45 0.469792 0.028125 0.0395833
0 0.895312 0.717708 0.021875 0.03125
0 0.00625 0.51875 0.0125 0.0333333
0 0.31875 0.804167 0.03125 0.0416667
0 0.20625 0.495833 0.021875 0.0291667
0 0.560156 0.313542 0.0234375 0.0270833
0 0.00625 0.852083 0.0125 0.0416667
0 0.357031 0.726042 0.0265625 0.0354167
0 0.973437 0.0822917 0.028125 0.0354167
0 0.373437 0.657292 0.025 0.03125
0 0.907812 0.009375 0.028125 0.01875
1 0.973437 0.566667 0.053125 0.075
0 0.889844 0.602083 0.0265625 0.0375
0 0.442969 0.477083 0.0296875 0.0458333
0 0.614844 0.913542 0.0234375 0.0270833
0 0.795313 0.260417 0.025 0.0333333
0 0.639063 0.55 0.028125 0.0375
0 0.559375 0.71875 0.025 0.0333333
0 0.157031 0.8125 0.0390625 0.05
0 0.0859375 0.421875 0.025 0.0270833
0 0.752344 0.339583 0.0265625 0.0375
0 0.874219 0.763542 0.0234375 0.03125
0 0.289062 0.338542 0.034375 0.04375
0 0.160938 0.0104167 0.03125 0.0208333
0 0.936719 0.577083 0.0234375 0.0333333
0 0.585156 0.379167 0.0328125 0.0458333
0 0.0257812 0.596875 0.0296875 0.0354167
0 0.196094 0.31875 0.0265625 0.0375
0 0.98125 0.357292 0.028125 0.0354167
0 0.853906 0.541667 0.0359375 0.0458333
0 0.428125 0.613542 0.028125 0.0395833
0 0.51875 0.504167 0.028125 0.0375
0 0.215625 0.505208 0.028125 0.0354167
0 0.0109375 0.65625 0.021875 0.0416667
0 0.771094 0.661458 0.0265625 0.03125
0 0.642969 0.0635417 0.0265625 0.03125
0 0.157031 0.608333 0.0265625 0.0333333
0 0.153906 0.645833 0.0265625 0.0333333
0 0.858594 0.36875 0.0265625 0.0333333
0 0.484375 0.053125 0.028125 0.0354167
0 0.0703125 0.341667 0.028125 0.0333333
0 0.264844 0.342708 0.0296875 0.0395833
0 0.2 0.354167 0.025 0.0333333
0 0.0617188 0.204167 0.0296875 0.0416667
0 0.246875 0.445833 0.028125 0.0333333
0 0.479688 0.6875 0.028125 0.0375
0 0.586719 0.08125 0.0296875 0.0375
0 0.61875 0.282292 0.028125 0.0395833
0 0.153125 0.383333 0.03125 0.0458333
0 0.0703125 0.894792 0.03125 0.0354167
0 0.602344 0.503125 0.0328125 0.0395833
0 0.778906 0.266667 0.0296875 0.0375
0 0.772656 0.219792 0.0328125 0.04375
0 0.264844 0.890625 0.0296875 0.0479167
0 0.224219 0.3375 0.0265625 0.0416667
0 0.783594 0.0979167 0.0296875 0.0416667
0 0.467187 0.45 0.025 0.0333333
0 0.521875 0.0583333 0.034375 0.0416667
0 0.128906 0.210417 0.0296875 0.0416667
0 0.320312 0.926042 0.03125 0.0395833
0 0.10625 0.933333 0.034375 0.0458333
0 0.807813 0.714583 0.034375 0.0458333
0 0.746094 0.105208 0.0359375 0.0520833
0 0.915625 0.25625 0.034375 0.0458333
