0 0.635156 0.559375 0.0265625 0.0395833
0 0.123438 0.451042 0.0375 0.0479167
0 0.979688 0.0104167 0.028125 0.0208333
0 0.410937 0.297917 0.028125 0.0375
0 0.895312 0.716667 0.021875 0.0291667
0 0.201562 0.492708 0.01875 0.0270833
0 0.978125 0.0208333 0.025 0.0291667
0 0.777344 0.240625 0.0296875 0.0354167
0 0.958594 0.009375 0.0296875 0.01875
0 0.0851562 0.422917 0.0234375 0.0291667
0 0.916406 0.34375 0.0171875 0.0291667
0 0.157031 0.813542 0.0390625 0.0479167
0 0.0078125 0.228125 0.015625 0.0395833
0 0.31875 0.802083 0.03125 0.0375
0 0.641406 0.55 0.0265625 0.0375
0 0.202344 0.354167 0.0265625 0.0375
0 0.107031 0.934375 0.0296875 0.0395833
0 0.955469 0.0229167 0.0265625 0.025
0 0.98125 0.35625 0.028125 0.0333333
0 0.161719 0.0114583 0.0328125 0.0229167
0 0.559375 0.715625 0.028125 0.0354167
0 0.217969 0.505208 0.0265625 0.03125
0 0.785937 0.0958333 0.028125 0.0375
0 0.428125 0.611458 0.028125 0.0354167
0 0.567187 0.292708 0.028125 0.0354167
0 0.855469 0.539583 0.0390625 0.05
0 0.603125 0.50625 0.034375 0.0458333
0 0.591406 0.910417 0.0296875 0.0375
0 0.355469 0.748958 0.0265625 0.0354167
0 0.538281 0.129167 0.0265625 0.0416667
0 0.153906 0.646875 0.0265625 0.03125
0 0.771094 0.658333 0.0265625 0.0333333
0 0.874219 0.377083 0.0359375 0.0458333
0 0.872656 0.766667 0.0265625 0.0375
0 0.151562 0.385417 0.03125 0.0416667
0 0.290625 0.261458 0.028125 0.0395833
0 0.279687 0.491667 0.025 0.0333333
0 0.121875 0.253125 0.028125 0.0354167
0 0.617969 0.28125 0.0265625 0.0416667
1 0.972656 0.56875 0.0546875 0.0833333
0 0.1875 0.3625 0.028125 0.0416667
0 0.157813 0.607292 0.028125 0.0354167
0 0.222656 0.338542 0.0265625 0.0395833
0 0.441406 0.470833 0.0359375 0.05
0 0.360156 0.63125 0.0296875 0.0416667
0 0.0648438 0.358333 0.0265625 0.0375
0 0.557031 0.578125 0.0296875 0.0395833
0 0.485938 0.0458333 0.03125 0.0375
0 0.319531 0.671875 0.0265625 0.0354167
0 0.532812 0.0583333 0.028125 0.0375
0 0.127344 0.211458 0.0265625 0.0395833
0 0.285937 0.336458 0.03125 0.0395833
0 0.0484375 0.584375 0.028125 0.0354167
0 0.76875 0.366667 0.028125 0.0416667
0 0.485938 0.445833 0.028125 0.0375
0 0.941406 0.613542 0.0296875 0.0395833
0 0.464063 0.60625 0.028125 0.0375
0 0.021875 0.697917 0.028125 0.0375
0 0.134375 0.910417 0.025 0.0375
0 0.641406 0.0677083 0.0265625 0.0395833
0 0.5875 0.078125 0.028125 0.0354167
0 0.0710938 0.89375 0.0296875 0.0375
0 0.789062 0.95625 0.028125 0.0416667
0 0.264062 0.891667 0.034375 0.05
0 0.974219 0.0822917 0.0296875 0.0395833
0 0.746094 0.103125 0.0390625 0.0520833
0 0.785156 0.2625 0.0296875 0.0375
0 0.807031 0.709375 0.0328125 0.04375
0 0.772656 0.216667 0.0296875 0.0375
0 0.319531 0.922917 0.0296875 0.0375
0 0.915625 0.253125 0.040625 0.0520833
