0 0.967188 0.0125 0.0375 0.025
1 0.866406 0.569792 0.0796875 0.122917
0 0.979688 0.0114583 0.03125 0.0229167
0 0.496094 0.015625 0.0328125 0.0270833
0 0.200781 0.353125 0.0328125 0.04375
0 0.975781 0.0229167 0.0296875 0.0333333
0 0.980469 0.359375 0.0234375 0.03125
0 0.31875 0.804167 0.034375 0.0458333
0 0.410156 0.297917 0.0296875 0.0375
0 0.921875 0.9875 0.03125 0.0208333
0 0.225781 0.18125 0.0234375 0.0375
0 0.603906 0.504167 0.0390625 0.0541667
0 0.534375 0.00833333 0.03125 0.0166667
0 0.153125 0.646875 0.034375 0.04375
0 0.257812 0.822917 0.04375 0.05
0 0.90625 0.0145833 0.03125 0.0291667
0 0.223438 0.336458 0.03125 0.04375
0 0.238281 0.384375 0.0328125 0.04375
0 0.292188 0.6625 0.05 0.0583333
0 0.0757812 0.0104167 0.0296875 0.0208333
0 0.896094 0.720833 0.0265625 0.0375
1 0.972656 0.56875 0.0546875 0.0833333
0 0.424219 0.616667 0.0328125 0.0416667
0 0.0859375 0.421875 0.03125 0.04375
0 0.873438 0.765625 0.028125 0.0395833
0 0.00859375 0.886458 0.0171875 0.04375
0 0.128906 0.214583 0.0296875 0.0416667
0 0.505469 0.492708 0.0265625 0.0354167
0 0.636719 0.917708 0.0265625 0.0354167
0 0.520312 0.723958 0.03125 0.04375
0 0.51875 0.0635417 0.028125 0.0354167
0 0.807813 0.716667 0.034375 0.0458333
0 0.1625 0.0135417 0.034375 0.0270833
0 0.264062 0.888542 0.040625 0.0520833
0 0.955469 0.0208333 0.0328125 0.0333333
0 0.559375 0.720833 0.03125 0.0416667
0 0.178906 0.133333 0.0328125 0.0458333
0 0.645312 0.0729167 0.03125 0.0375
0 0.321094 0.925 0.0296875 0.0375
0 0.975 0.0854167 0.028125 0.0416667
0 0.4375 0.458333 0.03125 0.0375
0 0.071875 0.329167 0.03125 0.0416667
0 0.782812 0.105208 0.03125 0.04375
0 0.382031 0.767708 0.0296875 0.0395833
0 0.028125 0.144792 0.03125 0.04375
0 0.125 0.447917 0.05 0.0625
0 0.288281 0.338542 0.0296875 0.0395833
0 0.932031 0.547917 0.0234375 0.0375
0 0.619531 0.28125 0.0296875 0.0458333
0 0.858594 0.348958 0.0296875 0.0354167
0 0.78125 0.267708 0.034375 0.0479167
0 0.375781 0.711458 0.0328125 0.0395833
0 0.482031 0.05625 0.0296875 0.0416667
0 0.211719 0.505208 0.0328125 0.0479167
0 0.379687 0.679167 0.03125 0.0416667
0 0.0164062 0.497917 0.0328125 0.0541667
0 0.582031 0.377083 0.0390625 0.05
0 0.8125 0.305208 0.03125 0.04375
0 0.732813 0.315625 0.03125 0.04375
0 0.0335938 0.658333 0.0328125 0.0458333
0 0.448438 0.479167 0.0375 0.05
0 0.157031 0.815625 0.0484375 0.0604167
0 0.153125 0.384375 0.0375 0.0520833
0 0.56875 0.321875 0.03125 0.04375
0 0.219531 0.415625 0.0328125 0.04375
0 0.772656 0.226042 0.0328125 0.0395833
0 0.0703125 0.89375 0.0375 0.0458333
0 0.914844 0.255208 0.0421875 0.05625
0 0.196094 0.283333 0.0390625 0.0541667
0 0.6375 0.55625 0.040625 0.05
0 0.745313 0.103125 0.046875 0.0604167
