0 0.967969 0.0104167 0.0421875 0.0208333
0 0.528906 0.00729167 0.0390625 0.0145833
0 0.124219 0.452083 0.0390625 0.0458333
0 0.98125 0.355208 0.025 0.0270833
0 0.440625 0.252083 0.021875 0.0291667
0 0.2 0.492708 0.01875 0.0270833
0 0.976562 0.021875 0.03125 0.03125
0 0.107031 0.935417 0.0328125 0.0458333
0 0.915625 0.341667 0.01875 0.0291667
0 0.292969 0.660417 0.0453125 0.05
0 0.895312 0.714583 0.021875 0.0291667
0 0.0867188 0.421875 0.0234375 0.0270833
0 0.95625 0.0208333 0.034375 0.0333333
0 0.603125 0.50625 0.034375 0.0458333
0 0.157813 0.609375 0.028125 0.0354167
0 0.161719 0.0114583 0.0328125 0.0229167
0 0.778906 0.947917 0.0265625 0.0416667
0 0.217969 0.504167 0.0265625 0.0333333
0 0.439844 0.620833 0.0234375 0.0291667
0 0.309375 0.247917 0.028125 0.0375
0 0.31875 0.8 0.03125 0.0375
0 0.975 0.08125 0.028125 0.0375
0 0.424219 0.610417 0.0265625 0.0333333
0 0.559375 0.715625 0.028125 0.0354167
0 0.154687 0.646875 0.028125 0.0354167
0 0.559375 0.138542 0.025 0.03125
0 0.640625 0.55 0.028125 0.0375
0 0.552344 0.589583 0.0265625 0.0333333
0 0.488281 0.445833 0.0296875 0.0375
0 0.770312 0.658333 0.028125 0.0333333
0 0.199219 0.357292 0.0296875 0.0395833
0 0.015625 0.698958 0.028125 0.0395833
0 0.185937 0.370833 0.028125 0.0375
0 0.151562 0.385417 0.03125 0.0416667
0 0.588281 0.909375 0.0296875 0.0354167
0 0.285937 0.335417 0.03125 0.0416667
0 0.560156 0.257292 0.0265625 0.0354167
0 0.438281 0.473958 0.0390625 0.0520833
0 0.617188 0.280208 0.025 0.0395833
0 0.0625 0.359375 0.028125 0.0395833
0 0.873438 0.765625 0.025 0.0354167
0 0.641406 0.065625 0.0296875 0.0395833
0 0.0515625 0.56875 0.03125 0.0416667
0 0.5875 0.0770833 0.028125 0.0375
1 0.972656 0.569792 0.0546875 0.0854167
0 0.530469 0.059375 0.0296875 0.0354167
0 0.785156 0.0958333 0.0296875 0.0416667
0 0.346094 0.766667 0.0265625 0.0375
0 0.273438 0.504167 0.028125 0.0375
0 0.485156 0.0458333 0.0296875 0.0375
0 0.941406 0.625 0.0296875 0.0375
0 0.771094 0.376042 0.0296875 0.0395833
0 0.854688 0.539583 0.0375 0.05
0 0.129688 0.211458 0.028125 0.0395833
0 0.1375 0.895833 0.025 0.0333333
0 0.264062 0.890625 0.034375 0.0520833
0 0.107031 0.292708 0.0265625 0.0354167
0 0.782031 0.261458 0.0296875 0.0395833
0 0.873438 0.382292 0.03125 0.04375
0 0.80625 0.707292 0.03125 0.0395833
0 0.353125 0.628125 0.034375 0.04375
0 0.221094 0.338542 0.0265625 0.0395833
0 0.0710938 0.892708 0.0328125 0.0395833
0 0.320312 0.921875 0.028125 0.0354167
0 0.771875 0.223958 0.0375 0.0479167
0 0.74375 0.103125 0.040625 0.0520833
0 0.915625 0.252083 0.040625 0.0541667
