0 0.0976562 0.978125 0.0453125 0.0395833
0 0.53125 0.00833333 0.040625 0.0166667
0 0.257031 0.821875 0.0359375 0.0479167
0 0.959375 0.0114583 0.034375 0.01875
0 0.229687 0.177083 0.021875 0.0333333
0 0.441406 0.252083 0.0234375 0.0333333
0 0.978906 0.0229167 0.0265625 0.0291667
0 0.201562 0.491667 0.021875 0.0291667
0 0.959375 0.021875 0.03125 0.0270833
0 0.126563 0.452083 0.034375 0.0458333
0 0.889844 0.603125 0.0296875 0.04375
0 0.292188 0.661458 0.040625 0.0520833
0 0.0078125 0.515625 0.015625 0.0354167
0 0.178906 0.132292 0.0265625 0.03125
0 0.90625 0.009375 0.034375 0.01875
0 0.00703125 0.857292 0.0140625 0.0354167
0 0.896875 0.716667 0.025 0.0375
0 0.584375 0.380208 0.03125 0.0395833
0 0.411719 0.297917 0.0265625 0.0333333
0 0.770312 0.661458 0.025 0.03125
0 0.317969 0.803125 0.0328125 0.04375
0 0.602344 0.502083 0.0296875 0.0416667
0 0.483594 0.0541667 0.0234375 0.0333333
0 0.917969 0.345833 0.0203125 0.0291667
1 0.972656 0.570833 0.0546875 0.0833333
0 0.223438 0.335417 0.025 0.0416667
0 0.798437 0.272917 0.028125 0.0375
0 0.161719 0.0114583 0.0296875 0.0229167
0 0.64375 0.0729167 0.028125 0.0416667
0 0.567187 0.297917 0.028125 0.0416667
0 0.0859375 0.420833 0.025 0.0291667
0 0.260156 0.348958 0.0234375 0.0354167
0 0.619531 0.913542 0.0234375 0.0270833
0 0.640625 0.551042 0.028125 0.0354167
0 0.975 0.0854167 0.03125 0.0416667
0 0.524219 0.0625 0.0265625 0.0333333
0 0.557031 0.719792 0.0265625 0.0354167
0 0.3625 0.730208 0.03125 0.0395833
0 0.510938 0.0447917 0.025 0.03125
0 0.979688 0.35625 0.028125 0.0333333
0 0.498437 0.673958 0.025 0.0354167
0 0.288281 0.336458 0.0265625 0.0395833
0 0.0226563 0.578125 0.0265625 0.0354167
0 0.617969 0.28125 0.0265625 0.0375
0 0.236719 0.425 0.0265625 0.0333333
0 0.873438 0.763542 0.025 0.0354167
0 0.0140625 0.646875 0.028125 0.04375
0 0.0710938 0.177083 0.0296875 0.0416667
0 0.157031 0.814583 0.0421875 0.0541667
0 0.217187 0.505208 0.028125 0.0354167
0 0.428906 0.6125 0.0296875 0.0416667
0 0.153125 0.645833 0.028125 0.0333333
0 0.511719 0.539583 0.0296875 0.0375
0 0.854688 0.54375 0.040625 0.05
0 0.129688 0.216667 0.028125 0.0375
0 0.194531 0.313542 0.0296875 0.04375
0 0.935156 0.573958 0.0296875 0.0395833
0 0.585938 0.0802083 0.028125 0.0395833
0 0.44375 0.478125 0.034375 0.0479167
0 0.201562 0.353125 0.025 0.0354167
0 0.0695312 0.894792 0.0328125 0.0395833
0 0.748438 0.339583 0.03125 0.0416667
0 0.4625 0.440625 0.028125 0.0354167
0 0.779688 0.266667 0.03125 0.0416667
0 0.807813 0.715625 0.03125 0.04375
0 0.157031 0.608333 0.0296875 0.0375
0 0.382031 0.658333 0.0296875 0.0416667
0 0.321094 0.926042 0.0296875 0.0395833
0 0.783594 0.0979167 0.0328125 0.0458333
0 0.857813 0.3625 0.03125 0.0416667
0 0.0679687 0.342708 0.0296875 0.0395833
0 0.10625 0.934375 0.0375 0.0479167
0 0.915625 0.25625 0.0375 0.05
0 0.773438 0.220833 0.034375 0.0416667
0 0.153906 0.383333 0.0328125 0.0416667
0 0.264844 0.892708 0.0359375 0.0520833
0 0.746094 0.10625 0.0390625 0.0583333
