0 0.445312 0.490625 0.034375 0.04375
0 0.257031 0.828125 0.0390625 0.0520833
0 0.157031 0.811458 0.0484375 0.0604167
0 0.960156 0.0125 0.0359375 0.025
0 0.410937 0.298958 0.025 0.0354167
0 0.291406 0.661458 0.0421875 0.0520833
0 0.985937 0.0239583 0.021875 0.03125
0 0.317969 0.804167 0.0328125 0.0458333
0 0.978906 0.360417 0.0234375 0.0291667
0 0.157813 0.609375 0.034375 0.04375
0 0.582812 0.388542 0.03125 0.04375
0 0.00859375 0.04375 0.0171875 0.0416667
0 0.992188 0.0270833 0.015625 0.0333333
0 0.723437 0.00833333 0.028125 0.0166667
0 0.853906 0.547917 0.0328125 0.0416667
0 0.65 0.0854167 0.028125 0.0333333
0 0.5875 0.084375 0.028125 0.0354167
0 0.603906 0.505208 0.0359375 0.0479167
0 0.540625 0.803125 0.028125 0.0395833
0 0.559375 0.71875 0.028125 0.0375
0 0.534375 0.009375 0.03125 0.01875
0 0.226562 0.334375 0.03125 0.04375
0 0.896094 0.726042 0.0234375 0.03125
0 0.1625 0.0114583 0.034375 0.0229167
0 0.213281 0.510417 0.0296875 0.0375
0 0.515625 0.0604167 0.025 0.0333333
0 0.658594 0.916667 0.0296875 0.0375
0 0.771094 0.664583 0.0296875 0.0375
0 0.86875 0.945833 0.025 0.0333333
0 0.4125 0.689583 0.028125 0.0375
0 0.0125 0.93125 0.025 0.0416667
0 0.228125 0.180208 0.025 0.0354167
0 0.417969 0.826042 0.0296875 0.0354167
0 0.90625 0.0229167 0.03125 0.0333333
0 0.153906 0.646875 0.0328125 0.0395833
0 0.201562 0.351042 0.03125 0.04375
0 0.0554687 0.0354167 0.0265625 0.0375
0 0.838281 0.338542 0.0328125 0.0479167
0 0.482812 0.0604167 0.028125 0.0375
0 0.403125 0.716667 0.028125 0.0375
1 0.972656 0.571875 0.0546875 0.08125
0 0.289844 0.339583 0.0328125 0.0458333
0 0.0867188 0.420833 0.0296875 0.0375
0 0.322656 0.929167 0.0296875 0.0416667
0 0.620313 0.286458 0.028125 0.04375
0 0.780469 0.273958 0.0328125 0.04375
0 0.705469 0.24375 0.0265625 0.0375
0 0.15 0.379167 0.034375 0.0458333
0 0.071875 0.320833 0.028125 0.0375
0 0.782031 0.108333 0.0328125 0.0458333
0 0.0265625 0.515625 0.03125 0.04375
0 0.200781 0.444792 0.0296875 0.0395833
0 0.182812 0.130208 0.028125 0.0395833
0 0.428125 0.620833 0.03125 0.0416667
0 0.924219 0.505208 0.0296875 0.0395833
0 0.872656 0.765625 0.0265625 0.0354167
0 0.01875 0.617708 0.034375 0.0479167
0 0.807813 0.722917 0.034375 0.0458333
0 0.127344 0.217708 0.0296875 0.0395833
0 0.411719 0.438542 0.0328125 0.04375
0 0.071875 0.89375 0.040625 0.0458333
0 0.955469 0.0239583 0.0328125 0.0354167
0 0.185156 0.392708 0.0296875 0.0395833
0 0.638281 0.558333 0.0359375 0.0458333
0 0.196094 0.241667 0.0328125 0.0458333
0 0.265625 0.894792 0.040625 0.05625
0 0.971094 0.0822917 0.0296875 0.04375
0 0.766406 0.227083 0.0328125 0.0416667
0 0.913281 0.259375 0.0390625 0.0520833
0 0.746094 0.108333 0.0421875 0.0583333
