0 0.178125 0.132292 0.025 0.03125
0 0.964063 0.9875 0.034375 0.0208333
0 0.0046875 0.842708 0.009375 0.03125
0 0.889063 0.604167 0.025 0.0375
0 0.917188 0.342708 0.01875 0.0270833
0 0.204688 0.494792 0.021875 0.03125
0 0.292969 0.661458 0.0359375 0.04375
0 0.8625 0.370833 0.03125 0.0416667
1 0.974219 0.569792 0.0515625 0.0854167
0 0.125 0.451042 0.034375 0.04375
0 0.202344 0.35625 0.0234375 0.0291667
0 0.980469 0.357292 0.0265625 0.0354167
0 0.909375 0.009375 0.028125 0.01875
0 0.0859375 0.421875 0.025 0.0270833
0 0.604688 0.911458 0.025 0.03125
0 0.31875 0.803125 0.034375 0.04375
0 0.517187 0.0760417 0.025 0.0395833
0 0.874219 0.765625 0.0234375 0.03125
0 0.271094 0.329167 0.0265625 0.0333333
0 0.526563 0.0614583 0.028125 0.0395833
0 0.557813 0.713542 0.028125 0.0354167
0 0.160938 0.0104167 0.03125 0.0208333
0 0.484375 0.644792 0.025 0.0354167
0 0.642187 0.0625 0.028125 0.0333333
0 0.214844 0.503125 0.0296875 0.0354167
0 0.567969 0.303125 0.0265625 0.0354167
0 0.79375 0.242708 0.025 0.03125
0 0.442969 0.477083 0.0359375 0.05
0 0.484375 0.0479167 0.025 0.0333333
0 0.153906 0.645833 0.0265625 0.0333333
0 0.365625 0.65 0.028125 0.0375
0 0.0796875 0.225 0.028125 0.0375
0 0.855469 0.540625 0.0359375 0.04375
0 0.157031 0.607292 0.0265625 0.0354167
0 0.588281 0.380208 0.0328125 0.0479167
0 0.071875 0.346875 0.028125 0.0354167
0 0.0304688 0.583333 0.0265625 0.0375
0 0.638281 0.552083 0.0296875 0.0416667
0 0.428125 0.6125 0.028125 0.0375
0 0.0117188 0.677083 0.0234375 0.0416667
0 0.772656 0.216667 0.0328125 0.0458333
0 0.367188 0.73125 0.028125 0.0416667
0 0.936719 0.589583 0.0265625 0.0333333
0 0.223438 0.336458 0.025 0.03125
0 0.771094 0.661458 0.0265625 0.0354167
0 0.603906 0.505208 0.0296875 0.0395833
0 0.288281 0.336458 0.0328125 0.04375
0 0.319531 0.925 0.0296875 0.0375
0 0.346875 0.698958 0.03125 0.0395833
0 0.520312 0.55 0.028125 0.0416667
0 0.5875 0.0802083 0.03125 0.0395833
0 0.0710938 0.894792 0.0296875 0.0395833
0 0.779688 0.266667 0.03125 0.0416667
0 0.192188 0.333333 0.028125 0.0375
0 0.471875 0.451042 0.028125 0.0354167
0 0.971875 0.0802083 0.028125 0.0395833
0 0.617969 0.282292 0.0265625 0.04375
0 0.128125 0.209375 0.028125 0.0395833
0 0.153906 0.383333 0.0328125 0.0416667
0 0.264844 0.891667 0.0296875 0.0458333
0 0.238281 0.471875 0.0265625 0.0354167
0 0.807031 0.710417 0.0328125 0.0458333
0 0.757812 0.34375 0.03125 0.0416667
0 0.10625 0.933333 0.034375 0.0458333
0 0.782812 0.096875 0.03125 0.04375
0 0.915625 0.255208 0.034375 0.0479167
0 0.74375 0.104167 0.0375 0.0541667
