0 0.889063 0.604167 0.025 0.0375
0 0.959375 0.0208333 0.03125 0.025
0 0.202344 0.477083 0.0203125 0.0333333
0 0.964063 0.9875 0.03125 0.0208333
0 0.969531 0.0125 0.0453125 0.0208333
0 0.895312 0.717708 0.021875 0.0270833
0 0.978906 0.0239583 0.0265625 0.0270833
0 0.485156 0.0479167 0.0234375 0.0333333
0 0.203906 0.49375 0.0203125 0.0291667
0 0.526563 0.0614583 0.028125 0.0395833
0 0.00625 0.842708 0.0125 0.0479167
1 0.973437 0.566667 0.053125 0.075
0 0.31875 0.803125 0.03125 0.04375
0 0.125 0.451042 0.0375 0.0479167
0 0.157031 0.8125 0.0390625 0.05
0 0.349219 0.708333 0.0265625 0.0333333
0 0.873438 0.764583 0.021875 0.0291667
0 0.515625 0.06875 0.025 0.0375
0 0.642969 0.0635417 0.0265625 0.03125
0 0.910156 0.009375 0.0296875 0.01875
0 0.0859375 0.420833 0.025 0.0291667
0 0.608594 0.910417 0.0234375 0.0291667
0 0.98125 0.357292 0.028125 0.0354167
0 0.160938 0.0104167 0.03125 0.0208333
0 0.9375 0.585417 0.025 0.0333333
0 0.8625 0.376042 0.028125 0.0354167
0 0.800781 0.241667 0.0234375 0.0291667
0 0.201562 0.35625 0.025 0.0333333
0 0.557813 0.296875 0.028125 0.0354167
0 0.557813 0.715625 0.028125 0.0354167
0 0.483594 0.665625 0.0265625 0.0395833
0 0.223438 0.336458 0.028125 0.0354167
0 0.529688 0.530208 0.025 0.0354167
0 0.770312 0.661458 0.025 0.03125
0 0.215625 0.503125 0.028125 0.0354167
0 0.0320312 0.59375 0.0265625 0.0333333
0 0.854688 0.541667 0.034375 0.0416667
0 0.269531 0.341667 0.0265625 0.0333333
0 0.00859375 0.670833 0.0171875 0.0416667
0 0.638281 0.552083 0.0328125 0.0416667
0 0.153906 0.644792 0.0265625 0.03125
0 0.427344 0.611458 0.0296875 0.0395833
0 0.366406 0.738542 0.0265625 0.0354167
0 0.440625 0.476042 0.034375 0.0479167
0 0.0859375 0.196875 0.028125 0.0395833
0 0.157031 0.607292 0.0265625 0.0354167
0 0.289844 0.336458 0.0296875 0.0395833
0 0.588281 0.380208 0.0328125 0.0479167
0 0.603906 0.504167 0.0328125 0.0416667
0 0.071875 0.341667 0.03125 0.0375
0 0.0703125 0.894792 0.03125 0.0395833
0 0.61875 0.282292 0.025 0.0395833
0 0.586719 0.0802083 0.0296875 0.0395833
0 0.319531 0.925 0.0296875 0.0375
0 0.771094 0.219792 0.0328125 0.04375
0 0.470313 0.454167 0.028125 0.0333333
0 0.971875 0.0802083 0.028125 0.0395833
0 0.264844 0.890625 0.0296875 0.0479167
0 0.192969 0.330208 0.0265625 0.0354167
0 0.807031 0.711458 0.0296875 0.04375
0 0.129688 0.209375 0.028125 0.0395833
0 0.75625 0.342708 0.03125 0.0395833
0 0.364844 0.652083 0.0359375 0.0458333
0 0.778906 0.265625 0.0328125 0.04375
0 0.782812 0.096875 0.03125 0.04375
0 0.242969 0.463542 0.0265625 0.0354167
0 0.153906 0.382292 0.0328125 0.04375
0 0.10625 0.933333 0.034375 0.0458333
0 0.915625 0.257292 0.034375 0.0479167
0 0.745313 0.105208 0.0375 0.0520833
