0 0.775 0.255208 0.025 0.0354167
0 0.783594 0.246875 0.0234375 0.0354167
0 0.204688 0.495833 0.021875 0.0333333
0 0.189063 0.344792 0.028125 0.0395833
0 0.917969 0.342708 0.0171875 0.0270833
0 0.411719 0.296875 0.0265625 0.0354167
0 0.124219 0.451042 0.0390625 0.0479167
0 0.895312 0.717708 0.021875 0.03125
0 0.907812 0.00833333 0.028125 0.0166667
0 0.980469 0.355208 0.0265625 0.03125
0 0.157031 0.607292 0.0296875 0.0395833
0 0.532031 0.0875 0.0234375 0.0291667
0 0.158594 0.8125 0.0421875 0.0541667
0 0.974219 0.0833333 0.0265625 0.0375
0 0.2 0.353125 0.034375 0.04375
0 0.31875 0.802083 0.034375 0.0416667
0 0.213281 0.505208 0.0296875 0.0354167
0 0.617188 0.28125 0.025 0.0375
0 0.160938 0.0104167 0.03125 0.0208333
0 0.0859375 0.420833 0.025 0.0291667
0 0.785156 0.096875 0.0296875 0.0395833
0 0.528906 0.059375 0.0265625 0.03125
0 0.803906 0.986458 0.0296875 0.0270833
0 0.154687 0.646875 0.028125 0.0354167
0 0.603906 0.505208 0.0328125 0.04375
0 0.938281 0.596875 0.0234375 0.03125
0 0.638281 0.551042 0.0328125 0.04375
0 0.142969 0.938542 0.0265625 0.0354167
0 0.532812 0.559375 0.025 0.03125
0 0.601562 0.910417 0.028125 0.0333333
0 0.0382813 0.577083 0.0296875 0.0375
0 0.286719 0.335417 0.0296875 0.0416667
0 0.872656 0.764583 0.0265625 0.0375
0 0.102344 0.221875 0.0296875 0.0395833
0 0.483594 0.0479167 0.0296875 0.0375
0 0.4625 0.640625 0.028125 0.0395833
0 0.760156 0.357292 0.0265625 0.0354167
1 0.973437 0.567708 0.053125 0.0770833
0 0.866406 0.373958 0.0328125 0.0395833
0 0.744531 0.102083 0.0359375 0.0541667
0 0.477344 0.448958 0.0328125 0.0395833
0 0.128906 0.211458 0.0296875 0.0395833
0 0.771094 0.659375 0.0265625 0.0354167
0 0.428125 0.610417 0.028125 0.0375
0 0.446094 0.473958 0.0328125 0.0479167
0 0.0203125 0.678125 0.03125 0.0354167
0 0.0703125 0.352083 0.028125 0.0375
0 0.223438 0.3375 0.028125 0.0375
0 0.364062 0.721875 0.03125 0.04375
0 0.584375 0.291667 0.028125 0.0416667
0 0.338281 0.6875 0.0296875 0.0416667
0 0.152344 0.385417 0.0359375 0.0458333
0 0.585938 0.0791667 0.028125 0.0375
0 0.641406 0.0666667 0.0296875 0.0416667
0 0.855469 0.541667 0.0390625 0.05
0 0.557813 0.716667 0.03125 0.0416667
0 0.244531 0.492708 0.0265625 0.0354167
0 0.778906 0.264583 0.0265625 0.0375
0 0.0710938 0.89375 0.0328125 0.0416667
0 0.371094 0.6375 0.0296875 0.0416667
0 0.773438 0.219792 0.028125 0.0395833
0 0.265625 0.289583 0.03125 0.0458333
0 0.10625 0.933333 0.034375 0.0458333
0 0.319531 0.923958 0.0296875 0.0354167
0 0.807031 0.711458 0.0328125 0.04375
0 0.264062 0.891667 0.034375 0.05
0 0.915625 0.255208 0.0375 0.0520833
