0 0.569531 0.747917 0.0171875 0.025
0 0.441406 0.251042 0.0234375 0.03125
0 0.964063 0.0104167 0.034375 0.0208333
0 0.177344 0.133333 0.0234375 0.0333333
0 0.410156 0.297917 0.0265625 0.0333333
0 0.978906 0.0135417 0.0296875 0.0229167
0 0.982031 0.35625 0.0265625 0.0333333
0 0.352344 0.810417 0.0234375 0.0291667
0 0.976562 0.021875 0.025 0.0270833
0 0.00703125 0.253125 0.0140625 0.0354167
0 0.788281 0.935417 0.0265625 0.0416667
0 0.125781 0.453125 0.0359375 0.0479167
0 0.317969 0.801042 0.0328125 0.0395833
0 0.204688 0.49375 0.025 0.0333333
0 0.0851562 0.420833 0.0234375 0.025
0 0.876562 0.384375 0.034375 0.0479167
0 0.161719 0.0104167 0.0328125 0.0208333
0 0.640625 0.551042 0.028125 0.0395833
0 0.274219 0.516667 0.0265625 0.0375
0 0.602344 0.50625 0.0359375 0.0458333
0 0.955469 0.01875 0.0328125 0.0291667
0 0.200781 0.355208 0.0265625 0.0354167
0 0.641406 0.0625 0.0265625 0.0375
0 0.585938 0.908333 0.028125 0.0333333
0 0.157813 0.608333 0.028125 0.0375
0 0.307031 0.245833 0.0296875 0.0375
0 0.154687 0.645833 0.028125 0.0333333
1 0.972656 0.570833 0.0546875 0.0833333
0 0.76875 0.382292 0.028125 0.04375
0 0.559375 0.714583 0.028125 0.0375
0 0.873438 0.765625 0.025 0.0354167
0 0.557813 0.15 0.025 0.0333333
0 0.0585938 0.566667 0.0265625 0.0375
0 0.617188 0.280208 0.025 0.0395833
0 0.975781 0.0802083 0.0296875 0.0395833
0 0.771094 0.658333 0.0265625 0.0333333
0 0.292969 0.6625 0.0484375 0.0541667
0 0.152344 0.384375 0.0328125 0.0395833
0 0.340625 0.759375 0.03125 0.04375
0 0.128125 0.3 0.034375 0.0416667
0 0.485938 0.04375 0.028125 0.0375
0 0.285156 0.335417 0.0296875 0.0416667
0 0.439063 0.472917 0.0375 0.05
0 0.127344 0.214583 0.0296875 0.0416667
0 0.221094 0.338542 0.0265625 0.0354167
0 0.49375 0.446875 0.028125 0.0395833
0 0.945312 0.627083 0.025 0.0333333
0 0.0710938 0.89375 0.0296875 0.0375
0 0.532812 0.059375 0.028125 0.0354167
0 0.784375 0.09375 0.03125 0.0416667
0 0.571875 0.260417 0.028125 0.0416667
0 0.571094 0.605208 0.0265625 0.0354167
0 0.186719 0.376042 0.0265625 0.03125
0 0.782031 0.260417 0.0296875 0.0416667
0 0.0125 0.69375 0.025 0.0416667
0 0.5875 0.0760417 0.028125 0.0395833
0 0.424219 0.610417 0.0296875 0.0416667
0 0.217187 0.501042 0.03125 0.04375
0 0.0648438 0.359375 0.0328125 0.0479167
0 0.265625 0.891667 0.034375 0.05
0 0.319531 0.920833 0.0296875 0.0375
0 0.352344 0.626042 0.0328125 0.04375
0 0.807813 0.70625 0.03125 0.0416667
0 0.771094 0.217708 0.0359375 0.0479167
0 0.107031 0.933333 0.0359375 0.0458333
0 0.132812 0.889583 0.028125 0.0416667
0 0.854688 0.538542 0.0375 0.0479167
0 0.744531 0.102083 0.0390625 0.0541667
0 0.917188 0.253125 0.040625 0.0520833
