0 0.985937 0.009375 0.021875 0.01875
0 0.970312 0.0104167 0.040625 0.0208333
0 0.895312 0.71875 0.021875 0.0291667
0 0.977344 0.0239583 0.0265625 0.0270833
0 0.125 0.451042 0.0375 0.0479167
0 0.317969 0.802083 0.0296875 0.0375
0 0.642969 0.0760417 0.0234375 0.03125
0 0.588281 0.379167 0.0328125 0.0458333
0 0.00546875 0.846875 0.0109375 0.0395833
0 0.20625 0.494792 0.021875 0.03125
1 0.974219 0.566667 0.0515625 0.0833333
1 0.967188 0.0197917 0.0625 0.0395833
0 0.859375 0.373958 0.028125 0.0354167
0 0.958594 0.0197917 0.0296875 0.0270833
0 0.980469 0.357292 0.0265625 0.0354167
0 0.157031 0.813542 0.0359375 0.0479167
0 0.873438 0.763542 0.021875 0.03125
0 0.2 0.353125 0.028125 0.0354167
0 0.908594 0.009375 0.0296875 0.01875
0 0.353906 0.717708 0.0234375 0.03125
0 0.557813 0.3 0.025 0.0333333
0 0.0851562 0.421875 0.0234375 0.0270833
0 0.6125 0.9125 0.025 0.0291667
0 0.160938 0.0104167 0.03125 0.0208333
0 0.974219 0.0833333 0.0296875 0.0375
0 0.0734375 0.194792 0.03125 0.04375
0 0.485156 0.05 0.0265625 0.0333333
0 0.471094 0.679167 0.0265625 0.0333333
0 0.642187 0.0625 0.025 0.0291667
0 0.071875 0.341667 0.028125 0.0375
0 0.367188 0.727083 0.025 0.0333333
0 0.559375 0.717708 0.028125 0.0354167
0 0.586719 0.08125 0.0296875 0.0375
0 0.272656 0.341667 0.0265625 0.0333333
0 0.638281 0.554167 0.0328125 0.0416667
0 0.770312 0.661458 0.025 0.03125
0 0.286719 0.339583 0.0359375 0.0375
0 0.538281 0.517708 0.0296875 0.0354167
0 0.369531 0.661458 0.0296875 0.0354167
0 0.157031 0.608333 0.0265625 0.0333333
0 0.428125 0.613542 0.028125 0.0395833
0 0.215625 0.504167 0.028125 0.0375
0 0.771875 0.221875 0.03125 0.0395833
0 0.153906 0.645833 0.0265625 0.0333333
0 0.0101562 0.666667 0.0203125 0.0416667
0 0.61875 0.282292 0.025 0.0395833
0 0.224219 0.336458 0.0296875 0.0395833
0 0.854688 0.541667 0.0375 0.0458333
0 0.603906 0.504167 0.0296875 0.0375
0 0.264844 0.891667 0.0296875 0.0458333
0 0.935156 0.583333 0.0265625 0.0375
0 0.80625 0.244792 0.028125 0.0354167
0 0.441406 0.476042 0.0359375 0.0479167
0 0.524219 0.0604167 0.0328125 0.0375
0 0.0710938 0.894792 0.0296875 0.0354167
0 0.194531 0.327083 0.0265625 0.0375
0 0.751562 0.344792 0.03125 0.04375
0 0.0296875 0.6 0.028125 0.0333333
0 0.319531 0.925 0.0296875 0.0375
0 0.251563 0.453125 0.028125 0.0354167
0 0.470313 0.45 0.028125 0.0333333
0 0.128906 0.209375 0.0296875 0.0395833
0 0.153906 0.382292 0.0328125 0.04375
0 0.779688 0.265625 0.028125 0.0395833
0 0.807813 0.713542 0.03125 0.04375
0 0.782812 0.096875 0.03125 0.04375
0 0.10625 0.933333 0.034375 0.0458333
0 0.746875 0.107292 0.0375 0.0520833
0 0.915625 0.257292 0.034375 0.0479167
