0 0.791406 0.00729167 0.0296875 0.0145833
0 0.35 0.811458 0.01875 0.0270833
1 0.9625 0.021875 0.065625 0.04375
0 0.292188 0.6625 0.04375 0.0541667
0 0.978906 0.0114583 0.0296875 0.0229167
0 0.00546875 0.591667 0.0109375 0.0375
0 0.8875 0.046875 0.04375 0.05625
0 0.976562 0.0229167 0.028125 0.0333333
0 0.532812 0.009375 0.0375 0.01875
0 0.410937 0.297917 0.025 0.0333333
0 0.586719 0.0822917 0.0265625 0.0354167
0 0.771094 0.6625 0.0328125 0.0375
0 0.807813 0.715625 0.03125 0.04375
0 0.980469 0.359375 0.0234375 0.03125
0 0.159375 0.607292 0.0375 0.0479167
0 0.604688 0.503125 0.0375 0.0520833
0 0.226562 0.18125 0.021875 0.0333333
0 0.44375 0.455208 0.034375 0.04375
0 0.125 0.451042 0.04375 0.05625
0 0.90625 0.0135417 0.03125 0.0270833
0 0.258594 0.821875 0.0421875 0.0479167
0 0.31875 0.803125 0.034375 0.04375
0 0.200781 0.354167 0.0328125 0.0416667
0 0.00859375 0.884375 0.0171875 0.04375
0 0.739062 0.321875 0.028125 0.0395833
0 0.933594 0.555208 0.0234375 0.0354167
0 0.424219 0.616667 0.0296875 0.0416667
0 0.380469 0.758333 0.0265625 0.0333333
0 0.802344 0.305208 0.0296875 0.04375
0 0.264062 0.889583 0.040625 0.0541667
0 0.633594 0.916667 0.0234375 0.0333333
0 0.860937 0.35 0.03125 0.0375
0 0.321875 0.926042 0.028125 0.0354167
0 0.519531 0.0635417 0.0265625 0.0354167
0 0.235156 0.375 0.0328125 0.0416667
0 0.178906 0.133333 0.0328125 0.0458333
0 0.872656 0.765625 0.0296875 0.0395833
0 0.152344 0.646875 0.0359375 0.04375
0 0.559375 0.719792 0.03125 0.0395833
0 0.160938 0.0145833 0.034375 0.0291667
0 0.5875 0.376042 0.0375 0.0520833
0 0.222656 0.335417 0.0296875 0.0416667
0 0.957812 0.0208333 0.034375 0.0333333
1 0.972656 0.56875 0.0546875 0.0833333
0 0.157031 0.813542 0.0484375 0.0604167
0 0.128906 0.214583 0.0328125 0.0416667
0 0.390625 0.672917 0.028125 0.0416667
0 0.780469 0.267708 0.0359375 0.0479167
0 0.0859375 0.420833 0.03125 0.0416667
0 0.646875 0.0729167 0.03125 0.0375
0 0.505469 0.721875 0.0328125 0.0395833
0 0.565625 0.329167 0.034375 0.0416667
0 0.446875 0.479167 0.040625 0.0541667
0 0.975 0.0854167 0.028125 0.0416667
0 0.782812 0.104167 0.03125 0.0458333
0 0.619531 0.28125 0.0296875 0.0458333
0 0.0125 0.489583 0.025 0.0458333
0 0.499219 0.507292 0.0296875 0.04375
0 0.289062 0.338542 0.03125 0.0395833
0 0.370313 0.725 0.03125 0.0375
0 0.210938 0.50625 0.03125 0.0458333
0 0.0703125 0.894792 0.0375 0.04375
0 0.046875 0.135417 0.034375 0.0416667
0 0.0679687 0.327083 0.0328125 0.0458333
0 0.505469 0.021875 0.0390625 0.0395833
0 0.03125 0.658333 0.03125 0.0416667
0 0.224219 0.427083 0.0328125 0.0416667
0 0.482812 0.05625 0.028125 0.0375
0 0.914844 0.255208 0.0421875 0.05625
0 0.153125 0.385417 0.040625 0.0541667
0 0.771875 0.225 0.03125 0.0375
0 0.636719 0.55625 0.0390625 0.05
0 0.745313 0.104167 0.046875 0.0625
0 0.194531 0.290625 0.0390625 0.05625
