0 0.969531 0.0104167 0.0421875 0.0208333
0 0.580469 0.378125 0.0265625 0.04375
0 0.989062 0.0104167 0.021875 0.0208333
0 0.978906 0.359375 0.0234375 0.0270833
0 0.290625 0.661458 0.040625 0.0520833
0 0.204688 0.49375 0.028125 0.0416667
0 0.853906 0.546875 0.0359375 0.0520833
0 0.157813 0.609375 0.03125 0.0395833
0 0.541406 0.78125 0.0265625 0.0333333
0 0.603125 0.504167 0.034375 0.0458333
0 0.410937 0.298958 0.028125 0.0354167
0 0.807031 0.720833 0.0359375 0.05
0 0.444531 0.488542 0.0328125 0.04375
0 0.653125 0.91875 0.028125 0.0333333
0 0.398438 0.705208 0.025 0.0354167
0 0.398438 0.682292 0.025 0.0270833
0 0.533594 0.009375 0.0296875 0.01875
0 0.200781 0.351042 0.0296875 0.0354167
0 0.771094 0.663542 0.0296875 0.0354167
0 0.955469 0.0239583 0.0328125 0.03125
0 0.161719 0.0114583 0.0328125 0.0229167
0 0.517187 0.0635417 0.025 0.03125
0 0.559375 0.71875 0.028125 0.0375
0 0.895312 0.723958 0.025 0.0354167
0 0.904688 0.0145833 0.03125 0.0291667
0 0.586719 0.084375 0.0296875 0.0354167
0 0.225781 0.332292 0.0328125 0.04375
0 0.647656 0.078125 0.0296875 0.0354167
0 0.594531 0.358333 0.0234375 0.0333333
0 0.427344 0.616667 0.0265625 0.0375
0 0.153125 0.646875 0.03125 0.0395833
0 0.783594 0.10625 0.0296875 0.0416667
0 0.975781 0.084375 0.0296875 0.04375
0 0.228125 0.179167 0.025 0.0333333
0 0.289844 0.3375 0.0296875 0.0375
0 0.480469 0.477083 0.0265625 0.0375
0 0.180469 0.134375 0.0296875 0.0354167
0 0.403125 0.809375 0.03125 0.0395833
0 0.0117188 0.0697917 0.0234375 0.0395833
0 0.482812 0.0604167 0.028125 0.0375
0 0.890625 0.952083 0.028125 0.0333333
0 0.779688 0.271875 0.03125 0.04375
0 0.639844 0.55625 0.0328125 0.0416667
0 0.421094 0.45625 0.0296875 0.0375
0 0.844531 0.353125 0.0296875 0.0354167
0 0.927344 0.519792 0.0296875 0.0395833
0 0.195312 0.415625 0.03125 0.04375
0 0.0242187 0.526042 0.0328125 0.04375
0 0.0859375 0.420833 0.028125 0.0375
0 0.0125 0.911458 0.025 0.04375
0 0.620313 0.284375 0.028125 0.04375
1 0.972656 0.572917 0.0546875 0.0833333
0 0.2125 0.509375 0.03125 0.0395833
0 0.0765625 0.320833 0.03125 0.0375
0 0.0679687 0.021875 0.0328125 0.0395833
0 0.873438 0.765625 0.028125 0.0395833
0 0.322656 0.927083 0.0296875 0.0375
0 0.148438 0.383333 0.03125 0.0416667
0 0.838281 0.307292 0.0296875 0.0395833
0 0.264844 0.890625 0.0359375 0.0520833
0 0.128906 0.216667 0.0296875 0.0416667
0 0.0710938 0.89375 0.0390625 0.0458333
0 0.0210938 0.645833 0.0328125 0.0458333
0 0.717188 0.265625 0.028125 0.0395833
0 0.767969 0.225 0.0296875 0.0375
0 0.9125 0.259375 0.040625 0.0520833
0 0.19375 0.254167 0.03125 0.0458333
0 0.74375 0.107292 0.040625 0.05625
