0 0.128125 0.776042 0.021875 0.0229167
0 0.840625 0.880208 0.03125 0.0395833
1 0.959375 0.0208333 0.065625 0.0416667
0 0.35 0.8125 0.01875 0.0291667
0 0.980469 0.0104167 0.0296875 0.0208333
1 0.646875 0.0802083 0.04375 0.0520833
0 0.053125 0.00729167 0.03125 0.0145833
0 0.960938 0.0145833 0.034375 0.0208333
0 0.851562 0.54375 0.034375 0.0458333
0 0.978125 0.0229167 0.025 0.0291667
0 0.603906 0.505208 0.0328125 0.0479167
0 0.158594 0.609375 0.0296875 0.0395833
0 0.410156 0.297917 0.0296875 0.0375
0 0.807031 0.719792 0.0328125 0.0479167
0 0.645312 0.0854167 0.025 0.0291667
0 0.980469 0.359375 0.0234375 0.03125
0 0.15625 0.8125 0.05 0.0625
0 0.64375 0.0739583 0.025 0.03125
0 0.586719 0.0833333 0.0265625 0.0333333
0 0.0851562 0.423958 0.0296875 0.0395833
0 0.905469 0.0135417 0.0296875 0.0270833
0 0.257031 0.825 0.0421875 0.05
0 0.533594 0.00833333 0.0296875 0.0166667
0 0.0117188 0.515625 0.0234375 0.04375
0 0.214062 0.507292 0.028125 0.0395833
0 0.78125 0.270833 0.03125 0.0416667
0 0.292188 0.6625 0.05 0.0583333
0 0.51875 0.0635417 0.025 0.0354167
0 0.200781 0.352083 0.0328125 0.0416667
0 0.957812 0.0229167 0.03125 0.0291667
0 0.153906 0.647917 0.0296875 0.0375
0 0.00859375 0.903125 0.0171875 0.0395833
0 0.1625 0.0125 0.034375 0.025
0 0.64375 0.91875 0.025 0.0333333
0 0.378906 0.697917 0.0296875 0.0375
0 0.435156 0.446875 0.0265625 0.03125
0 0.392969 0.780208 0.0265625 0.0395833
0 0.638281 0.555208 0.0390625 0.0479167
0 0.48125 0.494792 0.025 0.0354167
0 0.398438 0.692708 0.03125 0.0354167
0 0.124219 0.448958 0.0421875 0.05625
0 0.227344 0.180208 0.0265625 0.0354167
0 0.577344 0.341667 0.0265625 0.0333333
0 0.152344 0.3875 0.0359375 0.0458333
1 0.972656 0.569792 0.0546875 0.08125
0 0.508594 0.758333 0.0265625 0.0375
0 0.223438 0.334375 0.03125 0.04375
0 0.178906 0.133333 0.0265625 0.0375
0 0.321875 0.926042 0.028125 0.0354167
0 0.619531 0.282292 0.0265625 0.0395833
0 0.828906 0.297917 0.0296875 0.0416667
0 0.289062 0.336458 0.03125 0.0395833
0 0.558594 0.719792 0.0296875 0.0354167
0 0.873438 0.765625 0.028125 0.0395833
0 0.0757812 0.328125 0.0296875 0.0395833
0 0.423438 0.616667 0.028125 0.0416667
0 0.0289063 0.103125 0.0296875 0.0354167
0 0.782031 0.102083 0.0296875 0.0416667
0 0.973437 0.084375 0.028125 0.0395833
0 0.482812 0.0572917 0.03125 0.04375
0 0.852344 0.346875 0.0328125 0.0395833
0 0.901563 0.970833 0.03125 0.0416667
0 0.771094 0.6625 0.0328125 0.0375
0 0.732813 0.305208 0.034375 0.0479167
0 0.771094 0.225 0.0296875 0.0375
0 0.930469 0.533333 0.0265625 0.0375
0 0.0289063 0.65 0.0328125 0.0416667
0 0.746094 0.108333 0.0421875 0.0583333
0 0.128906 0.21875 0.0328125 0.0416667
0 0.914062 0.25625 0.040625 0.0541667
0 0.0710938 0.89375 0.0390625 0.0458333
0 0.220313 0.4 0.034375 0.0416667
0 0.197656 0.273958 0.0359375 0.0520833
0 0.264062 0.888542 0.040625 0.05625
