0 0.979688 0.009375 0.028125 0.01875
0 0.90625 0.00729167 0.03125 0.0145833
0 0.530469 0.00729167 0.0390625 0.0145833
0 0.410937 0.297917 0.028125 0.0375
0 0.978125 0.0208333 0.025 0.025
0 0.916406 0.342708 0.0171875 0.03125
0 0.204688 0.495833 0.021875 0.0333333
0 0.958594 0.0104167 0.0296875 0.0166667
0 0.894531 0.715625 0.0203125 0.03125
0 0.124219 0.451042 0.0390625 0.0479167
0 0.95625 0.0229167 0.028125 0.025
0 0.559375 0.715625 0.028125 0.0354167
0 0.98125 0.355208 0.028125 0.03125
0 0.640625 0.55 0.028125 0.0375
0 0.084375 0.421875 0.025 0.03125
0 0.317969 0.801042 0.0328125 0.0395833
0 0.855469 0.540625 0.0390625 0.0520833
0 0.107031 0.933333 0.0328125 0.0416667
0 0.603906 0.50625 0.0359375 0.0458333
0 0.157813 0.8125 0.04375 0.0541667
0 0.161719 0.0114583 0.0328125 0.0229167
1 0.971094 0.566667 0.0578125 0.0833333
0 0.217187 0.50625 0.028125 0.0333333
0 0.427344 0.610417 0.0296875 0.0375
0 0.567969 0.29375 0.0265625 0.0333333
0 0.158594 0.60625 0.0296875 0.0375
0 0.591406 0.910417 0.0296875 0.0375
0 0.466406 0.6125 0.0296875 0.0375
0 0.553906 0.567708 0.0328125 0.04375
0 0.359375 0.74375 0.028125 0.0375
0 0.154687 0.646875 0.028125 0.0354167
0 0.771094 0.658333 0.0265625 0.0333333
0 0.0484375 0.5875 0.03125 0.0375
0 0.872656 0.766667 0.0265625 0.0375
0 0.289844 0.26875 0.0296875 0.0416667
0 0.278906 0.488542 0.0296875 0.0354167
0 0.0226563 0.696875 0.0296875 0.0354167
0 0.538281 0.120833 0.0296875 0.0458333
0 0.5875 0.078125 0.028125 0.0354167
0 0.617969 0.28125 0.0265625 0.0416667
0 0.441406 0.471875 0.0390625 0.0520833
0 0.0101562 0.221875 0.0203125 0.04375
0 0.785156 0.0958333 0.0296875 0.0375
0 0.221875 0.338542 0.03125 0.04375
0 0.116406 0.255208 0.0296875 0.0354167
0 0.642187 0.0677083 0.028125 0.0395833
0 0.0640625 0.355208 0.028125 0.0354167
0 0.485938 0.442708 0.03125 0.0395833
0 0.128125 0.211458 0.028125 0.0395833
0 0.940625 0.615625 0.03125 0.04375
0 0.485938 0.0458333 0.03125 0.0375
0 0.285937 0.3375 0.03125 0.0416667
0 0.152344 0.385417 0.0359375 0.0458333
0 0.360938 0.632292 0.034375 0.04375
0 0.321094 0.677083 0.0296875 0.0416667
0 0.873438 0.376042 0.034375 0.04375
0 0.791406 0.959375 0.0296875 0.04375
0 0.746094 0.103125 0.0359375 0.0520833
0 0.769531 0.363542 0.0296875 0.0395833
0 0.1375 0.911458 0.028125 0.0395833
0 0.773438 0.220833 0.034375 0.0458333
0 0.533594 0.0583333 0.0265625 0.0375
0 0.973437 0.0822917 0.028125 0.0395833
0 0.0710938 0.89375 0.0328125 0.0416667
0 0.198437 0.35625 0.0375 0.0458333
0 0.264062 0.890625 0.034375 0.0520833
0 0.807031 0.709375 0.0328125 0.04375
0 0.783594 0.261458 0.0328125 0.0395833
0 0.319531 0.922917 0.0296875 0.0375
0 0.916406 0.253125 0.0390625 0.0520833
