0 0.895312 0.713542 0.021875 0.0270833
0 0.967188 0.986458 0.0375 0.0229167
0 0.982031 0.35625 0.0265625 0.0375
0 0.963281 0.0104167 0.0328125 0.0208333
0 0.917188 0.342708 0.01875 0.0270833
0 0.584375 0.389583 0.0375 0.05
0 0.300781 0.638542 0.0234375 0.03125
0 0.889844 0.604167 0.0296875 0.0416667
1 0.973437 0.565625 0.05 0.0854167
0 0.350781 0.809375 0.0234375 0.0270833
0 0.317969 0.8 0.0328125 0.0375
0 0.152344 0.384375 0.0296875 0.0395833
0 0.641406 0.0614583 0.0296875 0.04375
0 0.0851562 0.420833 0.0234375 0.0291667
0 0.95625 0.01875 0.03125 0.0291667
0 0.203906 0.49375 0.0203125 0.0291667
0 0.603125 0.504167 0.03125 0.0416667
0 0.582812 0.908333 0.028125 0.0333333
0 0.336719 0.770833 0.0265625 0.0333333
0 0.157813 0.608333 0.028125 0.0375
0 0.589844 0.590625 0.0296875 0.0354167
0 0.161719 0.0104167 0.0328125 0.0208333
0 0.560156 0.265625 0.0265625 0.0395833
0 0.154687 0.644792 0.028125 0.0354167
0 0.770312 0.657292 0.025 0.03125
0 0.873438 0.765625 0.025 0.0354167
0 0.558594 0.713542 0.0296875 0.0395833
0 0.216406 0.501042 0.0265625 0.0354167
0 0.0132813 0.271875 0.0234375 0.0354167
0 0.499219 0.448958 0.0296875 0.0395833
0 0.424219 0.579167 0.0265625 0.0333333
0 0.428125 0.60625 0.028125 0.0375
0 0.320312 0.211458 0.028125 0.0354167
0 0.778906 0.916667 0.0265625 0.0375
0 0.782812 0.3875 0.028125 0.0333333
0 0.0648438 0.551042 0.0296875 0.0395833
0 0.485156 0.0447917 0.0296875 0.0395833
0 0.572656 0.167708 0.0296875 0.04375
0 0.976562 0.0802083 0.03125 0.04375
0 0.199219 0.354167 0.0265625 0.0375
0 0.286719 0.335417 0.0328125 0.0458333
0 0.639063 0.551042 0.03125 0.0395833
0 0.5875 0.078125 0.028125 0.0395833
0 0.875781 0.395833 0.0296875 0.0375
0 0.773438 0.214583 0.034375 0.0458333
0 0.221875 0.335417 0.025 0.0375
0 0.784375 0.09375 0.034375 0.0416667
0 0.188281 0.389583 0.0265625 0.0375
0 0.31875 0.921875 0.028125 0.0395833
0 0.752344 0.240625 0.0296875 0.0395833
0 0.128906 0.211458 0.0296875 0.0395833
0 0.0109375 0.709375 0.021875 0.0479167
0 0.129688 0.319792 0.03125 0.04375
0 0.616406 0.279167 0.0265625 0.0416667
0 0.0632813 0.359375 0.0296875 0.0395833
0 0.784375 0.255208 0.028125 0.0395833
0 0.349219 0.611458 0.0328125 0.0395833
0 0.283594 0.494792 0.0296875 0.0395833
0 0.946875 0.640625 0.028125 0.0354167
0 0.535937 0.0552083 0.03125 0.0395833
0 0.439844 0.470833 0.0359375 0.05
0 0.0710938 0.891667 0.0328125 0.0375
0 0.807031 0.705208 0.0328125 0.04375
0 0.855469 0.5375 0.0359375 0.0458333
0 0.11875 0.878125 0.03125 0.0395833
0 0.265625 0.891667 0.034375 0.05
0 0.107031 0.932292 0.0359375 0.0479167
0 0.744531 0.102083 0.0390625 0.0541667
0 0.917969 0.253125 0.0390625 0.0520833
