0 0.528125 0.00729167 0.040625 0.0145833
0 0.201562 0.492708 0.01875 0.0270833
0 0.157813 0.811458 0.040625 0.0520833
0 0.438281 0.614583 0.0265625 0.0333333
0 0.20625 0.495833 0.021875 0.0333333
0 0.107031 0.935417 0.0328125 0.0458333
0 0.124219 0.452083 0.0390625 0.0458333
0 0.915625 0.342708 0.01875 0.0270833
0 0.980469 0.355208 0.0265625 0.03125
0 0.294531 0.661458 0.0484375 0.0520833
0 0.603125 0.50625 0.034375 0.0458333
0 0.896094 0.7125 0.0234375 0.0291667
0 0.313281 0.247917 0.0296875 0.0375
0 0.198437 0.354167 0.028125 0.0375
0 0.217969 0.504167 0.0265625 0.0333333
0 0.770312 0.658333 0.028125 0.0333333
0 0.161719 0.0114583 0.0328125 0.0229167
0 0.559375 0.715625 0.028125 0.0354167
0 0.0867188 0.421875 0.0234375 0.03125
0 0.782812 0.946875 0.028125 0.0395833
0 0.317969 0.8 0.0328125 0.0375
0 0.975 0.08125 0.028125 0.0416667
0 0.95625 0.021875 0.034375 0.03125
0 0.640625 0.55 0.028125 0.0375
0 0.424219 0.610417 0.0296875 0.0375
0 0.558594 0.141667 0.0265625 0.0375
0 0.157813 0.608333 0.028125 0.0375
0 0.550781 0.59375 0.0265625 0.0375
0 0.153906 0.646875 0.0296875 0.0354167
0 0.151562 0.385417 0.03125 0.0416667
0 0.439063 0.472917 0.040625 0.0541667
0 0.286719 0.334375 0.0296875 0.0395833
0 0.491406 0.446875 0.0296875 0.0354167
0 0.941406 0.622917 0.0265625 0.0333333
0 0.588281 0.909375 0.0296875 0.0354167
0 0.617188 0.280208 0.025 0.0395833
0 0.642187 0.065625 0.028125 0.0395833
0 0.0148437 0.695833 0.0296875 0.0416667
0 0.873438 0.766667 0.025 0.0375
0 0.785156 0.096875 0.0296875 0.0395833
0 0.128125 0.2125 0.028125 0.0416667
0 0.485938 0.0447917 0.028125 0.0354167
0 0.184375 0.371875 0.028125 0.0354167
0 0.0632813 0.360417 0.0296875 0.0416667
0 0.0554687 0.567708 0.0328125 0.0395833
0 0.561719 0.258333 0.0265625 0.0375
0 0.782812 0.261458 0.028125 0.0395833
0 0.344531 0.766667 0.0265625 0.0375
0 0.586719 0.0770833 0.0296875 0.0375
0 0.53125 0.059375 0.03125 0.0354167
0 0.264844 0.891667 0.0359375 0.05
0 0.134375 0.896875 0.028125 0.0354167
1 0.972656 0.567708 0.0546875 0.0854167
0 0.854688 0.539583 0.0375 0.05
0 0.773438 0.375 0.028125 0.0375
0 0.274219 0.507292 0.0296875 0.0395833
0 0.0710938 0.89375 0.0328125 0.0375
0 0.350781 0.629167 0.0359375 0.0458333
0 0.319531 0.920833 0.0296875 0.0375
0 0.872656 0.382292 0.0328125 0.04375
0 0.807031 0.707292 0.0328125 0.0395833
0 0.108594 0.294792 0.0328125 0.04375
0 0.221875 0.3375 0.028125 0.0416667
0 0.771094 0.225 0.0359375 0.0458333
0 0.915625 0.252083 0.040625 0.0541667
0 0.74375 0.103125 0.040625 0.05625
