0 0.978125 0.360417 0.01875 0.025
0 0.971094 0.009375 0.0359375 0.01875
0 0.853906 0.548958 0.0328125 0.04375
0 0.122656 0.447917 0.0359375 0.0458333
0 0.713281 0.00729167 0.0265625 0.0145833
0 0.916406 0.351042 0.0171875 0.0270833
0 0.992188 0.0166667 0.015625 0.0333333
0 0.157813 0.613542 0.03125 0.0395833
0 0.410937 0.298958 0.028125 0.0354167
0 0.585938 0.084375 0.028125 0.0354167
0 0.603906 0.505208 0.0359375 0.0479167
0 0.582031 0.379167 0.0296875 0.0375
0 0.657031 0.91875 0.0265625 0.0333333
0 0.00703125 0.06875 0.0140625 0.0416667
0 0.807031 0.721875 0.0328125 0.04375
0 0.2 0.351042 0.03125 0.0395833
0 0.410937 0.685417 0.025 0.0333333
0 0.528125 0.804167 0.028125 0.0375
0 0.533594 0.009375 0.0296875 0.01875
0 0.559375 0.71875 0.028125 0.0375
0 0.782031 0.108333 0.0328125 0.0458333
0 0.153125 0.646875 0.03125 0.0395833
0 0.648438 0.0854167 0.028125 0.0333333
0 0.1625 0.0114583 0.034375 0.0229167
0 0.905469 0.015625 0.0296875 0.03125
0 0.516406 0.0645833 0.0234375 0.0333333
0 0.465625 0.459375 0.025 0.03125
0 0.771094 0.663542 0.0296875 0.0354167
0 0.411719 0.810417 0.0265625 0.0333333
0 0.957031 0.0229167 0.0328125 0.0333333
0 0.228125 0.180208 0.025 0.0354167
0 0.839063 0.348958 0.028125 0.0395833
0 0.716406 0.260417 0.0234375 0.0375
0 0.883594 0.951042 0.0296875 0.0395833
0 0.0734375 0.322917 0.028125 0.0375
0 0.225 0.335417 0.03125 0.0458333
0 0.482031 0.0604167 0.0265625 0.0375
0 0.620313 0.285417 0.025 0.0416667
0 0.289844 0.338542 0.0296875 0.0395833
0 0.322656 0.929167 0.0296875 0.0375
0 0.0859375 0.420833 0.028125 0.0375
0 0.209375 0.4375 0.028125 0.0375
0 0.0242187 0.528125 0.0328125 0.04375
0 0.211719 0.511458 0.0296875 0.0395833
0 0.427344 0.619792 0.0296875 0.0395833
0 0.191406 0.413542 0.0296875 0.0395833
0 0.895312 0.723958 0.025 0.0354167
0 0.779688 0.272917 0.03125 0.0416667
0 0.872656 0.764583 0.0296875 0.0375
0 0.6375 0.557292 0.034375 0.04375
1 0.972656 0.567708 0.0546875 0.08125
0 0.150781 0.379167 0.0359375 0.0458333
0 0.927344 0.511458 0.0296875 0.0395833
0 0.264844 0.891667 0.0359375 0.05
0 0.411719 0.45625 0.0296875 0.0333333
0 0.18125 0.134375 0.028125 0.0395833
0 0.0710938 0.89375 0.0390625 0.0458333
0 0.847656 0.309375 0.0296875 0.0395833
0 0.128906 0.217708 0.0296875 0.0395833
0 0.19375 0.248958 0.034375 0.0479167
0 0.972656 0.0833333 0.0265625 0.0375
0 0.766406 0.227083 0.0296875 0.0375
0 0.0171875 0.635417 0.03125 0.0458333
0 0.0507812 0.0197917 0.0296875 0.0395833
0 0.0148437 0.921875 0.0296875 0.0479167
0 0.396875 0.708333 0.028125 0.0375
0 0.913281 0.259375 0.0390625 0.0520833
0 0.74375 0.107292 0.040625 0.05625
