0 0.0867188 0.422917 0.0234375 0.0291667
0 0.805469 0.688542 0.0390625 0.05625
0 0.938281 0.411458 0.0359375 0.0520833
0 0.970312 0.552083 0.034375 0.0458333
0 0.889844 0.595833 0.0296875 0.0416667
0 0.855469 0.529167 0.0421875 0.0583333
0 0.775 0.213542 0.0375 0.0479167
0 0.285937 0.333333 0.03125 0.0416667
0 0.969531 0.978125 0.0421875 0.0354167
0 0.349219 0.808333 0.0234375 0.0291667
0 0.600781 0.239583 0.0359375 0.0458333
0 0.863281 0.5125 0.0328125 0.0458333
0 0.135156 0.525 0.0328125 0.0416667
0 0.590625 0.06875 0.03125 0.0458333
0 0.89375 0.698958 0.025 0.0354167
0 0.678906 0.1375 0.0265625 0.0333333
0 0.124219 0.454167 0.0359375 0.05
0 0.6375 0.0489583 0.034375 0.0479167
0 0.873438 0.7625 0.025 0.0333333
0 0.904688 0.009375 0.03125 0.01875
0 0.515625 0.928125 0.028125 0.0354167
0 0.221094 0.339583 0.0234375 0.0333333
0 0.95625 0.0145833 0.040625 0.0291667
0 0.704687 0.707292 0.025 0.0354167
0 0.264844 0.892708 0.0296875 0.0395833
0 0.171094 0.520833 0.0296875 0.0375
0 0.157031 0.60625 0.0265625 0.0333333
0 0.673437 0.352083 0.028125 0.0375
0 0.201562 0.354167 0.021875 0.0291667
0 0.151562 0.379167 0.03125 0.0416667
0 0.55625 0.084375 0.025 0.0395833
0 0.1 0.975 0.0375 0.0416667
0 0.796875 0.0770833 0.03125 0.0458333
0 0.0382813 0.129167 0.0296875 0.0416667
0 0.739844 0.0979167 0.0359375 0.05
0 0.0101562 0.564583 0.0203125 0.0416667
0 0.160156 0.0135417 0.0328125 0.0270833
0 0.316406 0.915625 0.0328125 0.0395833
0 0.0851562 0.4625 0.0265625 0.0375
0 0.353906 0.347917 0.0265625 0.0375
0 0.664844 0.726042 0.0265625 0.0354167
0 0.610156 0.264583 0.0328125 0.0541667
0 0.826563 0.516667 0.03125 0.0416667
0 0.326562 0.757292 0.028125 0.0354167
0 0.80625 0.247917 0.034375 0.0458333
0 0.976562 0.075 0.040625 0.0541667
0 0.153906 0.64375 0.0234375 0.0291667
0 0.782812 0.0864583 0.03125 0.04375
0 0.0125 0.953125 0.025 0.0395833
0 0.360156 0.552083 0.0296875 0.0375
0 0.0117188 0.776042 0.0234375 0.04375
0 0.548437 0.0552083 0.03125 0.0395833
0 0.128906 0.203125 0.0296875 0.0395833
0 0.296875 0.653125 0.0375 0.0479167
0 0.567969 0.466667 0.0296875 0.0375
0 0.604688 0.505208 0.034375 0.04375
0 0.157031 0.808333 0.0421875 0.0583333
0 0.535156 0.16875 0.0265625 0.0375
0 0.638281 0.542708 0.0390625 0.0479167
0 0.26875 0.61875 0.028125 0.0375
0 0.479688 0.03125 0.034375 0.0458333
0 0.559375 0.709375 0.0375 0.0479167
0 0.76875 0.65 0.028125 0.0375
0 0.03125 0.7125 0.03125 0.0416667
0 0.43125 0.605208 0.04375 0.05625
0 0.960156 0.767708 0.0359375 0.0479167
0 0.257031 0.801042 0.0421875 0.0520833
0 0.207031 0.586458 0.0265625 0.0354167
0 0.579687 0.382292 0.040625 0.0520833
0 0.0554687 0.416667 0.0296875 0.0375
0 0.484375 0.125 0.034375 0.0458333
0 0.0726563 0.89375 0.0328125 0.0375
0 0.107031 0.93125 0.0359375 0.0458333
0 0.435937 0.457292 0.04375 0.0604167
0 0.921094 0.246875 0.0390625 0.0520833
0 0.289844 0.51875 0.0359375 0.0458333
0 0.224219 0.49375 0.0328125 0.0458333
