0 0.890625 0.611458 0.028125 0.0395833
0 0.255469 0.847917 0.0359375 0.0458333
1 0.966406 0.028125 0.0640625 0.05625
0 0.967969 0.0229167 0.0265625 0.0291667
0 0.210938 0.511458 0.028125 0.0354167
1 0.486719 0.101042 0.0484375 0.05625
0 0.480469 0.0989583 0.0234375 0.0354167
0 0.228125 0.1875 0.021875 0.0375
0 0.950781 0.0302083 0.0296875 0.0395833
0 0.902344 0.75 0.0234375 0.0333333
0 0.721875 0.25625 0.03125 0.05
0 0.492188 0.1 0.025 0.0333333
0 0.189844 0.14375 0.0265625 0.0375
0 0.225781 0.334375 0.0328125 0.04375
0 0.196875 0.475 0.025 0.0333333
0 0.975 0.376042 0.021875 0.0270833
0 0.78125 0.130208 0.025 0.0395833
0 0.2 0.348958 0.028125 0.0395833
0 0.561719 0.729167 0.0296875 0.0375
0 0.1625 0.0104167 0.03125 0.0208333
0 0.795313 0.009375 0.028125 0.01875
0 0.117969 0.441667 0.0359375 0.0458333
0 0.907031 0.325 0.0234375 0.0291667
0 0.0132813 0.480208 0.0265625 0.0395833
0 0.0617188 0.898958 0.0359375 0.04375
0 0.151562 0.651042 0.028125 0.0354167
0 0.713281 0.584375 0.0296875 0.0395833
0 0.292188 0.348958 0.028125 0.0354167
0 0.366406 0.782292 0.0265625 0.0354167
0 0.775 0.280208 0.03125 0.0395833
0 0.808594 0.907292 0.0328125 0.04375
0 0.0851562 0.420833 0.0265625 0.0333333
0 0.149219 0.383333 0.0359375 0.0458333
0 0.0507812 0.74375 0.0296875 0.0416667
0 0.264844 0.898958 0.0359375 0.0520833
0 0.86875 0.514583 0.028125 0.0375
0 0.059375 0.296875 0.025 0.0395833
0 0.775 0.678125 0.03125 0.0395833
0 0.558594 0.611458 0.0265625 0.0354167
0 0.164844 0.715625 0.0328125 0.0395833
0 0.873438 0.763542 0.028125 0.0395833
0 0.0742188 0.24375 0.0265625 0.0375
0 0.885156 0.2 0.0296875 0.0416667
0 0.33125 0.948958 0.03125 0.0395833
0 0.71875 0.460417 0.03125 0.0416667
0 0.0921875 0.875 0.03125 0.0375
0 0.24375 0.136458 0.034375 0.04375
0 0.133594 0.240625 0.0265625 0.0354167
0 0.655469 0.125 0.0296875 0.0375
0 0.628906 0.30625 0.0265625 0.0416667
0 0.432813 0.641667 0.03125 0.0375
0 0.453906 0.95 0.0359375 0.05
0 0.763281 0.25625 0.0296875 0.0416667
0 0.95625 0.0854167 0.028125 0.0375
0 0.535156 0.01875 0.0390625 0.0375
0 0.766406 0.211458 0.0265625 0.0354167
0 0.914062 0.276042 0.0375 0.0479167
0 0.100781 0.205208 0.0296875 0.04375
0 0.7375 0.130208 0.0375 0.0520833
0 0.582031 0.10625 0.0296875 0.0375
0 0.641406 0.576042 0.0390625 0.0479167
