0 0.89375 0.711458 0.021875 0.0270833
0 0.410937 0.297917 0.025 0.0333333
0 0.203906 0.469792 0.0203125 0.0354167
0 0.35 0.810417 0.025 0.0291667
0 0.982031 0.354167 0.0265625 0.0375
0 0.126563 0.452083 0.034375 0.0458333
1 0.963281 0.0197917 0.0640625 0.0395833
0 0.976562 0.0197917 0.025 0.0270833
0 0.278906 0.619792 0.0265625 0.03125
0 0.603125 0.594792 0.028125 0.0354167
0 0.291406 0.659375 0.0359375 0.04375
0 0.0859375 0.420833 0.021875 0.025
0 0.960156 0.0145833 0.0328125 0.025
0 0.317187 0.8 0.03125 0.0375
1 0.972656 0.566667 0.0546875 0.0791667
0 0.2 0.49375 0.01875 0.0291667
0 0.0078125 0.705208 0.015625 0.0395833
0 0.773438 0.214583 0.03125 0.0458333
0 0.161719 0.0104167 0.0328125 0.0208333
0 0.201562 0.353125 0.025 0.0354167
0 0.153906 0.383333 0.0296875 0.0375
0 0.582812 0.3875 0.040625 0.05
0 0.154687 0.644792 0.028125 0.0354167
0 0.577344 0.910417 0.0296875 0.0375
0 0.101562 0.846875 0.028125 0.0354167
0 0.157813 0.608333 0.028125 0.0375
0 0.1625 0.35625 0.028125 0.0333333
0 0.558594 0.7125 0.0296875 0.0375
0 0.553906 0.246875 0.0265625 0.0395833
0 0.340625 0.76875 0.025 0.0333333
0 0.753125 0.198958 0.025 0.0354167
0 0.874219 0.766667 0.0234375 0.0333333
0 0.06875 0.54375 0.028125 0.0375
0 0.483594 0.04375 0.0296875 0.0375
0 0.332812 0.1875 0.03125 0.0416667
0 0.769531 0.884375 0.0265625 0.0395833
0 0.640625 0.0572917 0.028125 0.0395833
0 0.403906 0.548958 0.0265625 0.0354167
0 0.296094 0.494792 0.0296875 0.0395833
0 0.286719 0.333333 0.0328125 0.0458333
0 0.508594 0.455208 0.0296875 0.0354167
0 0.976562 0.078125 0.03125 0.04375
0 0.7875 0.40625 0.025 0.0375
0 0.884375 0.398958 0.034375 0.0479167
0 0.129688 0.2125 0.028125 0.0375
0 0.180469 0.413542 0.0265625 0.0354167
0 0.584375 0.192708 0.028125 0.0354167
0 0.5875 0.078125 0.028125 0.0395833
0 0.0210938 0.30625 0.0265625 0.0375
0 0.950781 0.6625 0.0265625 0.0333333
0 0.771094 0.65625 0.0265625 0.0333333
0 0.0640625 0.375 0.028125 0.0375
0 0.783594 0.0916667 0.0296875 0.0416667
0 0.536719 0.0552083 0.0328125 0.04375
0 0.85625 0.536458 0.034375 0.04375
0 0.633594 0.555208 0.0328125 0.04375
0 0.439844 0.464583 0.0359375 0.05
0 0.425781 0.610417 0.0296875 0.0416667
0 0.317969 0.921875 0.0296875 0.0395833
0 0.604688 0.507292 0.03125 0.0395833
0 0.217969 0.501042 0.0296875 0.0395833
0 0.338281 0.605208 0.0296875 0.0395833
0 0.223438 0.339583 0.028125 0.0416667
0 0.617188 0.278125 0.025 0.0395833
0 0.107031 0.932292 0.0328125 0.0479167
0 0.807031 0.703125 0.0296875 0.04375
0 0.78125 0.261458 0.03125 0.04375
0 0.0726563 0.890625 0.0328125 0.0395833
0 0.264062 0.891667 0.034375 0.05
0 0.744531 0.101042 0.0359375 0.0520833
0 0.917969 0.252083 0.0390625 0.0541667
