0 0.0867188 0.422917 0.0234375 0.0291667
0 0.134375 0.522917 0.03125 0.0416667
0 0.410937 0.296875 0.03125 0.0479167
0 0.316406 0.795833 0.0359375 0.0458333
0 0.775781 0.2125 0.0390625 0.05
0 0.600781 0.239583 0.0359375 0.0458333
0 0.35 0.808333 0.025 0.0333333
0 0.889844 0.596875 0.0296875 0.04375
0 0.590625 0.0666667 0.03125 0.0458333
0 0.969531 0.551042 0.0328125 0.04375
0 0.285156 0.333333 0.0328125 0.0458333
0 0.557031 0.0854167 0.0265625 0.0375
0 0.176563 0.13125 0.028125 0.0333333
0 0.969531 0.978125 0.0421875 0.0354167
0 0.89375 0.7 0.025 0.0333333
0 0.863281 0.510417 0.0328125 0.0416667
0 0.794531 0.078125 0.0328125 0.0479167
0 0.873438 0.763542 0.025 0.03125
0 0.515625 0.927083 0.028125 0.0333333
0 0.675781 0.135417 0.0265625 0.0333333
0 0.124219 0.453125 0.0359375 0.0479167
0 0.904688 0.009375 0.03125 0.01875
0 0.95625 0.0145833 0.040625 0.0291667
0 0.222656 0.339583 0.0234375 0.0333333
0 0.264844 0.892708 0.0296875 0.0395833
0 0.432031 0.603125 0.0421875 0.0520833
0 0.157031 0.605208 0.0265625 0.0354167
0 0.316406 0.916667 0.0328125 0.0416667
0 0.201562 0.354167 0.021875 0.0291667
0 0.0390625 0.134375 0.03125 0.04375
0 0.0992187 0.973958 0.0390625 0.04375
0 0.739844 0.0989583 0.0359375 0.0479167
0 0.6375 0.0479167 0.034375 0.05
0 0.0101562 0.566667 0.0203125 0.0416667
0 0.975781 0.0760417 0.0390625 0.05625
0 0.169531 0.515625 0.0296875 0.0395833
0 0.0117188 0.777083 0.0234375 0.0416667
0 0.610156 0.264583 0.0328125 0.05
0 0.783594 0.0854167 0.0328125 0.0458333
0 0.160156 0.0135417 0.0328125 0.0270833
0 0.670313 0.355208 0.028125 0.0354167
0 0.639063 0.542708 0.0375 0.0479167
0 0.828125 0.519792 0.028125 0.0395833
0 0.663281 0.725 0.0296875 0.0375
0 0.153906 0.642708 0.0234375 0.03125
0 0.0132813 0.95 0.0265625 0.0416667
0 0.56875 0.464583 0.028125 0.0375
0 0.535156 0.165625 0.0265625 0.0354167
0 0.151562 0.379167 0.03125 0.0416667
0 0.324219 0.753125 0.0265625 0.0395833
0 0.559375 0.710417 0.0375 0.0458333
0 0.807813 0.246875 0.034375 0.04375
0 0.359375 0.552083 0.03125 0.0416667
0 0.028125 0.714583 0.028125 0.0375
0 0.129688 0.202083 0.03125 0.0416667
0 0.296875 0.653125 0.0375 0.0479167
0 0.352344 0.338542 0.0296875 0.04375
0 0.703125 0.720833 0.028125 0.0375
0 0.604688 0.505208 0.034375 0.04375
0 0.436719 0.457292 0.0453125 0.0604167
0 0.76875 0.65 0.028125 0.0375
0 0.959375 0.770833 0.0375 0.05
0 0.479688 0.03125 0.034375 0.0458333
0 0.578906 0.382292 0.0390625 0.0479167
0 0.264844 0.623958 0.0296875 0.0354167
0 0.288281 0.516667 0.0390625 0.05
0 0.488281 0.119792 0.0328125 0.04375
0 0.547656 0.0552083 0.0328125 0.0395833
0 0.157031 0.808333 0.0453125 0.0583333
0 0.210156 0.5875 0.0265625 0.0375
0 0.0726563 0.89375 0.0328125 0.0416667
0 0.921094 0.247917 0.0390625 0.05
0 0.257031 0.8 0.0421875 0.0583333
0 0.107031 0.932292 0.0359375 0.0479167
0 0.05625 0.416667 0.03125 0.0375
0 0.223438 0.49375 0.034375 0.0458333
