0 0.797656 0.742708 0.0234375 0.03125
0 0.294531 0.659375 0.0359375 0.0520833
0 0.350781 0.810417 0.0234375 0.0291667
0 0.89375 0.711458 0.021875 0.0270833
0 0.410937 0.297917 0.025 0.0333333
1 0.963281 0.0197917 0.0640625 0.0395833
0 0.203906 0.46875 0.0203125 0.0333333
0 0.0859375 0.420833 0.021875 0.025
0 0.977344 0.0208333 0.0234375 0.025
0 0.982031 0.354167 0.0265625 0.0375
0 0.317187 0.8 0.03125 0.0375
0 0.00703125 0.70625 0.0140625 0.0375
0 0.960156 0.0145833 0.0328125 0.025
1 0.972656 0.564583 0.0546875 0.0791667
0 0.199219 0.494792 0.0203125 0.03125
0 0.340625 0.772917 0.025 0.0333333
0 0.577344 0.910417 0.0296875 0.0375
0 0.100781 0.845833 0.0265625 0.0333333
0 0.200781 0.354167 0.0234375 0.0333333
0 0.164062 0.35625 0.028125 0.0333333
0 0.161719 0.0114583 0.0328125 0.0229167
0 0.153906 0.64375 0.0265625 0.0333333
0 0.774219 0.215625 0.0328125 0.0479167
0 0.75 0.198958 0.025 0.0354167
0 0.152344 0.384375 0.0296875 0.0354167
0 0.874219 0.766667 0.0234375 0.0333333
0 0.607031 0.602083 0.0296875 0.0375
0 0.765625 0.884375 0.028125 0.0395833
0 0.582812 0.388542 0.040625 0.0479167
0 0.157813 0.608333 0.028125 0.0375
0 0.278125 0.61875 0.028125 0.0333333
0 0.585938 0.195833 0.025 0.0375
0 0.559375 0.713542 0.03125 0.0395833
0 0.0195312 0.305208 0.0265625 0.0354167
0 0.640625 0.0572917 0.028125 0.0395833
0 0.296875 0.492708 0.028125 0.0354167
0 0.286719 0.333333 0.0328125 0.0458333
0 0.0679687 0.538542 0.0265625 0.0354167
0 0.789062 0.409375 0.025 0.0395833
0 0.339063 0.184375 0.03125 0.0395833
0 0.482812 0.04375 0.028125 0.0375
0 0.55625 0.242708 0.028125 0.0395833
0 0.178125 0.417708 0.025 0.0354167
0 0.336719 0.603125 0.0265625 0.0354167
0 0.950781 0.6625 0.0265625 0.0333333
0 0.5875 0.078125 0.028125 0.0395833
0 0.129688 0.2125 0.028125 0.0375
0 0.885156 0.394792 0.0328125 0.04375
0 0.317969 0.921875 0.0296875 0.0395833
0 0.603906 0.507292 0.0296875 0.0354167
0 0.425781 0.608333 0.0296875 0.0416667
0 0.771094 0.65625 0.0265625 0.0333333
0 0.536719 0.0541667 0.0328125 0.0416667
0 0.783594 0.090625 0.0296875 0.0395833
0 0.508594 0.459375 0.0296875 0.0354167
0 0.439844 0.464583 0.0359375 0.05
0 0.975781 0.0791667 0.0328125 0.0458333
0 0.0632813 0.375 0.0296875 0.0375
0 0.224219 0.3375 0.0296875 0.0416667
0 0.634375 0.555208 0.034375 0.04375
0 0.855469 0.536458 0.0359375 0.04375
0 0.404687 0.552083 0.028125 0.0375
0 0.217969 0.501042 0.0296875 0.0395833
0 0.107031 0.933333 0.0328125 0.0458333
0 0.0734375 0.890625 0.03125 0.0395833
0 0.807813 0.702083 0.03125 0.0416667
0 0.782031 0.260417 0.0328125 0.0458333
0 0.617188 0.278125 0.025 0.0395833
0 0.264844 0.891667 0.0328125 0.05
0 0.744531 0.102083 0.0359375 0.05
0 0.917188 0.253125 0.0375 0.0520833
