0 0.0046875 0.744792 0.009375 0.0395833
0 0.240625 0.977083 0.021875 0.0333333
0 0.977344 0.0166667 0.0265625 0.025
0 0.0046875 0.0541667 0.009375 0.0375
0 0.411719 0.297917 0.0265625 0.0333333
0 0.2 0.496875 0.025 0.03125
0 0.711719 0.179167 0.0265625 0.0375
0 0.349219 0.810417 0.0203125 0.0291667
0 0.964844 0.984375 0.0328125 0.03125
0 0.20625 0.473958 0.021875 0.03125
1 0.971875 0.5625 0.05625 0.0791667
0 0.0859375 0.419792 0.021875 0.0270833
0 0.895312 0.705208 0.021875 0.0354167
0 0.161719 0.0114583 0.0296875 0.0229167
0 0.575781 0.0125 0.0296875 0.025
0 0.317969 0.798958 0.0328125 0.0395833
0 0.65625 0.648958 0.021875 0.03125
0 0.177344 0.132292 0.0234375 0.03125
0 0.125781 0.451042 0.0359375 0.0479167
0 0.6375 0.0572917 0.028125 0.0354167
0 0.735156 0.783333 0.0234375 0.0333333
0 0.333594 0.759375 0.0265625 0.0354167
0 0.222656 0.335417 0.0265625 0.0375
0 0.479688 0.0385417 0.025 0.0354167
0 0.95625 0.0145833 0.03125 0.0291667
0 0.603906 0.50625 0.0296875 0.0375
0 0.53125 0.19375 0.028125 0.0333333
0 0.544531 0.93125 0.0265625 0.0333333
0 0.707031 0.195833 0.0265625 0.0333333
0 0.873438 0.766667 0.021875 0.0291667
0 0.916406 0.396875 0.0296875 0.0354167
0 0.0609375 0.769792 0.03125 0.0395833
0 0.286719 0.335417 0.0296875 0.0416667
0 0.954687 0.713542 0.03125 0.0395833
0 0.153906 0.64375 0.0265625 0.0333333
0 0.579687 0.386458 0.0375 0.0479167
0 0.560156 0.710417 0.0296875 0.0375
0 0.264062 0.890625 0.034375 0.0520833
0 0.771094 0.654167 0.0265625 0.0333333
0 0.855469 0.535417 0.0328125 0.0416667
0 0.784375 0.0864583 0.03125 0.0395833
0 0.534375 0.465625 0.03125 0.0395833
0 0.316406 0.916667 0.0296875 0.0416667
0 0.220313 0.502083 0.028125 0.0375
0 0.0296875 0.385417 0.03125 0.0416667
0 0.328906 0.526042 0.0265625 0.0354167
0 0.380469 0.439583 0.0265625 0.0333333
0 0.0648438 0.397917 0.0296875 0.0375
0 0.419531 0.15625 0.0296875 0.0375
0 0.628125 0.272917 0.028125 0.0375
0 0.615625 0.278125 0.03125 0.04375
0 0.79375 0.253125 0.03125 0.0395833
0 0.589844 0.0739583 0.0296875 0.0395833
0 0.132031 0.534375 0.0265625 0.0395833
0 0.542188 0.05625 0.028125 0.0333333
0 0.976562 0.0770833 0.03125 0.0416667
0 0.1875 0.510417 0.025 0.0375
0 0.157031 0.608333 0.0265625 0.0333333
0 0.805469 0.696875 0.0328125 0.04375
0 0.128906 0.207292 0.0265625 0.0354167
0 0.307813 0.558333 0.028125 0.0375
0 0.201562 0.353125 0.025 0.0354167
0 0.821094 0.472917 0.0296875 0.0375
0 0.635938 0.55 0.034375 0.0458333
0 0.0734375 0.889583 0.034375 0.0375
0 0.775 0.211458 0.034375 0.04375
0 0.429688 0.6125 0.034375 0.0458333
0 0.200781 0.561458 0.0328125 0.04375
0 0.153906 0.382292 0.0359375 0.0479167
0 0.4375 0.4625 0.0375 0.05
0 0.742969 0.101042 0.0359375 0.0520833
0 0.107813 0.93125 0.0375 0.05
0 0.917969 0.25 0.0359375 0.05
