0 0.126563 0.451042 0.040625 0.0520833
0 0.208594 0.502083 0.0203125 0.0333333
0 0.202344 0.497917 0.0203125 0.0291667
0 0.349219 0.809375 0.0203125 0.0270833
0 0.983594 0.35625 0.0265625 0.0333333
0 0.977344 0.0145833 0.0296875 0.025
1 0.972656 0.56875 0.0546875 0.0916667
0 0.642969 0.645833 0.0234375 0.0291667
0 0.440625 0.24375 0.025 0.0333333
0 0.157031 0.609375 0.0234375 0.03125
0 0.410937 0.296875 0.028125 0.0395833
0 0.770312 0.654167 0.028125 0.0333333
0 0.0851562 0.421875 0.0234375 0.03125
0 0.317187 0.798958 0.03125 0.0395833
0 0.914844 0.341667 0.0234375 0.0291667
0 0.435937 0.464583 0.0375 0.0458333
0 0.203906 0.453125 0.0234375 0.03125
0 0.559375 0.710417 0.028125 0.0375
0 0.160156 0.0125 0.0296875 0.025
0 0.741406 0.8125 0.0265625 0.0375
0 0.873438 0.766667 0.025 0.0375
0 0.784375 0.0875 0.03125 0.0458333
0 0.955469 0.0177083 0.0359375 0.03125
0 0.286719 0.335417 0.0296875 0.0416667
0 0.217969 0.504167 0.0265625 0.0333333
0 0.0109375 0.360417 0.021875 0.0458333
0 0.954687 0.705208 0.028125 0.0354167
0 0.814844 0.459375 0.0265625 0.0395833
0 0.153906 0.645833 0.0265625 0.0333333
0 0.541406 0.0552083 0.0296875 0.0354167
0 0.480469 0.0385417 0.0265625 0.0395833
0 0.615625 0.25 0.025 0.0333333
0 0.389844 0.142708 0.0296875 0.0395833
0 0.527344 0.463542 0.0296875 0.0395833
0 0.614062 0.276042 0.028125 0.0395833
0 0.85625 0.536458 0.0375 0.0520833
0 0.222656 0.336458 0.0265625 0.0395833
0 0.326562 0.522917 0.028125 0.0333333
0 0.552344 0.926042 0.0296875 0.0395833
0 0.775 0.2125 0.03125 0.0416667
0 0.264844 0.890625 0.0328125 0.0479167
0 0.977344 0.078125 0.0296875 0.0395833
0 0.18125 0.488542 0.028125 0.0395833
0 0.634375 0.547917 0.034375 0.0458333
0 0.552344 0.192708 0.0296875 0.0395833
0 0.639063 0.05625 0.028125 0.0416667
0 0.908594 0.4 0.0328125 0.0416667
0 0.369531 0.476042 0.0296875 0.0395833
0 0.201562 0.353125 0.028125 0.0354167
0 0.805469 0.698958 0.0328125 0.04375
0 0.109375 0.511458 0.025 0.0354167
0 0.317187 0.91875 0.028125 0.0375
0 0.128125 0.207292 0.028125 0.0354167
0 0.152344 0.382292 0.0328125 0.0395833
0 0.330469 0.752083 0.0296875 0.0416667
0 0.429688 0.611458 0.034375 0.04375
0 0.0695312 0.791667 0.0296875 0.0416667
0 0.0609375 0.388542 0.025 0.03125
0 0.79375 0.255208 0.03125 0.0395833
0 0.604688 0.50625 0.034375 0.0458333
0 0.315625 0.573958 0.03125 0.0395833
0 0.107813 0.933333 0.0375 0.05
0 0.217187 0.577083 0.03125 0.0375
0 0.727344 0.170833 0.0265625 0.0416667
0 0.0734375 0.889583 0.034375 0.0416667
0 0.589063 0.0729167 0.03125 0.0458333
0 0.917969 0.25 0.0390625 0.0541667
0 0.742188 0.102083 0.0375 0.0541667
