0 0.797656 0.742708 0.0234375 0.03125
0 0.00390625 0.7125 0.0078125 0.0333333
0 0.961719 0.0104167 0.0296875 0.0208333
0 0.126563 0.452083 0.034375 0.0458333
0 0.177344 0.13125 0.0234375 0.0333333
0 0.967188 0.986458 0.034375 0.0270833
0 0.20625 0.498958 0.01875 0.03125
0 0.894531 0.710417 0.0203125 0.0291667
0 0.257812 0.809375 0.0375 0.0479167
0 0.976562 0.0197917 0.025 0.0270833
0 0.16875 0.383333 0.028125 0.0375
0 0.292969 0.659375 0.0390625 0.0479167
0 0.351562 0.810417 0.021875 0.0291667
0 0.982031 0.354167 0.0265625 0.0333333
0 0.2 0.492708 0.01875 0.0270833
0 0.153906 0.38125 0.0328125 0.0458333
0 0.0859375 0.420833 0.025 0.0291667
0 0.317187 0.798958 0.03125 0.0395833
0 0.7625 0.864583 0.025 0.0375
0 0.954687 0.0166667 0.03125 0.0291667
0 0.0617188 0.383333 0.0265625 0.0375
0 0.594531 0.616667 0.0265625 0.0375
1 0.973437 0.565625 0.053125 0.08125
0 0.640625 0.059375 0.03125 0.0395833
0 0.222656 0.334375 0.0265625 0.0354167
0 0.570312 0.915625 0.028125 0.0354167
0 0.559375 0.711458 0.028125 0.0354167
0 0.483594 0.0427083 0.0265625 0.0395833
0 0.0125 0.326042 0.025 0.0395833
0 0.153906 0.644792 0.0265625 0.0354167
0 0.160938 0.0114583 0.034375 0.0229167
0 0.873438 0.765625 0.025 0.0354167
0 0.772656 0.653125 0.0265625 0.03125
0 0.201562 0.351042 0.025 0.0354167
0 0.596875 0.2125 0.028125 0.0375
0 0.344531 0.764583 0.0234375 0.0375
0 0.775 0.213542 0.03125 0.04375
0 0.157031 0.609375 0.0265625 0.0354167
0 0.6375 0.555208 0.03125 0.0395833
0 0.353906 0.184375 0.0328125 0.0395833
0 0.58125 0.388542 0.040625 0.0479167
0 0.549219 0.216667 0.0265625 0.0416667
0 0.286719 0.333333 0.0328125 0.0458333
0 0.516406 0.466667 0.0265625 0.0375
0 0.884375 0.380208 0.03125 0.04375
0 0.313281 0.505208 0.0265625 0.0354167
0 0.803906 0.417708 0.0265625 0.0354167
0 0.438281 0.46875 0.0359375 0.05
0 0.975781 0.0791667 0.0328125 0.0458333
0 0.317187 0.920833 0.028125 0.0375
0 0.335156 0.584375 0.0296875 0.0395833
0 0.7875 0.252083 0.028125 0.0416667
0 0.084375 0.545833 0.028125 0.0375
0 0.732813 0.207292 0.025 0.0354167
0 0.603906 0.50625 0.0296875 0.0375
0 0.38125 0.539583 0.028125 0.0375
0 0.217969 0.503125 0.0265625 0.0354167
0 0.5375 0.0552083 0.03125 0.04375
0 0.129688 0.210417 0.028125 0.0375
0 0.85625 0.536458 0.034375 0.04375
0 0.783594 0.0895833 0.0296875 0.0416667
0 0.428125 0.608333 0.034375 0.0458333
0 0.95 0.670833 0.028125 0.0333333
0 0.586719 0.0770833 0.0296875 0.0416667
0 0.0929687 0.827083 0.0328125 0.0416667
0 0.80625 0.701042 0.03125 0.04375
0 0.617188 0.276042 0.025 0.0395833
0 0.264844 0.890625 0.0328125 0.0479167
0 0.0742188 0.890625 0.0328125 0.0395833
0 0.179688 0.445833 0.028125 0.0375
0 0.107813 0.932292 0.034375 0.0479167
0 0.74375 0.102083 0.034375 0.05
0 0.917188 0.252083 0.0375 0.05
