0 0.890625 0.595833 0.028125 0.0416667
0 0.176563 0.132292 0.025 0.03125
0 0.855469 0.529167 0.0359375 0.0541667
0 0.963281 0.594792 0.0234375 0.0270833
0 0.35 0.808333 0.021875 0.0291667
0 0.696875 0.696875 0.025 0.0270833
0 0.285937 0.333333 0.03125 0.0416667
0 0.171094 0.526042 0.0296875 0.0395833
0 0.970312 0.551042 0.034375 0.04375
0 0.601562 0.239583 0.03125 0.0416667
0 0.1375 0.523958 0.03125 0.0395833
0 0.863281 0.5125 0.0296875 0.0416667
0 0.590625 0.0677083 0.03125 0.04375
0 0.967969 0.980208 0.0421875 0.0354167
0 0.89375 0.697917 0.025 0.0333333
0 0.6375 0.0489583 0.034375 0.0479167
0 0.903906 0.009375 0.0296875 0.01875
0 0.558594 0.0802083 0.0203125 0.0354167
0 0.685938 0.128125 0.025 0.0270833
0 0.824219 0.517708 0.0296875 0.0395833
0 0.125 0.453125 0.0375 0.0520833
0 0.517187 0.927083 0.028125 0.0375
0 0.201562 0.355208 0.021875 0.0270833
0 0.797656 0.078125 0.0296875 0.0479167
0 0.669531 0.726042 0.0265625 0.03125
0 0.80625 0.247917 0.034375 0.0458333
0 0.873438 0.763542 0.025 0.03125
0 0.95625 0.0145833 0.040625 0.0291667
0 0.222656 0.338542 0.0234375 0.0354167
0 0.151562 0.378125 0.03125 0.0395833
0 0.610156 0.265625 0.0296875 0.0479167
0 0.0117188 0.560417 0.0234375 0.0458333
0 0.324219 0.760417 0.0265625 0.0333333
0 0.740625 0.0989583 0.034375 0.0479167
0 0.0992187 0.975 0.0421875 0.0458333
0 0.157813 0.607292 0.028125 0.0354167
0 0.160156 0.0135417 0.0328125 0.0270833
0 0.360156 0.345833 0.0296875 0.0375
0 0.432031 0.605208 0.0421875 0.0520833
0 0.264062 0.892708 0.03125 0.04375
0 0.315625 0.916667 0.034375 0.0416667
0 0.0382813 0.128125 0.0328125 0.0395833
0 0.296875 0.652083 0.0375 0.05
0 0.782812 0.0864583 0.03125 0.04375
0 0.0570313 0.414583 0.0296875 0.0375
0 0.547656 0.05625 0.0296875 0.0375
0 0.360156 0.552083 0.0296875 0.0375
0 0.153906 0.64375 0.0234375 0.0291667
0 0.960938 0.765625 0.034375 0.0479167
0 0.0132813 0.955208 0.0265625 0.04375
0 0.128906 0.203125 0.0296875 0.0395833
0 0.975781 0.0760417 0.0390625 0.0520833
0 0.534375 0.169792 0.028125 0.0354167
0 0.672656 0.346875 0.0265625 0.0354167
0 0.565625 0.467708 0.028125 0.0354167
0 0.605469 0.50625 0.0328125 0.0416667
0 0.0117188 0.776042 0.0234375 0.04375
0 0.0796875 0.464583 0.03125 0.0416667
0 0.6375 0.542708 0.0375 0.04375
0 0.257812 0.801042 0.04375 0.05625
0 0.76875 0.65 0.028125 0.0333333
0 0.0351562 0.707292 0.0328125 0.04375
0 0.479688 0.03125 0.034375 0.0458333
0 0.265625 0.617708 0.028125 0.0354167
0 0.107813 0.932292 0.0375 0.0479167
0 0.479688 0.129167 0.03125 0.0416667
0 0.559375 0.710417 0.0375 0.0458333
0 0.208594 0.583333 0.0265625 0.0375
0 0.436719 0.457292 0.0421875 0.0604167
0 0.157031 0.808333 0.0453125 0.0583333
0 0.579687 0.384375 0.040625 0.0520833
0 0.0726563 0.89375 0.0328125 0.0416667
0 0.921094 0.246875 0.0390625 0.0520833
0 0.290625 0.519792 0.034375 0.04375
0 0.222656 0.49375 0.0328125 0.0458333
