0 0.889844 0.604167 0.0265625 0.0375
0 0.967969 0.986458 0.0359375 0.0270833
0 0.976562 0.0208333 0.025 0.025
0 0.797656 0.742708 0.0234375 0.03125
0 0.126563 0.451042 0.034375 0.04375
0 0.982031 0.354167 0.0265625 0.0333333
0 0.350781 0.810417 0.0234375 0.0291667
0 0.200781 0.494792 0.0171875 0.03125
0 0.640625 0.059375 0.028125 0.0395833
0 0.894531 0.710417 0.0203125 0.0291667
0 0.292969 0.657292 0.0390625 0.0520833
0 0.411719 0.297917 0.0265625 0.0333333
0 0.610156 0.608333 0.0234375 0.0333333
0 0.572656 0.913542 0.0265625 0.0354167
0 0.0851562 0.420833 0.0203125 0.025
0 0.317187 0.798958 0.03125 0.0395833
0 0.757031 0.877083 0.0265625 0.0416667
0 0.774219 0.214583 0.0296875 0.0416667
0 0.0078125 0.709375 0.015625 0.04375
0 0.959375 0.0145833 0.03125 0.025
0 0.558594 0.711458 0.0296875 0.0354167
0 0.439844 0.463542 0.0328125 0.0479167
0 0.513281 0.463542 0.0296875 0.0395833
0 0.154687 0.644792 0.028125 0.0354167
0 0.161719 0.0114583 0.0328125 0.0229167
0 0.223438 0.335417 0.028125 0.0375
0 0.874219 0.766667 0.0234375 0.0333333
0 0.483594 0.0427083 0.0265625 0.0354167
0 0.548437 0.229167 0.028125 0.0416667
0 0.200781 0.351042 0.0265625 0.0354167
0 0.157031 0.607292 0.0296875 0.0395833
0 0.347656 0.7625 0.0265625 0.0375
0 0.796875 0.409375 0.028125 0.03125
0 0.286719 0.333333 0.0328125 0.0458333
0 0.217187 0.502083 0.028125 0.0375
0 0.153125 0.388542 0.03125 0.04375
0 0.5375 0.0541667 0.03125 0.0416667
0 0.0820312 0.535417 0.0296875 0.0375
0 0.733594 0.217708 0.0265625 0.0354167
0 0.882812 0.38125 0.03125 0.0416667
0 0.582031 0.389583 0.0359375 0.0458333
0 0.334375 0.594792 0.028125 0.0395833
0 0.357031 0.198958 0.0296875 0.0395833
0 0.26875 0.607292 0.03125 0.0395833
0 0.771875 0.654167 0.028125 0.0333333
0 0.317969 0.921875 0.0296875 0.0395833
0 0.0164062 0.321875 0.0265625 0.0395833
0 0.384375 0.551042 0.028125 0.0395833
0 0.307031 0.494792 0.0296875 0.0395833
0 0.635938 0.554167 0.03125 0.0416667
1 0.972656 0.564583 0.0546875 0.0791667
0 0.0632813 0.377083 0.0265625 0.0375
0 0.129688 0.210417 0.028125 0.0375
0 0.603906 0.50625 0.0296875 0.0375
0 0.586719 0.0760417 0.0296875 0.0395833
0 0.427344 0.605208 0.0359375 0.0479167
0 0.976562 0.0791667 0.03125 0.0458333
0 0.85625 0.536458 0.034375 0.04375
0 0.784375 0.0927083 0.03125 0.0395833
0 0.596094 0.205208 0.0296875 0.0395833
0 0.785156 0.254167 0.0296875 0.0375
0 0.178125 0.425 0.025 0.0375
0 0.617188 0.277083 0.025 0.0375
0 0.953125 0.666667 0.03125 0.0416667
0 0.264062 0.892708 0.03125 0.0479167
0 0.0992187 0.838542 0.0296875 0.04375
0 0.107031 0.932292 0.0359375 0.0479167
0 0.80625 0.701042 0.03125 0.04375
0 0.0742188 0.890625 0.0328125 0.0395833
0 0.742969 0.102083 0.0359375 0.05
0 0.917969 0.251042 0.0390625 0.0520833
