0 0.203906 0.473958 0.0203125 0.03125
0 0.979688 0.009375 0.028125 0.01875
0 0.00625 0.373958 0.0125 0.04375
0 0.00546875 0.541667 0.0109375 0.0375
0 0.209375 0.502083 0.021875 0.0375
0 0.9625 0.592708 0.025 0.03125
0 0.589844 0.075 0.0265625 0.0375
0 0.00546875 0.929167 0.0109375 0.0458333
0 0.894531 0.703125 0.0234375 0.03125
0 0.56875 0.0375 0.025 0.0291667
0 0.294531 0.658333 0.0421875 0.0541667
0 0.411719 0.296875 0.0265625 0.0354167
0 0.891406 0.00729167 0.0234375 0.0145833
0 0.964844 0.984375 0.0328125 0.03125
0 0.639063 0.0552083 0.028125 0.0395833
1 0.973437 0.560417 0.053125 0.075
0 0.178125 0.13125 0.025 0.0333333
0 0.559375 0.710417 0.034375 0.0416667
0 0.00625 0.759375 0.0125 0.04375
0 0.125 0.453125 0.0375 0.0479167
0 0.699219 0.764583 0.0265625 0.0333333
0 0.579687 0.3875 0.034375 0.0458333
0 0.35 0.807292 0.025 0.03125
0 0.539844 0.175 0.0265625 0.0333333
0 0.009375 0.0947917 0.01875 0.0479167
0 0.0851562 0.420833 0.0234375 0.0291667
0 0.153906 0.644792 0.0265625 0.03125
0 0.326562 0.747917 0.034375 0.0458333
0 0.534375 0.934375 0.028125 0.0354167
0 0.317187 0.797917 0.034375 0.0416667
0 0.160156 0.0125 0.0296875 0.025
0 0.955469 0.0135417 0.0296875 0.0270833
0 0.446875 0.15 0.03125 0.0416667
0 0.680469 0.665625 0.0265625 0.03125
0 0.604688 0.505208 0.03125 0.0395833
0 0.653125 0.301042 0.028125 0.0354167
0 0.144531 0.527083 0.0265625 0.0333333
0 0.872656 0.767708 0.0234375 0.03125
0 0.817187 0.497917 0.025 0.0333333
0 0.857031 0.533333 0.0359375 0.0458333
0 0.2 0.354167 0.025 0.0333333
0 0.54375 0.0583333 0.028125 0.0333333
0 0.773438 0.215625 0.0375 0.0479167
0 0.341406 0.54375 0.0265625 0.0375
0 0.930469 0.396875 0.0328125 0.0395833
0 0.19375 0.545833 0.025 0.0333333
0 0.479688 0.0364583 0.025 0.0354167
0 0.107813 0.93125 0.034375 0.0458333
0 0.771094 0.654167 0.0265625 0.0333333
0 0.782812 0.0885417 0.03125 0.0354167
0 0.157031 0.608333 0.0296875 0.0375
0 0.364062 0.401042 0.03125 0.0395833
0 0.174219 0.542708 0.0265625 0.0354167
0 0.803906 0.247917 0.0296875 0.0375
0 0.152344 0.380208 0.0328125 0.04375
0 0.286719 0.333333 0.0296875 0.0416667
0 0.544531 0.473958 0.0296875 0.0395833
0 0.222656 0.3375 0.0265625 0.0375
0 0.310156 0.536458 0.0296875 0.0395833
0 0.975 0.0760417 0.028125 0.0354167
0 0.228906 0.54375 0.0296875 0.0375
0 0.615625 0.277083 0.028125 0.0416667
0 0.740625 0.0979167 0.034375 0.05
0 0.0515625 0.74375 0.03125 0.0375
0 0.958594 0.7375 0.0328125 0.0458333
0 0.429688 0.609375 0.0375 0.0520833
0 0.221094 0.503125 0.0328125 0.0395833
0 0.263281 0.890625 0.0328125 0.0520833
0 0.434375 0.458333 0.0375 0.05
0 0.128906 0.207292 0.0265625 0.0354167
0 0.0460938 0.436458 0.0265625 0.0354167
0 0.6375 0.547917 0.0375 0.05
0 0.804688 0.694792 0.034375 0.0479167
0 0.0609375 0.40625 0.025 0.0375
0 0.316406 0.917708 0.0296875 0.04375
0 0.0734375 0.890625 0.034375 0.0395833
0 0.91875 0.25 0.0375 0.05
