0 0.439844 0.242708 0.0234375 0.03125
0 0.496094 0.489583 0.0203125 0.025
0 0.127344 0.453125 0.0359375 0.0479167
0 0.58125 0.386458 0.040625 0.0520833
0 0.411719 0.297917 0.0296875 0.0375
0 0.978125 0.0145833 0.028125 0.025
0 0.207813 0.502083 0.021875 0.0333333
0 0.05625 0.988542 0.040625 0.0229167
0 0.0851562 0.421875 0.0234375 0.0270833
0 0.983594 0.35625 0.0265625 0.0333333
0 0.349219 0.809375 0.0203125 0.0270833
0 0.770312 0.654167 0.025 0.0333333
0 0.914844 0.341667 0.0234375 0.0291667
0 0.785156 0.0864583 0.0296875 0.04375
1 0.971875 0.567708 0.05625 0.0854167
0 0.157031 0.610417 0.0265625 0.0333333
0 0.855469 0.536458 0.0390625 0.0520833
0 0.210156 0.458333 0.0234375 0.0333333
0 0.29375 0.653125 0.04375 0.0520833
0 0.160156 0.0125 0.0296875 0.025
0 0.550781 0.927083 0.0296875 0.0375
0 0.0078125 0.373958 0.015625 0.04375
0 0.547656 0.205208 0.0296875 0.0354167
0 0.317187 0.797917 0.03125 0.0416667
0 0.327344 0.748958 0.0328125 0.04375
0 0.222656 0.335417 0.0265625 0.0416667
0 0.95625 0.0177083 0.034375 0.03125
0 0.873438 0.765625 0.025 0.0354167
0 0.200781 0.352083 0.0296875 0.0375
0 0.614844 0.277083 0.0265625 0.0375
0 0.540625 0.05625 0.028125 0.0333333
0 0.559375 0.711458 0.03125 0.0354167
0 0.286719 0.335417 0.0296875 0.0416667
0 0.955469 0.708333 0.0296875 0.0375
0 0.603906 0.507292 0.0328125 0.04375
0 0.621875 0.25625 0.025 0.0333333
0 0.153906 0.644792 0.0296875 0.0354167
0 0.399219 0.140625 0.0328125 0.0395833
0 0.80625 0.7 0.03125 0.0416667
0 0.314844 0.565625 0.0328125 0.04375
0 0.479688 0.0395833 0.028125 0.0416667
0 0.721094 0.164583 0.0265625 0.0375
0 0.649219 0.621875 0.0296875 0.0354167
0 0.914844 0.405208 0.0328125 0.04375
0 0.73125 0.814583 0.025 0.0375
0 0.0734375 0.782292 0.028125 0.0395833
0 0.80625 0.467708 0.025 0.0395833
0 0.128906 0.208333 0.0265625 0.0375
0 0.217187 0.507292 0.028125 0.0354167
0 0.775 0.213542 0.03125 0.04375
0 0.115625 0.517708 0.028125 0.0354167
0 0.977344 0.078125 0.0296875 0.04375
0 0.634375 0.548958 0.03125 0.04375
0 0.428906 0.611458 0.0328125 0.04375
0 0.317187 0.91875 0.028125 0.0416667
0 0.639063 0.0541667 0.03125 0.0416667
0 0.532031 0.463542 0.0328125 0.0395833
0 0.328125 0.535417 0.028125 0.0375
0 0.357812 0.46875 0.025 0.0375
0 0.182031 0.49375 0.0265625 0.0375
0 0.79375 0.25625 0.03125 0.0375
0 0.107031 0.93125 0.0390625 0.05
0 0.264062 0.889583 0.034375 0.05
0 0.0617188 0.391667 0.0234375 0.0333333
0 0.216406 0.572917 0.0265625 0.0333333
0 0.153125 0.382292 0.034375 0.0479167
0 0.435156 0.4625 0.0390625 0.05
0 0.0734375 0.888542 0.034375 0.04375
0 0.589063 0.0729167 0.03125 0.0458333
0 0.917188 0.25 0.040625 0.0541667
0 0.742969 0.102083 0.0390625 0.0541667
