0 0.350781 0.810417 0.0234375 0.0291667
0 0.982031 0.354167 0.0265625 0.0375
0 0.966406 0.9875 0.0359375 0.025
1 0.964063 0.0197917 0.0625 0.0395833
0 0.410156 0.297917 0.0265625 0.0333333
0 0.797656 0.742708 0.0234375 0.03125
0 0.895312 0.7125 0.021875 0.0291667
0 0.203906 0.467708 0.0203125 0.03125
0 0.976562 0.0208333 0.025 0.025
0 0.0859375 0.420833 0.021875 0.025
0 0.317187 0.8 0.03125 0.0375
0 0.341406 0.772917 0.0234375 0.0333333
0 0.273438 0.619792 0.028125 0.0354167
0 0.00703125 0.70625 0.0140625 0.0375
0 0.2 0.49375 0.01875 0.0291667
1 0.972656 0.564583 0.0546875 0.0791667
0 0.960156 0.0145833 0.0328125 0.025
0 0.776563 0.21875 0.03125 0.0416667
0 0.100781 0.842708 0.0265625 0.0354167
0 0.760156 0.885417 0.0265625 0.0375
0 0.1625 0.0114583 0.034375 0.0229167
0 0.577344 0.910417 0.0296875 0.0375
0 0.153125 0.383333 0.03125 0.0375
0 0.153906 0.644792 0.0265625 0.0354167
0 0.5875 0.196875 0.028125 0.0354167
0 0.874219 0.765625 0.0234375 0.03125
0 0.559375 0.713542 0.03125 0.0395833
0 0.0203125 0.302083 0.028125 0.0375
0 0.157813 0.608333 0.028125 0.0375
0 0.789062 0.413542 0.025 0.0354167
0 0.582812 0.388542 0.040625 0.0479167
0 0.200781 0.354167 0.0234375 0.0333333
0 0.507812 0.460417 0.028125 0.0333333
0 0.610937 0.60625 0.028125 0.0333333
0 0.640625 0.0583333 0.028125 0.0375
0 0.0695312 0.534375 0.0265625 0.0354167
0 0.439844 0.463542 0.0359375 0.0520833
0 0.5875 0.0760417 0.028125 0.0395833
0 0.425781 0.607292 0.0296875 0.0395833
0 0.950781 0.665625 0.0265625 0.0354167
0 0.178125 0.41875 0.025 0.0333333
0 0.335938 0.603125 0.028125 0.0354167
0 0.297656 0.490625 0.0296875 0.0354167
0 0.342187 0.18125 0.03125 0.0416667
0 0.884375 0.389583 0.034375 0.0458333
0 0.286719 0.333333 0.0328125 0.0458333
0 0.482812 0.0427083 0.028125 0.0395833
0 0.317969 0.921875 0.0296875 0.0395833
0 0.223438 0.336458 0.03125 0.04375
0 0.164844 0.358333 0.0296875 0.0375
0 0.603906 0.507292 0.0296875 0.0354167
0 0.634375 0.555208 0.034375 0.04375
0 0.771094 0.65625 0.0265625 0.0333333
0 0.747656 0.202083 0.0265625 0.0333333
0 0.402344 0.553125 0.0265625 0.0354167
0 0.129688 0.211458 0.028125 0.0395833
0 0.536719 0.0541667 0.0328125 0.0416667
0 0.975781 0.0791667 0.0328125 0.0458333
0 0.783594 0.0916667 0.0296875 0.0416667
0 0.107813 0.933333 0.034375 0.0458333
0 0.553125 0.234375 0.03125 0.04375
0 0.0632813 0.373958 0.0296875 0.0395833
0 0.217969 0.501042 0.0296875 0.0395833
0 0.0734375 0.890625 0.03125 0.0395833
0 0.74375 0.103125 0.034375 0.0479167
0 0.855469 0.536458 0.0359375 0.04375
0 0.782031 0.259375 0.0328125 0.04375
0 0.616406 0.277083 0.0265625 0.0416667
0 0.807031 0.702083 0.0328125 0.0416667
0 0.264844 0.891667 0.0328125 0.05
0 0.917188 0.252083 0.0375 0.0541667
