0 0.990625 0.0197917 0.01875 0.0354167
0 0.960156 0.0104167 0.0296875 0.0208333
0 0.25625 0.846875 0.034375 0.04375
1 0.964063 0.0270833 0.06875 0.0541667
0 0.966406 0.59375 0.0234375 0.0333333
0 0.560938 0.727083 0.028125 0.0375
0 0.228125 0.1875 0.021875 0.0333333
0 0.317969 0.813542 0.0328125 0.0395833
0 0.0851562 0.419792 0.0234375 0.03125
0 0.891406 0.609375 0.0296875 0.0354167
0 0.902344 0.745833 0.0265625 0.0333333
0 0.119531 0.447917 0.0359375 0.0458333
0 0.200781 0.351042 0.0265625 0.0354167
0 0.607031 0.507292 0.0390625 0.0479167
0 0.791406 0.00729167 0.0296875 0.0145833
1 0.971875 0.573958 0.05625 0.09375
0 0.446094 0.525 0.0328125 0.0375
0 0.992188 0.53125 0.015625 0.0333333
0 0.290625 0.347917 0.028125 0.0375
0 0.977344 0.369792 0.0234375 0.03125
0 0.911719 0.009375 0.0296875 0.01875
0 0.914844 0.271875 0.0359375 0.0479167
0 0.227344 0.466667 0.0265625 0.0333333
0 0.210938 0.5125 0.025 0.0333333
0 0.582031 0.415625 0.0328125 0.0479167
0 0.490625 0.0875 0.025 0.0375
0 0.95 0.0302083 0.03125 0.0354167
0 0.707031 0.0125 0.0296875 0.025
0 0.150781 0.384375 0.0359375 0.04375
0 0.161719 0.0114583 0.0328125 0.0229167
0 0.792969 0.127083 0.0328125 0.0416667
0 0.135156 0.66875 0.0265625 0.0333333
0 0.809375 0.45625 0.028125 0.0333333
0 0.60625 0.678125 0.028125 0.0354167
0 0.0117188 0.664583 0.0234375 0.0458333
0 0.222656 0.332292 0.0265625 0.0354167
0 0.779688 0.282292 0.03125 0.0395833
0 0.782812 0.905208 0.034375 0.04375
0 0.682031 0.475 0.0296875 0.0333333
0 0.728906 0.669792 0.0265625 0.0354167
0 0.330469 0.945833 0.0296875 0.0375
0 0.746875 0.260417 0.028125 0.0291667
0 0.148438 0.0447917 0.03125 0.0354167
0 0.392969 0.746875 0.0296875 0.0395833
0 0.932813 0.279167 0.028125 0.0375
0 0.78125 0.113542 0.028125 0.04375
0 0.153906 0.648958 0.0265625 0.0354167
0 0.294531 0.190625 0.0328125 0.03125
0 0.0671875 0.896875 0.034375 0.0395833
0 0.873438 0.764583 0.028125 0.0416667
0 0.0773437 0.260417 0.0265625 0.0375
0 0.774219 0.673958 0.0328125 0.0395833
0 0.455469 0.898958 0.0359375 0.0479167
0 0.959375 0.084375 0.028125 0.0395833
0 0.265625 0.897917 0.034375 0.05
0 0.0453125 0.251042 0.03125 0.04375
0 0.0203125 0.50625 0.025 0.0333333
0 0.767187 0.257292 0.03125 0.0354167
0 0.535937 0.0177083 0.0375 0.0354167
0 0.626562 0.305208 0.03125 0.04375
0 0.432813 0.638542 0.03125 0.0395833
0 0.814844 0.742708 0.0359375 0.0479167
0 0.132812 0.238542 0.028125 0.0395833
0 0.65625 0.123958 0.03125 0.0354167
0 0.89375 0.25 0.03125 0.0416667
0 0.109375 0.242708 0.028125 0.0395833
0 0.582812 0.102083 0.03125 0.0416667
0 0.735937 0.127083 0.0375 0.0541667
0 0.0429688 0.789583 0.0328125 0.0416667
0 0.64375 0.575 0.040625 0.05
