0 0.884375 0.00833333 0.028125 0.0166667
0 0.0078125 0.375 0.015625 0.05
0 0.797656 0.739583 0.0234375 0.0333333
0 0.889063 0.602083 0.025 0.0333333
0 0.00546875 0.920833 0.0109375 0.0416667
0 0.894531 0.703125 0.0234375 0.03125
0 0.638281 0.05625 0.0296875 0.0375
0 0.589844 0.075 0.0234375 0.0333333
0 0.225781 0.521875 0.0234375 0.0354167
0 0.9625 0.594792 0.025 0.03125
0 0.410937 0.296875 0.025 0.0354167
0 0.709375 0.172917 0.021875 0.0375
1 0.973437 0.561458 0.053125 0.0770833
0 0.350781 0.80625 0.0234375 0.0291667
0 0.538281 0.93125 0.0296875 0.0375
0 0.966406 0.982292 0.0359375 0.0354167
0 0.177344 0.13125 0.0234375 0.0333333
0 0.857813 0.533333 0.03125 0.0416667
0 0.0851562 0.420833 0.0203125 0.025
0 0.926562 0.394792 0.028125 0.0354167
0 0.0101562 0.0854167 0.0203125 0.0375
0 0.782812 0.0895833 0.028125 0.0333333
0 0.0078125 0.75625 0.015625 0.0416667
0 0.572656 0.0270833 0.0265625 0.0291667
0 0.35 0.415625 0.028125 0.0395833
0 0.125 0.453125 0.0375 0.0479167
0 0.95625 0.0135417 0.03125 0.0270833
0 0.480469 0.0364583 0.0265625 0.0354167
0 0.641406 0.2875 0.0265625 0.0333333
0 0.717188 0.763542 0.025 0.0354167
0 0.0640625 0.398958 0.025 0.03125
0 0.153906 0.644792 0.0265625 0.03125
0 0.194531 0.541667 0.0265625 0.0375
0 0.160156 0.0125 0.0296875 0.025
0 0.544531 0.05625 0.0265625 0.0333333
0 0.540625 0.473958 0.028125 0.0395833
0 0.317969 0.797917 0.0328125 0.0416667
0 0.2 0.354167 0.025 0.0333333
0 0.0445312 0.416667 0.0265625 0.0375
0 0.603906 0.50625 0.0328125 0.0416667
0 0.8 0.251042 0.03125 0.0395833
0 0.872656 0.767708 0.0234375 0.03125
0 0.217187 0.50625 0.028125 0.0375
0 0.820312 0.490625 0.028125 0.0354167
0 0.0476562 0.760417 0.0265625 0.0333333
0 0.317187 0.744792 0.028125 0.0395833
0 0.616406 0.279167 0.0296875 0.0416667
0 0.958594 0.73125 0.0328125 0.0458333
0 0.222656 0.336458 0.0265625 0.0395833
0 0.439844 0.139583 0.0265625 0.0333333
0 0.286719 0.335417 0.0296875 0.0416667
0 0.157031 0.608333 0.0265625 0.0333333
0 0.553125 0.176042 0.028125 0.0395833
0 0.771094 0.654167 0.0265625 0.0333333
0 0.774219 0.215625 0.0328125 0.04375
0 0.1375 0.503125 0.028125 0.0395833
0 0.153125 0.379167 0.034375 0.0458333
0 0.975 0.0770833 0.028125 0.0375
0 0.263281 0.891667 0.0328125 0.05
0 0.559375 0.709375 0.034375 0.04375
0 0.30625 0.546875 0.03125 0.04375
0 0.638281 0.547917 0.0390625 0.05
0 0.578906 0.384375 0.0390625 0.0479167
0 0.435937 0.4625 0.034375 0.0458333
0 0.347656 0.527083 0.0328125 0.0416667
0 0.107813 0.93125 0.034375 0.0458333
0 0.804688 0.695833 0.03125 0.0416667
0 0.316406 0.916667 0.0296875 0.0416667
0 0.128906 0.207292 0.0265625 0.0354167
0 0.742969 0.101042 0.0328125 0.0479167
0 0.180469 0.553125 0.0265625 0.0354167
0 0.0742188 0.890625 0.0328125 0.0395833
0 0.429688 0.611458 0.0375 0.0520833
0 0.91875 0.252083 0.034375 0.05
