0 0.891406 0.608333 0.0296875 0.0333333
0 0.960156 0.0104167 0.0328125 0.0208333
0 0.09375 0.739583 0.021875 0.0291667
0 0.0164062 0.509375 0.0265625 0.0395833
1 0.963281 0.0260417 0.0671875 0.0520833
0 0.00546875 0.665625 0.0109375 0.0354167
0 0.767187 0.254167 0.028125 0.0375
0 0.990625 0.0197917 0.01875 0.0354167
0 0.607031 0.507292 0.0390625 0.0479167
0 0.25625 0.847917 0.034375 0.0416667
0 0.445312 0.51875 0.034375 0.0458333
0 0.084375 0.419792 0.025 0.03125
0 0.160156 0.620833 0.0296875 0.0416667
0 0.0203125 0.0104167 0.034375 0.0208333
0 0.791406 0.00729167 0.0296875 0.0145833
0 0.120312 0.446875 0.0375 0.04375
0 0.952344 0.0302083 0.0296875 0.0354167
0 0.291406 0.346875 0.0265625 0.0354167
0 0.977344 0.370833 0.0234375 0.0291667
0 0.2 0.351042 0.028125 0.0354167
0 0.223438 0.335417 0.028125 0.0416667
0 0.903125 0.744792 0.028125 0.0354167
0 0.911719 0.276042 0.0328125 0.0395833
0 0.910156 0.009375 0.0296875 0.01875
0 0.139062 0.0479167 0.028125 0.0333333
0 0.492188 0.084375 0.025 0.0354167
0 0.0664062 0.896875 0.0296875 0.0354167
0 0.210938 0.510417 0.025 0.0333333
0 0.5625 0.727083 0.03125 0.0375
0 0.582031 0.413542 0.0359375 0.0520833
1 0.970312 0.577083 0.059375 0.0916667
0 0.0742188 0.264583 0.0234375 0.0333333
0 0.989062 0.522917 0.021875 0.0375
0 0.15 0.383333 0.034375 0.0416667
0 0.228906 0.464583 0.0265625 0.0333333
0 0.773438 0.675 0.03125 0.0375
0 0.0390625 0.785417 0.025 0.0333333
0 0.160938 0.0114583 0.03125 0.0229167
0 0.754687 0.257292 0.0375 0.0354167
0 0.153125 0.65 0.025 0.0333333
0 0.797656 0.453125 0.0296875 0.0354167
0 0.78125 0.905208 0.034375 0.04375
0 0.408594 0.738542 0.0296875 0.04375
0 0.614844 0.685417 0.0265625 0.0333333
0 0.728125 0.679167 0.025 0.0333333
0 0.330469 0.945833 0.0265625 0.0375
0 0.684375 0.483333 0.028125 0.0375
0 0.707031 0.0145833 0.0328125 0.0291667
0 0.873438 0.764583 0.028125 0.0416667
0 0.93125 0.265625 0.028125 0.0354167
0 0.960938 0.084375 0.028125 0.0395833
0 0.30625 0.201042 0.028125 0.0395833
0 0.103125 0.248958 0.028125 0.0395833
0 0.783594 0.122917 0.0296875 0.0416667
0 0.132031 0.240625 0.0296875 0.0354167
0 0.129688 0.655208 0.03125 0.0395833
0 0.892969 0.258333 0.0296875 0.0375
0 0.0539063 0.24375 0.0265625 0.0375
0 0.536719 0.01875 0.0359375 0.0375
0 0.265625 0.898958 0.034375 0.0520833
0 0.814844 0.742708 0.0359375 0.0479167
0 0.457812 0.895833 0.034375 0.05
0 0.779688 0.282292 0.034375 0.04375
0 0.657031 0.122917 0.0296875 0.0375
0 0.433594 0.638542 0.0296875 0.0395833
0 0.736719 0.127083 0.0390625 0.0541667
0 0.626562 0.305208 0.03125 0.0479167
0 0.582812 0.103125 0.03125 0.0395833
0 0.642969 0.575 0.0390625 0.05
