0 0.961719 0.594792 0.0203125 0.03125
0 0.496875 0.489583 0.01875 0.025
0 0.440625 0.244792 0.025 0.03125
0 0.125781 0.453125 0.0359375 0.0479167
0 0.0523437 0.989583 0.0359375 0.0208333
0 0.977344 0.0145833 0.0296875 0.025
0 0.00546875 0.744792 0.0109375 0.0354167
0 0.410937 0.297917 0.028125 0.0375
0 0.29375 0.653125 0.04375 0.0520833
1 0.972656 0.565625 0.0546875 0.0854167
0 0.157031 0.609375 0.0234375 0.03125
0 0.0851562 0.421875 0.0234375 0.0270833
0 0.982031 0.355208 0.0265625 0.0354167
0 0.35 0.809375 0.021875 0.0270833
0 0.209375 0.461458 0.025 0.03125
0 0.770312 0.654167 0.028125 0.0333333
0 0.549219 0.202083 0.0265625 0.0375
0 0.785156 0.0875 0.0296875 0.0458333
0 0.914844 0.341667 0.0234375 0.0291667
0 0.0078125 0.373958 0.015625 0.0395833
0 0.160156 0.0125 0.0296875 0.025
0 0.913281 0.401042 0.0359375 0.0479167
0 0.620313 0.25625 0.025 0.0333333
0 0.200781 0.352083 0.0296875 0.0375
0 0.222656 0.335417 0.0265625 0.0416667
0 0.955469 0.705208 0.0296875 0.0354167
0 0.550781 0.927083 0.0296875 0.0416667
0 0.85625 0.535417 0.0375 0.05
0 0.2875 0.336458 0.03125 0.04375
0 0.95625 0.01875 0.0375 0.0333333
0 0.435937 0.4625 0.0375 0.05
0 0.327344 0.748958 0.0296875 0.04375
0 0.872656 0.766667 0.0265625 0.0375
0 0.775 0.213542 0.03125 0.04375
0 0.317187 0.797917 0.03125 0.0416667
0 0.154687 0.645833 0.028125 0.0333333
0 0.541406 0.0552083 0.0296875 0.0354167
0 0.724219 0.165625 0.0265625 0.0395833
0 0.805469 0.4625 0.0265625 0.0416667
0 0.559375 0.710417 0.03125 0.0375
0 0.641406 0.626042 0.0265625 0.0354167
0 0.391406 0.14375 0.0359375 0.0458333
0 0.358594 0.482292 0.0265625 0.0354167
0 0.614062 0.277083 0.028125 0.0375
0 0.115625 0.511458 0.025 0.03125
0 0.479688 0.0395833 0.028125 0.0416667
0 0.217969 0.50625 0.0296875 0.0375
0 0.733594 0.814583 0.0265625 0.0375
0 0.128125 0.208333 0.028125 0.0375
0 0.794531 0.255208 0.0296875 0.0354167
0 0.633594 0.548958 0.0328125 0.04375
0 0.80625 0.7 0.03125 0.0416667
0 0.315625 0.569792 0.03125 0.0395833
0 0.428906 0.611458 0.0328125 0.04375
0 0.327344 0.532292 0.0265625 0.0354167
0 0.977344 0.078125 0.0296875 0.04375
0 0.317187 0.91875 0.028125 0.0375
0 0.180469 0.492708 0.0265625 0.0395833
0 0.529688 0.463542 0.03125 0.0395833
0 0.604688 0.507292 0.034375 0.04375
0 0.0609375 0.388542 0.025 0.0354167
0 0.639063 0.053125 0.03125 0.04375
0 0.264062 0.889583 0.034375 0.05
0 0.215625 0.577083 0.028125 0.0375
0 0.107813 0.932292 0.0375 0.0479167
0 0.071875 0.783333 0.028125 0.0375
0 0.152344 0.38125 0.0359375 0.0458333
0 0.0742188 0.889583 0.0328125 0.0416667
0 0.589063 0.0729167 0.03125 0.0458333
0 0.917969 0.25 0.0421875 0.0541667
0 0.742188 0.102083 0.0375 0.0541667
