0 0.482031 0.0447917 0.0234375 0.0354167
0 0.609375 0.634375 0.025 0.0354167
0 0.410937 0.298958 0.028125 0.0354167
0 0.966406 0.985417 0.0328125 0.025
0 0.982813 0.355208 0.028125 0.0354167
0 0.125781 0.451042 0.0359375 0.0479167
0 0.2 0.49375 0.01875 0.0291667
0 0.00546875 0.721875 0.0109375 0.0395833
0 0.257812 0.808333 0.040625 0.05
0 0.889844 0.602083 0.0265625 0.0375
0 0.0851562 0.420833 0.0234375 0.0291667
0 0.178125 0.132292 0.025 0.03125
0 0.977344 0.01875 0.0265625 0.025
0 0.894531 0.710417 0.0234375 0.0291667
0 0.350781 0.811458 0.0234375 0.03125
0 0.294531 0.655208 0.0421875 0.0520833
0 0.957812 0.0145833 0.03125 0.025
0 0.317187 0.798958 0.034375 0.04375
0 0.58125 0.3875 0.040625 0.05
0 0.639844 0.0583333 0.0296875 0.0416667
1 0.972656 0.5625 0.0515625 0.0791667
0 0.872656 0.766667 0.0234375 0.0333333
0 0.169531 0.405208 0.0265625 0.03125
0 0.160156 0.0114583 0.0328125 0.0229167
0 0.558594 0.7125 0.0296875 0.0375
0 0.153906 0.644792 0.0265625 0.0354167
0 0.0195312 0.3375 0.0265625 0.0375
0 0.348437 0.765625 0.028125 0.04375
0 0.567969 0.916667 0.0296875 0.0375
0 0.157813 0.609375 0.028125 0.0354167
0 0.153906 0.380208 0.0328125 0.04375
0 0.09375 0.554167 0.028125 0.0375
0 0.199219 0.351042 0.0265625 0.0354167
0 0.357031 0.163542 0.0296875 0.0395833
0 0.596875 0.226042 0.028125 0.0395833
0 0.379687 0.51875 0.025 0.0333333
0 0.775781 0.213542 0.0328125 0.04375
0 0.439063 0.463542 0.0375 0.0520833
0 0.747656 0.861458 0.0265625 0.03125
0 0.771094 0.655208 0.0265625 0.03125
0 0.794531 0.427083 0.0265625 0.0375
0 0.252344 0.601042 0.0296875 0.0354167
0 0.5375 0.05625 0.028125 0.0375
0 0.286719 0.333333 0.0328125 0.0458333
0 0.429688 0.616667 0.034375 0.05
0 0.222656 0.335417 0.0265625 0.0375
0 0.317969 0.920833 0.0296875 0.0375
0 0.540625 0.223958 0.03125 0.0395833
0 0.976562 0.078125 0.03125 0.04375
0 0.315625 0.505208 0.028125 0.03125
0 0.0601562 0.386458 0.0265625 0.0395833
0 0.521094 0.467708 0.0296875 0.0395833
0 0.784375 0.0895833 0.03125 0.0416667
0 0.896094 0.382292 0.0296875 0.0395833
0 0.129688 0.209375 0.028125 0.0395833
0 0.0914062 0.815625 0.0296875 0.0395833
0 0.180469 0.447917 0.0296875 0.0416667
0 0.217969 0.503125 0.0265625 0.0354167
0 0.604688 0.50625 0.034375 0.0416667
0 0.5875 0.0760417 0.03125 0.04375
0 0.741406 0.190625 0.0265625 0.0395833
0 0.85625 0.535417 0.034375 0.0458333
0 0.6375 0.555208 0.0375 0.0479167
0 0.807031 0.701042 0.0296875 0.04375
0 0.951563 0.677083 0.03125 0.0416667
0 0.0734375 0.890625 0.034375 0.0395833
0 0.785156 0.257292 0.0296875 0.0395833
0 0.328906 0.583333 0.0328125 0.0416667
0 0.616406 0.275 0.0265625 0.0416667
0 0.107031 0.932292 0.0359375 0.0479167
0 0.264062 0.891667 0.034375 0.05
0 0.744531 0.101042 0.0359375 0.0520833
0 0.917969 0.252083 0.0359375 0.05
