0 0.963281 0.592708 0.0265625 0.0270833
0 0.285937 0.333333 0.0375 0.05
0 0.854688 0.528125 0.040625 0.05625
0 0.979688 0.009375 0.0375 0.01875
0 0.776563 0.210417 0.034375 0.05
0 0.176563 0.13125 0.028125 0.0333333
0 0.316406 0.795833 0.0359375 0.0458333
0 0.35 0.809375 0.025 0.0354167
0 0.969531 0.551042 0.0359375 0.04375
0 0.0867188 0.423958 0.0234375 0.0270833
0 0.590625 0.0666667 0.03125 0.0458333
0 0.96875 0.979167 0.04375 0.0375
0 0.892969 0.698958 0.0234375 0.0354167
0 0.863281 0.5125 0.0296875 0.0416667
0 0.0890625 0.469792 0.028125 0.0354167
0 0.889844 0.596875 0.0328125 0.0479167
0 0.167969 0.507292 0.0296875 0.0395833
0 0.795313 0.078125 0.03125 0.0479167
0 0.6375 0.0479167 0.034375 0.0458333
0 0.157031 0.60625 0.0265625 0.0333333
0 0.432031 0.604167 0.0390625 0.05
0 0.95625 0.0145833 0.0375 0.0291667
0 0.873438 0.763542 0.025 0.03125
0 0.903906 0.009375 0.0296875 0.01875
0 0.0117188 0.777083 0.0234375 0.0416667
0 0.513281 0.926042 0.0296875 0.0354167
0 0.703906 0.729167 0.0265625 0.0333333
0 0.13125 0.526042 0.034375 0.04375
0 0.492188 0.126042 0.03125 0.0395833
0 0.223438 0.338542 0.025 0.0354167
0 0.201562 0.354167 0.021875 0.0291667
0 0.610156 0.267708 0.0328125 0.0479167
0 0.573438 0.465625 0.03125 0.0395833
0 0.436719 0.45625 0.0453125 0.0583333
0 0.671094 0.126042 0.0234375 0.03125
0 0.0109375 0.56875 0.021875 0.0458333
0 0.125 0.453125 0.0375 0.0520833
0 0.263281 0.891667 0.0296875 0.0416667
0 0.823438 0.525 0.028125 0.0375
0 0.316406 0.915625 0.0328125 0.0395833
0 0.605469 0.505208 0.0328125 0.04375
0 0.160938 0.0135417 0.034375 0.0270833
0 0.739844 0.0979167 0.0359375 0.05
0 0.528125 0.144792 0.028125 0.0354167
0 0.310156 0.745833 0.0296875 0.0375
0 0.151562 0.379167 0.03125 0.0416667
0 0.673437 0.3625 0.03125 0.0416667
0 0.76875 0.648958 0.028125 0.0354167
0 0.153906 0.641667 0.0234375 0.0291667
0 0.297656 0.653125 0.0390625 0.0520833
0 0.666406 0.716667 0.0265625 0.0375
0 0.0289063 0.705208 0.0296875 0.0354167
0 0.639063 0.540625 0.0375 0.0479167
0 0.959375 0.772917 0.0375 0.05
0 0.346094 0.334375 0.0296875 0.0354167
0 0.0164062 0.953125 0.0265625 0.0395833
0 0.975781 0.0760417 0.0390625 0.0520833
0 0.558594 0.708333 0.0359375 0.0458333
0 0.783594 0.0854167 0.0328125 0.0458333
0 0.059375 0.415625 0.028125 0.0354167
0 0.807813 0.246875 0.034375 0.04375
0 0.479688 0.03125 0.034375 0.05
0 0.360938 0.558333 0.028125 0.0375
0 0.128906 0.201042 0.0328125 0.04375
0 0.0320312 0.141667 0.0296875 0.0375
0 0.157031 0.808333 0.0453125 0.0583333
0 0.259375 0.6375 0.028125 0.0416667
0 0.0726563 0.892708 0.0328125 0.0395833
0 0.290625 0.5125 0.040625 0.0541667
0 0.920313 0.246875 0.0375 0.0479167
0 0.579687 0.382292 0.040625 0.0520833
0 0.548437 0.0541667 0.034375 0.0416667
0 0.257031 0.8 0.0421875 0.0541667
0 0.217187 0.585417 0.028125 0.0375
0 0.107031 0.93125 0.0359375 0.0458333
0 0.222656 0.495833 0.0328125 0.0458333
