0 0.349219 0.809375 0.0203125 0.0270833
0 0.967969 0.984375 0.0390625 0.0270833
0 0.0851562 0.420833 0.0203125 0.0291667
0 0.205469 0.914583 0.0171875 0.0291667
1 0.971875 0.564583 0.053125 0.0791667
0 0.977344 0.01875 0.0265625 0.025
0 0.441406 0.24375 0.0265625 0.0333333
0 0.894531 0.708333 0.0203125 0.0291667
0 0.125781 0.452083 0.0328125 0.0458333
0 0.915625 0.340625 0.021875 0.0270833
0 0.982031 0.354167 0.0265625 0.0375
0 0.294531 0.655208 0.0359375 0.0479167
0 0.00625 0.738542 0.0125 0.0395833
0 0.160938 0.0114583 0.03125 0.0229167
0 0.157031 0.609375 0.0234375 0.03125
0 0.785156 0.0895833 0.0359375 0.0416667
0 0.635938 0.554167 0.03125 0.0458333
0 0.952344 0.690625 0.0265625 0.03125
0 0.558594 0.922917 0.0265625 0.0375
0 0.558594 0.227083 0.0296875 0.0333333
0 0.153906 0.645833 0.0265625 0.0333333
0 0.236719 0.584375 0.0265625 0.0354167
0 0.955469 0.0166667 0.0328125 0.0333333
0 0.899219 0.395833 0.0296875 0.0416667
0 0.559375 0.709375 0.028125 0.0354167
0 0.264062 0.889583 0.03125 0.05
0 0.332031 0.746875 0.0296875 0.0395833
0 0.480469 0.040625 0.0265625 0.0354167
0 0.609375 0.242708 0.025 0.0354167
0 0.628906 0.633333 0.0296875 0.0416667
0 0.523438 0.464583 0.028125 0.0375
0 0.798437 0.453125 0.025 0.0354167
0 0.873438 0.764583 0.025 0.0333333
0 0.378906 0.485417 0.0234375 0.0333333
0 0.028125 0.359375 0.028125 0.0395833
0 0.317187 0.797917 0.03125 0.0416667
0 0.741406 0.835417 0.0265625 0.0375
0 0.3875 0.172917 0.03125 0.0416667
0 0.4375 0.464583 0.034375 0.0458333
0 0.200781 0.352083 0.0265625 0.0375
0 0.317187 0.91875 0.028125 0.0416667
0 0.221094 0.336458 0.0265625 0.0395833
0 0.329688 0.498958 0.025 0.03125
0 0.285937 0.334375 0.03125 0.04375
0 0.0601562 0.386458 0.0265625 0.0354167
0 0.183594 0.477083 0.0265625 0.0375
0 0.0757812 0.809375 0.0296875 0.04375
0 0.189844 0.432292 0.0265625 0.0354167
0 0.976562 0.078125 0.03125 0.04375
0 0.639063 0.0552083 0.03125 0.04375
0 0.776563 0.2125 0.03125 0.0416667
0 0.854688 0.536458 0.034375 0.04375
0 0.771094 0.653125 0.0296875 0.0354167
0 0.71875 0.203125 0.028125 0.0354167
0 0.317187 0.58125 0.03125 0.0416667
0 0.428906 0.6125 0.0328125 0.0458333
0 0.615625 0.276042 0.028125 0.0395833
0 0.108594 0.532292 0.0296875 0.0395833
0 0.539062 0.0541667 0.034375 0.0416667
0 0.217187 0.502083 0.028125 0.0375
0 0.152344 0.378125 0.0328125 0.04375
0 0.80625 0.7 0.03125 0.0416667
0 0.128906 0.207292 0.0296875 0.0395833
0 0.789062 0.254167 0.028125 0.0375
0 0.107813 0.93125 0.034375 0.05
0 0.0734375 0.890625 0.03125 0.0395833
0 0.603906 0.505208 0.0328125 0.04375
0 0.588281 0.075 0.0328125 0.0458333
0 0.746094 0.101042 0.0359375 0.0520833
0 0.91875 0.25 0.0375 0.0541667
