0 0.982031 0.355208 0.0265625 0.0354167
1 0.964063 0.0197917 0.0625 0.0395833
0 0.894531 0.711458 0.0234375 0.0270833
0 0.203125 0.470833 0.01875 0.0333333
0 0.797656 0.742708 0.0234375 0.03125
0 0.976562 0.0208333 0.025 0.025
0 0.410937 0.297917 0.025 0.0333333
0 0.350781 0.810417 0.0234375 0.0291667
0 0.966406 0.9875 0.0359375 0.025
0 0.0867188 0.420833 0.0234375 0.025
0 0.200781 0.492708 0.0203125 0.03125
0 0.00703125 0.70625 0.0140625 0.0375
0 0.959375 0.0145833 0.03125 0.025
1 0.972656 0.563542 0.0546875 0.0770833
0 0.757812 0.885417 0.025 0.0375
0 0.575781 0.9125 0.0296875 0.0375
0 0.776563 0.217708 0.03125 0.0395833
0 0.1625 0.0114583 0.034375 0.0229167
0 0.610156 0.605208 0.0234375 0.03125
0 0.640625 0.0604167 0.028125 0.0416667
0 0.317187 0.798958 0.03125 0.0395833
0 0.559375 0.713542 0.03125 0.0395833
0 0.0726563 0.533333 0.0265625 0.0375
0 0.874219 0.765625 0.0234375 0.03125
0 0.153906 0.644792 0.0265625 0.0354167
0 0.590625 0.196875 0.025 0.0354167
0 0.342969 0.773958 0.0234375 0.0354167
0 0.01875 0.301042 0.028125 0.0395833
0 0.1 0.835417 0.028125 0.0375
0 0.157813 0.608333 0.028125 0.0375
0 0.223438 0.3375 0.03125 0.0416667
0 0.789062 0.417708 0.025 0.0354167
0 0.344531 0.183333 0.0296875 0.0416667
0 0.635156 0.555208 0.0328125 0.04375
0 0.508594 0.4625 0.0265625 0.0333333
0 0.55 0.230208 0.028125 0.04375
0 0.317969 0.921875 0.0296875 0.0395833
0 0.286719 0.333333 0.0328125 0.0458333
0 0.298438 0.489583 0.03125 0.0375
0 0.178125 0.419792 0.025 0.0354167
0 0.5875 0.0760417 0.028125 0.0395833
0 0.482812 0.0427083 0.028125 0.0395833
0 0.201562 0.353125 0.025 0.0354167
0 0.884375 0.3875 0.03125 0.0416667
0 0.771094 0.65625 0.0265625 0.0333333
0 0.95 0.665625 0.028125 0.0395833
0 0.335156 0.602083 0.0296875 0.0375
0 0.536719 0.0541667 0.0328125 0.0416667
0 0.152344 0.383333 0.0359375 0.0458333
0 0.130469 0.211458 0.0296875 0.0395833
0 0.976562 0.0791667 0.03125 0.0458333
0 0.603906 0.50625 0.0296875 0.0375
0 0.107813 0.932292 0.034375 0.0479167
0 0.582031 0.388542 0.0390625 0.0479167
0 0.783594 0.090625 0.0296875 0.0395833
0 0.425781 0.608333 0.0328125 0.0416667
0 0.217969 0.501042 0.0296875 0.0395833
0 0.617969 0.277083 0.0265625 0.0416667
0 0.0632813 0.375 0.0296875 0.0375
0 0.0734375 0.891667 0.03125 0.0375
0 0.744531 0.207292 0.0265625 0.0354167
0 0.394531 0.548958 0.0296875 0.0395833
0 0.264844 0.892708 0.0328125 0.0479167
0 0.855469 0.536458 0.0328125 0.04375
0 0.440625 0.465625 0.0375 0.0520833
0 0.782812 0.257292 0.03125 0.04375
0 0.742969 0.102083 0.0328125 0.0458333
0 0.807031 0.701042 0.0328125 0.04375
0 0.917188 0.253125 0.0375 0.0520833
