1 0.964063 0.0197917 0.059375 0.0395833
0 0.203125 0.472917 0.01875 0.0333333
0 0.894531 0.711458 0.0203125 0.0270833
0 0.125781 0.451042 0.0359375 0.0479167
0 0.966406 0.986458 0.0359375 0.0229167
0 0.797656 0.742708 0.0234375 0.03125
0 0.607031 0.59375 0.0234375 0.0291667
0 0.976562 0.0197917 0.025 0.0229167
0 0.982031 0.354167 0.0265625 0.0333333
0 0.410937 0.297917 0.025 0.0333333
0 0.609375 0.607292 0.01875 0.0270833
0 0.351562 0.808333 0.025 0.0291667
0 0.200781 0.492708 0.0203125 0.03125
0 0.00703125 0.70625 0.0140625 0.0375
0 0.0851562 0.420833 0.0203125 0.025
0 0.575 0.911458 0.028125 0.0354167
0 0.960156 0.0135417 0.0296875 0.0229167
0 0.640625 0.059375 0.028125 0.0395833
0 0.317187 0.798958 0.03125 0.0395833
0 0.161719 0.0114583 0.0328125 0.0229167
0 0.558594 0.7125 0.0296875 0.0375
0 0.874219 0.765625 0.0234375 0.03125
0 0.775781 0.214583 0.0296875 0.0416667
0 0.634375 0.555208 0.03125 0.04375
1 0.972656 0.564583 0.0546875 0.0791667
0 0.153906 0.644792 0.0265625 0.0354167
0 0.757812 0.883333 0.025 0.0375
0 0.274219 0.610417 0.0296875 0.0375
0 0.34375 0.769792 0.025 0.0354167
0 0.0773437 0.533333 0.0265625 0.0333333
0 0.5375 0.0541667 0.03125 0.0416667
0 0.347656 0.194792 0.0296875 0.04375
0 0.222656 0.336458 0.0296875 0.0395833
0 0.157813 0.608333 0.028125 0.0375
0 0.883594 0.385417 0.0328125 0.0416667
0 0.950781 0.666667 0.0328125 0.0458333
0 0.2875 0.334375 0.03125 0.04375
0 0.789844 0.417708 0.0296875 0.0395833
0 0.482812 0.0427083 0.028125 0.0395833
0 0.021875 0.308333 0.03125 0.0458333
0 0.317969 0.920833 0.0296875 0.0416667
0 0.390625 0.548958 0.028125 0.0395833
0 0.742188 0.214583 0.025 0.0375
0 0.200781 0.353125 0.0265625 0.0354167
0 0.771094 0.65625 0.0265625 0.0333333
0 0.129688 0.211458 0.028125 0.0395833
0 0.332812 0.602083 0.028125 0.0375
0 0.0992187 0.835417 0.0296875 0.0416667
0 0.85625 0.536458 0.034375 0.04375
0 0.591406 0.196875 0.0296875 0.0395833
0 0.509375 0.463542 0.028125 0.0354167
0 0.546875 0.229167 0.03125 0.0458333
0 0.5875 0.0760417 0.028125 0.0395833
0 0.603906 0.507292 0.0296875 0.0395833
0 0.301562 0.489583 0.03125 0.0375
0 0.441406 0.4625 0.0359375 0.0541667
0 0.582031 0.388542 0.0390625 0.0479167
0 0.784375 0.0916667 0.03125 0.0416667
0 0.426562 0.60625 0.034375 0.0458333
0 0.152344 0.38125 0.0359375 0.05
0 0.975781 0.0791667 0.0328125 0.0458333
0 0.178125 0.421875 0.025 0.0354167
0 0.783594 0.254167 0.0296875 0.0416667
0 0.0632813 0.375 0.0296875 0.0375
0 0.217969 0.501042 0.0296875 0.0395833
0 0.617188 0.277083 0.028125 0.0416667
0 0.107813 0.932292 0.034375 0.0479167
0 0.0726563 0.890625 0.0328125 0.0395833
0 0.264844 0.892708 0.0328125 0.0479167
0 0.807031 0.701042 0.0328125 0.04375
0 0.742188 0.102083 0.034375 0.0458333
0 0.917969 0.252083 0.0390625 0.0541667
