0 0.864062 0.532292 0.025 0.0395833
0 0.200781 0.473958 0.0203125 0.0354167
0 0.580469 0.3875 0.0390625 0.05
0 0.966406 0.986458 0.0328125 0.0270833
0 0.35 0.809375 0.021875 0.0270833
0 0.441406 0.245833 0.0265625 0.0333333
0 0.915625 0.340625 0.021875 0.0270833
0 0.177344 0.133333 0.0234375 0.0333333
0 0.410937 0.297917 0.028125 0.0375
0 0.982031 0.354167 0.0296875 0.0375
0 0.894531 0.708333 0.0203125 0.0291667
1 0.971875 0.564583 0.053125 0.0791667
0 0.126563 0.452083 0.034375 0.0458333
0 0.889844 0.6 0.0296875 0.0416667
0 0.338281 0.75 0.0265625 0.0333333
0 0.977344 0.01875 0.0265625 0.0291667
0 0.296875 0.654167 0.0375 0.0458333
0 0.00546875 0.739583 0.0109375 0.0375
0 0.480469 0.040625 0.0234375 0.0354167
0 0.635938 0.553125 0.03125 0.04375
0 0.160938 0.0125 0.034375 0.025
0 0.560938 0.922917 0.028125 0.0333333
0 0.153906 0.645833 0.0265625 0.0333333
0 0.95625 0.015625 0.034375 0.03125
0 0.328906 0.495833 0.0265625 0.0333333
0 0.785156 0.0895833 0.0328125 0.0416667
0 0.872656 0.765625 0.0234375 0.03125
0 0.0351562 0.360417 0.0265625 0.0416667
0 0.557031 0.223958 0.0296875 0.0354167
0 0.15625 0.609375 0.025 0.0354167
0 0.317187 0.798958 0.03125 0.0395833
0 0.238281 0.584375 0.0296875 0.0395833
0 0.953125 0.690625 0.028125 0.0354167
0 0.746875 0.836458 0.028125 0.0354167
0 0.632031 0.63125 0.0296875 0.0375
0 0.559375 0.710417 0.028125 0.0375
0 0.0609375 0.386458 0.025 0.0354167
0 0.797656 0.452083 0.0265625 0.0375
0 0.521875 0.463542 0.028125 0.0354167
0 0.200781 0.353125 0.0265625 0.0354167
0 0.384375 0.177083 0.03125 0.0416667
0 0.317187 0.91875 0.028125 0.0416667
0 0.221094 0.336458 0.0265625 0.0395833
0 0.639063 0.05625 0.03125 0.0416667
0 0.192188 0.422917 0.025 0.0333333
0 0.771875 0.653125 0.028125 0.0354167
0 0.264844 0.890625 0.0328125 0.0479167
0 0.285937 0.334375 0.03125 0.04375
0 0.10625 0.535417 0.028125 0.0375
0 0.380469 0.490625 0.0234375 0.0354167
0 0.611719 0.238542 0.0234375 0.03125
0 0.897656 0.395833 0.0296875 0.0375
0 0.0773437 0.80625 0.0296875 0.0416667
0 0.976562 0.0791667 0.034375 0.0458333
0 0.152344 0.38125 0.0359375 0.0458333
0 0.128906 0.208333 0.0296875 0.0375
0 0.720312 0.204167 0.028125 0.0375
0 0.428906 0.613542 0.0328125 0.0479167
0 0.854688 0.536458 0.034375 0.04375
0 0.217187 0.502083 0.028125 0.0375
0 0.183594 0.475 0.0265625 0.0375
0 0.539062 0.0552083 0.034375 0.04375
0 0.317187 0.580208 0.03125 0.04375
0 0.4375 0.4625 0.0375 0.05
0 0.776563 0.2125 0.03125 0.0416667
0 0.7875 0.255208 0.028125 0.0395833
0 0.616406 0.275 0.0265625 0.0416667
0 0.588281 0.075 0.0328125 0.0458333
0 0.075 0.890625 0.03125 0.0395833
0 0.108594 0.932292 0.0328125 0.0479167
0 0.746094 0.101042 0.0359375 0.0520833
0 0.80625 0.7 0.03125 0.0416667
0 0.603906 0.505208 0.0328125 0.04375
0 0.919531 0.25 0.0359375 0.05
