0 0.125781 0.451042 0.0359375 0.0479167
0 0.209375 0.501042 0.021875 0.0354167
0 0.203125 0.470833 0.01875 0.0333333
0 0.483594 0.0395833 0.0203125 0.0333333
0 0.201562 0.496875 0.01875 0.03125
0 0.982813 0.354167 0.028125 0.0375
0 0.964844 0.985417 0.0328125 0.025
0 0.977344 0.01875 0.0265625 0.025
0 0.295312 0.655208 0.040625 0.0520833
0 0.580469 0.389583 0.0359375 0.0458333
0 0.178125 0.132292 0.025 0.0354167
0 0.89375 0.709375 0.021875 0.03125
0 0.00625 0.728125 0.0125 0.04375
0 0.0859375 0.420833 0.021875 0.0291667
0 0.35 0.810417 0.021875 0.0291667
0 0.639844 0.0572917 0.0296875 0.0395833
0 0.957812 0.0145833 0.03125 0.025
0 0.745313 0.855208 0.025 0.0354167
0 0.890625 0.602083 0.028125 0.0375
0 0.373437 0.5125 0.025 0.0333333
0 0.2 0.351042 0.028125 0.0354167
1 0.971875 0.561458 0.053125 0.0770833
0 0.310937 0.497917 0.028125 0.0375
0 0.157031 0.609375 0.0265625 0.0354167
0 0.160938 0.0114583 0.034375 0.0229167
0 0.566406 0.919792 0.0296875 0.0354167
0 0.258594 0.808333 0.0421875 0.0541667
0 0.873438 0.766667 0.025 0.0333333
0 0.611719 0.613542 0.0265625 0.0395833
0 0.903125 0.390625 0.028125 0.0354167
0 0.317187 0.798958 0.034375 0.04375
0 0.558594 0.710417 0.0296875 0.0375
0 0.521875 0.463542 0.028125 0.0354167
0 0.153906 0.644792 0.0265625 0.0354167
0 0.167969 0.421875 0.0265625 0.0354167
0 0.15 0.382292 0.034375 0.04375
0 0.771094 0.654167 0.0265625 0.0333333
0 0.439063 0.4625 0.034375 0.05
0 0.0984375 0.54375 0.028125 0.0375
0 0.359375 0.16875 0.028125 0.0416667
0 0.597656 0.228125 0.0296875 0.0395833
0 0.326562 0.5875 0.028125 0.0375
0 0.639063 0.554167 0.034375 0.0458333
0 0.952344 0.684375 0.0296875 0.0354167
0 0.347656 0.761458 0.0265625 0.0395833
0 0.975781 0.0791667 0.0296875 0.0416667
0 0.775 0.213542 0.03125 0.04375
0 0.5375 0.211458 0.03125 0.0395833
0 0.733594 0.182292 0.0265625 0.0354167
0 0.286719 0.334375 0.0328125 0.04375
0 0.129688 0.209375 0.028125 0.0395833
0 0.783594 0.0895833 0.0296875 0.0375
0 0.539062 0.0552083 0.03125 0.0395833
0 0.221094 0.335417 0.0265625 0.0375
0 0.317187 0.920833 0.028125 0.0375
0 0.182812 0.457292 0.025 0.0354167
0 0.248437 0.602083 0.03125 0.0416667
0 0.85625 0.536458 0.034375 0.04375
0 0.5875 0.0760417 0.03125 0.04375
0 0.429688 0.614583 0.0375 0.05
0 0.0882813 0.808333 0.0296875 0.0375
0 0.217187 0.503125 0.028125 0.0354167
0 0.0273438 0.339583 0.0296875 0.0416667
0 0.059375 0.3875 0.028125 0.0375
0 0.107813 0.932292 0.034375 0.0479167
0 0.0734375 0.889583 0.03125 0.0375
0 0.603906 0.505208 0.0328125 0.0395833
0 0.808594 0.434375 0.0296875 0.0395833
0 0.80625 0.7 0.03125 0.0458333
0 0.616406 0.276042 0.0265625 0.04375
0 0.785937 0.259375 0.03125 0.04375
0 0.264844 0.891667 0.0359375 0.0541667
0 0.917188 0.251042 0.034375 0.0479167
0 0.745313 0.102083 0.034375 0.05
