0 0.00546875 0.748958 0.0109375 0.04375
0 0.410937 0.297917 0.025 0.0375
0 0.9625 0.594792 0.025 0.03125
0 0.295312 0.65625 0.04375 0.0541667
0 0.739062 0.0885417 0.028125 0.0354167
0 0.0046875 0.909375 0.009375 0.04375
0 0.894531 0.704167 0.0234375 0.0333333
0 0.35 0.808333 0.021875 0.0333333
0 0.964063 0.984375 0.034375 0.03125
0 0.207813 0.492708 0.025 0.0395833
0 0.177344 0.132292 0.0234375 0.0354167
0 0.638281 0.0572917 0.0265625 0.0354167
1 0.972656 0.5625 0.0546875 0.0791667
0 0.889844 0.602083 0.0265625 0.0375
0 0.574219 0.015625 0.0296875 0.0270833
0 0.95625 0.0145833 0.03125 0.0291667
0 0.125781 0.451042 0.0359375 0.0479167
0 0.223438 0.504167 0.03125 0.0458333
0 0.0867188 0.421875 0.0234375 0.0270833
0 0.317187 0.797917 0.03125 0.0375
0 0.317969 0.74375 0.0265625 0.0416667
0 0.479688 0.0375 0.025 0.0333333
0 0.667969 0.673958 0.0265625 0.03125
0 0.160938 0.0125 0.03125 0.025
0 0.589844 0.0739583 0.0296875 0.0395833
0 0.716406 0.786458 0.0234375 0.03125
0 0.0664062 0.397917 0.0265625 0.0333333
0 0.127344 0.515625 0.0296875 0.0395833
0 0.857031 0.534375 0.0296875 0.0395833
0 0.539062 0.469792 0.028125 0.0354167
0 0.815625 0.477083 0.028125 0.0333333
0 0.2 0.354167 0.025 0.0333333
0 0.872656 0.767708 0.0234375 0.03125
0 0.19375 0.563542 0.028125 0.0354167
0 0.222656 0.336458 0.0265625 0.0395833
0 0.153906 0.64375 0.0265625 0.0333333
0 0.919531 0.396875 0.0296875 0.0354167
0 0.783594 0.0875 0.0296875 0.0375
0 0.0414063 0.391667 0.0296875 0.0375
0 0.635938 0.55 0.034375 0.0458333
0 0.341406 0.526042 0.0265625 0.0354167
0 0.603906 0.50625 0.0296875 0.0416667
0 0.542188 0.932292 0.028125 0.0354167
0 0.286719 0.334375 0.0296875 0.04375
0 0.560156 0.708333 0.0328125 0.0416667
0 0.632031 0.284375 0.0265625 0.0395833
0 0.579687 0.385417 0.0375 0.05
0 0.976562 0.0760417 0.03125 0.0395833
0 0.54375 0.0572917 0.028125 0.03125
0 0.416406 0.132292 0.0328125 0.04375
0 0.613281 0.276042 0.0265625 0.0395833
0 0.309375 0.552083 0.028125 0.0416667
0 0.796094 0.254167 0.0296875 0.0375
0 0.263281 0.891667 0.0328125 0.05
0 0.771094 0.654167 0.0265625 0.0333333
0 0.157813 0.607292 0.028125 0.0354167
0 0.958594 0.720833 0.0296875 0.0375
0 0.775781 0.2125 0.0359375 0.0458333
0 0.542188 0.191667 0.03125 0.0416667
0 0.153906 0.380208 0.0359375 0.0479167
0 0.363281 0.435417 0.0296875 0.0416667
0 0.317187 0.916667 0.03125 0.0458333
0 0.804688 0.696875 0.03125 0.04375
0 0.429688 0.611458 0.034375 0.0479167
0 0.436719 0.461458 0.0359375 0.0479167
0 0.107813 0.932292 0.034375 0.0479167
0 0.129688 0.207292 0.028125 0.0354167
0 0.74375 0.102083 0.034375 0.05
0 0.053125 0.771875 0.03125 0.0395833
0 0.190625 0.517708 0.028125 0.0395833
0 0.0734375 0.890625 0.034375 0.0395833
0 0.917969 0.251042 0.0359375 0.0520833
