1 0.9625 0.0197917 0.059375 0.0395833
0 0.916406 0.342708 0.0171875 0.0270833
0 0.292969 0.661458 0.0359375 0.04375
0 0.203906 0.46875 0.0203125 0.0333333
0 0.966406 0.986458 0.0359375 0.0229167
0 0.286719 0.625 0.0265625 0.0291667
0 0.351562 0.809375 0.025 0.03125
0 0.583594 0.388542 0.0359375 0.0479167
0 0.317969 0.801042 0.0328125 0.0395833
0 0.559375 0.713542 0.028125 0.0354167
0 0.977344 0.0208333 0.0234375 0.025
0 0.2 0.494792 0.01875 0.03125
1 0.972656 0.56875 0.0546875 0.0875
0 0.0859375 0.420833 0.021875 0.025
0 0.959375 0.0145833 0.03125 0.025
0 0.152344 0.385417 0.0296875 0.0375
0 0.340625 0.778125 0.025 0.03125
0 0.009375 0.289583 0.01875 0.0416667
0 0.160938 0.0104167 0.034375 0.0208333
0 0.775781 0.217708 0.0328125 0.04375
0 0.579687 0.908333 0.028125 0.0333333
0 0.009375 0.710417 0.01875 0.0458333
0 0.640625 0.059375 0.028125 0.0395833
0 0.580469 0.614583 0.0296875 0.0375
0 0.874219 0.765625 0.0234375 0.03125
0 0.878125 0.403125 0.034375 0.0479167
0 0.154687 0.644792 0.028125 0.0354167
0 0.484375 0.04375 0.028125 0.0375
0 0.5875 0.078125 0.03125 0.0395833
0 0.408594 0.56875 0.0265625 0.0333333
0 0.544531 0.252083 0.0296875 0.0416667
0 0.426562 0.608333 0.03125 0.0416667
0 0.135937 0.353125 0.025 0.0354167
0 0.157813 0.608333 0.028125 0.0375
0 0.216406 0.501042 0.0296875 0.0395833
0 0.771875 0.657292 0.028125 0.0354167
0 0.0726563 0.559375 0.0296875 0.0395833
0 0.603906 0.507292 0.0296875 0.0395833
0 0.789062 0.394792 0.03125 0.0395833
0 0.764063 0.90625 0.028125 0.0416667
0 0.222656 0.3375 0.0265625 0.0375
0 0.975781 0.078125 0.0328125 0.04375
0 0.286719 0.333333 0.0328125 0.0458333
0 0.199219 0.353125 0.0265625 0.0354167
0 0.333594 0.215625 0.0296875 0.0395833
0 0.303906 0.495833 0.0296875 0.0416667
0 0.783594 0.0916667 0.0328125 0.0416667
0 0.753125 0.215625 0.028125 0.0395833
0 0.635938 0.557292 0.034375 0.04375
0 0.439063 0.46875 0.034375 0.0458333
0 0.338281 0.609375 0.0328125 0.0395833
0 0.128125 0.2125 0.028125 0.0375
0 0.502344 0.448958 0.0296875 0.0354167
0 0.184375 0.404167 0.025 0.0375
0 0.31875 0.920833 0.028125 0.0375
0 0.617188 0.280208 0.028125 0.04375
0 0.536719 0.0552083 0.0328125 0.04375
0 0.949219 0.654167 0.0265625 0.0375
0 0.579687 0.183333 0.03125 0.0416667
0 0.0632813 0.375 0.0296875 0.0416667
0 0.110937 0.851042 0.03125 0.04375
0 0.0726563 0.891667 0.0328125 0.0416667
0 0.857031 0.5375 0.0359375 0.0458333
0 0.782812 0.260417 0.03125 0.0416667
0 0.264062 0.892708 0.03125 0.0479167
0 0.807031 0.704167 0.0328125 0.0458333
0 0.107031 0.932292 0.0359375 0.0479167
0 0.745313 0.102083 0.0375 0.0541667
0 0.917969 0.253125 0.0390625 0.0520833
