0 0.177344 0.133333 0.0265625 0.0333333
0 0.863281 0.514583 0.0296875 0.0458333
0 0.0867188 0.979167 0.0265625 0.0333333
0 0.285937 0.334375 0.034375 0.0479167
0 0.588281 0.071875 0.0328125 0.04375
0 0.320312 0.795833 0.0375 0.05
0 0.889063 0.597917 0.028125 0.0416667
0 0.0101562 0.767708 0.0203125 0.04375
0 0.35 0.808333 0.025 0.0333333
1 0.973437 0.557292 0.053125 0.0729167
0 0.410937 0.295833 0.03125 0.0458333
0 0.564844 0.0729167 0.0265625 0.0333333
0 0.103125 0.979167 0.0375 0.0375
0 0.807813 0.246875 0.03125 0.04375
0 0.85625 0.529167 0.0375 0.05
0 0.476562 0.147917 0.03125 0.0416667
0 0.0648438 0.407292 0.0296875 0.04375
0 0.874219 0.763542 0.0234375 0.03125
0 0.796094 0.0802083 0.0296875 0.04375
0 0.638281 0.0520833 0.0359375 0.05
0 0.00859375 0.555208 0.0171875 0.04375
0 0.903906 0.009375 0.0296875 0.01875
0 0.521875 0.930208 0.028125 0.0354167
0 0.363281 0.539583 0.0296875 0.0375
0 0.201562 0.355208 0.021875 0.0270833
0 0.160156 0.0135417 0.0296875 0.0270833
0 0.95625 0.015625 0.0375 0.03125
0 0.614844 0.267708 0.0296875 0.04375
0 0.124219 0.453125 0.0390625 0.0520833
0 0.638281 0.541667 0.0359375 0.0458333
0 0.153906 0.64375 0.0234375 0.0291667
0 0.76875 0.651042 0.028125 0.0354167
0 0.297656 0.653125 0.0390625 0.0479167
0 0.521875 0.169792 0.028125 0.0354167
0 0.4375 0.452083 0.040625 0.0541667
0 0.151562 0.379167 0.03125 0.0416667
0 0.372656 0.3625 0.0265625 0.0375
0 0.975781 0.0770833 0.0359375 0.05
0 0.43125 0.607292 0.040625 0.0520833
0 0.546094 0.0552083 0.0328125 0.0395833
0 0.479688 0.0333333 0.03125 0.0416667
0 0.0601562 0.469792 0.0265625 0.0354167
0 0.741406 0.0989583 0.0328125 0.0479167
0 0.160938 0.522917 0.028125 0.0375
0 0.221875 0.336458 0.025 0.0354167
0 0.257812 0.801042 0.040625 0.05625
0 0.560938 0.469792 0.03125 0.0395833
0 0.265625 0.889583 0.028125 0.0416667
0 0.0117188 0.94375 0.0234375 0.0416667
0 0.959375 0.760417 0.03125 0.0416667
0 0.157031 0.810417 0.0453125 0.0583333
0 0.0242187 0.129167 0.0328125 0.0458333
0 0.235156 0.614583 0.0265625 0.0375
0 0.819531 0.513542 0.0296875 0.0395833
0 0.605469 0.50625 0.0328125 0.0416667
0 0.579687 0.383333 0.040625 0.05
0 0.682031 0.725 0.0359375 0.0458333
0 0.667969 0.334375 0.0296875 0.0395833
0 0.559375 0.710417 0.0375 0.0458333
0 0.157813 0.607292 0.028125 0.0354167
0 0.14375 0.53125 0.03125 0.0416667
0 0.128906 0.204167 0.0296875 0.0375
0 0.782812 0.084375 0.03125 0.04375
0 0.0726563 0.89375 0.0328125 0.0416667
0 0.317187 0.917708 0.03125 0.0395833
0 0.107031 0.933333 0.0359375 0.0458333
0 0.700781 0.121875 0.0265625 0.0354167
0 0.292969 0.528125 0.0359375 0.04375
0 0.207813 0.573958 0.028125 0.0354167
0 0.919531 0.247917 0.0390625 0.05
0 0.220313 0.496875 0.034375 0.0479167
