0 0.177344 0.132292 0.0265625 0.0354167
0 0.889844 0.603125 0.0296875 0.0395833
0 0.977344 0.0208333 0.0265625 0.025
0 0.292969 0.6625 0.0359375 0.0416667
0 0.963281 0.0104167 0.0296875 0.0208333
0 0.966406 0.988542 0.0359375 0.0229167
0 0.916406 0.342708 0.0203125 0.0270833
0 0.982031 0.35625 0.0265625 0.0375
0 0.317187 0.801042 0.03125 0.0354167
0 0.35 0.809375 0.021875 0.0270833
0 0.584375 0.389583 0.034375 0.0458333
0 0.151562 0.384375 0.03125 0.0395833
0 0.0859375 0.420833 0.021875 0.025
0 0.641406 0.0614583 0.0296875 0.04375
1 0.973437 0.565625 0.053125 0.08125
0 0.203906 0.49375 0.0203125 0.0291667
0 0.603906 0.505208 0.0296875 0.0395833
0 0.338281 0.771875 0.0265625 0.03125
0 0.955469 0.01875 0.0296875 0.0291667
0 0.00859375 0.269792 0.0171875 0.0354167
0 0.591406 0.588542 0.0296875 0.0354167
0 0.157813 0.608333 0.028125 0.0375
0 0.582031 0.908333 0.0265625 0.0333333
0 0.161719 0.0104167 0.0328125 0.0208333
0 0.135937 0.314583 0.028125 0.0416667
0 0.322656 0.216667 0.0265625 0.0333333
0 0.154687 0.644792 0.028125 0.0354167
0 0.877344 0.396875 0.0296875 0.0395833
0 0.874219 0.765625 0.0234375 0.03125
0 0.560156 0.270833 0.0265625 0.0375
0 0.501562 0.45 0.028125 0.0375
0 0.216406 0.501042 0.0265625 0.0354167
0 0.559375 0.713542 0.03125 0.0395833
0 0.421094 0.578125 0.0265625 0.03125
0 0.484375 0.0447917 0.028125 0.0354167
0 0.770312 0.657292 0.025 0.03125
0 0.638281 0.553125 0.0328125 0.04375
0 0.0664062 0.55625 0.0296875 0.0375
0 0.780469 0.9125 0.0265625 0.0375
0 0.427344 0.60625 0.0296875 0.0375
0 0.78125 0.390625 0.028125 0.0354167
0 0.222656 0.3375 0.0265625 0.0375
0 0.0632813 0.361458 0.0296875 0.0395833
0 0.976562 0.0802083 0.03125 0.04375
0 0.5875 0.078125 0.028125 0.0395833
0 0.188281 0.392708 0.0265625 0.0354167
0 0.0117188 0.710417 0.0234375 0.0458333
0 0.748438 0.236458 0.028125 0.0395833
0 0.288281 0.496875 0.0296875 0.0395833
0 0.774219 0.214583 0.0359375 0.0458333
0 0.199219 0.355208 0.0265625 0.0354167
0 0.31875 0.921875 0.028125 0.0395833
0 0.285937 0.335417 0.03125 0.0458333
0 0.784375 0.09375 0.034375 0.0416667
0 0.128906 0.2125 0.0296875 0.0416667
0 0.616406 0.28125 0.0265625 0.0416667
0 0.346875 0.611458 0.03125 0.0395833
0 0.536719 0.0552083 0.0296875 0.0395833
0 0.946875 0.642708 0.025 0.0354167
0 0.071875 0.892708 0.03125 0.0395833
0 0.575781 0.170833 0.0296875 0.0375
0 0.439063 0.470833 0.034375 0.0458333
0 0.784375 0.25625 0.03125 0.0416667
0 0.855469 0.5375 0.0359375 0.0458333
0 0.114844 0.875 0.0296875 0.0375
0 0.807031 0.705208 0.0328125 0.04375
0 0.107031 0.932292 0.0359375 0.04375
0 0.265625 0.891667 0.034375 0.05
0 0.745313 0.101042 0.0375 0.05625
0 0.917969 0.253125 0.0390625 0.0520833
