1 0.9625 0.0260417 0.06875 0.0520833
0 0.160938 0.620833 0.028125 0.0375
0 0.228125 0.1875 0.021875 0.0333333
0 0.960156 0.0104167 0.0328125 0.0208333
0 0.411719 0.317708 0.0265625 0.0354167
0 0.00546875 0.673958 0.0109375 0.04375
0 0.490625 0.0875 0.025 0.0375
0 0.890625 0.607292 0.028125 0.0354167
0 0.990625 0.0208333 0.01875 0.0375
0 0.60625 0.507292 0.0375 0.0479167
0 0.790625 0.00729167 0.03125 0.0145833
0 0.446094 0.521875 0.0328125 0.0395833
0 0.2 0.352083 0.028125 0.0333333
0 0.290625 0.348958 0.028125 0.0354167
0 0.902344 0.745833 0.0265625 0.0375
0 0.015625 0.0104167 0.03125 0.0208333
0 0.119531 0.447917 0.0359375 0.0458333
0 0.0851562 0.420833 0.0265625 0.0333333
1 0.971875 0.573958 0.05625 0.09375
0 0.977344 0.369792 0.0234375 0.03125
0 0.5625 0.728125 0.03125 0.0395833
0 0.910156 0.009375 0.0296875 0.01875
0 0.803125 0.126042 0.034375 0.04375
0 0.951563 0.0302083 0.03125 0.0354167
0 0.616406 0.679167 0.0234375 0.0291667
0 0.222656 0.334375 0.0265625 0.0395833
0 0.58125 0.415625 0.034375 0.0479167
0 0.914844 0.276042 0.0359375 0.0479167
0 0.139062 0.0489583 0.028125 0.0354167
0 0.210938 0.511458 0.025 0.0354167
0 0.989844 0.526042 0.0203125 0.0395833
0 0.0671875 0.897917 0.03125 0.0375
0 0.15 0.383333 0.034375 0.0458333
0 0.228125 0.464583 0.025 0.0333333
0 0.933594 0.26875 0.0296875 0.0375
0 0.161719 0.0114583 0.0296875 0.0229167
0 0.153906 0.648958 0.0265625 0.0354167
0 0.773438 0.675 0.03125 0.0375
0 0.728906 0.678125 0.0265625 0.0354167
0 0.0179687 0.508333 0.0265625 0.0375
0 0.796875 0.453125 0.03125 0.0354167
0 0.78125 0.905208 0.034375 0.04375
0 0.709375 0.0125 0.03125 0.025
0 0.0742188 0.263542 0.0265625 0.0395833
0 0.330469 0.946875 0.0296875 0.0354167
0 0.40625 0.74375 0.03125 0.0416667
0 0.767187 0.257292 0.03125 0.0354167
0 0.873438 0.764583 0.028125 0.0416667
0 0.0445312 0.784375 0.0265625 0.0354167
0 0.783594 0.121875 0.0296875 0.04375
0 0.05 0.242708 0.028125 0.0395833
0 0.68125 0.480208 0.03125 0.0395833
0 0.750781 0.259375 0.0328125 0.0354167
0 0.457031 0.895833 0.0328125 0.05
0 0.307031 0.198958 0.0265625 0.0354167
0 0.778906 0.28125 0.0328125 0.0416667
0 0.132812 0.65625 0.028125 0.0375
0 0.265625 0.898958 0.034375 0.0520833
0 0.536719 0.01875 0.0390625 0.0375
0 0.960156 0.0854167 0.0296875 0.0416667
0 0.814844 0.742708 0.0359375 0.0479167
0 0.89375 0.25625 0.03125 0.0416667
0 0.736719 0.127083 0.0390625 0.0541667
0 0.626562 0.305208 0.03125 0.0479167
0 0.132812 0.240625 0.028125 0.0354167
0 0.103906 0.244792 0.0296875 0.0395833
0 0.433594 0.638542 0.0296875 0.0395833
0 0.582812 0.103125 0.03125 0.0395833
0 0.65625 0.121875 0.03125 0.0395833
0 0.642969 0.573958 0.0390625 0.0479167
