0 0.973437 0.0229167 0.0375 0.0375
0 0.841406 0.864583 0.0359375 0.05
0 0.979688 0.009375 0.0375 0.01875
0 0.151562 0.534375 0.025 0.0354167
1 0.973437 0.557292 0.053125 0.0729167
0 0.667188 0.707292 0.028125 0.0354167
0 0.805469 0.69375 0.0390625 0.0541667
0 0.89375 0.7 0.025 0.0375
0 0.966406 0.984375 0.0359375 0.03125
0 0.319531 0.796875 0.0328125 0.04375
0 0.932031 0.407292 0.0390625 0.0520833
0 0.0851562 0.976042 0.0234375 0.0270833
0 0.85625 0.530208 0.0375 0.0520833
0 0.285937 0.333333 0.03125 0.0416667
0 0.411719 0.296875 0.0296875 0.04375
0 0.0390625 0.727083 0.03125 0.0416667
0 0.176563 0.133333 0.025 0.0333333
0 0.477344 0.1375 0.0265625 0.0375
0 0.349219 0.807292 0.0234375 0.03125
0 0.770312 0.651042 0.028125 0.0354167
0 0.564844 0.06875 0.0234375 0.0375
0 0.430469 0.608333 0.0390625 0.0541667
0 0.525 0.930208 0.028125 0.0354167
0 0.741406 0.101042 0.0296875 0.04375
0 0.0078125 0.555208 0.015625 0.04375
0 0.639063 0.54375 0.0375 0.0458333
0 0.153906 0.644792 0.0203125 0.0270833
0 0.874219 0.764583 0.0265625 0.0333333
0 0.296875 0.653125 0.034375 0.04375
0 0.591406 0.06875 0.0296875 0.0416667
0 0.826563 0.50625 0.034375 0.0458333
0 0.904688 0.009375 0.028125 0.01875
0 0.796875 0.0802083 0.028125 0.04375
0 0.157813 0.8125 0.0375 0.05
0 0.6375 0.0520833 0.034375 0.0458333
0 0.151562 0.380208 0.03125 0.0395833
0 0.160156 0.0135417 0.0296875 0.0270833
0 0.955469 0.0145833 0.0359375 0.0291667
0 0.00859375 0.769792 0.0171875 0.0395833
0 0.480469 0.034375 0.0296875 0.0395833
0 0.203125 0.354167 0.021875 0.0291667
0 0.264844 0.891667 0.0265625 0.0375
0 0.80625 0.25 0.034375 0.0458333
0 0.0632813 0.457292 0.0234375 0.03125
0 0.160156 0.507292 0.0265625 0.0354167
0 0.028125 0.116667 0.028125 0.0375
0 0.684375 0.739583 0.028125 0.0375
0 0.515625 0.176042 0.025 0.0354167
0 0.157813 0.608333 0.025 0.0333333
0 0.358594 0.360417 0.0296875 0.0375
0 0.958594 0.755208 0.0328125 0.04375
0 0.124219 0.454167 0.0359375 0.0458333
0 0.0117188 0.941667 0.0234375 0.0375
0 0.704687 0.134375 0.025 0.03125
0 0.605469 0.50625 0.0328125 0.0416667
0 0.436719 0.455208 0.0421875 0.0604167
0 0.545313 0.0552083 0.03125 0.0395833
0 0.615625 0.271875 0.028125 0.0395833
0 0.223438 0.338542 0.025 0.0354167
0 0.976562 0.0760417 0.034375 0.0479167
0 0.317187 0.91875 0.028125 0.0375
0 0.240625 0.591667 0.028125 0.0333333
0 0.579687 0.383333 0.040625 0.05
0 0.355469 0.544792 0.0328125 0.0395833
0 0.661719 0.329167 0.0296875 0.0416667
0 0.559375 0.710417 0.034375 0.0458333
0 0.128906 0.204167 0.0296875 0.0375
0 0.257812 0.803125 0.0375 0.0520833
0 0.203906 0.56875 0.0296875 0.0375
0 0.107031 0.932292 0.0328125 0.04375
0 0.0726563 0.89375 0.0296875 0.0375
0 0.294531 0.53125 0.0328125 0.0416667
0 0.782812 0.0854167 0.03125 0.0416667
0 0.557813 0.469792 0.03125 0.0395833
0 0.920313 0.247917 0.0375 0.05
0 0.221094 0.501042 0.0296875 0.0395833
