0 0.890625 0.608333 0.028125 0.0375
0 0.990625 0.0197917 0.01875 0.0354167
0 0.960156 0.0104167 0.0328125 0.0208333
0 0.25625 0.847917 0.034375 0.0416667
0 0.160938 0.621875 0.028125 0.0354167
0 0.228906 0.1875 0.0234375 0.0333333
0 0.60625 0.507292 0.0375 0.0479167
0 0.411719 0.317708 0.0265625 0.0354167
0 0.790625 0.00729167 0.03125 0.0145833
1 0.964844 0.0260417 0.0671875 0.0520833
0 0.2 0.351042 0.028125 0.0354167
1 0.971875 0.577083 0.05625 0.0875
0 0.084375 0.419792 0.025 0.03125
0 0.451562 0.514583 0.034375 0.05
0 0.119531 0.447917 0.0359375 0.0458333
0 0.490625 0.0875 0.028125 0.0375
0 0.00625 0.677083 0.0125 0.0416667
0 0.0140625 0.0104167 0.028125 0.0208333
0 0.902344 0.745833 0.0265625 0.0375
0 0.915625 0.272917 0.034375 0.0458333
0 0.977344 0.369792 0.0234375 0.03125
0 0.910937 0.009375 0.03125 0.01875
0 0.796094 0.123958 0.0359375 0.04375
0 0.950781 0.0302083 0.0296875 0.0354167
0 0.613281 0.676042 0.0234375 0.03125
0 0.228125 0.465625 0.025 0.03125
0 0.989062 0.527083 0.021875 0.0375
0 0.290625 0.348958 0.028125 0.0354167
0 0.0664062 0.895833 0.0328125 0.0375
0 0.210938 0.511458 0.025 0.0354167
0 0.402344 0.746875 0.0296875 0.0395833
0 0.5625 0.727083 0.028125 0.0375
0 0.15 0.383333 0.034375 0.0458333
0 0.728906 0.677083 0.0265625 0.0333333
0 0.1625 0.0114583 0.03125 0.0229167
0 0.305469 0.195833 0.0265625 0.0333333
0 0.767969 0.257292 0.0296875 0.0354167
0 0.582031 0.414583 0.0328125 0.0458333
0 0.782812 0.905208 0.03125 0.0354167
0 0.046875 0.786458 0.025 0.0354167
0 0.152344 0.648958 0.0265625 0.0354167
0 0.679688 0.476042 0.03125 0.0395833
0 0.778125 0.28125 0.034375 0.0416667
0 0.222656 0.334375 0.0265625 0.04375
0 0.707812 0.0125 0.03125 0.025
0 0.329688 0.946875 0.028125 0.0354167
0 0.773438 0.673958 0.03125 0.0354167
0 0.873438 0.764583 0.028125 0.0416667
0 0.935938 0.272917 0.028125 0.0333333
0 0.784375 0.11875 0.028125 0.0375
0 0.457031 0.896875 0.0328125 0.0479167
0 0.0757812 0.261458 0.0265625 0.0395833
0 0.139844 0.046875 0.0296875 0.0395833
0 0.01875 0.508333 0.028125 0.0375
0 0.800781 0.459375 0.0328125 0.0395833
0 0.749219 0.260417 0.0296875 0.0333333
0 0.815625 0.742708 0.034375 0.0479167
0 0.0476562 0.244792 0.0296875 0.04375
0 0.265625 0.897917 0.034375 0.05
0 0.536719 0.01875 0.0390625 0.0375
0 0.960156 0.0854167 0.0296875 0.0416667
0 0.133594 0.658333 0.0265625 0.0375
0 0.626562 0.305208 0.03125 0.04375
0 0.895312 0.254167 0.03125 0.0375
0 0.433594 0.638542 0.0296875 0.0395833
0 0.65625 0.122917 0.03125 0.0375
0 0.132812 0.240625 0.028125 0.0354167
0 0.735937 0.126042 0.040625 0.05625
0 0.104687 0.241667 0.028125 0.0375
0 0.582812 0.102083 0.03125 0.0416667
0 0.64375 0.573958 0.0375 0.0479167
