0 0.285937 0.334375 0.034375 0.0479167
0 0.9625 0.59375 0.025 0.0291667
0 0.411719 0.296875 0.0296875 0.0479167
0 0.863281 0.5125 0.0296875 0.0458333
0 0.600781 0.240625 0.0328125 0.04375
0 0.299219 0.519792 0.0265625 0.0354167
0 0.889844 0.597917 0.0296875 0.0416667
0 0.857813 0.528125 0.0375 0.0520833
0 0.590625 0.0677083 0.03125 0.04375
0 0.89375 0.7 0.025 0.0333333
0 0.319531 0.795833 0.0359375 0.0458333
0 0.35 0.807292 0.025 0.03125
0 0.934375 0.410417 0.0375 0.05
0 0.0125 0.76875 0.025 0.05
0 0.125 0.452083 0.040625 0.0541667
0 0.0117188 0.557292 0.0234375 0.0479167
0 0.796094 0.0791667 0.0296875 0.0458333
0 0.324219 0.775 0.0296875 0.0333333
0 0.100781 0.977083 0.0390625 0.0416667
0 0.903125 0.009375 0.03125 0.01875
0 0.363281 0.54375 0.0296875 0.0375
0 0.520312 0.928125 0.028125 0.0354167
0 0.76875 0.65 0.028125 0.0333333
0 0.6375 0.0489583 0.034375 0.0479167
0 0.201562 0.354167 0.021875 0.0291667
0 0.741406 0.0979167 0.0359375 0.0458333
0 0.0101562 0.951042 0.0203125 0.04375
0 0.874219 0.7625 0.0265625 0.0333333
0 0.807813 0.246875 0.034375 0.04375
0 0.160156 0.0125 0.0296875 0.025
0 0.95625 0.0145833 0.0375 0.0291667
0 0.151562 0.378125 0.03125 0.0395833
0 0.43125 0.60625 0.040625 0.0541667
0 0.0398437 0.715625 0.0328125 0.0479167
0 0.159375 0.607292 0.028125 0.0354167
0 0.976562 0.0760417 0.0375 0.0520833
0 0.823438 0.515625 0.03125 0.0395833
0 0.375781 0.352083 0.0296875 0.0375
0 0.546875 0.05625 0.03125 0.0375
0 0.4375 0.453125 0.040625 0.05625
0 0.221875 0.336458 0.025 0.0354167
0 0.960938 0.7625 0.034375 0.05
0 0.482031 0.14375 0.0328125 0.0416667
0 0.265625 0.892708 0.028125 0.0395833
0 0.7 0.11875 0.028125 0.0375
0 0.028125 0.127083 0.03125 0.0458333
0 0.15625 0.809375 0.04375 0.05625
0 0.317187 0.917708 0.03125 0.0395833
0 0.296875 0.653125 0.0375 0.0479167
0 0.153906 0.642708 0.0234375 0.03125
0 0.257812 0.803125 0.04375 0.05625
0 0.604688 0.50625 0.034375 0.0458333
0 0.529688 0.171875 0.03125 0.0395833
0 0.165625 0.526042 0.028125 0.0354167
0 0.560938 0.46875 0.03125 0.0416667
0 0.783594 0.0864583 0.0328125 0.04375
0 0.639063 0.541667 0.0375 0.0458333
0 0.672656 0.340625 0.0296875 0.0395833
0 0.128906 0.204167 0.0296875 0.0375
0 0.609375 0.267708 0.03125 0.0479167
0 0.0679687 0.461458 0.0296875 0.0395833
0 0.682031 0.71875 0.0359375 0.0458333
0 0.207031 0.577083 0.0265625 0.0375
0 0.479688 0.0322917 0.034375 0.0479167
0 0.579687 0.383333 0.040625 0.0541667
0 0.292188 0.527083 0.03125 0.0416667
0 0.559375 0.709375 0.0375 0.0479167
0 0.0726563 0.89375 0.0328125 0.0416667
0 0.141406 0.534375 0.0296875 0.0395833
0 0.107813 0.932292 0.0375 0.0479167
0 0.245312 0.616667 0.03125 0.0375
0 0.920313 0.247917 0.0375 0.05
0 0.221875 0.49375 0.03125 0.0416667
