0 0.839844 0.863542 0.0359375 0.0479167
0 0.857031 0.528125 0.0390625 0.05625
0 0.964063 0.595833 0.025 0.0291667
0 0.970312 0.552083 0.034375 0.0458333
0 0.863281 0.513542 0.0296875 0.0479167
0 0.969531 0.980208 0.0421875 0.0354167
0 0.601562 0.238542 0.034375 0.04375
0 0.285156 0.332292 0.0328125 0.04375
0 0.35 0.808333 0.021875 0.0291667
0 0.0695312 0.461458 0.0296875 0.0395833
0 0.889844 0.597917 0.0296875 0.0416667
0 0.547656 0.0572917 0.0296875 0.0354167
0 0.376563 0.348958 0.028125 0.0354167
0 0.935156 0.411458 0.0359375 0.0479167
0 0.6375 0.0489583 0.034375 0.0479167
0 0.1 0.975 0.040625 0.0416667
0 0.31875 0.796875 0.034375 0.04375
0 0.903906 0.009375 0.0296875 0.01875
0 0.126563 0.453125 0.040625 0.05625
0 0.139844 0.53125 0.0296875 0.0375
0 0.89375 0.7 0.025 0.0333333
0 0.363281 0.547917 0.0296875 0.0416667
0 0.0117188 0.557292 0.0234375 0.0479167
0 0.796875 0.0791667 0.028125 0.0416667
0 0.265625 0.891667 0.028125 0.0416667
0 0.822656 0.516667 0.0296875 0.0375
0 0.201562 0.353125 0.021875 0.03125
0 0.51875 0.930208 0.028125 0.0354167
0 0.160938 0.0135417 0.03125 0.0270833
0 0.684375 0.711458 0.03125 0.0395833
0 0.43125 0.607292 0.040625 0.0520833
0 0.0109375 0.953125 0.021875 0.04375
0 0.741406 0.0979167 0.0359375 0.0458333
0 0.874219 0.7625 0.0265625 0.0333333
0 0.808594 0.245833 0.0328125 0.0416667
0 0.321094 0.773958 0.0265625 0.0354167
0 0.483594 0.138542 0.0328125 0.04375
0 0.221875 0.336458 0.025 0.0354167
0 0.563281 0.470833 0.0296875 0.0375
0 0.151562 0.378125 0.03125 0.0395833
0 0.955469 0.015625 0.0390625 0.03125
0 0.975781 0.0760417 0.0390625 0.0520833
0 0.783594 0.0864583 0.0328125 0.04375
0 0.153906 0.64375 0.0234375 0.0291667
0 0.253125 0.615625 0.028125 0.0354167
0 0.76875 0.651042 0.028125 0.0354167
0 0.610156 0.269792 0.0328125 0.0479167
0 0.157031 0.810417 0.0421875 0.0541667
0 0.158594 0.607292 0.0265625 0.0354167
0 0.0328125 0.121875 0.034375 0.0395833
0 0.257812 0.801042 0.040625 0.05625
0 0.532812 0.171875 0.028125 0.0354167
0 0.671875 0.342708 0.028125 0.0354167
0 0.317187 0.917708 0.03125 0.0395833
0 0.436719 0.45625 0.0421875 0.0583333
0 0.164844 0.527083 0.0296875 0.0375
0 0.696094 0.119792 0.0265625 0.0354167
0 0.960156 0.765625 0.0359375 0.0479167
0 0.0375 0.713542 0.034375 0.0479167
0 0.638281 0.541667 0.0390625 0.0458333
0 0.605469 0.50625 0.0328125 0.0416667
0 0.0125 0.770833 0.025 0.0458333
0 0.479688 0.0322917 0.034375 0.0479167
0 0.676562 0.725 0.03125 0.0375
0 0.129688 0.203125 0.03125 0.0395833
0 0.205469 0.579167 0.0265625 0.0375
0 0.559375 0.710417 0.0375 0.0458333
0 0.297656 0.653125 0.0390625 0.0479167
0 0.579687 0.383333 0.0375 0.05
0 0.107813 0.932292 0.0375 0.0479167
0 0.294531 0.522917 0.0328125 0.0416667
0 0.0726563 0.89375 0.0328125 0.0416667
0 0.920313 0.247917 0.0375 0.05
0 0.222656 0.494792 0.0328125 0.04375
