0 0.814844 0.1 0.0296875 0.0416667
0 0.990625 0.0197917 0.01875 0.0395833
2 0.0921875 0.739583 0.021875 0.025
0 0.5625 0.726042 0.028125 0.0395833
0 0.724219 0.2375 0.0234375 0.0291667
0 0.159375 0.61875 0.028125 0.0416667
0 0.958594 0.0104167 0.0359375 0.0208333
0 0.120312 0.447917 0.0375 0.0416667
0 0.953906 0.0302083 0.0296875 0.0354167
0 0.814844 0.741667 0.0328125 0.0458333
1 0.9625 0.0270833 0.065625 0.0541667
0 0.199219 0.351042 0.0296875 0.0354167
0 0.255469 0.846875 0.0359375 0.04375
0 0.291406 0.346875 0.0265625 0.0395833
0 0.976562 0.369792 0.021875 0.03125
0 0.225 0.336458 0.03125 0.04375
0 0.317969 0.810417 0.0328125 0.0416667
0 0.111719 0.653125 0.0296875 0.0395833
0 0.653125 0.111458 0.028125 0.03125
0 0.210938 0.513542 0.025 0.0354167
1 0.972656 0.579167 0.0546875 0.0958333
0 0.184375 0.144792 0.028125 0.0354167
0 0.239844 0.482292 0.0265625 0.0354167
0 0.065625 0.895833 0.03125 0.0375
0 0.789844 0.009375 0.0296875 0.01875
0 0.489844 0.0802083 0.0234375 0.0354167
0 0.151562 0.65 0.025 0.0333333
0 0.895312 0.269792 0.03125 0.0395833
0 0.309375 0.21875 0.025 0.0333333
0 0.903125 0.744792 0.028125 0.0354167
0 0.75 0.24375 0.028125 0.0333333
0 0.0851562 0.421875 0.0265625 0.0354167
0 0.228906 0.185417 0.0234375 0.0375
0 0.914062 0.271875 0.0375 0.0520833
0 0.907031 0.0125 0.0296875 0.025
0 0.15 0.383333 0.034375 0.0458333
0 0.404687 0.729167 0.028125 0.0416667
0 0.0625 0.23125 0.03125 0.0416667
0 0.13125 0.239583 0.028125 0.0375
0 0.450781 0.8875 0.0328125 0.0416667
0 0.773438 0.673958 0.03125 0.0395833
0 0.628125 0.704167 0.028125 0.0333333
0 0.729688 0.704167 0.025 0.0333333
0 0.680469 0.473958 0.0296875 0.0395833
0 0.160938 0.0135417 0.034375 0.0270833
0 0.0140625 0.0270833 0.028125 0.0375
0 0.775 0.907292 0.03125 0.0395833
0 0.941406 0.260417 0.0265625 0.0333333
0 0.9625 0.0864583 0.028125 0.0395833
0 0.702344 0.01875 0.0296875 0.0333333
0 0.33125 0.946875 0.028125 0.0395833
0 0.785937 0.427083 0.03125 0.0416667
0 0.873438 0.764583 0.028125 0.0416667
0 0.536719 0.01875 0.0390625 0.0375
0 0.0710938 0.259375 0.0265625 0.0354167
0 0.0195312 0.519792 0.0265625 0.0354167
0 0.111719 0.261458 0.0265625 0.0395833
0 0.779688 0.282292 0.034375 0.0395833
0 0.121094 0.05625 0.0296875 0.0375
0 0.766406 0.258333 0.0265625 0.0333333
0 0.0195312 0.763542 0.0296875 0.04375
0 0.971875 0.520833 0.03125 0.0416667
0 0.265625 0.898958 0.0375 0.0520833
0 0.432813 0.639583 0.03125 0.0416667
0 0.626562 0.304167 0.03125 0.0458333
0 0.784375 0.126042 0.03125 0.04375
0 0.657031 0.123958 0.0296875 0.0354167
0 0.583594 0.103125 0.0296875 0.0395833
0 0.64375 0.573958 0.040625 0.0520833
0 0.739062 0.127083 0.040625 0.0583333
