0 0.990625 0.573958 0.015625 0.03125
0 0.978125 0.0135417 0.03125 0.0229167
0 0.259375 0.801042 0.0375 0.04375
0 0.078125 0.988542 0.025 0.0229167
0 0.553125 0.053125 0.028125 0.0354167
0 0.316406 0.792708 0.0359375 0.04375
0 0.9625 0.592708 0.025 0.0270833
0 0.158594 0.0135417 0.0296875 0.0270833
0 0.96875 0.551042 0.028125 0.0395833
0 0.905469 0.009375 0.0265625 0.01875
0 0.00703125 0.809375 0.0140625 0.0395833
0 0.626562 0.48125 0.03125 0.0333333
0 0.635156 0.040625 0.0296875 0.0395833
0 0.477344 0.0197917 0.0296875 0.0354167
0 0.430469 0.604167 0.0328125 0.0458333
0 0.154687 0.604167 0.028125 0.0375
0 0.43125 0.877083 0.03125 0.0416667
0 0.560156 0.705208 0.0328125 0.04375
0 0.54375 0.675 0.028125 0.0333333
0 0.955469 0.0135417 0.0359375 0.0270833
0 0.897656 0.941667 0.0234375 0.0375
0 0.828906 0.629167 0.0296875 0.0375
0 0.0132813 0.753125 0.0265625 0.0395833
0 0.0226563 0.433333 0.0234375 0.0333333
0 0.892969 0.695833 0.0234375 0.0333333
0 0.632031 0.0125 0.0296875 0.025
0 0.974219 0.417708 0.0328125 0.0395833
0 0.978125 0.0729167 0.03125 0.0416667
0 0.121094 0.444792 0.0359375 0.0479167
0 0.382031 0.74375 0.0296875 0.0375
0 0.780469 0.204167 0.0359375 0.05
0 0.470313 0.922917 0.03125 0.0375
0 0.471875 0.152083 0.034375 0.0416667
0 0.889063 0.6 0.03125 0.0416667
0 0.221875 0.338542 0.025 0.0354167
0 0.0882813 0.419792 0.0234375 0.03125
0 0.633594 0.538542 0.0359375 0.0479167
0 0.592188 0.065625 0.03125 0.04375
0 0.199219 0.355208 0.0234375 0.03125
0 0.230469 0.530208 0.0265625 0.0354167
0 0.961719 0.979167 0.0296875 0.0333333
0 0.402344 0.584375 0.0265625 0.0354167
0 0.721094 0.477083 0.0296875 0.0375
0 0.152344 0.640625 0.0265625 0.03125
0 0.264844 0.447917 0.0296875 0.0375
0 0.873438 0.765625 0.025 0.0354167
0 0.79375 0.775 0.028125 0.0375
0 0.739844 0.0958333 0.0328125 0.05
0 0.605469 0.263542 0.0296875 0.0479167
0 0.434375 0.448958 0.040625 0.0520833
0 0.0585938 0.430208 0.0265625 0.0354167
0 0.223438 0.490625 0.028125 0.0354167
0 0.151562 0.377083 0.03125 0.0416667
0 0.242188 0.764583 0.028125 0.0333333
0 0.241406 0.689583 0.0296875 0.0375
0 0.810938 0.2375 0.03125 0.0375
0 0.972656 0.861458 0.0265625 0.0354167
0 0.577344 0.379167 0.0421875 0.0541667
0 0.502344 0.0604167 0.0265625 0.0375
0 0.264844 0.240625 0.0296875 0.04375
0 0.19375 0.48125 0.028125 0.0416667
0 0.040625 0.585417 0.03125 0.0416667
0 0.799219 0.678125 0.0390625 0.0520833
0 0.767969 0.644792 0.0296875 0.0354167
0 0.314063 0.911458 0.03125 0.04375
0 0.0953125 0.240625 0.028125 0.0354167
0 0.128125 0.201042 0.028125 0.0354167
0 0.139062 0.904167 0.028125 0.0333333
0 0.783594 0.0791667 0.0296875 0.0416667
0 0.628125 0.115625 0.034375 0.04375
0 0.604688 0.505208 0.034375 0.04375
0 0.263281 0.890625 0.0328125 0.0479167
0 0.071875 0.892708 0.03125 0.0395833
0 0.107031 0.930208 0.0328125 0.04375
0 0.857813 0.522917 0.034375 0.0416667
0 0.283594 0.33125 0.0359375 0.05
0 0.920313 0.244792 0.034375 0.0479167
