1 0.10625 0.929167 0.053125 0.0583333
0 0.123438 0.453125 0.0375 0.0479167
0 0.139844 0.791667 0.0234375 0.0333333
0 0.648438 0.053125 0.021875 0.03125
1 0.096875 0.951042 0.090625 0.0979167
0 0.553906 0.0541667 0.0296875 0.0375
0 0.961719 0.59375 0.0234375 0.0291667
0 0.2125 0.491667 0.021875 0.0375
0 0.314844 0.790625 0.0359375 0.0479167
0 0.9625 0.98125 0.03125 0.0291667
0 0.64375 0.00833333 0.028125 0.0166667
0 0.83125 0.604167 0.028125 0.0333333
0 0.432813 0.452083 0.040625 0.05
0 0.258594 0.8 0.0359375 0.0458333
0 0.967969 0.553125 0.0296875 0.0395833
0 0.592969 0.065625 0.0296875 0.0395833
0 0.633594 0.539583 0.0390625 0.05
0 0.160156 0.0145833 0.0328125 0.0291667
0 0.633594 0.0427083 0.0265625 0.0354167
0 0.90625 0.009375 0.028125 0.01875
0 0.423438 0.91875 0.03125 0.0416667
0 0.892969 0.695833 0.0234375 0.0333333
0 0.0890625 0.421875 0.025 0.0270833
0 0.779688 0.208333 0.0375 0.0458333
0 0.009375 0.790625 0.01875 0.0479167
0 0.430469 0.604167 0.0359375 0.05
0 0.153906 0.602083 0.0265625 0.0375
0 0.963281 0.428125 0.0328125 0.0395833
0 0.7125 0.454167 0.028125 0.0375
0 0.478906 0.921875 0.0296875 0.0354167
0 0.0554687 0.986458 0.0296875 0.0270833
0 0.116406 0.911458 0.0234375 0.03125
0 0.347656 0.75 0.0296875 0.0416667
0 0.95625 0.0135417 0.034375 0.0270833
0 0.6125 0.479167 0.034375 0.0333333
0 0.173438 0.515625 0.028125 0.0395833
0 0.4 0.56875 0.03125 0.0375
0 0.752344 0.785417 0.0265625 0.0375
0 0.221875 0.3375 0.025 0.0333333
0 0.475 0.021875 0.03125 0.03125
0 0.242969 0.770833 0.0265625 0.0333333
0 0.152344 0.640625 0.0265625 0.03125
0 0.572656 0.66875 0.0296875 0.0416667
0 0.874219 0.766667 0.0265625 0.0375
0 0.2 0.354167 0.025 0.0333333
0 0.0625 0.421875 0.025 0.0354167
0 0.578906 0.38125 0.0421875 0.0541667
0 0.767969 0.645833 0.0296875 0.0333333
0 0.597656 0.120833 0.0265625 0.0333333
0 0.559375 0.708333 0.034375 0.0458333
0 0.509375 0.0791667 0.028125 0.0416667
0 0.289062 0.270833 0.03125 0.0458333
0 0.977344 0.0739583 0.0328125 0.04375
0 0.900781 0.972917 0.0265625 0.0416667
0 0.889844 0.6 0.0296875 0.0416667
0 0.783594 0.0791667 0.0296875 0.0416667
0 0.15 0.377083 0.03125 0.0416667
0 0.233594 0.66875 0.0265625 0.0375
0 0.813281 0.236458 0.0328125 0.0395833
0 0.802344 0.68125 0.0390625 0.0541667
0 0.490625 0.141667 0.03125 0.0416667
0 0.608594 0.265625 0.0296875 0.04375
0 0.605469 0.50625 0.0296875 0.0375
0 0.314844 0.913542 0.0328125 0.04375
0 0.107813 0.93125 0.028125 0.0375
0 0.967969 0.842708 0.0328125 0.04375
0 0.217187 0.522917 0.028125 0.0333333
0 0.264844 0.464583 0.0359375 0.0458333
0 0.855469 0.525 0.0359375 0.0416667
0 0.0875 0.209375 0.03125 0.0395833
0 0.0320312 0.592708 0.0328125 0.0395833
0 0.071875 0.89375 0.03125 0.0375
0 0.0507812 0.454167 0.0296875 0.0375
0 0.222656 0.490625 0.0296875 0.0354167
0 0.128906 0.201042 0.0296875 0.0354167
0 0.264062 0.891667 0.03125 0.0458333
0 0.740625 0.0989583 0.0375 0.0520833
0 0.284375 0.33125 0.034375 0.0458333
0 0.919531 0.245833 0.0359375 0.05
