0 0.221094 0.457292 0.0296875 0.0354167
0 0.141406 0.79375 0.0265625 0.0416667
0 0.551562 0.0552083 0.028125 0.0354167
1 0.105469 0.930208 0.0703125 0.0645833
0 0.640625 0.00729167 0.03125 0.0145833
0 0.433594 0.453125 0.0359375 0.0479167
0 0.9625 0.594792 0.021875 0.0270833
0 0.967969 0.552083 0.0296875 0.0416667
0 0.834375 0.6 0.028125 0.0333333
0 0.647656 0.0635417 0.0234375 0.0395833
0 0.00625 0.794792 0.0125 0.04375
0 0.5 0.135417 0.028125 0.0333333
0 0.0890625 0.421875 0.025 0.03125
0 0.160938 0.0145833 0.034375 0.0291667
0 0.635156 0.040625 0.0296875 0.0395833
0 0.767187 0.7625 0.025 0.0291667
0 0.9625 0.982292 0.03125 0.0270833
0 0.576563 0.684375 0.025 0.03125
0 0.90625 0.009375 0.028125 0.01875
0 0.611719 0.482292 0.0328125 0.0354167
0 0.779688 0.207292 0.0375 0.0479167
0 0.153906 0.603125 0.0265625 0.0354167
0 0.121875 0.453125 0.0375 0.0479167
0 0.259375 0.8 0.034375 0.0416667
0 0.314844 0.792708 0.0328125 0.04375
0 0.897656 0.982292 0.0296875 0.03125
0 0.161719 0.496875 0.0234375 0.0354167
0 0.592188 0.065625 0.028125 0.0395833
0 0.120312 0.921875 0.03125 0.0395833
0 0.253125 0.766667 0.03125 0.0291667
0 0.48125 0.920833 0.028125 0.0333333
0 0.95625 0.0135417 0.034375 0.0270833
0 0.153125 0.640625 0.025 0.03125
0 0.475 0.0229167 0.03125 0.0333333
0 0.0742188 0.214583 0.0328125 0.0416667
0 0.89375 0.695833 0.025 0.0333333
0 0.559375 0.708333 0.03125 0.0416667
0 0.222656 0.3375 0.0265625 0.0333333
0 0.710156 0.444792 0.0265625 0.0354167
0 0.334375 0.733333 0.028125 0.0375
0 0.578125 0.38125 0.0375 0.05
0 0.430469 0.605208 0.0328125 0.04375
0 0.433594 0.93125 0.0265625 0.0333333
0 0.509375 0.0958333 0.025 0.0333333
0 0.0492188 0.986458 0.0328125 0.0270833
0 0.200781 0.355208 0.0234375 0.03125
0 0.783594 0.0802083 0.0296875 0.0395833
0 0.290625 0.259375 0.03125 0.0395833
0 0.873438 0.765625 0.025 0.0354167
0 0.889844 0.6 0.0296875 0.0416667
0 0.633594 0.539583 0.0390625 0.05
0 0.813281 0.236458 0.0328125 0.0395833
0 0.583594 0.135417 0.0265625 0.0375
0 0.150781 0.379167 0.0328125 0.0416667
0 0.960156 0.422917 0.0296875 0.0375
0 0.976562 0.0739583 0.03125 0.04375
0 0.0296875 0.5875 0.028125 0.0375
0 0.10625 0.932292 0.028125 0.0354167
0 0.607813 0.265625 0.028125 0.0395833
0 0.214844 0.525 0.0265625 0.0333333
0 0.314063 0.913542 0.03125 0.0395833
0 0.404687 0.573958 0.03125 0.0395833
0 0.222656 0.491667 0.0296875 0.0375
0 0.802344 0.682292 0.0359375 0.0479167
0 0.741406 0.1 0.0359375 0.05
0 0.767969 0.647917 0.0265625 0.0333333
0 0.264062 0.891667 0.03125 0.0458333
0 0.234375 0.660417 0.028125 0.0375
0 0.605469 0.507292 0.0296875 0.0354167
0 0.854688 0.525 0.034375 0.0416667
0 0.128906 0.2 0.0296875 0.0375
0 0.0617188 0.421875 0.0234375 0.0354167
0 0.965625 0.835417 0.03125 0.0416667
0 0.0578125 0.461458 0.028125 0.0354167
0 0.269531 0.467708 0.0328125 0.04375
0 0.285156 0.332292 0.0328125 0.04375
0 0.071875 0.89375 0.03125 0.0375
0 0.919531 0.245833 0.0359375 0.05
