0 0.976562 0.01875 0.03125 0.0291667
0 0.141406 0.79375 0.0265625 0.0416667
0 0.175781 0.133333 0.0234375 0.0291667
0 0.124219 0.454167 0.0390625 0.0458333
0 0.101562 0.977083 0.0375 0.0416667
0 0.604688 0.507292 0.028125 0.0354167
0 0.590625 0.065625 0.028125 0.0395833
0 0.160156 0.0145833 0.0296875 0.025
0 0.436719 0.985417 0.0234375 0.025
0 0.153125 0.601042 0.025 0.0354167
0 0.00625 0.779167 0.0125 0.0375
0 0.9625 0.982292 0.03125 0.03125
0 0.0875 0.419792 0.021875 0.0270833
0 0.0875 0.490625 0.028125 0.0354167
0 0.821875 0.566667 0.025 0.0375
0 0.00625 0.659375 0.0125 0.0395833
0 0.904688 0.009375 0.028125 0.01875
0 0.315625 0.794792 0.034375 0.04375
0 0.140625 0.467708 0.025 0.03125
0 0.521094 0.148958 0.0234375 0.03125
0 0.778906 0.207292 0.0328125 0.04375
0 0.109375 0.934375 0.034375 0.04375
0 0.889844 0.598958 0.0296875 0.0395833
0 0.492188 0.921875 0.03125 0.0354167
0 0.89375 0.697917 0.021875 0.0291667
0 0.273438 0.767708 0.025 0.03125
0 0.523438 0.120833 0.028125 0.0375
0 0.634375 0.541667 0.0375 0.05
0 0.59375 0.477083 0.028125 0.0291667
0 0.434375 0.452083 0.040625 0.05
0 0.478906 0.0239583 0.0265625 0.0354167
0 0.95625 0.0135417 0.034375 0.0270833
0 0.964844 0.805208 0.0296875 0.0354167
0 0.715625 0.786458 0.028125 0.0395833
0 0.559375 0.709375 0.034375 0.04375
0 0.374219 0.563542 0.0296875 0.0395833
0 0.151562 0.639583 0.028125 0.0333333
0 0.539062 0.14375 0.025 0.0333333
0 0.695312 0.405208 0.028125 0.0395833
0 0.619531 0.691667 0.0265625 0.0375
0 0.150781 0.378125 0.0296875 0.0395833
0 0.8125 0.244792 0.03125 0.0395833
0 0.200781 0.354167 0.0234375 0.0291667
0 0.0570313 0.413542 0.0265625 0.0354167
0 0.229687 0.636458 0.028125 0.0395833
0 0.953906 0.408333 0.0328125 0.0416667
0 0.284375 0.484375 0.03125 0.04375
0 0.670313 0.0770833 0.028125 0.0375
0 0.739844 0.0989583 0.0359375 0.0520833
0 0.428906 0.605208 0.0328125 0.04375
0 0.552344 0.0583333 0.0265625 0.0333333
0 0.195312 0.528125 0.028125 0.0354167
0 0.223438 0.339583 0.028125 0.0375
0 0.608594 0.266667 0.0296875 0.0458333
0 0.873438 0.766667 0.025 0.0375
0 0.329688 0.282292 0.028125 0.04375
0 0.578125 0.38125 0.040625 0.05
0 0.85625 0.526042 0.0375 0.0479167
0 0.25625 0.796875 0.0375 0.0479167
0 0.0632813 0.178125 0.0265625 0.0354167
0 0.314844 0.913542 0.0328125 0.04375
0 0.0203125 0.572917 0.028125 0.0375
0 0.802344 0.686458 0.0328125 0.0479167
0 0.034375 0.975 0.028125 0.0333333
0 0.977344 0.0739583 0.0296875 0.04375
0 0.783594 0.0833333 0.0296875 0.0416667
0 0.280469 0.71875 0.0265625 0.0375
0 0.767969 0.648958 0.0265625 0.03125
0 0.071875 0.89375 0.03125 0.0416667
0 0.264062 0.891667 0.03125 0.0458333
0 0.128125 0.202083 0.028125 0.0333333
0 0.284375 0.333333 0.034375 0.0458333
0 0.222656 0.49375 0.0296875 0.0375
0 0.917969 0.245833 0.0359375 0.05
