0 0.175 0.132292 0.025 0.03125
0 0.211719 0.491667 0.0203125 0.0375
0 0.978906 0.835417 0.0265625 0.0416667
0 0.142188 0.792708 0.025 0.0395833
0 0.432031 0.45625 0.0359375 0.0458333
0 0.121875 0.452083 0.0375 0.05
0 0.221875 0.457292 0.028125 0.0354167
0 0.9625 0.59375 0.021875 0.0291667
0 0.553906 0.053125 0.0296875 0.0354167
1 0.105469 0.93125 0.0703125 0.0666667
0 0.834375 0.603125 0.025 0.03125
0 0.967969 0.553125 0.0296875 0.0395833
0 0.642187 0.00833333 0.03125 0.0166667
0 0.160938 0.0145833 0.034375 0.0291667
0 0.9625 0.982292 0.03125 0.0270833
0 0.634375 0.040625 0.028125 0.0395833
0 0.154687 0.602083 0.025 0.0375
0 0.00703125 0.79375 0.0140625 0.0458333
0 0.259375 0.8 0.034375 0.0416667
0 0.575781 0.68125 0.0265625 0.0333333
0 0.649219 0.0572917 0.0234375 0.03125
0 0.90625 0.009375 0.028125 0.01875
0 0.252344 0.766667 0.0296875 0.0291667
0 0.0890625 0.421875 0.025 0.03125
0 0.592188 0.065625 0.028125 0.0395833
0 0.153125 0.641667 0.025 0.0291667
0 0.779688 0.208333 0.0375 0.0458333
0 0.314844 0.792708 0.0328125 0.04375
0 0.479688 0.920833 0.028125 0.0333333
0 0.559375 0.708333 0.034375 0.0416667
0 0.89375 0.695833 0.025 0.0333333
0 0.123438 0.917708 0.028125 0.0354167
0 0.43125 0.605208 0.034375 0.04375
0 0.161719 0.495833 0.0234375 0.0333333
0 0.95625 0.0135417 0.034375 0.0270833
0 0.0507812 0.988542 0.0328125 0.0229167
0 0.2875 0.261458 0.028125 0.0354167
0 0.578906 0.38125 0.0390625 0.05
0 0.428906 0.930208 0.0296875 0.0395833
0 0.078125 0.2125 0.03125 0.0416667
0 0.476562 0.021875 0.03125 0.0395833
0 0.765625 0.765625 0.025 0.0354167
0 0.222656 0.336458 0.0265625 0.0354167
0 0.889844 0.6 0.0296875 0.0416667
0 0.899219 0.977083 0.0265625 0.0375
0 0.200781 0.355208 0.0234375 0.03125
0 0.610937 0.479167 0.03125 0.0333333
0 0.783594 0.0802083 0.0296875 0.0395833
0 0.873438 0.765625 0.025 0.0354167
0 0.215625 0.528125 0.025 0.03125
0 0.959375 0.423958 0.028125 0.0354167
0 0.813281 0.236458 0.0328125 0.0395833
0 0.339063 0.7375 0.028125 0.0375
0 0.502344 0.138542 0.0265625 0.0354167
0 0.977344 0.0729167 0.0296875 0.0416667
0 0.232812 0.663542 0.025 0.0354167
0 0.149219 0.377083 0.0328125 0.0458333
0 0.803125 0.682292 0.034375 0.0479167
0 0.510938 0.0958333 0.025 0.0375
0 0.633594 0.539583 0.0390625 0.05
0 0.711719 0.444792 0.0296875 0.0395833
0 0.404687 0.572917 0.03125 0.0375
0 0.107813 0.93125 0.028125 0.0375
0 0.966406 0.836458 0.0328125 0.04375
0 0.314063 0.913542 0.03125 0.0395833
0 0.263281 0.890625 0.0296875 0.04375
0 0.0625 0.421875 0.025 0.0354167
0 0.0578125 0.458333 0.028125 0.0333333
0 0.583594 0.132292 0.0265625 0.0354167
0 0.128125 0.2 0.03125 0.0375
0 0.607813 0.266667 0.028125 0.0416667
0 0.0304688 0.590625 0.0296875 0.0395833
0 0.767969 0.646875 0.0265625 0.03125
0 0.222656 0.492708 0.0296875 0.0395833
0 0.26875 0.466667 0.03125 0.0416667
0 0.854688 0.525 0.034375 0.0416667
0 0.741406 0.0979167 0.0359375 0.05
0 0.605469 0.507292 0.0296875 0.0354167
0 0.071875 0.89375 0.03125 0.0375
0 0.285156 0.332292 0.0328125 0.04375
0 0.919531 0.245833 0.0359375 0.05
