0 0.983594 0.422917 0.0265625 0.0416667
1 0.0945313 0.973958 0.0609375 0.0479167
0 0.632812 0.0125 0.03125 0.025
0 0.174219 0.134375 0.0265625 0.0354167
0 0.249219 0.98125 0.0265625 0.0375
0 0.986719 0.575 0.0203125 0.0291667
0 0.00625 0.402083 0.0125 0.0416667
0 0.633594 0.535417 0.0390625 0.05
0 0.904688 0.00833333 0.028125 0.0166667
0 0.892187 0.692708 0.025 0.0354167
0 0.9625 0.591667 0.025 0.0291667
0 0.258594 0.802083 0.0359375 0.0458333
0 0.157031 0.808333 0.0421875 0.0583333
0 0.634375 0.0302083 0.03125 0.0354167
0 0.554688 0.0520833 0.03125 0.0375
0 0.561719 0.701042 0.0328125 0.04375
0 0.247656 0.76875 0.0265625 0.0291667
0 0.8 0.672917 0.034375 0.0458333
0 0.658594 0.103125 0.0296875 0.0395833
0 0.159375 0.015625 0.03125 0.03125
0 0.614844 0.04375 0.0234375 0.0333333
0 0.434375 0.446875 0.0375 0.0520833
0 0.420312 0.835417 0.025 0.0375
0 0.961719 0.978125 0.0328125 0.0354167
0 0.461719 0.928125 0.0296875 0.0395833
0 0.121094 0.442708 0.0390625 0.0520833
0 0.154687 0.603125 0.028125 0.0395833
0 0.486719 0.065625 0.0265625 0.0395833
0 0.95625 0.0125 0.0375 0.025
0 0.214062 0.542708 0.025 0.03125
0 0.807813 0.238542 0.03125 0.0395833
0 0.0867188 0.420833 0.0234375 0.0333333
0 0.874219 0.766667 0.0265625 0.0375
0 0.884375 0.9125 0.028125 0.0416667
0 0.479688 0.0208333 0.03125 0.0375
0 0.151562 0.640625 0.028125 0.0354167
0 0.96875 0.548958 0.028125 0.0395833
0 0.152344 0.8875 0.0234375 0.0291667
0 0.595312 0.0645833 0.03125 0.0416667
0 0.76875 0.644792 0.028125 0.03125
0 0.515625 0.691667 0.028125 0.0333333
0 0.423438 0.725 0.03125 0.0416667
0 0.889844 0.597917 0.0296875 0.0416667
0 0.978125 0.0729167 0.03125 0.0416667
0 0.603906 0.505208 0.0328125 0.04375
0 0.2 0.355208 0.025 0.03125
0 0.575781 0.378125 0.0421875 0.0520833
0 0.122656 0.198958 0.0265625 0.0354167
0 0.110937 0.264583 0.03125 0.0375
0 0.730469 0.509375 0.0265625 0.0395833
0 0.974219 0.885417 0.0359375 0.05
0 0.151562 0.378125 0.03125 0.0395833
0 0.821094 0.777083 0.0265625 0.0333333
0 0.223438 0.338542 0.028125 0.0354167
0 0.628906 0.483333 0.0296875 0.0333333
0 0.834375 0.663542 0.028125 0.0395833
0 0.267969 0.520833 0.0296875 0.0375
0 0.428906 0.6 0.0390625 0.0541667
0 0.0554687 0.434375 0.0265625 0.0354167
0 0.0265625 0.726042 0.03125 0.0395833
0 0.0429688 0.6 0.0296875 0.0416667
0 0.604688 0.259375 0.028125 0.0479167
0 0.223438 0.490625 0.03125 0.0395833
0 0.742188 0.0958333 0.034375 0.0541667
0 0.071875 0.889583 0.03125 0.0416667
0 0.264062 0.889583 0.03125 0.0458333
0 0.241406 0.191667 0.0296875 0.0375
0 0.782812 0.2 0.034375 0.0458333
0 0.314844 0.910417 0.0328125 0.0416667
0 0.244531 0.716667 0.0296875 0.0416667
0 0.784375 0.078125 0.03125 0.0395833
0 0.264062 0.422917 0.034375 0.0458333
0 0.10625 0.930208 0.034375 0.0479167
0 0.282813 0.330208 0.034375 0.0479167
0 0.85625 0.523958 0.034375 0.04375
0 0.921094 0.24375 0.0359375 0.05
