0 0.316406 0.791667 0.0359375 0.0458333
0 0.2125 0.490625 0.025 0.03125
0 0.296875 0.65 0.046875 0.0541667
0 0.245312 0.977083 0.028125 0.0375
0 0.634375 0.0375 0.025 0.0333333
0 0.258594 0.803125 0.0359375 0.04375
0 0.9875 0.572917 0.01875 0.0291667
0 0.744531 0.08125 0.0265625 0.0375
0 0.963281 0.592708 0.0265625 0.03125
0 0.120312 0.445833 0.040625 0.05
0 0.433594 0.446875 0.0390625 0.0520833
0 0.905469 0.009375 0.0265625 0.01875
0 0.892187 0.69375 0.025 0.0333333
0 0.160156 0.0145833 0.0328125 0.0291667
0 0.900781 0.915625 0.0265625 0.0395833
0 0.633594 0.536458 0.0390625 0.0520833
0 0.478906 0.0197917 0.0328125 0.0395833
0 0.154687 0.602083 0.028125 0.0416667
0 0.0101562 0.417708 0.0203125 0.0395833
0 0.642187 0.01875 0.021875 0.0291667
0 0.527344 0.670833 0.0328125 0.0375
0 0.438281 0.846875 0.0296875 0.0395833
0 0.222656 0.338542 0.0265625 0.0354167
0 0.424219 0.585417 0.0359375 0.0458333
0 0.8 0.802083 0.03125 0.0375
0 0.465625 0.926042 0.028125 0.0354167
1 0.6375 0.03125 0.053125 0.0625
0 0.740625 0.0947917 0.03125 0.0479167
0 0.483594 0.0854167 0.0328125 0.0375
0 0.977344 0.0729167 0.0296875 0.0416667
0 0.955469 0.0135417 0.0359375 0.0270833
0 0.253906 0.514583 0.0296875 0.0375
0 0.605469 0.505208 0.0328125 0.04375
0 0.151562 0.639583 0.028125 0.0333333
0 0.559375 0.704167 0.034375 0.0458333
0 0.628125 0.486458 0.03125 0.0395833
0 0.960938 0.979167 0.03125 0.0375
0 0.555469 0.0520833 0.0328125 0.0375
0 0.126563 0.198958 0.03125 0.04375
0 0.808594 0.238542 0.0328125 0.0395833
0 0.873438 0.765625 0.028125 0.0395833
0 0.467969 0.1625 0.0328125 0.0416667
0 0.726562 0.504167 0.028125 0.0375
0 0.889063 0.598958 0.03125 0.04375
0 0.432031 0.605208 0.0328125 0.04375
0 0.201562 0.355208 0.025 0.03125
0 0.242969 0.763542 0.0296875 0.0354167
0 0.967969 0.547917 0.0296875 0.0416667
0 0.982031 0.419792 0.0328125 0.04375
0 0.151562 0.377083 0.03125 0.0416667
0 0.0390625 0.601042 0.03125 0.04375
0 0.249219 0.204167 0.0296875 0.0416667
0 0.0875 0.421875 0.025 0.0354167
0 0.217187 0.538542 0.028125 0.0354167
0 0.799219 0.677083 0.0359375 0.05
0 0.646094 0.13125 0.0296875 0.0375
0 0.76875 0.644792 0.03125 0.0354167
0 0.407031 0.744792 0.0328125 0.0395833
0 0.575781 0.379167 0.0421875 0.0541667
0 0.264844 0.430208 0.0328125 0.04375
0 0.0179687 0.732292 0.0265625 0.0395833
0 0.594531 0.0635417 0.0328125 0.04375
0 0.83125 0.651042 0.028125 0.0395833
0 0.971875 0.878125 0.0375 0.0520833
0 0.604688 0.261458 0.028125 0.04375
0 0.0578125 0.432292 0.028125 0.0354167
0 0.219531 0.495833 0.0296875 0.0375
0 0.782812 0.202083 0.034375 0.0458333
0 0.264062 0.891667 0.03125 0.0458333
0 0.0953125 0.2625 0.028125 0.0416667
0 0.314844 0.911458 0.0328125 0.04375
0 0.246094 0.707292 0.0296875 0.04375
0 0.144531 0.882292 0.0265625 0.0395833
0 0.0726563 0.891667 0.0328125 0.0416667
0 0.783594 0.0770833 0.0328125 0.0416667
0 0.85625 0.523958 0.0375 0.04375
0 0.107031 0.930208 0.0359375 0.0479167
0 0.283594 0.330208 0.0359375 0.0479167
0 0.921094 0.242708 0.0359375 0.0520833
