0 0.967188 0.0229167 0.03125 0.0333333
0 0.0945313 0.738542 0.0203125 0.0270833
0 0.160938 0.620833 0.03125 0.0458333
0 0.891406 0.610417 0.0296875 0.0375
1 0.971875 0.579167 0.05625 0.0958333
1 0.964844 0.0260417 0.0671875 0.0520833
0 0.979688 0.025 0.028125 0.0375
0 0.915625 0.367708 0.01875 0.0270833
0 0.977344 0.369792 0.0234375 0.03125
0 0.084375 0.419792 0.025 0.03125
0 0.447656 0.517708 0.0328125 0.0479167
0 0.961719 0.0104167 0.0328125 0.0208333
0 0.989844 0.0197917 0.0203125 0.0354167
0 0.902344 0.746875 0.0265625 0.0354167
0 0.0046875 0.660417 0.009375 0.0416667
0 0.255469 0.846875 0.0359375 0.04375
0 0.2 0.35 0.03125 0.0375
0 0.652344 0.1125 0.0296875 0.0333333
0 0.291406 0.347917 0.0296875 0.0375
0 0.119531 0.445833 0.0359375 0.0416667
0 0.0664062 0.896875 0.0296875 0.0354167
0 0.75 0.254167 0.034375 0.0416667
0 0.791406 0.00833333 0.0265625 0.0166667
0 0.951563 0.0302083 0.028125 0.0354167
0 0.614062 0.685417 0.025 0.0333333
0 0.224219 0.335417 0.0328125 0.0458333
0 0.228125 0.184375 0.025 0.0354167
0 0.491406 0.084375 0.0265625 0.0395833
0 0.025 0.0125 0.03125 0.025
0 0.910156 0.009375 0.0296875 0.01875
0 0.5625 0.726042 0.028125 0.0354167
0 0.410937 0.734375 0.03125 0.04375
0 0.210938 0.511458 0.025 0.0354167
0 0.0726563 0.261458 0.0265625 0.0395833
0 0.924219 0.266667 0.0328125 0.05
0 0.0335938 0.782292 0.0265625 0.0354167
0 0.780469 0.90625 0.0328125 0.0416667
0 0.157813 0.0114583 0.03125 0.0229167
0 0.230469 0.464583 0.0265625 0.0333333
0 0.3 0.205208 0.034375 0.04375
0 0.914062 0.272917 0.0375 0.05
0 0.70625 0.0145833 0.03125 0.0291667
0 0.984375 0.522917 0.028125 0.0375
0 0.125 0.6625 0.03125 0.0416667
0 0.728906 0.684375 0.0265625 0.0354167
0 0.149219 0.383333 0.0359375 0.0458333
0 0.873438 0.764583 0.028125 0.0416667
0 0.330469 0.945833 0.0296875 0.0375
0 0.152344 0.648958 0.0265625 0.0354167
0 0.582812 0.413542 0.0375 0.0520833
0 0.772656 0.675 0.0328125 0.0375
0 0.961719 0.0875 0.0296875 0.0416667
0 0.101562 0.25625 0.028125 0.0375
0 0.139062 0.0677083 0.028125 0.0395833
0 0.7625 0.25625 0.034375 0.0416667
0 0.0585938 0.239583 0.0296875 0.0375
0 0.794531 0.439583 0.0296875 0.0416667
0 0.689844 0.489583 0.0296875 0.0416667
0 0.65625 0.123958 0.028125 0.0354167
0 0.814844 0.742708 0.0359375 0.0479167
0 0.536719 0.01875 0.0359375 0.0375
0 0.894531 0.259375 0.0296875 0.0395833
0 0.784375 0.122917 0.028125 0.0416667
0 0.459375 0.89375 0.034375 0.05
0 0.130469 0.239583 0.0296875 0.0375
0 0.264844 0.896875 0.0359375 0.0520833
0 0.626562 0.305208 0.03125 0.0479167
0 0.779688 0.282292 0.034375 0.04375
0 0.432813 0.639583 0.03125 0.0416667
0 0.582812 0.103125 0.03125 0.0395833
0 0.642969 0.573958 0.0390625 0.0479167
0 0.738281 0.128125 0.0421875 0.05625
