0 0.640625 0.0239583 0.028125 0.0354167
0 0.977344 0.0166667 0.0296875 0.025
0 0.632812 0.535417 0.040625 0.05
0 0.174219 0.133333 0.0265625 0.0333333
0 0.410156 0.295833 0.0328125 0.0458333
0 0.891406 0.691667 0.0234375 0.0333333
0 0.961719 0.591667 0.0234375 0.0291667
0 0.986719 0.572917 0.0203125 0.0291667
0 0.2125 0.490625 0.025 0.03125
0 0.159375 0.015625 0.03125 0.03125
0 0.632812 0.0416667 0.028125 0.0375
0 0.904688 0.00833333 0.028125 0.0166667
0 0.96875 0.547917 0.03125 0.0375
0 0.983594 0.425 0.0296875 0.0416667
0 0.889844 0.598958 0.0296875 0.0395833
0 0.265625 0.532292 0.028125 0.0395833
0 0.960156 0.977083 0.0328125 0.0375
0 0.244531 0.736458 0.0265625 0.0354167
0 0.0976562 0.977083 0.0390625 0.0375
0 0.55625 0.0520833 0.03125 0.0375
0 0.459375 0.930208 0.028125 0.0354167
0 0.594531 0.0625 0.0296875 0.0375
0 0.445312 0.828125 0.028125 0.0354167
0 0.257812 0.805208 0.040625 0.0520833
0 0.432813 0.446875 0.0375 0.0520833
0 0.120312 0.44375 0.0375 0.05
0 0.95625 0.0125 0.034375 0.025
0 0.874219 0.766667 0.0234375 0.0375
0 0.842969 0.658333 0.0296875 0.0375
0 0.736719 0.514583 0.0265625 0.0375
0 0.0867188 0.420833 0.0234375 0.0333333
0 0.801562 0.673958 0.034375 0.0479167
0 0.430469 0.736458 0.0328125 0.0395833
0 0.604688 0.504167 0.034375 0.0458333
0 0.507031 0.676042 0.0265625 0.0354167
0 0.109375 0.28125 0.028125 0.0375
0 0.153906 0.602083 0.0265625 0.0375
0 0.807031 0.238542 0.0328125 0.0395833
0 0.225 0.569792 0.028125 0.0395833
0 0.152344 0.640625 0.0265625 0.03125
0 0.124219 0.197917 0.0265625 0.0375
0 0.978906 0.071875 0.0296875 0.0395833
0 0.632812 0.484375 0.028125 0.0354167
0 0.200781 0.355208 0.0234375 0.03125
0 0.76875 0.64375 0.028125 0.0333333
0 0.229687 0.192708 0.03125 0.04375
0 0.449219 0.173958 0.0296875 0.0395833
0 0.895312 0.905208 0.028125 0.0395833
0 0.225 0.339583 0.028125 0.0375
0 0.495313 0.05625 0.028125 0.0416667
0 0.975 0.89375 0.03125 0.0416667
0 0.577344 0.378125 0.0421875 0.0520833
0 0.15 0.377083 0.03125 0.0416667
0 0.15 0.892708 0.028125 0.0354167
0 0.655469 0.1 0.0296875 0.0375
0 0.560156 0.705208 0.0328125 0.04375
0 0.604688 0.259375 0.028125 0.0479167
0 0.03125 0.716667 0.03125 0.0416667
0 0.8125 0.788542 0.028125 0.0354167
0 0.429688 0.604167 0.034375 0.0458333
0 0.0554687 0.436458 0.0296875 0.0395833
0 0.264062 0.889583 0.03125 0.0458333
0 0.74375 0.09375 0.0375 0.0541667
0 0.480469 0.01875 0.0328125 0.0375
0 0.0734375 0.889583 0.034375 0.0416667
0 0.783594 0.0760417 0.0296875 0.0395833
0 0.221875 0.491667 0.03125 0.0375
0 0.0453125 0.601042 0.03125 0.0395833
0 0.240625 0.7125 0.028125 0.0375
0 0.314844 0.909375 0.0328125 0.04375
0 0.107031 0.930208 0.0359375 0.0479167
0 0.783594 0.2 0.0359375 0.0458333
0 0.857031 0.522917 0.0359375 0.0416667
0 0.282813 0.329167 0.0375 0.05
0 0.259375 0.421875 0.03125 0.0395833
0 0.921094 0.24375 0.0328125 0.0458333
