0 0.296875 0.648958 0.040625 0.0479167
0 0.976562 0.0166667 0.028125 0.025
0 0.986719 0.573958 0.0203125 0.03125
0 0.174219 0.133333 0.0265625 0.0333333
0 0.9625 0.592708 0.025 0.03125
0 0.096875 0.978125 0.040625 0.0395833
0 0.63125 0.0208333 0.034375 0.0375
0 0.259375 0.805208 0.0375 0.0479167
0 0.211719 0.492708 0.0234375 0.0354167
0 0.905469 0.00833333 0.0265625 0.0166667
0 0.410156 0.295833 0.0328125 0.0458333
0 0.641406 0.0229167 0.0265625 0.0333333
0 0.892187 0.691667 0.025 0.0333333
0 0.889844 0.6 0.0296875 0.0416667
0 0.96875 0.546875 0.03125 0.0395833
0 0.159375 0.0145833 0.03125 0.0291667
0 0.960156 0.977083 0.0328125 0.0375
0 0.635938 0.485417 0.03125 0.0375
0 0.595312 0.0625 0.03125 0.0375
0 0.874219 0.765625 0.0265625 0.0354167
0 0.633594 0.04375 0.0265625 0.0333333
0 0.504687 0.676042 0.028125 0.0354167
0 0.95625 0.0125 0.034375 0.025
0 0.124219 0.198958 0.0265625 0.0354167
0 0.459375 0.930208 0.028125 0.0354167
0 0.111719 0.283333 0.0296875 0.0416667
0 0.121094 0.44375 0.0390625 0.05
0 0.153906 0.602083 0.0265625 0.0375
0 0.244531 0.725 0.0234375 0.0333333
0 0.225 0.194792 0.028125 0.0395833
0 0.267969 0.535417 0.0296875 0.0375
0 0.0867188 0.420833 0.0234375 0.0333333
0 0.603906 0.50625 0.0359375 0.0458333
0 0.802344 0.672917 0.0359375 0.05
0 0.985156 0.427083 0.0296875 0.0458333
0 0.433594 0.446875 0.0390625 0.0520833
0 0.846094 0.659375 0.0265625 0.0354167
0 0.55625 0.053125 0.03125 0.0395833
0 0.560156 0.70625 0.0359375 0.0458333
0 0.152344 0.640625 0.0265625 0.03125
0 0.239063 0.710417 0.025 0.0375
0 0.200781 0.355208 0.0234375 0.03125
0 0.492969 0.0510417 0.0265625 0.04375
0 0.448438 0.175 0.028125 0.0375
0 0.807031 0.238542 0.0328125 0.0395833
0 0.739844 0.520833 0.0265625 0.0375
0 0.449219 0.823958 0.0296875 0.0395833
0 0.978906 0.0729167 0.0296875 0.0416667
0 0.4375 0.739583 0.03125 0.0375
0 0.225 0.338542 0.028125 0.0354167
0 0.575781 0.379167 0.0421875 0.0541667
0 0.975 0.89375 0.03125 0.0416667
0 0.604688 0.258333 0.03125 0.05
0 0.896875 0.9 0.028125 0.0416667
0 0.149219 0.892708 0.0265625 0.0354167
0 0.150781 0.376042 0.0328125 0.04375
0 0.76875 0.64375 0.028125 0.0333333
0 0.664844 0.102083 0.0296875 0.0375
0 0.430469 0.604167 0.0359375 0.05
0 0.034375 0.721875 0.028125 0.0395833
0 0.811719 0.792708 0.0265625 0.0354167
0 0.227344 0.576042 0.0265625 0.0354167
0 0.0570313 0.438542 0.0296875 0.0395833
0 0.257812 0.422917 0.03125 0.0416667
0 0.48125 0.0197917 0.03125 0.0395833
0 0.263281 0.889583 0.0328125 0.0458333
0 0.0460938 0.602083 0.0296875 0.0416667
0 0.314844 0.909375 0.0328125 0.04375
0 0.107031 0.930208 0.0359375 0.0479167
0 0.744531 0.0947917 0.0359375 0.0520833
0 0.0734375 0.888542 0.034375 0.0395833
0 0.783594 0.075 0.0296875 0.0416667
0 0.222656 0.491667 0.0328125 0.0375
0 0.282813 0.329167 0.0375 0.05
0 0.783594 0.2 0.0359375 0.0458333
0 0.857031 0.521875 0.0359375 0.04375
0 0.921875 0.24375 0.034375 0.05
