0 0.644531 0.0260417 0.0296875 0.0395833
0 0.989062 0.571875 0.01875 0.03125
0 0.0976562 0.978125 0.0421875 0.0395833
0 0.839844 0.860417 0.0296875 0.0333333
0 0.91875 0.338542 0.01875 0.0270833
0 0.296094 0.65 0.0421875 0.05
0 0.157813 0.808333 0.04375 0.0583333
0 0.904688 0.00833333 0.028125 0.0166667
0 0.410937 0.296875 0.03125 0.04375
0 0.210938 0.491667 0.025 0.0333333
0 0.160156 0.0145833 0.0328125 0.0291667
0 0.96875 0.546875 0.028125 0.0354167
0 0.959375 0.976042 0.03125 0.0354167
0 0.889844 0.6 0.0296875 0.0416667
0 0.891406 0.690625 0.0234375 0.03125
0 0.174219 0.134375 0.0265625 0.03125
0 0.617188 0.0197917 0.025 0.03125
0 0.55625 0.053125 0.03125 0.0395833
0 0.739062 0.534375 0.028125 0.0395833
0 0.604688 0.50625 0.03125 0.0416667
0 0.121094 0.442708 0.0390625 0.0479167
0 0.246875 0.713542 0.025 0.0395833
0 0.153906 0.603125 0.0265625 0.0354167
0 0.975781 0.902083 0.0390625 0.0583333
0 0.0398437 0.7125 0.0296875 0.0375
0 0.501562 0.696875 0.028125 0.0395833
0 0.152344 0.640625 0.0265625 0.03125
0 0.48125 0.0177083 0.028125 0.03125
0 0.955469 0.0125 0.0359375 0.025
0 0.560156 0.7 0.0328125 0.0458333
0 0.457812 0.933333 0.028125 0.0375
0 0.44375 0.177083 0.03125 0.0416667
0 0.76875 0.644792 0.028125 0.03125
0 0.439844 0.723958 0.0296875 0.0395833
0 0.638281 0.489583 0.0296875 0.0333333
0 0.282031 0.530208 0.0265625 0.0354167
0 0.0867188 0.419792 0.0234375 0.03125
0 0.199219 0.355208 0.0234375 0.03125
0 0.48125 0.046875 0.028125 0.0395833
0 0.979688 0.071875 0.03125 0.0395833
0 0.2625 0.819792 0.040625 0.0520833
0 0.164062 0.8875 0.03125 0.0333333
0 0.123438 0.196875 0.028125 0.0354167
0 0.595312 0.0635417 0.03125 0.0395833
0 0.873438 0.766667 0.025 0.0333333
0 0.850781 0.670833 0.0234375 0.0333333
0 0.239844 0.721875 0.0265625 0.0395833
0 0.80625 0.2375 0.034375 0.0416667
0 0.671875 0.127083 0.028125 0.0375
0 0.440625 0.802083 0.03125 0.0416667
0 0.046875 0.603125 0.028125 0.0354167
0 0.890625 0.891667 0.028125 0.0375
0 0.223438 0.340625 0.028125 0.0354167
0 0.108594 0.291667 0.0265625 0.0416667
0 0.985156 0.429167 0.0296875 0.0458333
0 0.0585938 0.44375 0.0265625 0.0333333
0 0.150781 0.376042 0.0328125 0.04375
0 0.828906 0.81875 0.0296875 0.0416667
0 0.604688 0.259375 0.03125 0.0479167
0 0.432813 0.446875 0.0375 0.0520833
0 0.0726563 0.888542 0.0296875 0.0395833
0 0.222656 0.175 0.0328125 0.0458333
0 0.235156 0.559375 0.0265625 0.0354167
0 0.575781 0.377083 0.0421875 0.0541667
0 0.427344 0.601042 0.0359375 0.0479167
0 0.254687 0.417708 0.03125 0.0395833
0 0.314844 0.908333 0.0328125 0.0416667
0 0.745313 0.0947917 0.034375 0.0520833
0 0.802344 0.673958 0.0359375 0.0479167
0 0.264062 0.889583 0.034375 0.0458333
0 0.782812 0.075 0.03125 0.0416667
0 0.10625 0.93125 0.034375 0.0458333
0 0.221875 0.49375 0.03125 0.0375
0 0.282031 0.328125 0.0359375 0.0479167
0 0.784375 0.197917 0.034375 0.0458333
0 0.857031 0.522917 0.0359375 0.0416667
0 0.921094 0.24375 0.0328125 0.0458333
