0 0.978906 0.0114583 0.0328125 0.0229167
0 0.122656 0.454167 0.0390625 0.05
0 0.970312 0.554167 0.034375 0.0458333
0 0.410937 0.296875 0.028125 0.0395833
0 0.154687 0.804167 0.040625 0.0583333
0 0.0992187 0.975 0.0390625 0.0416667
0 0.00625 0.761458 0.0125 0.0395833
0 0.0882813 0.416667 0.0234375 0.0291667
0 0.889844 0.602083 0.0296875 0.0416667
0 0.589844 0.0666667 0.0265625 0.0375
0 0.296094 0.655208 0.0359375 0.0479167
0 0.257031 0.795833 0.0359375 0.05
0 0.315625 0.795833 0.03125 0.0416667
0 0.155469 0.602083 0.0234375 0.0375
0 0.435156 0.454167 0.0359375 0.05
0 0.160156 0.0135417 0.0296875 0.0270833
0 0.604688 0.508333 0.028125 0.0375
0 0.830469 0.544792 0.0265625 0.0354167
0 0.903906 0.009375 0.0296875 0.01875
0 0.635156 0.541667 0.0359375 0.05
0 0.9625 0.982292 0.03125 0.03125
0 0.780469 0.208333 0.0359375 0.0458333
0 0.50625 0.153125 0.028125 0.0354167
0 0.95625 0.0135417 0.0375 0.0270833
0 0.673437 0.096875 0.028125 0.0395833
0 0.510156 0.114583 0.0234375 0.0333333
0 0.542969 0.1125 0.0265625 0.0333333
0 0.641406 0.697917 0.0296875 0.0416667
0 0.185156 0.508333 0.0234375 0.0291667
0 0.478906 0.0291667 0.0265625 0.0375
0 0.894531 0.697917 0.0234375 0.0333333
0 0.270312 0.685417 0.028125 0.0375
0 0.221875 0.3375 0.025 0.0333333
0 0.152344 0.639583 0.0265625 0.0333333
0 0.952344 0.408333 0.0328125 0.0458333
0 0.5 0.922917 0.03125 0.0375
0 0.589063 0.476042 0.028125 0.0354167
0 0.429688 0.605208 0.034375 0.04375
0 0.0539063 0.157292 0.0265625 0.0354167
0 0.609375 0.266667 0.028125 0.0416667
0 0.578906 0.382292 0.0390625 0.0520833
0 0.334375 0.321875 0.028125 0.0354167
0 0.721094 0.736458 0.0296875 0.0395833
0 0.810938 0.244792 0.03125 0.0395833
0 0.55 0.0552083 0.028125 0.0354167
0 0.264062 0.889583 0.028125 0.0458333
0 0.200781 0.354167 0.0234375 0.0291667
0 0.0195312 0.5625 0.0265625 0.0375
0 0.76875 0.65 0.028125 0.0333333
0 0.977344 0.0739583 0.0328125 0.04375
0 0.105469 0.932292 0.0328125 0.04375
0 0.375 0.557292 0.03125 0.0395833
0 0.151562 0.378125 0.03125 0.04375
0 0.0546875 0.413542 0.025 0.0354167
0 0.963281 0.791667 0.0296875 0.0416667
0 0.689062 0.389583 0.028125 0.0375
0 0.220313 0.615625 0.025 0.0354167
0 0.107813 0.482292 0.028125 0.0354167
0 0.104687 0.510417 0.028125 0.0333333
0 0.559375 0.709375 0.034375 0.04375
0 0.873438 0.766667 0.025 0.0375
0 0.282813 0.504167 0.028125 0.0375
0 0.315625 0.914583 0.03125 0.0416667
0 0.784375 0.0822917 0.03125 0.04375
0 0.0195312 0.671875 0.0328125 0.04375
0 0.0242187 0.972917 0.0296875 0.0416667
0 0.295312 0.751042 0.028125 0.0395833
0 0.129688 0.203125 0.028125 0.0354167
0 0.222656 0.49375 0.0296875 0.0375
0 0.803125 0.6875 0.034375 0.0458333
0 0.740625 0.0989583 0.034375 0.0479167
0 0.0710938 0.892708 0.0328125 0.0395833
0 0.285156 0.333333 0.0296875 0.0416667
0 0.855469 0.527083 0.0390625 0.0458333
0 0.917969 0.246875 0.0390625 0.0520833
