0 0.917188 0.366667 0.015625 0.0208333
1 0.796875 0.110417 0.06875 0.0916667
0 0.160156 0.61875 0.0296875 0.0458333
0 0.991406 0.0208333 0.0171875 0.0375
0 0.489062 0.08125 0.01875 0.0291667
0 0.229687 0.1875 0.021875 0.0333333
0 0.451562 0.511458 0.034375 0.0479167
0 0.2 0.35 0.028125 0.0375
1 0.964844 0.0260417 0.0640625 0.0520833
0 0.960156 0.009375 0.0328125 0.01875
0 0.290625 0.347917 0.028125 0.0375
0 0.119531 0.447917 0.0359375 0.0458333
0 0.653125 0.111458 0.028125 0.03125
0 0.75625 0.252083 0.03125 0.0416667
0 0.225 0.335417 0.03125 0.0458333
0 0.25625 0.845833 0.034375 0.0416667
0 0.2375 0.470833 0.021875 0.0291667
0 0.977344 0.369792 0.0234375 0.03125
0 0.211719 0.511458 0.0265625 0.0354167
0 0.953906 0.0302083 0.0296875 0.0354167
0 0.913281 0.271875 0.0296875 0.04375
0 0.0851562 0.420833 0.0265625 0.0333333
0 0.5625 0.727083 0.028125 0.0375
1 0.972656 0.578125 0.0546875 0.0895833
0 0.902344 0.745833 0.0265625 0.0333333
0 0.789844 0.009375 0.0265625 0.01875
0 0.624219 0.695833 0.0265625 0.0375
0 0.317969 0.811458 0.0328125 0.0395833
0 0.777344 0.90625 0.0296875 0.0375
0 0.797656 0.427083 0.0234375 0.0333333
0 0.0664062 0.895833 0.0328125 0.0375
0 0.150781 0.651042 0.0265625 0.0354167
0 0.907812 0.0114583 0.028125 0.0229167
0 0.679688 0.485417 0.03125 0.0375
0 0.451562 0.889583 0.03125 0.0375
0 0.310937 0.230208 0.028125 0.0395833
0 0.732813 0.694792 0.025 0.0354167
0 0.0164062 0.7875 0.0265625 0.0375
0 0.814844 0.741667 0.0328125 0.0458333
0 0.149219 0.382292 0.0328125 0.04375
0 0.160938 0.0135417 0.034375 0.0270833
0 0.403125 0.728125 0.028125 0.04375
0 0.935938 0.255208 0.025 0.03125
0 0.10625 0.266667 0.028125 0.0416667
0 0.114844 0.661458 0.0328125 0.04375
0 0.773438 0.675 0.03125 0.0375
0 0.972656 0.525 0.0265625 0.0333333
0 0.33125 0.945833 0.028125 0.0375
0 0.0710938 0.260417 0.0265625 0.0333333
0 0.872656 0.763542 0.0265625 0.0395833
0 0.766406 0.258333 0.0296875 0.0375
0 0.961719 0.0875 0.0265625 0.0375
0 0.265625 0.897917 0.034375 0.05
0 0.129688 0.240625 0.028125 0.0354167
0 0.707031 0.0197917 0.0296875 0.0354167
0 0.536719 0.01875 0.0359375 0.0375
0 0.126563 0.06875 0.034375 0.0458333
0 0.0203125 0.516667 0.025 0.0375
0 0.0585938 0.23125 0.0296875 0.0416667
0 0.783594 0.127083 0.0296875 0.0416667
0 0.891406 0.264583 0.0296875 0.0375
0 0.627344 0.304167 0.0296875 0.0458333
0 0.0148437 0.0197917 0.0296875 0.0395833
0 0.432813 0.638542 0.03125 0.0395833
0 0.779688 0.28125 0.03125 0.0416667
0 0.657031 0.123958 0.0296875 0.0354167
0 0.583594 0.103125 0.0296875 0.0395833
0 0.64375 0.575 0.040625 0.05
0 0.738281 0.128125 0.0390625 0.05625
