0 0.989844 0.573958 0.0171875 0.03125
0 0.978125 0.0135417 0.03125 0.0229167
0 0.479688 0.0177083 0.028125 0.03125
0 0.208594 0.485417 0.0265625 0.0416667
0 0.9625 0.59375 0.025 0.0291667
0 0.159375 0.0135417 0.03125 0.0270833
0 0.905469 0.009375 0.0265625 0.01875
0 0.00703125 0.809375 0.0140625 0.0395833
0 0.627344 0.482292 0.0296875 0.0354167
0 0.2 0.490625 0.025 0.0395833
0 0.974219 0.415625 0.0328125 0.0395833
0 0.967969 0.548958 0.0296875 0.0395833
0 0.889063 0.6 0.03125 0.0416667
0 0.499219 0.0635417 0.0265625 0.0395833
0 0.154687 0.602083 0.028125 0.0375
0 0.978125 0.0729167 0.028125 0.0375
0 0.592188 0.0666667 0.03125 0.0416667
0 0.121094 0.442708 0.0359375 0.0479167
0 0.635938 0.0375 0.03125 0.0375
0 0.222656 0.339583 0.0265625 0.0333333
0 0.430469 0.604167 0.0328125 0.0458333
0 0.436719 0.871875 0.0296875 0.0395833
0 0.95625 0.0135417 0.034375 0.0270833
0 0.542969 0.680208 0.0234375 0.0354167
0 0.633594 0.5375 0.0390625 0.05
0 0.470313 0.922917 0.03125 0.0375
0 0.89375 0.694792 0.025 0.03125
0 0.632031 0.0125 0.0296875 0.025
0 0.152344 0.640625 0.0265625 0.03125
0 0.0226563 0.429167 0.0234375 0.0333333
0 0.382812 0.748958 0.028125 0.0354167
0 0.0125 0.752083 0.025 0.0416667
0 0.780469 0.204167 0.0359375 0.05
0 0.0875 0.420833 0.021875 0.0333333
0 0.199219 0.355208 0.0234375 0.03125
0 0.560938 0.70625 0.034375 0.05
0 0.961719 0.979167 0.0296875 0.0333333
0 0.896875 0.9375 0.025 0.0375
0 0.833594 0.627083 0.0296875 0.0375
0 0.24375 0.688542 0.028125 0.0354167
0 0.790625 0.778125 0.028125 0.0395833
0 0.810156 0.2375 0.0296875 0.0375
0 0.0945313 0.24375 0.0265625 0.0375
0 0.874219 0.765625 0.0265625 0.0354167
0 0.234375 0.771875 0.025 0.03125
0 0.739844 0.096875 0.0328125 0.0479167
0 0.0570313 0.432292 0.0265625 0.0354167
0 0.0414063 0.5875 0.0296875 0.0416667
0 0.263281 0.446875 0.0296875 0.0354167
0 0.722656 0.476042 0.0296875 0.0395833
0 0.470313 0.151042 0.03125 0.0395833
0 0.127344 0.201042 0.0296875 0.0354167
0 0.224219 0.491667 0.0296875 0.0375
0 0.605469 0.263542 0.0296875 0.04375
0 0.857813 0.523958 0.034375 0.0395833
0 0.625 0.1125 0.028125 0.0375
0 0.234375 0.532292 0.028125 0.0354167
0 0.433594 0.448958 0.0390625 0.0520833
0 0.576563 0.379167 0.04375 0.0541667
0 0.260938 0.24375 0.03125 0.0416667
0 0.76875 0.644792 0.03125 0.0354167
0 0.139062 0.904167 0.028125 0.0333333
0 0.150781 0.377083 0.0328125 0.0458333
0 0.402344 0.588542 0.0296875 0.0395833
0 0.314063 0.911458 0.03125 0.04375
0 0.8 0.679167 0.0375 0.05
0 0.971875 0.864583 0.03125 0.0416667
0 0.604688 0.505208 0.034375 0.04375
0 0.783594 0.0791667 0.0296875 0.0416667
0 0.071875 0.892708 0.03125 0.0395833
0 0.263281 0.890625 0.0328125 0.0479167
0 0.283594 0.33125 0.0359375 0.05
0 0.10625 0.930208 0.034375 0.0479167
0 0.921094 0.244792 0.0359375 0.0479167
