0 0.210156 0.490625 0.0296875 0.04375
0 0.553906 0.053125 0.0296875 0.0354167
0 0.9625 0.592708 0.025 0.03125
0 0.9875 0.573958 0.01875 0.03125
0 0.174219 0.134375 0.0265625 0.03125
0 0.246875 0.977083 0.028125 0.0375
0 0.260156 0.8 0.0328125 0.0416667
0 0.210156 0.508333 0.0328125 0.0458333
0 0.315625 0.790625 0.034375 0.0479167
0 0.633594 0.536458 0.0390625 0.0520833
0 0.119531 0.44375 0.0359375 0.05
0 0.160156 0.0135417 0.0328125 0.0270833
0 0.905469 0.009375 0.0265625 0.01875
0 0.891406 0.695833 0.0234375 0.0333333
0 0.636719 0.0135417 0.0328125 0.0229167
0 0.889844 0.93125 0.0265625 0.0375
0 0.978125 0.0729167 0.028125 0.0416667
0 0.535156 0.679167 0.0265625 0.0333333
0 0.559375 0.70625 0.034375 0.0458333
0 0.960938 0.978125 0.03125 0.0354167
0 0.478125 0.0197917 0.03125 0.0395833
0 0.242969 0.771875 0.0265625 0.03125
0 0.955469 0.0135417 0.0359375 0.0270833
0 0.0132813 0.41875 0.0265625 0.0458333
0 0.154687 0.603125 0.028125 0.0395833
0 0.467187 0.923958 0.028125 0.03125
0 0.433594 0.448958 0.0390625 0.0520833
0 0.248437 0.534375 0.028125 0.0395833
0 0.634375 0.0395833 0.028125 0.0375
0 0.126563 0.198958 0.03125 0.0395833
0 0.489844 0.084375 0.0296875 0.0395833
0 0.59375 0.0645833 0.03125 0.0416667
0 0.967969 0.548958 0.0296875 0.0395833
0 0.397656 0.729167 0.0296875 0.0375
0 0.627344 0.486458 0.0328125 0.0395833
0 0.810156 0.238542 0.0328125 0.0395833
0 0.740625 0.0947917 0.03125 0.0479167
0 0.221875 0.338542 0.025 0.0354167
0 0.417969 0.583333 0.0265625 0.0333333
0 0.889844 0.6 0.0296875 0.0416667
0 0.151562 0.640625 0.028125 0.0354167
0 0.874219 0.765625 0.0265625 0.0354167
0 0.782031 0.203125 0.0359375 0.0479167
0 0.576563 0.379167 0.040625 0.0541667
0 0.834375 0.64375 0.028125 0.0333333
0 0.0171875 0.744792 0.028125 0.0395833
0 0.151562 0.377083 0.03125 0.0416667
0 0.2 0.355208 0.025 0.03125
0 0.0875 0.421875 0.025 0.0354167
0 0.465625 0.155208 0.034375 0.04375
0 0.43125 0.604167 0.03125 0.0416667
0 0.446094 0.867708 0.0296875 0.0395833
0 0.769531 0.644792 0.0296875 0.0354167
0 0.8 0.677083 0.0375 0.0541667
0 0.605469 0.505208 0.0328125 0.04375
0 0.224219 0.495833 0.0328125 0.0416667
0 0.104687 0.248958 0.028125 0.0395833
0 0.604688 0.261458 0.028125 0.04375
0 0.85625 0.525 0.0375 0.0416667
0 0.250781 0.223958 0.0328125 0.04375
0 0.0578125 0.432292 0.028125 0.0395833
0 0.314063 0.911458 0.03125 0.0395833
0 0.971875 0.872917 0.034375 0.0416667
0 0.727344 0.489583 0.0328125 0.0416667
0 0.792188 0.808333 0.03125 0.0375
0 0.145313 0.902083 0.03125 0.0416667
0 0.0414063 0.595833 0.0328125 0.0458333
0 0.634375 0.122917 0.03125 0.0375
0 0.246875 0.698958 0.03125 0.04375
0 0.071875 0.892708 0.03125 0.0395833
0 0.783594 0.0791667 0.0328125 0.0416667
0 0.263281 0.891667 0.0328125 0.0458333
0 0.283594 0.328125 0.0359375 0.0479167
0 0.107813 0.93125 0.034375 0.0458333
0 0.260156 0.435417 0.0328125 0.0458333
0 0.920313 0.244792 0.0375 0.0520833
