0 0.635938 0.0145833 0.034375 0.025
1 0.0945313 0.973958 0.0640625 0.0479167
0 0.174219 0.134375 0.0265625 0.0354167
0 0.988281 0.572917 0.0203125 0.0291667
0 0.9625 0.591667 0.025 0.0291667
1 0.633594 0.034375 0.0546875 0.0604167
0 0.246875 0.977083 0.028125 0.0375
0 0.634375 0.0322917 0.028125 0.03125
0 0.984375 0.417708 0.028125 0.04375
0 0.905469 0.00833333 0.0265625 0.0166667
0 0.839063 0.65 0.025 0.0333333
0 0.614844 0.0458333 0.0203125 0.0291667
0 0.892187 0.69375 0.025 0.0333333
0 0.423438 0.583333 0.03125 0.0333333
0 0.633594 0.536458 0.0390625 0.0520833
0 0.605469 0.50625 0.0328125 0.0416667
0 0.264062 0.513542 0.028125 0.0354167
0 0.646094 0.117708 0.0265625 0.0354167
0 0.960938 0.978125 0.03125 0.0354167
0 0.154687 0.603125 0.028125 0.0395833
0 0.159375 0.015625 0.03125 0.03125
0 0.464063 0.928125 0.028125 0.0395833
0 0.421094 0.853125 0.0296875 0.0395833
0 0.235156 0.773958 0.0265625 0.0354167
0 0.555469 0.053125 0.0296875 0.0354167
0 0.519531 0.6875 0.0265625 0.0333333
0 0.95625 0.0125 0.034375 0.025
0 0.480469 0.0666667 0.0296875 0.0416667
0 0.894531 0.91875 0.0296875 0.0375
0 0.00859375 0.407292 0.0171875 0.0395833
0 0.978125 0.0729167 0.028125 0.0375
0 0.259375 0.8 0.034375 0.0458333
0 0.151562 0.639583 0.028125 0.0333333
0 0.221875 0.339583 0.025 0.0333333
0 0.560938 0.703125 0.034375 0.04375
0 0.458594 0.1625 0.0296875 0.0416667
0 0.48125 0.0197917 0.03125 0.0395833
0 0.63125 0.489583 0.03125 0.0375
0 0.799219 0.675 0.0359375 0.05
0 0.123438 0.198958 0.028125 0.0395833
0 0.0265625 0.729167 0.028125 0.0375
0 0.874219 0.765625 0.0265625 0.0395833
0 0.414844 0.75 0.0296875 0.0375
0 0.973437 0.882292 0.034375 0.0479167
0 0.0867188 0.420833 0.0234375 0.0333333
0 0.2 0.354167 0.025 0.0333333
0 0.151562 0.878125 0.028125 0.0395833
0 0.769531 0.64375 0.0296875 0.0333333
0 0.594531 0.0635417 0.0296875 0.0395833
0 0.43125 0.604167 0.034375 0.0458333
0 0.249219 0.205208 0.0328125 0.04375
0 0.807813 0.238542 0.03125 0.0395833
0 0.96875 0.548958 0.03125 0.04375
0 0.150781 0.377083 0.0328125 0.0416667
0 0.889063 0.598958 0.03125 0.04375
0 0.724219 0.505208 0.0265625 0.0395833
0 0.576563 0.379167 0.04375 0.0541667
0 0.433594 0.447917 0.0390625 0.0541667
0 0.102344 0.263542 0.0328125 0.04375
0 0.121875 0.44375 0.040625 0.05
0 0.266406 0.421875 0.0328125 0.04375
0 0.604688 0.260417 0.028125 0.0458333
0 0.804688 0.782292 0.034375 0.04375
0 0.742188 0.0947917 0.034375 0.0520833
0 0.246875 0.713542 0.03125 0.0479167
0 0.314844 0.910417 0.0328125 0.0416667
0 0.05625 0.433333 0.028125 0.0375
0 0.040625 0.601042 0.03125 0.04375
0 0.220313 0.49375 0.03125 0.0375
0 0.264062 0.890625 0.034375 0.0479167
0 0.784375 0.0770833 0.03125 0.0416667
0 0.107031 0.93125 0.0328125 0.0458333
0 0.782031 0.201042 0.0359375 0.0479167
0 0.0726563 0.890625 0.0328125 0.04375
0 0.282813 0.330208 0.0375 0.0479167
0 0.85625 0.525 0.0375 0.0458333
0 0.921094 0.24375 0.0359375 0.05
