0 0.978906 0.0125 0.0296875 0.0208333
0 0.078125 0.9875 0.025 0.025
0 0.258594 0.802083 0.0296875 0.0416667
0 0.553906 0.0541667 0.0296875 0.0375
0 0.636719 0.0447917 0.0296875 0.0395833
0 0.635156 0.0322917 0.0265625 0.0270833
0 0.410156 0.295833 0.0328125 0.0458333
1 0.0921875 0.970833 0.08125 0.0541667
0 0.0078125 0.764583 0.015625 0.0375
0 0.429688 0.605208 0.03125 0.04375
0 0.9625 0.592708 0.021875 0.0270833
0 0.96875 0.551042 0.028125 0.0395833
0 0.432813 0.452083 0.034375 0.0458333
0 0.159375 0.0135417 0.03125 0.0270833
0 0.153125 0.603125 0.025 0.0354167
0 0.242969 0.769792 0.0234375 0.0270833
0 0.00859375 0.805208 0.0171875 0.0395833
0 0.315625 0.790625 0.034375 0.0479167
0 0.0648438 0.419792 0.0234375 0.03125
0 0.9625 0.98125 0.03125 0.0291667
0 0.642187 0.009375 0.028125 0.01875
0 0.592969 0.065625 0.0296875 0.0395833
0 0.90625 0.009375 0.028125 0.01875
0 0.0882813 0.420833 0.0265625 0.0291667
0 0.477344 0.922917 0.0296875 0.0333333
0 0.0664062 0.984375 0.0296875 0.0270833
0 0.361719 0.736458 0.0296875 0.0354167
0 0.153125 0.640625 0.025 0.03125
0 0.61875 0.480208 0.028125 0.03125
0 0.779688 0.208333 0.0375 0.0458333
0 0.95625 0.0135417 0.034375 0.0270833
0 0.491406 0.144792 0.0328125 0.0395833
0 0.476562 0.0208333 0.03125 0.0375
0 0.178125 0.519792 0.025 0.03125
0 0.965625 0.427083 0.03125 0.0416667
0 0.121094 0.448958 0.0359375 0.0479167
0 0.874219 0.766667 0.0265625 0.0375
0 0.4375 0.907292 0.028125 0.0395833
0 0.0859375 0.219792 0.025 0.0354167
0 0.201562 0.355208 0.025 0.03125
0 0.216406 0.510417 0.0265625 0.0333333
0 0.892187 0.695833 0.025 0.0333333
0 0.564062 0.672917 0.028125 0.0333333
0 0.221094 0.3375 0.0234375 0.0333333
0 0.8 0.680208 0.040625 0.05625
0 0.560156 0.708333 0.0328125 0.0416667
0 0.977344 0.0729167 0.0296875 0.0375
0 0.278125 0.261458 0.028125 0.0354167
0 0.403906 0.56875 0.0265625 0.0333333
0 0.966406 0.847917 0.0328125 0.0458333
0 0.76875 0.644792 0.03125 0.0354167
0 0.824219 0.613542 0.0296875 0.0395833
0 0.15 0.378125 0.03125 0.04375
0 0.223438 0.489583 0.028125 0.0375
0 0.714063 0.459375 0.028125 0.0395833
0 0.607031 0.264583 0.0296875 0.05
0 0.894531 0.964583 0.0265625 0.0375
0 0.596094 0.115625 0.0265625 0.0354167
0 0.233594 0.673958 0.0234375 0.0354167
0 0.314063 0.9125 0.03125 0.0416667
0 0.578125 0.38125 0.04375 0.0541667
0 0.633594 0.539583 0.0390625 0.05
0 0.889063 0.6 0.03125 0.0416667
0 0.8125 0.238542 0.03125 0.0395833
0 0.1125 0.909375 0.025 0.0354167
0 0.502344 0.0854167 0.0296875 0.0375
0 0.270312 0.455208 0.03125 0.0395833
0 0.605469 0.50625 0.0296875 0.0375
0 0.739844 0.0979167 0.0390625 0.0541667
0 0.0335938 0.592708 0.0296875 0.0395833
0 0.76875 0.803125 0.03125 0.0395833
0 0.264062 0.891667 0.03125 0.0458333
0 0.782812 0.0802083 0.03125 0.04375
0 0.855469 0.525 0.0359375 0.0458333
0 0.128125 0.201042 0.028125 0.0354167
0 0.107031 0.933333 0.0265625 0.0375
0 0.0445312 0.446875 0.0296875 0.0395833
0 0.0710938 0.89375 0.0296875 0.0375
0 0.284375 0.33125 0.034375 0.0458333
0 0.920313 0.244792 0.0375 0.0520833
