0 0.610156 0.00833333 0.0234375 0.0166667
0 0.249219 0.982292 0.0265625 0.0354167
0 0.35 0.808333 0.025 0.0375
0 0.976562 0.0145833 0.028125 0.025
0 0.173438 0.133333 0.025 0.0291667
0 0.638281 0.0395833 0.0328125 0.0416667
0 0.96875 0.546875 0.028125 0.0354167
0 0.160156 0.015625 0.0328125 0.0270833
0 0.903906 0.00833333 0.0265625 0.0166667
0 0.891406 0.688542 0.0234375 0.03125
0 0.0867188 0.420833 0.0234375 0.0291667
0 0.986719 0.572917 0.0203125 0.0291667
0 0.561719 0.698958 0.0328125 0.04375
0 0.632031 0.533333 0.0390625 0.05
0 0.475781 0.697917 0.0359375 0.0416667
0 0.858594 0.695833 0.0234375 0.0291667
0 0.483594 0.015625 0.0296875 0.03125
0 0.121875 0.44375 0.040625 0.05
0 0.889063 0.6 0.03125 0.0416667
0 0.433594 0.6 0.0328125 0.0416667
0 0.153906 0.602083 0.0265625 0.0375
0 0.85 0.814583 0.025 0.0333333
0 0.991406 0.43125 0.0171875 0.0416667
0 0.489844 0.0427083 0.0265625 0.0354167
0 0.267188 0.81875 0.040625 0.05
0 0.95625 0.0125 0.0375 0.025
0 0.654688 0.503125 0.028125 0.0354167
0 0.248437 0.679167 0.025 0.0416667
0 0.152344 0.640625 0.0265625 0.03125
0 0.208594 0.158333 0.0296875 0.0375
0 0.125 0.197917 0.028125 0.0375
0 0.2625 0.580208 0.025 0.0395833
0 0.175781 0.880208 0.0296875 0.0395833
0 0.597656 0.0583333 0.0296875 0.0375
0 0.430469 0.190625 0.0328125 0.0395833
0 0.2 0.355208 0.021875 0.03125
0 0.709375 0.109375 0.03125 0.0354167
0 0.44375 0.75 0.028125 0.0416667
0 0.890625 0.854167 0.021875 0.0333333
0 0.748438 0.564583 0.028125 0.0375
0 0.0742188 0.886458 0.0296875 0.0395833
0 0.960938 0.975 0.034375 0.0416667
0 0.979688 0.071875 0.03125 0.04375
0 0.221875 0.3375 0.025 0.0333333
0 0.449219 0.939583 0.0328125 0.0416667
0 0.059375 0.594792 0.03125 0.0395833
0 0.119531 0.31875 0.0265625 0.0375
0 0.291406 0.527083 0.0265625 0.0375
0 0.80625 0.238542 0.03125 0.0395833
0 0.873438 0.766667 0.025 0.0375
0 0.150781 0.376042 0.0328125 0.04375
0 0.240625 0.748958 0.028125 0.04375
0 0.06875 0.68125 0.03125 0.0416667
0 0.770312 0.642708 0.028125 0.03125
0 0.560938 0.0520833 0.03125 0.0375
0 0.25 0.402083 0.028125 0.0375
0 0.977344 0.913542 0.0421875 0.0604167
0 0.603125 0.505208 0.034375 0.04375
0 0.604688 0.25625 0.03125 0.0458333
0 0.43125 0.446875 0.0375 0.0520833
0 0.783594 0.0729167 0.0328125 0.0416667
0 0.314844 0.908333 0.0328125 0.0416667
0 0.264062 0.891667 0.03125 0.0416667
0 0.06875 0.440625 0.028125 0.0354167
0 0.108594 0.93125 0.0328125 0.0458333
0 0.575781 0.376042 0.0390625 0.0479167
0 0.922656 0.242708 0.0328125 0.04375
0 0.804688 0.679167 0.0375 0.05
0 0.219531 0.49375 0.0328125 0.0375
0 0.282813 0.328125 0.034375 0.0479167
0 0.785156 0.197917 0.0359375 0.0458333
0 0.744531 0.0916667 0.0390625 0.0541667
0 0.857813 0.522917 0.034375 0.0416667
