0 0.633594 0.533333 0.0390625 0.0458333
0 0.482031 0.0125 0.0328125 0.025
0 0.884375 0.826042 0.03125 0.04375
0 0.975781 0.0135417 0.0328125 0.0229167
0 0.317187 0.788542 0.034375 0.0479167
0 0.439844 0.228125 0.0234375 0.03125
0 0.954687 0.0104167 0.03125 0.0208333
0 0.0976562 0.978125 0.0390625 0.0354167
0 0.903125 0.00833333 0.025 0.0166667
0 0.9875 0.570833 0.01875 0.0291667
0 0.122656 0.442708 0.0359375 0.0479167
0 0.633594 0.0302083 0.0328125 0.0354167
0 0.214062 0.489583 0.021875 0.0375
0 0.516406 0.717708 0.0234375 0.03125
0 0.160156 0.0145833 0.0328125 0.0291667
0 0.889844 0.598958 0.0296875 0.0395833
0 0.560156 0.703125 0.0296875 0.0395833
0 0.174219 0.155208 0.0265625 0.0354167
0 0.989062 0.428125 0.021875 0.0354167
0 0.985156 0.923958 0.0265625 0.0395833
0 0.786719 0.19375 0.0328125 0.0458333
0 0.873438 0.766667 0.025 0.0375
0 0.221875 0.338542 0.025 0.03125
0 0.960156 0.972917 0.0296875 0.0416667
0 0.597656 0.05625 0.0296875 0.0375
0 0.980469 0.071875 0.0296875 0.0395833
0 0.0875 0.419792 0.025 0.03125
0 0.202344 0.355208 0.0234375 0.03125
0 0.805469 0.236458 0.0296875 0.0354167
0 0.153906 0.639583 0.0265625 0.0291667
0 0.665625 0.494792 0.028125 0.03125
0 0.239844 0.666667 0.0265625 0.0333333
0 0.0914062 0.663542 0.0265625 0.0354167
0 0.878125 0.8375 0.03125 0.0416667
0 0.153906 0.601042 0.0265625 0.0354167
0 0.315625 0.527083 0.025 0.0333333
0 0.870313 0.722917 0.025 0.0333333
0 0.414062 0.208333 0.025 0.0333333
0 0.441406 0.944792 0.0265625 0.0395833
0 0.269531 0.560417 0.0296875 0.0416667
0 0.452344 0.622917 0.0265625 0.0333333
0 0.561719 0.0541667 0.0296875 0.0333333
0 0.13125 0.330208 0.03125 0.0395833
0 0.80625 0.677083 0.0375 0.05
0 0.475781 0.04375 0.0296875 0.0333333
0 0.453125 0.709375 0.03125 0.0395833
0 0.0632813 0.446875 0.0265625 0.0354167
0 0.758594 0.591667 0.0265625 0.0375
0 0.158594 0.808333 0.0453125 0.0583333
0 0.127344 0.2 0.0296875 0.0375
0 0.657812 0.0479167 0.025 0.0333333
0 0.769531 0.641667 0.0265625 0.0291667
0 0.603906 0.505208 0.0328125 0.0395833
0 0.604688 0.255208 0.028125 0.04375
0 0.150781 0.375 0.0328125 0.0458333
0 0.235938 0.771875 0.025 0.0354167
0 0.430469 0.6 0.0296875 0.0375
0 0.227344 0.4875 0.0296875 0.0375
0 0.734375 0.119792 0.028125 0.0395833
0 0.575781 0.371875 0.0359375 0.0479167
0 0.782812 0.0739583 0.03125 0.0395833
0 0.739844 0.0864583 0.0328125 0.0479167
0 0.178906 0.854167 0.0265625 0.0375
0 0.315625 0.910417 0.028125 0.0416667
0 0.0742188 0.8875 0.0296875 0.0416667
0 0.246094 0.391667 0.0296875 0.0375
0 0.0609375 0.611458 0.028125 0.04375
0 0.282031 0.326042 0.0359375 0.0479167
0 0.109375 0.93125 0.03125 0.0416667
0 0.432813 0.445833 0.0375 0.05
0 0.264062 0.891667 0.03125 0.0458333
0 0.85625 0.520833 0.0375 0.0416667
0 0.923437 0.238542 0.034375 0.0479167
