0 0.792188 0.714583 0.01875 0.0291667
0 0.8875 0.685417 0.025 0.0333333
0 0.985156 0.56875 0.0234375 0.0291667
0 0.236719 0.477083 0.0234375 0.0333333
0 0.955469 0.009375 0.0328125 0.01875
0 0.975781 0.0114583 0.0296875 0.01875
0 0.828906 0.8625 0.0265625 0.0333333
0 0.158594 0.0166667 0.0296875 0.0291667
0 0.633594 0.519792 0.0328125 0.04375
0 0.123438 0.44375 0.0375 0.05
0 0.202344 0.410417 0.0234375 0.0333333
0 0.969531 0.541667 0.0296875 0.0375
0 0.985937 0.707292 0.025 0.04375
0 0.0882813 0.41875 0.0265625 0.0333333
0 0.175 0.133333 0.025 0.0333333
0 0.628906 0.01875 0.0296875 0.0333333
0 0.317969 0.7875 0.0359375 0.0458333
0 0.573438 0.364583 0.028125 0.0416667
0 0.403906 0.589583 0.0234375 0.0291667
0 0.247656 0.808333 0.0265625 0.0333333
0 0.980469 0.0708333 0.0265625 0.0375
0 0.223438 0.482292 0.03125 0.0354167
0 0.4875 0.009375 0.028125 0.01875
0 0.685938 0.630208 0.025 0.0354167
0 0.560156 0.705208 0.0328125 0.04375
0 0.857031 0.857292 0.0265625 0.0354167
0 0.676562 0.0979167 0.03125 0.0458333
0 0.760156 0.965625 0.0296875 0.0395833
0 0.240625 0.717708 0.025 0.0354167
0 0.157813 0.595833 0.028125 0.0375
0 0.383594 0.945833 0.0265625 0.0333333
0 0.532031 0.545833 0.0265625 0.0333333
0 0.963281 0.961458 0.0296875 0.04375
0 0.374219 0.575 0.0265625 0.0333333
0 0.51875 0.622917 0.028125 0.0333333
0 0.417969 0.584375 0.0296875 0.0354167
0 0.214062 0.315625 0.028125 0.0354167
0 0.603125 0.508333 0.028125 0.0375
0 0.827344 0.736458 0.0265625 0.0354167
0 0.784375 0.186458 0.028125 0.0395833
0 0.235938 0.882292 0.025 0.0395833
0 0.152344 0.636458 0.0296875 0.0354167
0 0.21875 0.3375 0.028125 0.0333333
0 0.803125 0.229167 0.03125 0.0375
0 0.854688 0.191667 0.028125 0.0375
0 0.200781 0.355208 0.0265625 0.0354167
0 0.783594 0.0708333 0.0296875 0.0375
0 0.921875 0.963542 0.028125 0.0395833
0 0.596094 0.071875 0.0265625 0.0354167
0 0.315625 0.294792 0.03125 0.04375
0 0.723437 0.545833 0.028125 0.0333333
0 0.603125 0.251042 0.03125 0.04375
0 0.159375 0.383333 0.028125 0.0375
0 0.0632813 0.0614583 0.0296875 0.0395833
0 0.166406 0.553125 0.0296875 0.0395833
0 0.35625 0.838542 0.028125 0.0395833
0 0.889063 0.59375 0.028125 0.0416667
0 0.305469 0.651042 0.0390625 0.0520833
0 0.765625 0.642708 0.028125 0.0354167
0 0.871875 0.765625 0.025 0.0354167
0 0.108594 0.929167 0.0328125 0.0458333
0 0.0984375 0.645833 0.03125 0.0416667
0 0.572656 0.04375 0.0265625 0.0375
0 0.864844 0.710417 0.0265625 0.0333333
0 0.059375 0.467708 0.028125 0.0354167
0 0.128125 0.1875 0.028125 0.0375
0 0.264062 0.890625 0.034375 0.0479167
0 0.432813 0.4375 0.0375 0.05
0 0.279687 0.327083 0.034375 0.0458333
0 0.0757812 0.884375 0.0328125 0.0479167
0 0.85625 0.519792 0.034375 0.0395833
0 0.730469 0.0791667 0.0359375 0.05
0 0.3125 0.907292 0.03125 0.0395833
0 0.803906 0.669792 0.0390625 0.0520833
0 0.922656 0.235417 0.0359375 0.05
