0 0.985937 0.567708 0.021875 0.03125
0 0.976562 0.0125 0.028125 0.0208333
0 0.236719 0.476042 0.0234375 0.0354167
0 0.95625 0.009375 0.0375 0.01875
0 0.628125 0.01875 0.028125 0.0333333
0 0.883594 0.6875 0.0234375 0.0291667
0 0.158594 0.0177083 0.0265625 0.0270833
0 0.424219 0.577083 0.0296875 0.0458333
0 0.917188 0.3375 0.01875 0.025
0 0.317187 0.788542 0.0375 0.0479167
0 0.574219 0.0739583 0.0234375 0.0354167
0 0.970312 0.540625 0.028125 0.0395833
1 0.974219 0.546875 0.0515625 0.08125
0 0.350781 0.809375 0.0234375 0.0354167
0 0.175781 0.133333 0.0265625 0.0375
0 0.489844 0.0114583 0.0296875 0.0229167
0 0.852344 0.877083 0.0265625 0.0375
0 0.203906 0.313542 0.0265625 0.03125
0 0.0882813 0.417708 0.0265625 0.0354167
0 0.980469 0.0708333 0.0265625 0.0375
0 0.30625 0.652083 0.0375 0.05
0 0.602344 0.50625 0.0296875 0.0375
0 0.573438 0.365625 0.03125 0.04375
0 0.354688 0.865625 0.025 0.0395833
0 0.594531 0.0770833 0.0265625 0.0375
0 0.86875 0.216667 0.025 0.0333333
0 0.151562 0.383333 0.03125 0.0416667
0 0.575 0.0447917 0.028125 0.0354167
0 0.278125 0.326042 0.03125 0.04375
0 0.540625 0.511458 0.025 0.0354167
0 0.034375 0.0541667 0.028125 0.0333333
0 0.734375 0.547917 0.028125 0.0333333
0 0.377344 0.946875 0.0328125 0.0354167
0 0.216406 0.339583 0.0265625 0.0333333
0 0.153125 0.635417 0.028125 0.0333333
0 0.560156 0.705208 0.0328125 0.04375
0 0.785937 0.184375 0.03125 0.04375
0 0.227344 0.421875 0.0265625 0.0354167
0 0.157031 0.595833 0.0296875 0.0416667
0 0.865625 0.691667 0.025 0.0333333
0 0.123438 0.444792 0.0375 0.0479167
0 0.389844 0.575 0.0265625 0.0333333
0 0.83125 0.764583 0.025 0.0333333
0 0.0648438 0.467708 0.0296875 0.0395833
0 0.742188 0.960417 0.028125 0.0416667
0 0.2 0.357292 0.025 0.0354167
0 0.919531 0.977083 0.0296875 0.0375
0 0.2625 0.890625 0.034375 0.04375
0 0.297656 0.309375 0.0296875 0.0354167
0 0.224219 0.482292 0.0328125 0.0395833
0 0.889063 0.591667 0.028125 0.0375
0 0.683594 0.101042 0.0296875 0.0354167
0 0.603125 0.251042 0.03125 0.04375
0 0.803125 0.228125 0.03125 0.0395833
0 0.217969 0.733333 0.0328125 0.0458333
0 0.870313 0.766667 0.025 0.0333333
0 0.964844 0.960417 0.0359375 0.05
0 0.127344 0.1875 0.0296875 0.0375
0 0.782031 0.0697917 0.0296875 0.0395833
0 0.240625 0.901042 0.028125 0.04375
0 0.179688 0.53125 0.028125 0.0375
0 0.803906 0.665625 0.0359375 0.0479167
0 0.923437 0.235417 0.0375 0.05
0 0.108594 0.632292 0.0328125 0.0395833
0 0.765625 0.64375 0.028125 0.0333333
0 0.723437 0.614583 0.03125 0.0375
0 0.43125 0.4375 0.040625 0.0541667
0 0.85625 0.51875 0.034375 0.0416667
0 0.530469 0.617708 0.0328125 0.04375
0 0.3125 0.907292 0.028125 0.0395833
0 0.260156 0.808333 0.0421875 0.05
0 0.0765625 0.886458 0.034375 0.0479167
0 0.108594 0.929167 0.0359375 0.05
0 0.728906 0.0760417 0.0328125 0.0479167
