0 0.228906 0.185417 0.0203125 0.0333333
0 0.154687 0.814583 0.040625 0.0541667
2 0.0914062 0.741667 0.0234375 0.025
0 0.159375 0.620833 0.028125 0.0375
0 0.317969 0.811458 0.0328125 0.04375
0 0.975 0.028125 0.028125 0.0354167
0 0.290625 0.345833 0.028125 0.0375
0 0.960156 0.009375 0.0296875 0.01875
0 0.210938 0.510417 0.021875 0.0333333
0 0.989844 0.0197917 0.0203125 0.0354167
1 0.971875 0.579167 0.05625 0.0958333
0 0.978125 0.367708 0.025 0.03125
0 0.0851562 0.420833 0.0265625 0.0333333
0 0.201562 0.35 0.028125 0.0375
0 0.903906 0.009375 0.0296875 0.01875
0 0.25625 0.844792 0.0375 0.0479167
0 0.00703125 0.046875 0.0140625 0.04375
0 0.00625 0.738542 0.0125 0.0354167
0 0.953125 0.0302083 0.028125 0.0354167
0 0.789062 0.009375 0.028125 0.01875
0 0.164062 0.0114583 0.034375 0.0229167
1 0.964844 0.0260417 0.0640625 0.0520833
0 0.490625 0.078125 0.025 0.0354167
0 0.897656 0.290625 0.0265625 0.03125
0 0.901563 0.745833 0.028125 0.0375
0 0.127344 0.644792 0.0296875 0.0354167
0 0.00859375 0.523958 0.0171875 0.0395833
0 0.653125 0.717708 0.028125 0.0354167
0 0.5625 0.726042 0.03125 0.0395833
0 0.0890625 0.0927083 0.03125 0.0395833
0 0.153125 0.654167 0.028125 0.0333333
0 0.769531 0.9125 0.0328125 0.0416667
0 0.150781 0.385417 0.0328125 0.0416667
0 0.441406 0.877083 0.0328125 0.0416667
0 0.396875 0.728125 0.028125 0.0395833
0 0.252344 0.467708 0.0296875 0.0354167
0 0.814062 0.741667 0.034375 0.0458333
0 0.78125 0.28125 0.03125 0.0416667
0 0.33125 0.945833 0.028125 0.0375
0 0.536719 0.01875 0.0390625 0.0375
0 0.666406 0.489583 0.0296875 0.0375
0 0.657031 0.123958 0.0265625 0.03125
0 0.873438 0.765625 0.028125 0.0395833
0 0.970312 0.510417 0.03125 0.0416667
0 0.732031 0.733333 0.0265625 0.0375
0 0.0523437 0.214583 0.0328125 0.0416667
0 0.0664062 0.896875 0.0359375 0.04375
0 0.226562 0.336458 0.034375 0.04375
0 0.698438 0.0364583 0.028125 0.0395833
0 0.767187 0.257292 0.028125 0.0354167
0 0.317969 0.201042 0.0359375 0.0479167
0 0.963281 0.0885417 0.0265625 0.0395833
0 0.0710938 0.263542 0.0296875 0.0395833
0 0.115625 0.277083 0.03125 0.0416667
0 0.773438 0.671875 0.034375 0.0395833
0 0.949219 0.241667 0.0296875 0.0375
0 0.265625 0.898958 0.0375 0.0520833
0 0.784375 0.385417 0.03125 0.0458333
0 0.760938 0.2375 0.028125 0.0333333
0 0.839063 0.0614583 0.03125 0.04375
0 0.783594 0.121875 0.0296875 0.04375
0 0.627344 0.304167 0.0296875 0.0458333
0 0.432813 0.638542 0.03125 0.0395833
0 0.129688 0.239583 0.028125 0.0375
0 0.914062 0.272917 0.0375 0.05
0 0.739844 0.128125 0.0421875 0.0604167
0 0.584375 0.103125 0.03125 0.0395833
0 0.642969 0.573958 0.0421875 0.0520833
