0 0.888281 0.686458 0.0265625 0.0354167
0 0.917969 0.339583 0.0171875 0.025
1 0.974219 0.552083 0.0515625 0.0833333
0 0.214062 0.488542 0.021875 0.0395833
0 0.9875 0.570833 0.01875 0.0333333
0 0.975781 0.0125 0.0328125 0.0208333
0 0.316406 0.788542 0.0359375 0.0479167
0 0.157031 0.808333 0.0390625 0.0541667
0 0.0992187 0.979167 0.0421875 0.0375
0 0.955469 0.0104167 0.0328125 0.0208333
0 0.175 0.13125 0.028125 0.0333333
0 0.496875 0.0114583 0.025 0.0229167
0 0.795313 0.719792 0.021875 0.03125
0 0.3 0.648958 0.034375 0.04375
0 0.322656 0.565625 0.0296875 0.0395833
0 0.630469 0.526042 0.0328125 0.04375
0 0.159375 0.015625 0.03125 0.0270833
0 0.121875 0.44375 0.034375 0.0458333
0 0.153125 0.601042 0.025 0.0354167
0 0.967969 0.542708 0.0296875 0.0395833
0 0.409375 0.735417 0.025 0.0333333
0 0.889844 0.598958 0.0296875 0.04375
0 0.479688 0.678125 0.028125 0.0354167
0 0.632812 0.03125 0.028125 0.0375
0 0.467187 0.0239583 0.025 0.0270833
0 0.151562 0.380208 0.03125 0.04375
0 0.875 0.766667 0.025 0.0375
0 0.267188 0.816667 0.034375 0.0458333
0 0.6 0.053125 0.028125 0.0354167
0 0.560156 0.708333 0.0328125 0.0375
0 0.780469 0.632292 0.0265625 0.0354167
0 0.580469 0.702083 0.0234375 0.0333333
0 0.563281 0.0541667 0.0265625 0.0333333
0 0.0617188 0.453125 0.0265625 0.03125
0 0.153906 0.640625 0.0265625 0.03125
0 0.278906 0.626042 0.0265625 0.0354167
0 0.215625 0.857292 0.028125 0.0354167
0 0.200781 0.354167 0.0234375 0.0291667
0 0.221094 0.336458 0.0234375 0.03125
0 0.860937 0.764583 0.025 0.0333333
0 0.980469 0.0729167 0.0265625 0.0375
0 0.378906 0.236458 0.0296875 0.0395833
0 0.9875 0.959375 0.025 0.04375
0 0.784375 0.190625 0.03125 0.0395833
0 0.960938 0.969792 0.03125 0.0395833
0 0.0875 0.41875 0.025 0.0333333
0 0.426562 0.946875 0.028125 0.0354167
0 0.678125 0.511458 0.028125 0.0354167
0 0.773438 0.135417 0.028125 0.0375
0 0.148438 0.1125 0.03125 0.0416667
0 0.603125 0.505208 0.03125 0.0395833
0 0.603906 0.253125 0.0296875 0.04375
0 0.859375 0.797917 0.025 0.0333333
0 0.476562 0.617708 0.028125 0.0354167
0 0.236719 0.371875 0.0234375 0.03125
0 0.664062 0.0635417 0.034375 0.0479167
0 0.2375 0.808333 0.025 0.0375
0 0.76875 0.653125 0.025 0.03125
0 0.735937 0.0791667 0.03125 0.0458333
0 0.0773437 0.61875 0.0328125 0.0416667
0 0.226562 0.4875 0.03125 0.0375
0 0.120312 0.636458 0.028125 0.0354167
0 0.896875 0.839583 0.028125 0.0333333
0 0.575 0.371875 0.034375 0.04375
0 0.314844 0.910417 0.0296875 0.0416667
0 0.804688 0.235417 0.03125 0.0375
0 0.335938 0.554167 0.03125 0.0375
0 0.282031 0.327083 0.0359375 0.0458333
0 0.108594 0.930208 0.0328125 0.04375
0 0.0765625 0.886458 0.03125 0.04375
0 0.430469 0.595833 0.0328125 0.0458333
0 0.807031 0.676042 0.0359375 0.0479167
0 0.783594 0.0739583 0.0265625 0.0354167
0 0.126563 0.19375 0.028125 0.0375
0 0.85625 0.521875 0.034375 0.0395833
0 0.264062 0.891667 0.034375 0.05
0 0.432813 0.44375 0.0375 0.05
0 0.923437 0.238542 0.034375 0.0479167
