0 0.979688 0.713542 0.028125 0.0395833
0 0.917188 0.338542 0.01875 0.0270833
0 0.303125 0.304167 0.028125 0.0416667
0 0.709375 0.159375 0.01875 0.0270833
0 0.883594 0.686458 0.0234375 0.03125
0 0.975781 0.0114583 0.0296875 0.01875
0 0.955469 0.009375 0.0359375 0.01875
1 0.974219 0.547917 0.0515625 0.0791667
0 0.969531 0.541667 0.0296875 0.0375
0 0.159375 0.015625 0.028125 0.0270833
0 0.123438 0.444792 0.0375 0.0520833
0 0.0882813 0.417708 0.0265625 0.0354167
0 0.176563 0.133333 0.025 0.0333333
0 0.979688 0.0708333 0.028125 0.0375
0 0.219531 0.3375 0.0234375 0.0291667
0 0.633594 0.519792 0.0328125 0.04375
0 0.317969 0.788542 0.0390625 0.0479167
0 0.847656 0.69375 0.0265625 0.0375
0 0.573438 0.364583 0.03125 0.0458333
0 0.602344 0.507292 0.0296875 0.0395833
0 0.844531 0.866667 0.0296875 0.0458333
0 0.4875 0.0104167 0.03125 0.0208333
0 0.802344 0.227083 0.0296875 0.0375
0 0.573438 0.04375 0.025 0.0333333
0 0.207031 0.315625 0.0296875 0.0354167
0 0.242188 0.808333 0.028125 0.0416667
0 0.378906 0.946875 0.0265625 0.0354167
0 0.570312 0.0614583 0.025 0.0354167
0 0.224219 0.483333 0.0328125 0.0375
0 0.785156 0.185417 0.0296875 0.0416667
0 0.158594 0.595833 0.0328125 0.0458333
0 0.628906 0.0197917 0.0296875 0.0354167
0 0.903125 0.961458 0.028125 0.0395833
0 0.889063 0.592708 0.028125 0.0395833
0 0.200781 0.355208 0.0234375 0.03125
0 0.528906 0.622917 0.0265625 0.0333333
0 0.149219 0.384375 0.0328125 0.0395833
0 0.595312 0.0729167 0.025 0.0375
0 0.152344 0.636458 0.0296875 0.0354167
0 0.866406 0.198958 0.0265625 0.0354167
0 0.713281 0.622917 0.0265625 0.0291667
0 0.742188 0.98125 0.034375 0.0375
0 0.384375 0.578125 0.025 0.03125
0 0.173438 0.540625 0.028125 0.0354167
0 0.0648438 0.463542 0.0296875 0.0395833
0 0.348437 0.846875 0.025 0.0354167
0 0.826563 0.75625 0.025 0.0333333
0 0.103906 0.634375 0.0328125 0.04375
0 0.229687 0.727083 0.03125 0.0416667
0 0.730469 0.547917 0.0265625 0.0375
0 0.416406 0.582292 0.0328125 0.04375
0 0.0460938 0.05625 0.0328125 0.0416667
0 0.560156 0.704167 0.0328125 0.0458333
0 0.877344 0.763542 0.0265625 0.0354167
0 0.127344 0.186458 0.0265625 0.0354167
0 0.603906 0.252083 0.0296875 0.0416667
0 0.542969 0.542708 0.0296875 0.0395833
0 0.279687 0.327083 0.034375 0.0458333
0 0.263281 0.890625 0.0328125 0.04375
0 0.782812 0.071875 0.028125 0.0395833
0 0.964063 0.960417 0.034375 0.0458333
0 0.765625 0.64375 0.028125 0.0333333
0 0.85625 0.519792 0.034375 0.0395833
0 0.240625 0.89375 0.028125 0.0416667
0 0.217187 0.408333 0.03125 0.0416667
0 0.0757812 0.886458 0.0328125 0.0479167
0 0.109375 0.930208 0.034375 0.0479167
0 0.313281 0.90625 0.0296875 0.0375
0 0.432813 0.435417 0.0375 0.05
0 0.923437 0.234375 0.034375 0.0479167
0 0.803906 0.667708 0.0390625 0.0520833
0 0.729688 0.0770833 0.034375 0.05
0 0.682813 0.104167 0.03125 0.0416667
