0 0.0109375 0.3875 0.01875 0.0416667
0 0.903125 0.00833333 0.025 0.0166667
0 0.271094 0.821875 0.0390625 0.0479167
0 0.213281 0.488542 0.0234375 0.0395833
0 0.634375 0.040625 0.028125 0.0354167
0 0.988281 0.569792 0.0171875 0.03125
0 0.975781 0.0135417 0.0328125 0.0229167
0 0.954687 0.0104167 0.03125 0.0208333
0 0.632031 0.025 0.0265625 0.0291667
0 0.967969 0.544792 0.0296875 0.0395833
0 0.316406 0.788542 0.0359375 0.0479167
0 0.86875 0.726042 0.021875 0.03125
0 0.48125 0.0125 0.03125 0.025
0 0.0976562 0.978125 0.0390625 0.0395833
0 0.121875 0.44375 0.0375 0.05
0 0.160156 0.0145833 0.0328125 0.0291667
0 0.890625 0.598958 0.028125 0.0395833
0 0.873438 0.767708 0.021875 0.03125
0 0.960156 0.972917 0.0296875 0.0416667
0 0.603125 0.50625 0.03125 0.0375
0 0.239063 0.6625 0.028125 0.0375
0 0.560156 0.704167 0.0296875 0.0416667
0 0.18125 0.145833 0.028125 0.0375
0 0.988281 0.428125 0.0234375 0.0395833
0 0.317187 0.526042 0.025 0.0354167
0 0.879687 0.830208 0.025 0.0395833
0 0.597656 0.05625 0.0296875 0.0375
0 0.98125 0.071875 0.028125 0.0395833
0 0.201562 0.355208 0.025 0.03125
0 0.983594 0.926042 0.0265625 0.0395833
0 0.221875 0.339583 0.025 0.0333333
0 0.153906 0.639583 0.0265625 0.0333333
0 0.439844 0.94375 0.0265625 0.0375
0 0.560938 0.0541667 0.028125 0.0333333
0 0.153906 0.602083 0.0265625 0.0375
0 0.805469 0.2375 0.0296875 0.0375
0 0.157813 0.808333 0.046875 0.0583333
0 0.523438 0.720833 0.03125 0.0333333
0 0.414062 0.208333 0.025 0.0333333
0 0.0882813 0.41875 0.0265625 0.0333333
0 0.269531 0.557292 0.0296875 0.0354167
0 0.665625 0.491667 0.03125 0.0333333
0 0.785937 0.19375 0.034375 0.0458333
0 0.45 0.703125 0.03125 0.04375
0 0.657812 0.0479167 0.025 0.0333333
0 0.604688 0.255208 0.028125 0.04375
0 0.453125 0.622917 0.03125 0.0375
0 0.760156 0.591667 0.0265625 0.0375
0 0.472656 0.040625 0.0296875 0.0354167
0 0.430469 0.598958 0.0296875 0.0395833
0 0.735156 0.120833 0.0265625 0.0375
0 0.13125 0.335417 0.028125 0.0375
0 0.769531 0.641667 0.0265625 0.0291667
0 0.80625 0.677083 0.0375 0.05
0 0.126563 0.198958 0.03125 0.0395833
0 0.0929687 0.661458 0.0296875 0.0395833
0 0.150781 0.375 0.0328125 0.0458333
0 0.235938 0.771875 0.025 0.0354167
0 0.314844 0.910417 0.0296875 0.0416667
0 0.0609375 0.615625 0.03125 0.04375
0 0.0742188 0.8875 0.0296875 0.0416667
0 0.782031 0.0739583 0.0296875 0.0395833
0 0.575 0.372917 0.0375 0.05
0 0.18125 0.853125 0.028125 0.0395833
0 0.739844 0.0864583 0.0328125 0.0479167
0 0.0617188 0.445833 0.0265625 0.0333333
0 0.245312 0.39375 0.03125 0.0375
0 0.282031 0.326042 0.0359375 0.0479167
0 0.228125 0.488542 0.03125 0.0395833
0 0.432031 0.446875 0.0390625 0.0520833
0 0.264062 0.891667 0.03125 0.0458333
0 0.109375 0.93125 0.03125 0.0416667
0 0.857031 0.519792 0.0359375 0.04375
0 0.923437 0.238542 0.034375 0.0479167
