0 0.63125 0.527083 0.034375 0.0458333
0 0.903125 0.00833333 0.028125 0.0166667
1 0.973437 0.552083 0.053125 0.0833333
0 0.315625 0.788542 0.0375 0.0479167
0 0.9875 0.569792 0.01875 0.0354167
0 0.560938 0.0416667 0.028125 0.025
0 0.157031 0.808333 0.0390625 0.0541667
0 0.954687 0.0104167 0.03125 0.0208333
0 0.485156 0.0135417 0.0296875 0.0229167
0 0.160938 0.0166667 0.03125 0.0291667
0 0.496094 0.015625 0.0296875 0.0270833
0 0.976562 0.0125 0.03125 0.0208333
0 0.795313 0.719792 0.025 0.0354167
0 0.840625 0.8625 0.034375 0.0416667
0 0.26875 0.817708 0.0375 0.0479167
0 0.864062 0.763542 0.025 0.0395833
0 0.298438 0.651042 0.0375 0.0479167
0 0.122656 0.44375 0.0359375 0.0458333
0 0.326562 0.578125 0.025 0.03125
0 0.561719 0.703125 0.0328125 0.0479167
0 0.889063 0.598958 0.03125 0.04375
0 0.875781 0.76875 0.0234375 0.0333333
0 0.967969 0.542708 0.0296875 0.0395833
0 0.175781 0.133333 0.0265625 0.0333333
0 0.117969 0.646875 0.0265625 0.0354167
0 0.601562 0.053125 0.028125 0.0354167
0 0.153906 0.601042 0.0265625 0.0395833
0 0.382031 0.228125 0.0265625 0.0354167
0 0.475 0.680208 0.028125 0.0395833
0 0.15 0.375 0.034375 0.05
0 0.201562 0.355208 0.025 0.03125
0 0.865625 0.798958 0.028125 0.0354167
0 0.213281 0.860417 0.0265625 0.0333333
0 0.153125 0.638542 0.028125 0.03125
0 0.564062 0.053125 0.025 0.03125
0 0.785156 0.191667 0.0328125 0.0416667
0 0.467187 0.0166667 0.025 0.0291667
0 0.221875 0.3375 0.025 0.0333333
0 0.980469 0.0729167 0.0265625 0.0375
0 0.603906 0.253125 0.0296875 0.04375
0 0.678125 0.510417 0.028125 0.0375
0 0.0617188 0.453125 0.0265625 0.0354167
0 0.9875 0.95625 0.025 0.0375
0 0.235938 0.373958 0.028125 0.03125
0 0.333594 0.557292 0.0265625 0.0354167
0 0.885156 0.848958 0.0265625 0.0354167
0 0.960156 0.969792 0.0296875 0.0395833
0 0.428906 0.946875 0.0296875 0.0354167
0 0.0742188 0.613542 0.0296875 0.0395833
0 0.416406 0.73125 0.0296875 0.0375
0 0.804688 0.235417 0.03125 0.0375
0 0.0882813 0.41875 0.0265625 0.0333333
0 0.279687 0.630208 0.028125 0.0395833
0 0.146875 0.117708 0.028125 0.0395833
0 0.770312 0.651042 0.025 0.03125
0 0.238281 0.803125 0.0265625 0.0395833
0 0.226562 0.486458 0.03125 0.0395833
0 0.475 0.622917 0.03125 0.0375
0 0.632812 0.03125 0.028125 0.0375
0 0.663281 0.0614583 0.0296875 0.04375
0 0.603125 0.504167 0.03125 0.0416667
0 0.314844 0.910417 0.0296875 0.0416667
0 0.576563 0.371875 0.034375 0.04375
0 0.735156 0.0822917 0.0328125 0.0479167
0 0.778125 0.628125 0.028125 0.0354167
0 0.282031 0.327083 0.0359375 0.0458333
0 0.7625 0.127083 0.03125 0.0416667
0 0.783594 0.0739583 0.0265625 0.0354167
0 0.43125 0.595833 0.034375 0.0458333
0 0.0765625 0.886458 0.03125 0.04375
0 0.127344 0.19375 0.0296875 0.0375
0 0.108594 0.93125 0.0328125 0.0458333
0 0.264062 0.891667 0.034375 0.05
0 0.924219 0.2375 0.0328125 0.0458333
0 0.857031 0.521875 0.0359375 0.04375
0 0.432031 0.445833 0.0359375 0.05
0 0.807031 0.675 0.0390625 0.05
