0 0.317187 0.789583 0.034375 0.0416667
0 0.235938 0.8375 0.028125 0.0375
0 0.9875 0.569792 0.01875 0.03125
0 0.174219 0.13125 0.0265625 0.0375
0 0.955469 0.009375 0.0328125 0.01875
0 0.992969 0.988542 0.0140625 0.0229167
0 0.15625 0.596875 0.03125 0.04375
0 0.975781 0.0114583 0.0296875 0.01875
0 0.158594 0.0166667 0.0296875 0.0291667
0 0.410156 0.294792 0.0296875 0.04375
0 0.301562 0.648958 0.0375 0.0479167
0 0.158594 0.808333 0.0453125 0.0583333
0 0.628906 0.0208333 0.0296875 0.0333333
0 0.574219 0.366667 0.0359375 0.0458333
0 0.122656 0.44375 0.0359375 0.0458333
0 0.0875 0.41875 0.025 0.0333333
0 0.961719 0.9625 0.0296875 0.0375
0 0.903125 0.938542 0.028125 0.0354167
0 0.00625 0.923958 0.0125 0.0395833
0 0.889063 0.684375 0.025 0.0354167
0 0.4875 0.0104167 0.028125 0.0208333
0 0.178125 0.385417 0.028125 0.0291667
0 0.263281 0.807292 0.0359375 0.0479167
0 0.379687 0.573958 0.025 0.0354167
0 0.967969 0.542708 0.0296875 0.0395833
0 0.782812 0.9875 0.034375 0.025
0 0.226562 0.484375 0.03125 0.04375
0 0.980469 0.071875 0.0265625 0.0354167
0 0.400781 0.945833 0.0296875 0.0333333
0 0.370313 0.80625 0.025 0.0333333
0 0.642187 0.644792 0.025 0.0354167
0 0.602344 0.50625 0.0296875 0.0375
0 0.336719 0.273958 0.0265625 0.0354167
0 0.152344 0.6375 0.0296875 0.0333333
0 0.699219 0.532292 0.0265625 0.0354167
0 0.2625 0.689583 0.028125 0.0333333
0 0.2 0.35625 0.025 0.0333333
0 0.889063 0.59375 0.028125 0.0416667
0 0.811719 0.695833 0.0265625 0.0333333
0 0.360938 0.575 0.028125 0.0333333
0 0.557813 0.704167 0.03125 0.0416667
0 0.802344 0.23125 0.0296875 0.0375
0 0.514844 0.585417 0.0265625 0.0375
0 0.630469 0.520833 0.0359375 0.0458333
0 0.508594 0.605208 0.0265625 0.0354167
0 0.603906 0.251042 0.0296875 0.04375
0 0.878125 0.7625 0.025 0.0333333
0 0.832031 0.147917 0.0265625 0.0333333
0 0.059375 0.455208 0.028125 0.0354167
0 0.0835937 0.08125 0.0296875 0.0375
0 0.239063 0.858333 0.028125 0.0375
0 0.677344 0.084375 0.0296875 0.0395833
0 0.222656 0.339583 0.0328125 0.0416667
0 0.766406 0.65 0.0265625 0.0333333
0 0.075 0.885417 0.03125 0.0458333
0 0.785156 0.188542 0.0328125 0.0395833
0 0.157813 0.39375 0.028125 0.0333333
0 0.804688 0.672917 0.03125 0.0416667
0 0.570312 0.05 0.028125 0.0333333
0 0.419531 0.582292 0.0328125 0.04375
0 0.127344 0.1875 0.0265625 0.0375
0 0.596094 0.0625 0.0296875 0.0458333
0 0.090625 0.642708 0.03125 0.04375
0 0.846094 0.813542 0.0296875 0.0354167
0 0.85625 0.741667 0.025 0.0333333
0 0.280469 0.327083 0.0359375 0.05
0 0.109375 0.929167 0.034375 0.0458333
0 0.782031 0.0708333 0.0328125 0.0458333
0 0.432813 0.434375 0.040625 0.0520833
0 0.85625 0.51875 0.034375 0.0416667
0 0.730469 0.0802083 0.0359375 0.0520833
0 0.263281 0.891667 0.0328125 0.05
0 0.314063 0.908333 0.03125 0.0416667
0 0.923437 0.234375 0.034375 0.0479167
