0 0.482812 0.0885417 0.028125 0.04375
0 0.120312 0.446875 0.0375 0.04375
2 0.0914062 0.740625 0.0234375 0.0270833
0 0.990625 0.0208333 0.01875 0.0375
0 0.453125 0.510417 0.03125 0.0458333
0 0.4125 0.317708 0.028125 0.0354167
0 0.2 0.352083 0.03125 0.0375
0 0.317969 0.811458 0.0328125 0.0395833
0 0.653125 0.111458 0.028125 0.03125
0 0.291406 0.347917 0.0265625 0.0375
0 0.900781 0.285417 0.0265625 0.0333333
1 0.9625 0.0291667 0.05625 0.0583333
0 0.958594 0.0104167 0.0296875 0.0208333
0 0.564062 0.726042 0.028125 0.0395833
0 0.211719 0.513542 0.0265625 0.0354167
0 0.953906 0.0302083 0.0296875 0.0354167
0 0.227344 0.336458 0.0328125 0.04375
0 0.0851562 0.420833 0.0265625 0.0333333
0 0.8375 0.0697917 0.028125 0.0354167
0 0.976562 0.370833 0.025 0.0291667
0 0.904688 0.0104167 0.03125 0.0208333
0 0.228125 0.184375 0.025 0.0354167
0 0.790625 0.009375 0.028125 0.01875
0 0.0078125 0.760417 0.015625 0.0375
0 0.771875 0.910417 0.028125 0.0375
0 0.159375 0.620833 0.028125 0.0375
0 0.986719 0.497917 0.0265625 0.0416667
0 0.128125 0.648958 0.028125 0.0354167
0 0.902344 0.744792 0.0265625 0.0354167
0 0.153125 0.655208 0.025 0.03125
0 0.333594 0.209375 0.0265625 0.03125
0 0.0664062 0.896875 0.0328125 0.0395833
0 0.009375 0.521875 0.01875 0.0354167
0 0.009375 0.0364583 0.01875 0.0395833
0 0.15 0.383333 0.034375 0.0458333
0 0.790625 0.401042 0.025 0.0354167
0 0.246875 0.476042 0.028125 0.0354167
0 0.814844 0.741667 0.0328125 0.0458333
0 0.639844 0.716667 0.0234375 0.0291667
0 0.163281 0.0135417 0.0328125 0.0270833
0 0.403906 0.713542 0.0265625 0.0354167
0 0.447656 0.878125 0.0296875 0.04375
0 0.669531 0.490625 0.0296875 0.0354167
0 0.33125 0.945833 0.028125 0.0375
0 0.735156 0.725 0.0234375 0.0375
0 0.759375 0.240625 0.025 0.03125
0 0.78125 0.119792 0.028125 0.04375
0 0.490625 0.078125 0.025 0.0354167
0 0.0476562 0.225 0.0328125 0.0416667
0 0.767187 0.258333 0.028125 0.0333333
0 0.536719 0.01875 0.0390625 0.0375
0 0.873438 0.764583 0.028125 0.0416667
0 0.0695312 0.260417 0.0265625 0.0333333
0 0.78125 0.282292 0.03125 0.0395833
0 0.963281 0.0875 0.0265625 0.0375
0 0.657031 0.122917 0.0296875 0.0333333
0 0.130469 0.239583 0.0296875 0.0375
0 0.124219 0.275 0.0265625 0.0333333
0 0.913281 0.271875 0.0359375 0.0479167
0 0.939062 0.239583 0.028125 0.0375
0 0.266406 0.898958 0.0359375 0.0520833
0 0.627344 0.304167 0.0296875 0.0458333
0 0.1125 0.104167 0.03125 0.0416667
0 0.774219 0.671875 0.0328125 0.0395833
0 0.695312 0.0291667 0.03125 0.0375
0 0.432813 0.639583 0.03125 0.0416667
0 0.738281 0.129167 0.0390625 0.0583333
0 0.583594 0.104167 0.0296875 0.0375
0 0.642969 0.575 0.0390625 0.05
