0 0.976562 0.0260417 0.028125 0.0354167
0 0.210938 0.5125 0.025 0.0333333
0 0.990625 0.0208333 0.01875 0.0375
0 0.317969 0.8125 0.0328125 0.0416667
0 0.723437 0.236458 0.021875 0.0270833
0 0.25625 0.845833 0.0375 0.0458333
2 0.0921875 0.739583 0.025 0.0291667
1 0.964063 0.0270833 0.0625 0.0541667
0 0.290625 0.346875 0.025 0.0354167
0 0.957031 0.0104167 0.0296875 0.0208333
0 0.452344 0.511458 0.0328125 0.04375
0 0.229687 0.185417 0.021875 0.0333333
0 0.563281 0.727083 0.0296875 0.0375
0 0.953906 0.0302083 0.0296875 0.0354167
0 0.2 0.351042 0.028125 0.0354167
0 0.814844 0.741667 0.0328125 0.0458333
0 0.988281 0.503125 0.0234375 0.0395833
0 0.790625 0.00729167 0.028125 0.0145833
0 0.226562 0.3375 0.03125 0.0458333
0 0.126563 0.645833 0.025 0.0333333
0 0.905469 0.009375 0.0296875 0.01875
0 0.976562 0.370833 0.025 0.0333333
0 0.0078125 0.7625 0.015625 0.0333333
0 0.0851562 0.421875 0.0265625 0.0354167
0 0.901563 0.745833 0.025 0.0333333
0 0.153125 0.653125 0.025 0.03125
0 0.0664062 0.897917 0.0328125 0.0375
0 0.772656 0.910417 0.0296875 0.0375
0 0.163281 0.0125 0.0328125 0.025
0 0.009375 0.0375 0.01875 0.0416667
0 0.0117188 0.523958 0.0234375 0.0354167
0 0.159375 0.619792 0.028125 0.0354167
0 0.447656 0.882292 0.0296875 0.04375
0 0.73125 0.722917 0.025 0.0333333
0 0.332031 0.204167 0.0296875 0.0333333
0 0.150781 0.384375 0.0328125 0.04375
0 0.896875 0.28125 0.03125 0.0375
0 0.0695312 0.259375 0.0265625 0.0354167
0 0.053125 0.223958 0.03125 0.04375
0 0.246094 0.483333 0.0265625 0.0333333
0 0.674219 0.489583 0.0265625 0.0333333
0 0.789844 0.401042 0.0296875 0.0395833
0 0.403906 0.723958 0.0265625 0.0395833
0 0.491406 0.0791667 0.0265625 0.0375
0 0.767969 0.257292 0.0296875 0.0354167
0 0.935156 0.244792 0.0265625 0.0395833
0 0.873438 0.764583 0.028125 0.0416667
0 0.536719 0.01875 0.0390625 0.0375
0 0.114844 0.101042 0.0265625 0.0354167
0 0.33125 0.945833 0.028125 0.0375
0 0.915625 0.273958 0.034375 0.0479167
0 0.758594 0.240625 0.0296875 0.0354167
0 0.773438 0.672917 0.03125 0.0416667
0 0.130469 0.239583 0.0296875 0.0375
0 0.780469 0.282292 0.0328125 0.0395833
0 0.121875 0.273958 0.028125 0.0354167
0 0.699219 0.028125 0.0328125 0.04375
0 0.639844 0.70625 0.0296875 0.0416667
0 0.963281 0.0885417 0.0265625 0.0354167
0 0.627344 0.304167 0.0296875 0.0458333
0 0.657031 0.123958 0.0296875 0.0354167
0 0.266406 0.898958 0.0359375 0.0520833
0 0.432813 0.639583 0.03125 0.0416667
0 0.783594 0.123958 0.0296875 0.04375
0 0.823438 0.0583333 0.028125 0.0375
0 0.583594 0.103125 0.0296875 0.0395833
0 0.64375 0.573958 0.040625 0.0520833
0 0.739062 0.127083 0.040625 0.0583333
