0 0.988281 0.570833 0.0203125 0.0333333
0 0.584375 0.00729167 0.021875 0.0145833
0 0.439844 0.227083 0.0234375 0.0291667
0 0.174219 0.133333 0.0234375 0.0291667
0 0.211719 0.490625 0.0234375 0.0354167
0 0.903906 0.00833333 0.0265625 0.0166667
0 0.975781 0.0135417 0.0328125 0.0229167
0 0.316406 0.788542 0.0359375 0.0479167
0 0.122656 0.44375 0.0359375 0.0458333
0 0.955469 0.0104167 0.0328125 0.0208333
0 0.482031 0.01875 0.0328125 0.0333333
0 0.160156 0.0145833 0.0328125 0.0291667
0 0.889844 0.598958 0.0296875 0.04375
0 0.635156 0.040625 0.0265625 0.0354167
0 0.559375 0.707292 0.03125 0.0395833
0 0.454688 0.620833 0.025 0.0291667
0 0.308594 0.521875 0.0234375 0.03125
0 0.238281 0.767708 0.0265625 0.0395833
0 0.0875 0.419792 0.025 0.03125
0 0.873438 0.766667 0.025 0.0375
0 0.992188 0.429167 0.015625 0.0458333
0 0.960156 0.973958 0.0296875 0.0354167
0 0.603125 0.505208 0.03125 0.0395833
0 0.239063 0.664583 0.028125 0.0375
0 0.178906 0.165625 0.0265625 0.0395833
0 0.805469 0.2375 0.0328125 0.0375
0 0.860156 0.708333 0.0265625 0.0333333
0 0.465625 0.720833 0.028125 0.0333333
0 0.154687 0.601042 0.025 0.0354167
0 0.785937 0.194792 0.034375 0.04375
0 0.153906 0.640625 0.0265625 0.03125
0 0.44375 0.722917 0.028125 0.0375
0 0.480469 0.040625 0.0265625 0.03125
0 0.882812 0.841667 0.028125 0.0416667
0 0.664844 0.498958 0.0265625 0.03125
0 0.655469 0.046875 0.0234375 0.03125
0 0.421094 0.20625 0.0265625 0.0333333
0 0.980469 0.0729167 0.0296875 0.0416667
0 0.200781 0.355208 0.0234375 0.03125
0 0.599219 0.05625 0.0265625 0.0333333
0 0.576563 0.372917 0.034375 0.0458333
0 0.0875 0.675 0.028125 0.0375
0 0.221875 0.338542 0.025 0.03125
0 0.982813 0.919792 0.03125 0.04375
0 0.442187 0.945833 0.025 0.0375
0 0.752344 0.583333 0.0265625 0.0375
0 0.43125 0.6 0.028125 0.0416667
0 0.224219 0.4875 0.0296875 0.0375
0 0.125781 0.198958 0.0296875 0.0395833
0 0.869531 0.823958 0.0359375 0.04375
0 0.603906 0.254167 0.0296875 0.0458333
0 0.0640625 0.444792 0.028125 0.0354167
0 0.503906 0.683333 0.0265625 0.0375
0 0.277344 0.571875 0.0296875 0.0354167
0 0.560938 0.053125 0.028125 0.0354167
0 0.177344 0.859375 0.0296875 0.0395833
0 0.158594 0.809375 0.0484375 0.0604167
0 0.770312 0.642708 0.028125 0.03125
0 0.314844 0.910417 0.0296875 0.0416667
0 0.720312 0.11875 0.03125 0.0416667
0 0.15 0.376042 0.034375 0.04375
0 0.0765625 0.885417 0.028125 0.0375
0 0.782812 0.0739583 0.028125 0.0395833
0 0.432813 0.446875 0.0375 0.0520833
0 0.0648438 0.605208 0.0296875 0.0354167
0 0.282031 0.326042 0.0359375 0.0479167
0 0.250781 0.390625 0.0328125 0.0479167
0 0.740625 0.0885417 0.034375 0.0479167
0 0.264062 0.891667 0.03125 0.0458333
0 0.132031 0.325 0.0328125 0.0416667
0 0.805469 0.677083 0.0390625 0.0541667
0 0.85625 0.519792 0.0375 0.04375
0 0.108594 0.932292 0.0328125 0.04375
0 0.924219 0.239583 0.0359375 0.05
