0 0.2625 0.807292 0.0375 0.0520833
0 0.985156 0.569792 0.0234375 0.03125
0 0.0257812 0.211458 0.0265625 0.0395833
2 0.0835937 0.717708 0.0296875 0.0354167
0 0.978125 0.947917 0.03125 0.0375
0 0.30625 0.655208 0.0375 0.0479167
1 0.975 0.546875 0.05 0.0854167
0 0.95625 0.009375 0.034375 0.01875
0 0.634375 0.517708 0.03125 0.04375
0 0.975781 0.0114583 0.0296875 0.01875
0 0.311719 0.297917 0.0265625 0.0375
0 0.122656 0.44375 0.0359375 0.05
0 0.692187 0.610417 0.021875 0.0291667
0 0.158594 0.0166667 0.0296875 0.0291667
0 0.0882813 0.41875 0.0265625 0.0375
0 0.830469 0.863542 0.0234375 0.03125
0 0.969531 0.540625 0.0296875 0.0395833
0 0.175781 0.134375 0.0265625 0.0354167
0 0.317969 0.788542 0.0390625 0.0479167
0 0.629687 0.01875 0.03125 0.0333333
0 0.573438 0.364583 0.028125 0.0416667
0 0.857813 0.863542 0.025 0.0354167
0 0.4875 0.009375 0.028125 0.01875
0 0.979688 0.0708333 0.028125 0.0375
0 0.889063 0.59375 0.028125 0.0375
0 0.852344 0.183333 0.0265625 0.0333333
0 0.217187 0.338542 0.025 0.03125
0 0.560156 0.705208 0.0328125 0.04375
0 0.0609375 0.465625 0.03125 0.0395833
0 0.382031 0.946875 0.0265625 0.0354167
0 0.224219 0.482292 0.0328125 0.0395833
0 0.964844 0.9625 0.0296875 0.0416667
0 0.546875 0.553125 0.028125 0.0354167
0 0.24375 0.814583 0.028125 0.0375
0 0.413281 0.584375 0.0328125 0.0395833
0 0.876562 0.764583 0.028125 0.0375
0 0.378125 0.580208 0.025 0.0354167
0 0.803125 0.228125 0.03125 0.0395833
0 0.200781 0.35625 0.0265625 0.0333333
0 0.603125 0.507292 0.028125 0.0354167
0 0.210938 0.311458 0.028125 0.0354167
0 0.171094 0.55 0.0265625 0.0333333
0 0.209375 0.402083 0.025 0.0291667
0 0.357812 0.848958 0.025 0.0354167
0 0.279687 0.328125 0.034375 0.0479167
0 0.239844 0.8875 0.0265625 0.0416667
0 0.152344 0.636458 0.0296875 0.0354167
0 0.594531 0.0739583 0.0265625 0.0354167
0 0.149219 0.385417 0.0296875 0.0375
0 0.603125 0.252083 0.03125 0.0416667
0 0.157031 0.591667 0.0296875 0.0416667
0 0.826563 0.744792 0.025 0.0354167
0 0.784375 0.186458 0.03125 0.0395833
0 0.852344 0.707292 0.0265625 0.0354167
0 0.727344 0.54375 0.0296875 0.0375
0 0.573438 0.046875 0.028125 0.0395833
0 0.782812 0.071875 0.03125 0.0395833
0 0.101562 0.642708 0.034375 0.04375
0 0.0585938 0.0427083 0.0296875 0.0395833
0 0.746875 0.969792 0.034375 0.0395833
0 0.765625 0.642708 0.028125 0.0354167
0 0.432031 0.4375 0.0390625 0.05
0 0.263281 0.890625 0.0328125 0.04375
0 0.109375 0.930208 0.034375 0.0479167
0 0.0757812 0.884375 0.0328125 0.0479167
0 0.85625 0.519792 0.034375 0.0395833
0 0.523438 0.629167 0.028125 0.0375
0 0.917188 0.95 0.03125 0.0416667
0 0.242188 0.741667 0.03125 0.0416667
0 0.678125 0.102083 0.034375 0.0458333
0 0.128906 0.1875 0.0296875 0.0375
0 0.729688 0.078125 0.034375 0.0520833
0 0.3125 0.908333 0.028125 0.0375
0 0.803906 0.66875 0.0359375 0.05
0 0.922656 0.235417 0.0359375 0.05
