0 0.0109375 0.38125 0.021875 0.0375
0 0.263281 0.80625 0.0390625 0.05
0 0.9875 0.56875 0.01875 0.0291667
0 0.955469 0.009375 0.0328125 0.01875
0 0.832031 0.860417 0.0265625 0.0375
0 0.157813 0.58125 0.03125 0.0416667
0 0.574219 0.364583 0.0296875 0.0416667
0 0.975781 0.0114583 0.0296875 0.01875
0 0.158594 0.807292 0.0484375 0.0645833
0 0.123438 0.44375 0.0375 0.05
0 0.159375 0.0166667 0.03125 0.0291667
0 0.888281 0.684375 0.0265625 0.0354167
0 0.316406 0.786458 0.0328125 0.0479167
0 0.0882813 0.41875 0.0265625 0.0333333
0 0.00625 0.925 0.0125 0.0416667
0 0.574219 0.0166667 0.0265625 0.0291667
0 0.802344 0.23125 0.0296875 0.0375
0 0.96875 0.542708 0.028125 0.0395833
0 0.630469 0.521875 0.0359375 0.0479167
0 0.980469 0.0708333 0.0265625 0.0375
0 0.628906 0.0208333 0.0296875 0.0333333
0 0.486719 0.0125 0.0328125 0.0208333
0 0.299219 0.65 0.0421875 0.05
0 0.383594 0.554167 0.0234375 0.0333333
0 0.225 0.484375 0.034375 0.04375
0 0.394531 0.946875 0.0265625 0.0354167
0 0.710156 0.532292 0.0265625 0.0395833
0 0.919531 0.9125 0.0328125 0.0375
0 0.961719 0.963542 0.0296875 0.0395833
0 0.152344 0.636458 0.0296875 0.0354167
0 0.161719 0.391667 0.0265625 0.0291667
0 0.190625 0.397917 0.025 0.0291667
0 0.225781 0.330208 0.0296875 0.04375
0 0.521094 0.573958 0.0265625 0.0354167
0 0.664844 0.652083 0.0265625 0.0333333
0 0.332812 0.283333 0.028125 0.0375
0 0.560938 0.70625 0.03125 0.0416667
0 0.199219 0.35625 0.0265625 0.0333333
0 0.354688 0.80625 0.03125 0.0416667
0 0.570312 0.0510417 0.025 0.03125
0 0.0859375 0.0697917 0.0375 0.0479167
0 0.785156 0.1875 0.0328125 0.0416667
0 0.0546875 0.455208 0.028125 0.0354167
0 0.846875 0.833333 0.025 0.0333333
0 0.603906 0.251042 0.0296875 0.04375
0 0.236719 0.829167 0.0296875 0.0375
0 0.371875 0.567708 0.025 0.03125
0 0.603125 0.507292 0.03125 0.0395833
0 0.596875 0.0614583 0.028125 0.04375
0 0.842188 0.164583 0.028125 0.0375
0 0.874219 0.7625 0.0265625 0.0375
0 0.075 0.885417 0.03125 0.0458333
0 0.266406 0.698958 0.0296875 0.0395833
0 0.775781 0.972917 0.0328125 0.0416667
0 0.2375 0.8625 0.025 0.0375
0 0.889063 0.59375 0.028125 0.0416667
0 0.280469 0.327083 0.0359375 0.0458333
0 0.853125 0.728125 0.025 0.0354167
0 0.420312 0.582292 0.03125 0.0395833
0 0.784375 0.0708333 0.034375 0.0458333
0 0.767187 0.647917 0.025 0.0333333
0 0.109375 0.929167 0.034375 0.0458333
0 0.813281 0.710417 0.0265625 0.0333333
0 0.263281 0.891667 0.0328125 0.0458333
0 0.126563 0.188542 0.03125 0.0395833
0 0.671094 0.0822917 0.0296875 0.04375
0 0.85625 0.519792 0.034375 0.04375
0 0.314063 0.907292 0.03125 0.0395833
0 0.43125 0.4375 0.040625 0.0541667
0 0.519531 0.602083 0.0265625 0.0333333
0 0.0960938 0.642708 0.0328125 0.04375
0 0.73125 0.08125 0.0375 0.0541667
0 0.922656 0.235417 0.0359375 0.05
0 0.803125 0.670833 0.034375 0.0458333
