0 0.630469 0.525 0.0328125 0.0458333
0 0.153125 0.598958 0.021875 0.03125
0 0.789062 0.653125 0.021875 0.03125
0 0.410156 0.295833 0.0296875 0.0416667
0 0.314844 0.788542 0.0359375 0.0479167
0 0.839063 0.857292 0.03125 0.0354167
0 0.975781 0.0125 0.0328125 0.0208333
0 0.888281 0.685417 0.0265625 0.0333333
0 0.955469 0.0104167 0.0328125 0.0208333
0 0.815625 0.9875 0.034375 0.025
0 0.601562 0.0510417 0.028125 0.0354167
0 0.632812 0.0260417 0.028125 0.0395833
0 0.871094 0.882292 0.0296875 0.03125
0 0.299219 0.647917 0.0328125 0.0416667
0 0.0882813 0.41875 0.0265625 0.0333333
0 0.159375 0.015625 0.03125 0.0270833
0 0.266406 0.816667 0.0359375 0.0458333
0 0.589063 0.684375 0.021875 0.0270833
0 0.153125 0.640625 0.025 0.0270833
0 0.485156 0.0135417 0.0265625 0.0229167
0 0.396094 0.745833 0.0234375 0.0333333
0 0.336719 0.578125 0.0234375 0.0270833
0 0.76875 0.655208 0.025 0.03125
0 0.174219 0.132292 0.0265625 0.0354167
0 0.121875 0.44375 0.0375 0.05
0 0.461719 0.0114583 0.0265625 0.0229167
0 0.565625 0.0510417 0.028125 0.0354167
0 0.135156 0.622917 0.0265625 0.0333333
0 0.967969 0.54375 0.0328125 0.0416667
0 0.574219 0.36875 0.0328125 0.0458333
0 0.6875 0.515625 0.028125 0.03125
0 0.155469 0.380208 0.0296875 0.04375
0 0.234375 0.357292 0.025 0.0354167
0 0.873438 0.764583 0.025 0.0375
0 0.114063 0.123958 0.028125 0.03125
0 0.280469 0.61875 0.0265625 0.0375
0 0.979688 0.0729167 0.028125 0.0375
0 0.369531 0.252083 0.0265625 0.0375
0 0.41875 0.945833 0.025 0.0333333
0 0.560156 0.701042 0.0296875 0.0395833
0 0.199219 0.35625 0.0234375 0.0291667
0 0.225781 0.486458 0.0296875 0.0395833
0 0.348437 0.559375 0.025 0.0354167
0 0.489062 0.655208 0.028125 0.0354167
0 0.21875 0.3375 0.025 0.0333333
0 0.7375 0.0802083 0.034375 0.0520833
0 0.08125 0.622917 0.03125 0.0375
0 0.792188 0.109375 0.025 0.0354167
0 0.988281 0.973958 0.0234375 0.0479167
0 0.603906 0.252083 0.0296875 0.0458333
0 0.805469 0.234375 0.0328125 0.0395833
0 0.889844 0.594792 0.0296875 0.04375
0 0.205469 0.835417 0.0296875 0.0375
0 0.490625 0.602083 0.028125 0.0333333
0 0.960156 0.96875 0.0296875 0.0375
0 0.075 0.885417 0.03125 0.0458333
0 0.603906 0.505208 0.0328125 0.04375
0 0.315625 0.909375 0.028125 0.0395833
0 0.233594 0.822917 0.0234375 0.0333333
0 0.785937 0.192708 0.034375 0.04375
0 0.6625 0.0708333 0.03125 0.0458333
0 0.06875 0.451042 0.028125 0.0354167
0 0.807813 0.676042 0.03125 0.04375
0 0.128906 0.191667 0.0296875 0.0375
0 0.428125 0.595833 0.034375 0.0458333
0 0.859375 0.775 0.028125 0.0333333
0 0.282031 0.326042 0.0359375 0.0479167
0 0.108594 0.93125 0.0328125 0.0458333
0 0.784375 0.0729167 0.028125 0.0375
0 0.263281 0.891667 0.0328125 0.0458333
0 0.924219 0.238542 0.0390625 0.0520833
0 0.432813 0.444792 0.0375 0.0520833
0 0.85625 0.519792 0.0375 0.04375
