0 0.863281 0.773958 0.0234375 0.03125
0 0.917188 0.338542 0.01875 0.0270833
0 0.902344 0.00729167 0.0265625 0.0145833
0 0.317187 0.790625 0.034375 0.04375
0 0.79375 0.719792 0.021875 0.03125
0 0.838281 0.857292 0.0359375 0.0395833
0 0.629687 0.523958 0.03125 0.04375
0 0.210938 0.480208 0.021875 0.0395833
0 0.954687 0.0104167 0.03125 0.0208333
0 0.154687 0.6 0.025 0.0333333
0 0.472656 0.00833333 0.0265625 0.0166667
0 0.875 0.764583 0.021875 0.0333333
0 0.967969 0.54375 0.0296875 0.0416667
0 0.122656 0.44375 0.0359375 0.05
0 0.0882813 0.41875 0.0265625 0.0333333
0 0.888281 0.685417 0.0265625 0.0333333
0 0.797656 0.661458 0.0265625 0.0354167
0 0.220313 0.338542 0.021875 0.0354167
0 0.632812 0.0260417 0.03125 0.0395833
0 0.485156 0.0114583 0.0265625 0.01875
0 0.298438 0.65 0.034375 0.0416667
0 0.414844 0.946875 0.0265625 0.03125
0 0.159375 0.015625 0.03125 0.0270833
0 0.125781 0.101042 0.0296875 0.0395833
0 0.142188 0.619792 0.025 0.0354167
0 0.601562 0.0510417 0.028125 0.0354167
0 0.574219 0.36875 0.0359375 0.05
0 0.208594 0.826042 0.0296875 0.0395833
0 0.153125 0.641667 0.025 0.0291667
0 0.805469 0.236458 0.0296875 0.0395833
0 0.265625 0.815625 0.034375 0.0479167
0 0.173438 0.13125 0.028125 0.0375
0 0.980469 0.0729167 0.0265625 0.0375
0 0.360156 0.253125 0.0265625 0.0354167
0 0.689844 0.519792 0.0265625 0.0354167
0 0.867188 0.788542 0.025 0.0270833
0 0.960156 0.967708 0.0296875 0.0354167
0 0.503906 0.648958 0.0296875 0.0395833
0 0.860156 0.764583 0.0234375 0.0291667
0 0.603906 0.688542 0.0265625 0.0354167
0 0.23125 0.348958 0.025 0.03125
0 0.566406 0.0520833 0.0265625 0.0333333
0 0.769531 0.653125 0.0265625 0.03125
0 0.989062 0.973958 0.01875 0.04375
0 0.486719 0.610417 0.0265625 0.0333333
0 0.225 0.4875 0.03125 0.0416667
0 0.382812 0.752083 0.028125 0.0375
0 0.2 0.357292 0.025 0.03125
0 0.603125 0.50625 0.03125 0.0416667
0 0.282031 0.625 0.0296875 0.0375
0 0.663281 0.0833333 0.0296875 0.0416667
0 0.884375 0.90625 0.028125 0.0333333
0 0.603906 0.253125 0.0296875 0.04375
0 0.889844 0.59375 0.0296875 0.0416667
0 0.235938 0.829167 0.025 0.0375
0 0.160156 0.385417 0.0296875 0.0416667
0 0.559375 0.7 0.028125 0.0416667
0 0.80625 0.676042 0.03125 0.04375
0 0.0703125 0.45 0.028125 0.0333333
0 0.0867188 0.621875 0.0328125 0.04375
0 0.785937 0.192708 0.03125 0.0395833
0 0.426562 0.592708 0.034375 0.0479167
0 0.314844 0.909375 0.0296875 0.0395833
0 0.796875 0.134375 0.028125 0.0354167
0 0.347656 0.578125 0.0328125 0.04375
0 0.784375 0.071875 0.028125 0.0354167
0 0.0765625 0.886458 0.03125 0.04375
0 0.109375 0.93125 0.03125 0.0458333
0 0.28125 0.327083 0.0375 0.0458333
0 0.432031 0.44375 0.0359375 0.05
0 0.7375 0.078125 0.034375 0.0520833
0 0.126563 0.190625 0.028125 0.0395833
0 0.857813 0.51875 0.034375 0.0416667
0 0.264062 0.890625 0.034375 0.0479167
0 0.923437 0.2375 0.0375 0.05
