0 0.228906 0.186458 0.0203125 0.0354167
0 0.976562 0.028125 0.028125 0.0354167
2 0.0914062 0.740625 0.0234375 0.0270833
0 0.159375 0.61875 0.028125 0.0416667
0 0.317969 0.810417 0.0328125 0.0416667
0 0.958594 0.009375 0.0328125 0.01875
0 0.184375 0.14375 0.028125 0.0375
0 0.452344 0.507292 0.0328125 0.04375
0 0.990625 0.0197917 0.01875 0.0354167
0 0.211719 0.508333 0.0234375 0.0333333
1 0.215625 0.50625 0.05625 0.075
0 0.25625 0.84375 0.0375 0.0458333
0 0.977344 0.367708 0.0234375 0.03125
0 0.659375 0.121875 0.028125 0.0354167
0 0.2 0.35 0.028125 0.0375
0 0.482812 0.0864583 0.028125 0.04375
0 0.903906 0.009375 0.0296875 0.01875
0 0.290625 0.345833 0.028125 0.0375
0 0.789844 0.00833333 0.0296875 0.0166667
0 0.953125 0.0302083 0.028125 0.0354167
0 0.0078125 0.735417 0.015625 0.0375
0 0.489062 0.0760417 0.025 0.0395833
0 0.0851562 0.420833 0.0265625 0.0333333
0 0.902344 0.745833 0.0265625 0.0375
0 0.564062 0.727083 0.03125 0.0416667
0 0.814062 0.740625 0.034375 0.0479167
0 0.0109375 0.0541667 0.021875 0.0416667
0 0.1625 0.0104167 0.034375 0.0208333
1 0.972656 0.577083 0.0546875 0.0958333
0 0.335938 0.205208 0.03125 0.0395833
1 0.963281 0.0302083 0.0578125 0.0604167
0 0.00859375 0.526042 0.0171875 0.04375
0 0.125781 0.639583 0.0265625 0.0375
0 0.253906 0.464583 0.0296875 0.0333333
0 0.152344 0.651042 0.0296875 0.0354167
0 0.441406 0.873958 0.0359375 0.04375
0 0.767187 0.257292 0.028125 0.0354167
0 0.150781 0.386458 0.0328125 0.04375
0 0.951563 0.236458 0.028125 0.0395833
0 0.653906 0.725 0.0265625 0.0333333
0 0.76875 0.9125 0.03125 0.0416667
0 0.225781 0.336458 0.0328125 0.04375
0 0.78125 0.384375 0.025 0.0354167
0 0.396875 0.729167 0.028125 0.0416667
0 0.735937 0.741667 0.028125 0.0416667
0 0.667188 0.490625 0.028125 0.0354167
0 0.0671875 0.896875 0.034375 0.0395833
0 0.655469 0.1125 0.0296875 0.0333333
0 0.090625 0.0989583 0.034375 0.04375
0 0.536719 0.01875 0.0390625 0.0375
0 0.330469 0.945833 0.0265625 0.0375
0 0.873438 0.765625 0.028125 0.0395833
0 0.835156 0.0520833 0.0328125 0.0416667
0 0.780469 0.28125 0.0328125 0.0416667
0 0.903906 0.29375 0.0296875 0.0416667
0 0.107031 0.271875 0.0296875 0.0395833
0 0.963281 0.0875 0.0265625 0.0416667
0 0.0554687 0.211458 0.0328125 0.04375
0 0.9625 0.50625 0.03125 0.0458333
0 0.761719 0.239583 0.0296875 0.0375
0 0.774219 0.672917 0.0359375 0.0416667
0 0.432813 0.638542 0.028125 0.0395833
0 0.913281 0.270833 0.0390625 0.05
0 0.265625 0.898958 0.0375 0.0520833
0 0.627344 0.303125 0.0296875 0.04375
0 0.071875 0.264583 0.028125 0.0375
0 0.129688 0.239583 0.03125 0.0375
0 0.783594 0.120833 0.0328125 0.0458333
0 0.582812 0.102083 0.03125 0.0416667
0 0.700781 0.04375 0.0328125 0.0458333
0 0.739062 0.130208 0.040625 0.0604167
0 0.642187 0.575 0.04375 0.0541667
