0 0.975 0.0125 0.03125 0.0208333
0 0.709375 0.165625 0.021875 0.03125
0 0.314844 0.7875 0.0328125 0.0416667
0 0.771875 0.0729167 0.01875 0.0375
0 0.0101562 0.384375 0.0203125 0.0395833
0 0.164062 0.376042 0.028125 0.0395833
0 0.159375 0.807292 0.046875 0.0604167
0 0.953906 0.0104167 0.0328125 0.0208333
0 0.301562 0.651042 0.0375 0.0479167
0 0.985156 0.569792 0.0234375 0.03125
0 0.575 0.36875 0.0375 0.05
0 0.828125 0.125 0.025 0.0333333
0 0.991406 0.986458 0.0171875 0.0270833
0 0.239844 0.845833 0.0234375 0.0333333
0 0.280469 0.672917 0.0265625 0.0333333
0 0.0078125 0.910417 0.015625 0.0416667
0 0.153906 0.598958 0.0328125 0.04375
0 0.486719 0.0135417 0.0296875 0.0229167
0 0.160156 0.0177083 0.0296875 0.0270833
0 0.45625 0.0114583 0.025 0.0229167
0 0.907031 0.907292 0.0296875 0.0354167
0 0.0875 0.41875 0.025 0.0333333
0 0.560156 0.701042 0.0328125 0.04375
0 0.630469 0.0239583 0.0328125 0.0395833
0 0.174219 0.133333 0.0265625 0.0333333
0 0.346875 0.266667 0.025 0.0333333
0 0.515625 0.622917 0.025 0.0291667
0 0.121875 0.444792 0.0375 0.0479167
0 0.153125 0.638542 0.028125 0.03125
0 0.407031 0.946875 0.0234375 0.03125
0 0.96875 0.54375 0.028125 0.0416667
0 0.979688 0.0708333 0.028125 0.0375
0 0.0882813 0.634375 0.0328125 0.04375
0 0.365625 0.558333 0.025 0.0291667
0 0.961719 0.965625 0.0265625 0.0354167
0 0.7 0.523958 0.028125 0.03125
0 0.226562 0.485417 0.03125 0.0416667
0 0.367188 0.777083 0.028125 0.0333333
0 0.871875 0.765625 0.025 0.0354167
0 0.222656 0.34375 0.0296875 0.0416667
0 0.889844 0.686458 0.0265625 0.0354167
0 0.504687 0.639583 0.025 0.0291667
0 0.629687 0.519792 0.034375 0.04375
0 0.0632813 0.45625 0.0265625 0.0291667
0 0.225781 0.842708 0.0234375 0.03125
0 0.2 0.358333 0.025 0.0291667
0 0.603906 0.50625 0.0296875 0.0375
0 0.594531 0.059375 0.0296875 0.0395833
0 0.79375 0.982292 0.03125 0.0354167
0 0.63125 0.672917 0.028125 0.0333333
0 0.603125 0.252083 0.028125 0.0416667
0 0.0890625 0.107292 0.03125 0.0395833
0 0.159375 0.386458 0.028125 0.0354167
0 0.416406 0.583333 0.0328125 0.0416667
0 0.360938 0.538542 0.028125 0.0354167
0 0.264062 0.810417 0.0375 0.05
0 0.804688 0.233333 0.03125 0.0375
0 0.85625 0.808333 0.03125 0.0375
0 0.566406 0.0510417 0.0296875 0.0354167
0 0.855469 0.751042 0.0234375 0.0354167
0 0.889063 0.594792 0.028125 0.0395833
0 0.782812 0.0739583 0.028125 0.0354167
0 0.28125 0.326042 0.0375 0.0479167
0 0.109375 0.930208 0.034375 0.0479167
0 0.0757812 0.885417 0.0328125 0.0458333
0 0.769531 0.65 0.0296875 0.0333333
0 0.783594 0.189583 0.0328125 0.0416667
0 0.314063 0.908333 0.03125 0.0416667
0 0.677344 0.071875 0.0328125 0.0395833
0 0.129688 0.186458 0.028125 0.0354167
0 0.43125 0.439583 0.04375 0.0541667
0 0.857031 0.51875 0.0328125 0.0416667
0 0.804688 0.675 0.034375 0.05
0 0.263281 0.890625 0.0328125 0.0479167
0 0.730469 0.08125 0.0359375 0.0541667
0 0.924219 0.236458 0.0359375 0.0479167
