0 0.0984375 0.979167 0.040625 0.0333333
1 0.975 0.554167 0.05 0.0791667
0 0.746875 0.102083 0.03125 0.0458333
0 0.796094 0.721875 0.0234375 0.03125
0 0.975781 0.0125 0.0328125 0.0208333
0 0.98125 0.953125 0.025 0.0395833
0 0.873438 0.748958 0.025 0.03125
0 0.267188 0.817708 0.0375 0.0479167
0 0.315625 0.788542 0.0375 0.0479167
0 0.954687 0.0104167 0.03125 0.0208333
0 0.9875 0.570833 0.01875 0.0291667
0 0.889063 0.685417 0.025 0.0333333
0 0.634375 0.0333333 0.028125 0.0416667
0 0.739844 0.0895833 0.0359375 0.05
0 0.160156 0.015625 0.0328125 0.0270833
0 0.838281 0.859375 0.0296875 0.0395833
0 0.122656 0.442708 0.0359375 0.0479167
0 0.969531 0.54375 0.0296875 0.0375
0 0.153125 0.601042 0.025 0.0354167
0 0.960156 0.971875 0.0296875 0.0395833
0 0.0453125 0.00833333 0.034375 0.0166667
0 0.5625 0.0520833 0.028125 0.0333333
0 0.600781 0.053125 0.0296875 0.0395833
0 0.873438 0.767708 0.025 0.0354167
0 0.464844 0.611458 0.0265625 0.03125
0 0.392969 0.222917 0.0265625 0.0375
0 0.989062 0.946875 0.021875 0.0395833
0 0.157813 0.144792 0.025 0.03125
0 0.889844 0.598958 0.0296875 0.0395833
0 0.786719 0.19375 0.0328125 0.0416667
0 0.602344 0.50625 0.0296875 0.0375
0 0.325781 0.53125 0.0296875 0.0416667
0 0.153125 0.638542 0.028125 0.03125
0 0.429688 0.730208 0.028125 0.0395833
0 0.221094 0.338542 0.0234375 0.03125
0 0.151562 0.376042 0.034375 0.04375
0 0.980469 0.071875 0.0265625 0.0354167
0 0.805469 0.235417 0.0296875 0.0375
0 0.865625 0.848958 0.025 0.0354167
0 0.0875 0.419792 0.025 0.03125
0 0.200781 0.355208 0.0234375 0.03125
0 0.575 0.371875 0.034375 0.04375
0 0.432031 0.947917 0.0265625 0.0333333
0 0.45625 0.684375 0.028125 0.0395833
0 0.48125 0.0145833 0.03125 0.0291667
0 0.561719 0.709375 0.0328125 0.0395833
0 0.110937 0.654167 0.028125 0.0375
0 0.604688 0.254167 0.028125 0.0458333
0 0.671875 0.505208 0.028125 0.0395833
0 0.254687 0.646875 0.03125 0.04375
0 0.159375 0.808333 0.046875 0.0583333
0 0.205469 0.871875 0.0265625 0.0395833
0 0.429688 0.6 0.034375 0.0458333
0 0.226562 0.486458 0.03125 0.0395833
0 0.884375 0.814583 0.025 0.0375
0 0.0570313 0.446875 0.0265625 0.0354167
0 0.307031 0.584375 0.0296875 0.0395833
0 0.770312 0.64375 0.025 0.0291667
0 0.782031 0.0729167 0.0296875 0.0375
0 0.314844 0.910417 0.0296875 0.0416667
0 0.658594 0.0614583 0.0265625 0.0395833
0 0.14375 0.351042 0.028125 0.04375
0 0.071875 0.617708 0.028125 0.0354167
0 0.0757812 0.885417 0.0296875 0.0416667
0 0.233594 0.382292 0.0328125 0.04375
0 0.239063 0.791667 0.025 0.0375
0 0.282031 0.326042 0.0359375 0.0479167
0 0.127344 0.195833 0.0296875 0.0375
0 0.432813 0.442708 0.0375 0.0520833
0 0.108594 0.93125 0.0296875 0.0416667
0 0.766406 0.617708 0.0265625 0.0354167
0 0.85625 0.520833 0.034375 0.0416667
0 0.264062 0.891667 0.034375 0.05
0 0.807031 0.676042 0.0359375 0.0479167
0 0.924219 0.238542 0.0328125 0.0479167
