0 0.917188 0.3375 0.01875 0.025
0 0.985156 0.569792 0.0234375 0.03125
0 0.976562 0.0125 0.028125 0.0208333
0 0.235938 0.475 0.021875 0.0333333
0 0.955469 0.009375 0.0359375 0.01875
0 0.884375 0.685417 0.021875 0.0291667
1 0.974219 0.548958 0.0515625 0.08125
0 0.0882813 0.41875 0.0265625 0.0333333
0 0.970312 0.540625 0.028125 0.0395833
0 0.175 0.134375 0.025 0.0354167
0 0.159375 0.015625 0.028125 0.0270833
0 0.634375 0.51875 0.034375 0.0458333
0 0.575781 0.0447917 0.0234375 0.03125
0 0.217187 0.339583 0.025 0.0291667
0 0.571875 0.0645833 0.025 0.0333333
0 0.489062 0.0114583 0.03125 0.0229167
0 0.979688 0.0708333 0.028125 0.0375
0 0.384375 0.572917 0.025 0.0291667
0 0.86875 0.196875 0.025 0.0354167
0 0.224219 0.483333 0.0296875 0.0333333
0 0.378125 0.946875 0.028125 0.0354167
0 0.20625 0.314583 0.025 0.0291667
0 0.224219 0.713542 0.0328125 0.04375
0 0.572656 0.364583 0.0296875 0.0416667
0 0.417188 0.590625 0.028125 0.0354167
0 0.527344 0.615625 0.0296875 0.0354167
0 0.423438 0.576042 0.03125 0.0395833
0 0.0335938 0.05625 0.0265625 0.0333333
0 0.628906 0.01875 0.0296875 0.0333333
0 0.305469 0.309375 0.0265625 0.03125
0 0.872656 0.7625 0.0234375 0.0333333
0 0.602344 0.507292 0.0296875 0.0395833
0 0.122656 0.444792 0.0359375 0.0479167
0 0.150781 0.385417 0.0296875 0.0375
0 0.34375 0.853125 0.025 0.0354167
0 0.541406 0.526042 0.0296875 0.0395833
0 0.200781 0.35625 0.0234375 0.0291667
0 0.889063 0.591667 0.028125 0.0375
0 0.827344 0.761458 0.0234375 0.0354167
0 0.803125 0.228125 0.03125 0.0395833
0 0.152344 0.636458 0.0265625 0.0354167
0 0.802344 0.666667 0.0359375 0.05
0 0.560156 0.704167 0.0328125 0.0416667
0 0.595312 0.0729167 0.025 0.0375
0 0.71875 0.633333 0.025 0.0333333
0 0.965625 0.960417 0.0375 0.05
0 0.105469 0.628125 0.0296875 0.0354167
0 0.732031 0.548958 0.0296875 0.0354167
0 0.317969 0.788542 0.0390625 0.0479167
0 0.785937 0.184375 0.03125 0.04375
0 0.065625 0.465625 0.028125 0.0354167
0 0.241406 0.895833 0.0265625 0.0416667
0 0.263281 0.890625 0.0328125 0.04375
0 0.853906 0.694792 0.0265625 0.0354167
0 0.176563 0.534375 0.028125 0.0354167
0 0.278906 0.326042 0.0328125 0.04375
0 0.782031 0.0729167 0.0296875 0.0375
0 0.911719 0.977083 0.0296875 0.0375
0 0.739844 0.975 0.0328125 0.0375
0 0.259375 0.807292 0.04375 0.0520833
0 0.765625 0.64375 0.028125 0.0333333
0 0.603906 0.252083 0.0296875 0.0416667
0 0.127344 0.1875 0.0265625 0.0375
0 0.85625 0.51875 0.034375 0.0416667
0 0.159375 0.595833 0.03125 0.0458333
0 0.313281 0.908333 0.0296875 0.0375
0 0.108594 0.930208 0.0328125 0.0479167
0 0.0765625 0.885417 0.03125 0.0458333
0 0.305469 0.651042 0.0390625 0.0520833
0 0.680469 0.102083 0.0328125 0.0416667
0 0.923437 0.234375 0.034375 0.0479167
0 0.216406 0.417708 0.0265625 0.0354167
0 0.43125 0.435417 0.040625 0.0541667
0 0.729688 0.0770833 0.034375 0.05
