0 0.975 0.958333 0.025 0.0416667
0 0.0046875 0.905208 0.009375 0.04375
0 0.975781 0.0125 0.0328125 0.0208333
0 0.0984375 0.979167 0.04375 0.0375
0 0.99375 0.428125 0.0125 0.0520833
0 0.410156 0.296875 0.0296875 0.0395833
0 0.550781 0.694792 0.0296875 0.04375
0 0.795313 0.720833 0.021875 0.0291667
0 0.315625 0.788542 0.0375 0.0479167
0 0.470313 0.0104167 0.03125 0.0208333
0 0.954687 0.0104167 0.03125 0.0208333
0 0.867969 0.752083 0.0265625 0.0333333
0 0.600781 0.053125 0.0296875 0.0395833
0 0.161719 0.0166667 0.0328125 0.0291667
0 0.986719 0.569792 0.0203125 0.03125
0 0.0484375 0.00833333 0.0375 0.0166667
0 0.267969 0.817708 0.0359375 0.0479167
0 0.967969 0.542708 0.0296875 0.0395833
0 0.889844 0.598958 0.0296875 0.0395833
0 0.960156 0.970833 0.0296875 0.0375
0 0.889063 0.686458 0.025 0.03125
0 0.739062 0.0864583 0.03125 0.04375
0 0.603125 0.50625 0.03125 0.0416667
0 0.121875 0.44375 0.0375 0.05
0 0.5625 0.0541667 0.028125 0.0333333
0 0.176563 0.134375 0.025 0.03125
0 0.159375 0.808333 0.046875 0.0583333
0 0.153906 0.602083 0.0265625 0.0375
0 0.874219 0.766667 0.0265625 0.0375
0 0.221875 0.338542 0.025 0.03125
0 0.430469 0.95 0.0265625 0.0333333
0 0.980469 0.071875 0.0265625 0.0354167
0 0.450781 0.676042 0.0265625 0.0354167
0 0.110937 0.65 0.028125 0.0375
0 0.0875 0.41875 0.025 0.0333333
0 0.653125 0.0635417 0.028125 0.0395833
0 0.322656 0.540625 0.0265625 0.0354167
0 0.142188 0.35625 0.028125 0.0458333
0 0.9875 0.951042 0.025 0.0395833
0 0.575781 0.372917 0.0359375 0.0458333
0 0.428125 0.738542 0.028125 0.0354167
0 0.804688 0.235417 0.03125 0.0375
0 0.877344 0.860417 0.0265625 0.0333333
0 0.201562 0.355208 0.025 0.03125
0 0.470313 0.615625 0.028125 0.0354167
0 0.603906 0.254167 0.0296875 0.0458333
0 0.153125 0.639583 0.028125 0.0333333
0 0.240625 0.795833 0.025 0.0375
0 0.0710938 0.614583 0.0265625 0.0333333
0 0.884375 0.805208 0.025 0.0354167
0 0.15 0.375 0.034375 0.0458333
0 0.674219 0.504167 0.0296875 0.0375
0 0.786719 0.192708 0.0328125 0.04375
0 0.315625 0.909375 0.03125 0.04375
0 0.257031 0.65 0.0296875 0.0375
0 0.43125 0.597917 0.034375 0.0458333
0 0.149219 0.140625 0.0296875 0.0395833
0 0.305469 0.583333 0.0296875 0.0375
0 0.227344 0.4875 0.0328125 0.0416667
0 0.059375 0.451042 0.028125 0.0354167
0 0.394531 0.227083 0.0328125 0.0458333
0 0.782812 0.0729167 0.028125 0.0375
0 0.7625 0.10625 0.03125 0.0375
0 0.5625 0.708333 0.034375 0.0416667
0 0.770312 0.64375 0.025 0.0291667
0 0.207031 0.871875 0.0296875 0.0395833
0 0.0765625 0.886458 0.03125 0.04375
0 0.232031 0.382292 0.0328125 0.04375
0 0.282031 0.326042 0.0359375 0.0479167
0 0.770312 0.620833 0.028125 0.0375
0 0.127344 0.195833 0.0296875 0.0375
0 0.807813 0.675 0.0375 0.05
0 0.432813 0.442708 0.0375 0.0520833
0 0.264062 0.890625 0.034375 0.0479167
0 0.107813 0.930208 0.034375 0.0479167
0 0.85625 0.519792 0.0375 0.04375
0 0.923437 0.238542 0.034375 0.0479167
