0 0.314844 0.788542 0.0328125 0.04375
0 0.901563 0.00729167 0.028125 0.0145833
0 0.975781 0.0125 0.0328125 0.0208333
0 0.159375 0.807292 0.040625 0.05625
0 0.953906 0.0104167 0.0328125 0.0208333
0 0.574219 0.36875 0.0359375 0.05
0 0.454688 0.00833333 0.025 0.0166667
0 0.985156 0.569792 0.0234375 0.03125
0 0.4875 0.0114583 0.028125 0.0229167
0 0.167187 0.371875 0.025 0.0354167
0 0.991406 0.983333 0.0171875 0.0333333
0 0.153906 0.601042 0.0328125 0.04375
0 0.632031 0.0229167 0.0328125 0.0375
0 0.00703125 0.909375 0.0140625 0.0395833
0 0.349219 0.266667 0.0265625 0.0375
0 0.628906 0.521875 0.0328125 0.04375
0 0.160156 0.0177083 0.0296875 0.0270833
0 0.0875 0.41875 0.025 0.0333333
0 0.889844 0.684375 0.0265625 0.0354167
0 0.240625 0.844792 0.025 0.0354167
0 0.122656 0.44375 0.0390625 0.05
0 0.364062 0.558333 0.025 0.0291667
0 0.8 0.982292 0.028125 0.03125
0 0.359375 0.545833 0.025 0.0333333
0 0.979688 0.071875 0.028125 0.0395833
0 0.152344 0.639583 0.0296875 0.0333333
0 0.960938 0.966667 0.028125 0.0375
0 0.510938 0.623958 0.028125 0.0354167
0 0.221875 0.345833 0.028125 0.0375
0 0.96875 0.54375 0.028125 0.0416667
0 0.0898438 0.63125 0.0328125 0.0458333
0 0.873438 0.764583 0.025 0.0333333
0 0.596094 0.0614583 0.0265625 0.0354167
0 0.560938 0.705208 0.03125 0.04375
0 0.629687 0.66875 0.025 0.0333333
0 0.853125 0.80625 0.028125 0.0375
0 0.0640625 0.458333 0.025 0.0333333
0 0.282813 0.676042 0.028125 0.0354167
0 0.227344 0.842708 0.0265625 0.0354167
0 0.226562 0.485417 0.03125 0.0416667
0 0.698438 0.523958 0.028125 0.03125
0 0.407031 0.946875 0.0234375 0.03125
0 0.160156 0.3875 0.0265625 0.0333333
0 0.264062 0.810417 0.0375 0.05
0 0.2 0.357292 0.025 0.03125
0 0.603906 0.50625 0.0296875 0.0375
0 0.603906 0.253125 0.0296875 0.04375
0 0.371875 0.773958 0.028125 0.0354167
0 0.566406 0.0520833 0.0296875 0.0333333
0 0.503906 0.6375 0.0265625 0.0333333
0 0.827344 0.119792 0.0296875 0.0354167
0 0.889063 0.594792 0.028125 0.0395833
0 0.0898438 0.10625 0.0296875 0.0416667
0 0.804688 0.232292 0.03125 0.0395833
0 0.109375 0.930208 0.03125 0.04375
0 0.0757812 0.885417 0.0296875 0.0458333
0 0.783594 0.0729167 0.0296875 0.0375
0 0.85625 0.751042 0.025 0.0354167
0 0.28125 0.326042 0.0375 0.0479167
0 0.129688 0.1875 0.028125 0.0333333
0 0.314063 0.908333 0.03125 0.0416667
0 0.416406 0.583333 0.0328125 0.0416667
0 0.783594 0.190625 0.0328125 0.0395833
0 0.675781 0.071875 0.0328125 0.0395833
0 0.770312 0.65 0.028125 0.0333333
0 0.730469 0.08125 0.0359375 0.05
0 0.805469 0.675 0.0359375 0.05
0 0.857031 0.51875 0.0328125 0.0416667
0 0.43125 0.438542 0.04375 0.05625
0 0.263281 0.890625 0.0328125 0.0479167
0 0.923437 0.2375 0.0375 0.05
