0 0.499219 0.988542 0.0328125 0.01875
0 0.915625 0.3375 0.015625 0.0208333
0 0.957812 0.00833333 0.0375 0.0166667
0 0.0125 0.373958 0.025 0.04375
0 0.90625 0.0104167 0.03125 0.0208333
0 0.130469 0.776042 0.0234375 0.03125
0 0.984375 0.561458 0.025 0.03125
0 0.626562 0.00833333 0.028125 0.0166667
0 0.955469 0.951042 0.0265625 0.0395833
0 0.490625 0.0104167 0.028125 0.0208333
0 0.976562 0.009375 0.03125 0.01875
0 0.758594 0.458333 0.0265625 0.0333333
0 0.174219 0.132292 0.0265625 0.0354167
0 0.410156 0.29375 0.0296875 0.0375
0 0.123438 0.442708 0.034375 0.0520833
0 0.0890625 0.416667 0.028125 0.0333333
0 0.560938 0.957292 0.03125 0.0354167
0 0.709375 0.158333 0.021875 0.0333333
0 0.559375 0.703125 0.03125 0.0395833
0 0.855469 0.511458 0.0359375 0.0395833
0 0.157813 0.0197917 0.028125 0.03125
0 0.874219 0.766667 0.0265625 0.0375
0 0.361719 0.565625 0.0296875 0.0395833
0 0.601562 0.248958 0.03125 0.04375
0 0.489062 0.625 0.025 0.0333333
0 0.289844 0.142708 0.0234375 0.0354167
0 0.605469 0.611458 0.0265625 0.0354167
0 0.203906 0.35625 0.0265625 0.0291667
0 0.185156 0.358333 0.0328125 0.0375
0 0.884375 0.348958 0.025 0.0354167
0 0.527344 0.345833 0.0265625 0.0375
0 0.766406 0.639583 0.0296875 0.0333333
0 0.888281 0.677083 0.0234375 0.0333333
0 0.813281 0.453125 0.0296875 0.0395833
0 0.914062 0.9875 0.03125 0.025
0 0.485156 0.239583 0.0296875 0.0375
0 0.317969 0.7875 0.0359375 0.0458333
0 0.589844 0.0552083 0.0265625 0.03125
0 0.146094 0.219792 0.0296875 0.0354167
0 0.157813 0.598958 0.028125 0.0395833
0 0.809375 0.622917 0.028125 0.0375
0 0.3375 0.727083 0.028125 0.0375
0 0.304688 0.840625 0.028125 0.0354167
0 0.0554687 0.828125 0.0296875 0.0354167
0 0.0554687 0.502083 0.0296875 0.0375
0 0.839844 0.744792 0.0296875 0.0395833
0 0.415625 0.553125 0.034375 0.04375
0 0.621094 0.679167 0.0265625 0.0333333
0 0.797656 0.652083 0.0328125 0.0416667
0 0.785156 0.180208 0.0328125 0.04375
0 0.628906 0.5125 0.0359375 0.0458333
0 0.971094 0.533333 0.0296875 0.0375
0 0.622656 0.0583333 0.0265625 0.0333333
0 0.604688 0.507292 0.03125 0.0395833
0 0.567969 0.348958 0.0390625 0.0479167
0 0.888281 0.5875 0.0296875 0.0416667
0 0.152344 0.636458 0.0296875 0.0395833
0 0.263281 0.820833 0.0390625 0.05
0 0.802344 0.225 0.0328125 0.0416667
0 0.121875 0.0520833 0.028125 0.0375
0 0.0289063 0.786458 0.0359375 0.0479167
0 0.982813 0.065625 0.03125 0.04375
0 0.295312 0.9375 0.028125 0.0375
0 0.73125 0.166667 0.028125 0.0375
0 0.30625 0.644792 0.04375 0.0520833
0 0.157031 0.698958 0.0328125 0.04375
0 0.294531 0.36875 0.0296875 0.0375
0 0.222656 0.485417 0.0296875 0.0375
0 0.308594 0.902083 0.0296875 0.0416667
0 0.43125 0.422917 0.0375 0.05
0 0.128125 0.179167 0.028125 0.0375
0 0.784375 0.0697917 0.034375 0.0479167
0 0.708594 0.0520833 0.0359375 0.0458333
0 0.0773437 0.885417 0.0359375 0.05
0 0.288281 0.319792 0.0328125 0.04375
0 0.109375 0.927083 0.0375 0.05
0 0.925781 0.228125 0.0390625 0.05625
0 0.261719 0.889583 0.0359375 0.05
0 0.144531 0.384375 0.0390625 0.0479167
