0 0.160156 0.571875 0.0234375 0.0270833
0 0.059375 0.217708 0.025 0.0354167
0 0.602344 0.990625 0.0390625 0.01875
2 0.0820312 0.710417 0.0296875 0.0333333
0 0.174219 0.132292 0.0265625 0.0354167
0 0.958594 0.009375 0.0328125 0.01875
0 0.0117188 0.377083 0.0234375 0.0458333
0 0.975 0.0135417 0.034375 0.0229167
0 0.985156 0.56875 0.0234375 0.0333333
0 0.883594 0.680208 0.0234375 0.03125
0 0.707031 0.127083 0.0328125 0.0375
0 0.916406 0.729167 0.0296875 0.0375
0 0.855469 0.51875 0.0328125 0.0375
0 0.316406 0.788542 0.0359375 0.04375
0 0.0882813 0.41875 0.0234375 0.0291667
0 0.628125 0.015625 0.028125 0.0270833
0 0.863281 0.319792 0.0265625 0.0354167
0 0.490625 0.0114583 0.028125 0.0229167
0 0.570312 0.360417 0.034375 0.0458333
0 0.0640625 0.480208 0.028125 0.0354167
0 0.971094 0.541667 0.0296875 0.0416667
0 0.560156 0.703125 0.0296875 0.0395833
0 0.567969 0.634375 0.0296875 0.0354167
0 0.557031 0.209375 0.0234375 0.0354167
0 0.298438 0.483333 0.03125 0.0375
0 0.208594 0.341667 0.0265625 0.0333333
0 0.225781 0.475 0.0296875 0.0333333
0 0.239063 0.339583 0.025 0.0333333
0 0.785937 0.185417 0.034375 0.0458333
0 0.149219 0.746875 0.0296875 0.0395833
0 0.960156 0.961458 0.0296875 0.0395833
0 0.280469 0.05 0.0265625 0.0375
0 0.888281 0.591667 0.0296875 0.0416667
0 0.764063 0.578125 0.028125 0.0354167
0 0.941406 0.0197917 0.0265625 0.03125
0 0.347656 0.957292 0.0265625 0.0354167
0 0.864844 0.861458 0.0265625 0.0395833
0 0.157031 0.0197917 0.0328125 0.03125
0 0.810156 0.535417 0.0265625 0.0375
0 0.157813 0.602083 0.025 0.0375
0 0.585938 0.0479167 0.028125 0.0333333
0 0.784375 0.0739583 0.028125 0.0395833
0 0.839844 0.95625 0.0296875 0.0416667
0 0.203125 0.357292 0.025 0.03125
0 0.501562 0.590625 0.028125 0.0354167
0 0.924219 0.233333 0.0359375 0.05
0 0.427344 0.608333 0.0265625 0.0333333
0 0.767187 0.640625 0.028125 0.03125
0 0.123438 0.445833 0.0375 0.05
0 0.526563 0.395833 0.03125 0.0416667
0 0.614844 0.0645833 0.0296875 0.0416667
0 0.123438 0.673958 0.03125 0.0354167
0 0.625781 0.517708 0.0390625 0.0520833
0 0.874219 0.769792 0.0265625 0.0354167
0 0.817187 0.576042 0.028125 0.0395833
0 0.261719 0.820833 0.0390625 0.05
0 0.604688 0.252083 0.03125 0.0458333
0 0.284375 0.771875 0.028125 0.0354167
0 0.803125 0.232292 0.034375 0.04375
0 0.800781 0.65625 0.0359375 0.0458333
0 0.657812 0.947917 0.03125 0.0375
0 0.980469 0.065625 0.0328125 0.04375
0 0.128906 0.1875 0.0296875 0.0416667
0 0.153125 0.6375 0.028125 0.0333333
0 0.275781 0.327083 0.0328125 0.0458333
0 0.603906 0.508333 0.0359375 0.0416667
0 0.261719 0.889583 0.0328125 0.0458333
0 0.334375 0.977083 0.025 0.0333333
0 0.317187 0.954167 0.025 0.0375
0 0.109375 0.929167 0.034375 0.0458333
0 0.146875 0.384375 0.034375 0.04375
0 0.310937 0.904167 0.028125 0.0375
0 0.415625 0.561458 0.034375 0.0479167
0 0.241406 0.980208 0.0265625 0.0354167
0 0.430469 0.434375 0.0390625 0.0520833
0 0.0765625 0.8875 0.03125 0.0458333
0 0.182812 0.267708 0.0375 0.0479167
0 0.307813 0.65 0.040625 0.0541667
0 0.722656 0.0677083 0.0359375 0.0520833
