0 0.514844 0.0229167 0.0296875 0.0333333
1 0.974219 0.552083 0.0515625 0.0958333
2 0.0648438 0.225 0.0234375 0.0333333
0 0.0125 0.375 0.025 0.0458333
0 0.248437 0.988542 0.034375 0.0229167
0 0.917969 0.3375 0.0203125 0.025
0 0.314844 0.777083 0.0328125 0.0416667
0 0.349219 0.807292 0.0234375 0.0354167
0 0.971875 0.535417 0.028125 0.0375
0 0.174219 0.13125 0.0265625 0.0333333
0 0.3125 0.764583 0.028125 0.0333333
0 0.955469 0.009375 0.0390625 0.01875
0 0.626562 0.0114583 0.03125 0.0229167
0 0.960156 0.95625 0.0296875 0.0416667
0 0.885938 0.677083 0.025 0.0333333
0 0.5125 0.348958 0.028125 0.0395833
0 0.0101562 0.977083 0.0203125 0.0458333
0 0.598437 0.632292 0.028125 0.0395833
0 0.0882813 0.41875 0.0265625 0.0333333
0 0.490625 0.0104167 0.03125 0.0208333
0 0.54375 0.251042 0.025 0.04375
0 0.975 0.0125 0.034375 0.0208333
0 0.846875 0.358333 0.028125 0.0333333
0 0.589063 0.0541667 0.028125 0.0333333
0 0.0546875 0.484375 0.025 0.03125
0 0.854688 0.515625 0.034375 0.04375
0 0.448438 0.607292 0.028125 0.0395833
0 0.888281 0.589583 0.0296875 0.0375
0 0.122656 0.444792 0.0359375 0.0479167
0 0.175 0.252083 0.034375 0.0416667
0 0.630469 0.954167 0.0328125 0.0375
0 0.320312 0.791667 0.03125 0.0375
0 0.534375 0.5875 0.028125 0.0333333
0 0.560156 0.703125 0.0328125 0.04375
0 0.157031 0.01875 0.0328125 0.0291667
0 0.820312 0.982292 0.028125 0.03125
0 0.889063 0.739583 0.028125 0.0333333
0 0.802344 0.530208 0.0296875 0.0395833
0 0.627344 0.514583 0.0359375 0.05
0 0.319531 0.502083 0.0296875 0.0416667
0 0.153125 0.636458 0.028125 0.0354167
0 0.83125 0.475 0.028125 0.0333333
0 0.157031 0.6 0.0265625 0.0375
0 0.263281 0.817708 0.0390625 0.0520833
0 0.88125 0.897917 0.028125 0.0375
0 0.874219 0.767708 0.0265625 0.0354167
0 0.719531 0.0604167 0.0390625 0.0541667
0 0.334375 0.964583 0.028125 0.0375
0 0.603125 0.247917 0.03125 0.0458333
0 0.767187 0.640625 0.028125 0.0354167
0 0.771875 0.586458 0.028125 0.0354167
0 0.254687 0.451042 0.028125 0.0354167
0 0.225 0.479167 0.03125 0.0333333
0 0.621875 0.0572917 0.028125 0.0354167
0 0.571094 0.358333 0.0390625 0.05
0 0.801562 0.226042 0.034375 0.04375
0 0.785937 0.182292 0.034375 0.0479167
0 0.105469 0.755208 0.0296875 0.0395833
0 0.0171875 0.716667 0.03125 0.0416667
0 0.603125 0.503125 0.034375 0.04375
0 0.200781 0.347917 0.0390625 0.0541667
0 0.285156 0.320833 0.0359375 0.0458333
0 0.264844 0.075 0.0296875 0.0416667
0 0.146094 0.384375 0.0328125 0.04375
0 0.416406 0.557292 0.0359375 0.0479167
0 0.98125 0.0677083 0.03125 0.04375
0 0.430469 0.430208 0.0390625 0.0520833
0 0.135937 0.677083 0.03125 0.0375
0 0.311719 0.909375 0.0328125 0.0479167
0 0.0757812 0.886458 0.0328125 0.0479167
0 0.30625 0.646875 0.04375 0.05625
0 0.128125 0.184375 0.03125 0.0395833
0 0.782812 0.071875 0.034375 0.04375
0 0.8 0.653125 0.0375 0.0479167
0 0.109375 0.928125 0.034375 0.0479167
0 0.923437 0.230208 0.0375 0.0520833
0 0.717188 0.139583 0.03125 0.0416667
0 0.259375 0.889583 0.034375 0.05
