0 0.957812 0.00833333 0.040625 0.0166667
0 0.498437 0.988542 0.034375 0.01875
0 0.130469 0.777083 0.0234375 0.0291667
0 0.984375 0.561458 0.025 0.0354167
0 0.0109375 0.375 0.021875 0.0458333
0 0.711719 0.157292 0.0234375 0.0354167
0 0.09375 0.2375 0.034375 0.0458333
0 0.907031 0.009375 0.0328125 0.01875
0 0.410937 0.294792 0.028125 0.0395833
0 0.914062 0.9875 0.03125 0.025
0 0.626562 0.00833333 0.028125 0.0166667
0 0.978125 0.009375 0.028125 0.01875
0 0.136719 0.391667 0.0296875 0.0416667
0 0.750781 0.446875 0.0265625 0.03125
0 0.855469 0.5125 0.0359375 0.0416667
0 0.173438 0.132292 0.028125 0.0354167
0 0.491406 0.0104167 0.0296875 0.0208333
0 0.123438 0.442708 0.0375 0.0520833
0 0.888281 0.675 0.0234375 0.0333333
0 0.0890625 0.416667 0.03125 0.0375
0 0.954687 0.951042 0.028125 0.0395833
0 0.55625 0.94375 0.028125 0.0416667
0 0.803125 0.438542 0.028125 0.0354167
0 0.874219 0.766667 0.0265625 0.0375
0 0.767187 0.639583 0.028125 0.0333333
0 0.203125 0.35625 0.028125 0.0291667
0 0.601562 0.247917 0.03125 0.0458333
0 0.147656 0.383333 0.0328125 0.0416667
0 0.835938 0.751042 0.028125 0.0395833
0 0.897656 0.35625 0.0328125 0.0375
0 0.620313 0.603125 0.028125 0.0395833
0 0.626562 0.666667 0.028125 0.0375
0 0.589844 0.0572917 0.0265625 0.03125
0 0.317969 0.786458 0.0359375 0.04375
0 0.796875 0.653125 0.03125 0.0395833
0 0.146094 0.220833 0.0328125 0.0375
0 0.525781 0.359375 0.0234375 0.0354167
0 0.490625 0.634375 0.028125 0.0354167
0 0.346094 0.717708 0.0296875 0.0395833
0 0.473437 0.229167 0.028125 0.0416667
0 0.298438 0.366667 0.028125 0.0375
0 0.288281 0.145833 0.0265625 0.0375
0 0.0539063 0.498958 0.0328125 0.04375
0 0.185937 0.359375 0.034375 0.0354167
0 0.307813 0.836458 0.028125 0.0354167
0 0.370313 0.564583 0.028125 0.0375
0 0.157813 0.6 0.028125 0.0416667
0 0.01875 0.785417 0.034375 0.0458333
0 0.415625 0.553125 0.034375 0.04375
0 0.567969 0.347917 0.0390625 0.05
0 0.310156 0.903125 0.0296875 0.0395833
0 0.785937 0.179167 0.034375 0.0458333
0 0.559375 0.702083 0.03125 0.0416667
0 0.621875 0.0583333 0.025 0.0333333
0 0.0585938 0.8375 0.0265625 0.0333333
0 0.802344 0.225 0.0328125 0.0416667
0 0.73125 0.172917 0.028125 0.0416667
0 0.263281 0.821875 0.0390625 0.0479167
0 0.626562 0.514583 0.0375 0.0458333
0 0.152344 0.636458 0.0296875 0.0395833
0 0.0773437 0.884375 0.0328125 0.0479167
0 0.971875 0.533333 0.028125 0.0375
0 0.29375 0.9375 0.028125 0.0375
0 0.603906 0.508333 0.0328125 0.0416667
0 0.889063 0.586458 0.03125 0.04375
0 0.430469 0.420833 0.0359375 0.0458333
0 0.158594 0.702083 0.0328125 0.0375
0 0.120312 0.059375 0.034375 0.0479167
0 0.982813 0.065625 0.03125 0.04375
0 0.109375 0.927083 0.034375 0.05
0 0.15625 0.01875 0.034375 0.0375
0 0.811719 0.622917 0.0296875 0.0375
0 0.2875 0.319792 0.034375 0.0479167
0 0.128125 0.180208 0.03125 0.0395833
0 0.305469 0.644792 0.0453125 0.05625
0 0.223438 0.484375 0.03125 0.0395833
0 0.784375 0.0697917 0.034375 0.0479167
0 0.707812 0.0541667 0.0375 0.0458333
0 0.925781 0.229167 0.0390625 0.0541667
0 0.261719 0.890625 0.0359375 0.0479167
