0 0.497656 0.988542 0.0328125 0.01875
0 0.769531 0.453125 0.0265625 0.03125
0 0.915625 0.338542 0.015625 0.01875
0 0.130469 0.777083 0.0234375 0.0291667
0 0.95625 0.00833333 0.0375 0.0166667
0 0.0132813 0.373958 0.0265625 0.04375
0 0.984375 0.561458 0.025 0.03125
0 0.626562 0.00833333 0.028125 0.0166667
0 0.174219 0.132292 0.0265625 0.0354167
0 0.975781 0.0114583 0.0328125 0.01875
0 0.490625 0.0104167 0.03125 0.0208333
0 0.95625 0.95 0.028125 0.0375
0 0.123438 0.442708 0.0375 0.0520833
0 0.410156 0.294792 0.0296875 0.0395833
0 0.886719 0.678125 0.0234375 0.03125
0 0.188281 0.35625 0.0296875 0.0333333
0 0.889063 0.353125 0.025 0.0354167
0 0.903906 0.0135417 0.0265625 0.0270833
0 0.873438 0.767708 0.028125 0.0354167
0 0.0890625 0.416667 0.028125 0.0375
0 0.53125 0.342708 0.025 0.0395833
0 0.855469 0.511458 0.0359375 0.04375
0 0.203906 0.35625 0.0265625 0.0291667
0 0.601562 0.247917 0.03125 0.0458333
0 0.709375 0.159375 0.025 0.0354167
0 0.559375 0.703125 0.03125 0.0395833
0 0.808594 0.628125 0.0265625 0.0354167
0 0.483594 0.619792 0.0265625 0.03125
0 0.157031 0.0197917 0.0296875 0.03125
0 0.477344 0.24375 0.0265625 0.0375
0 0.290625 0.132292 0.028125 0.0354167
0 0.796875 0.654167 0.03125 0.0375
0 0.607031 0.620833 0.0296875 0.0375
0 0.292188 0.377083 0.028125 0.0333333
0 0.358594 0.564583 0.0296875 0.0416667
0 0.157813 0.6 0.028125 0.0416667
0 0.564844 0.959375 0.0328125 0.04375
0 0.31875 0.786458 0.0375 0.0479167
0 0.767187 0.638542 0.028125 0.03125
0 0.308594 0.901042 0.0296875 0.0395833
0 0.028125 0.778125 0.03125 0.0395833
0 0.819531 0.447917 0.0296875 0.0375
0 0.342187 0.730208 0.03125 0.04375
0 0.589844 0.05625 0.0265625 0.0333333
0 0.05625 0.503125 0.028125 0.0354167
0 0.617969 0.679167 0.0265625 0.0375
0 0.310156 0.841667 0.0296875 0.0375
0 0.569531 0.348958 0.0390625 0.0479167
0 0.840625 0.74375 0.028125 0.0375
0 0.152344 0.636458 0.0296875 0.0395833
0 0.785937 0.180208 0.034375 0.04375
0 0.910156 0.984375 0.0265625 0.03125
0 0.889063 0.5875 0.03125 0.0416667
0 0.971094 0.533333 0.0265625 0.0375
0 0.729688 0.166667 0.028125 0.0375
0 0.148438 0.221875 0.034375 0.0395833
0 0.0492188 0.821875 0.0296875 0.0395833
0 0.415625 0.553125 0.0375 0.0479167
0 0.803125 0.225 0.034375 0.0416667
0 0.264062 0.821875 0.0375 0.0479167
0 0.117969 0.0479167 0.0265625 0.0333333
0 0.628906 0.5125 0.0359375 0.0458333
0 0.622656 0.0572917 0.0265625 0.0354167
0 0.603906 0.508333 0.0328125 0.0416667
0 0.155469 0.692708 0.0328125 0.0395833
0 0.298438 0.940625 0.03125 0.0395833
0 0.982813 0.065625 0.03125 0.0479167
0 0.223438 0.484375 0.03125 0.0395833
0 0.288281 0.320833 0.0328125 0.0458333
0 0.432031 0.419792 0.0390625 0.0520833
0 0.30625 0.644792 0.046875 0.05625
0 0.0765625 0.885417 0.034375 0.05
0 0.109375 0.928125 0.034375 0.0479167
0 0.128906 0.180208 0.0296875 0.0354167
0 0.925 0.229167 0.0375 0.0541667
0 0.146094 0.380208 0.0328125 0.04375
0 0.785156 0.0697917 0.0359375 0.0479167
0 0.261719 0.889583 0.0359375 0.05
0 0.709375 0.0510417 0.0375 0.0479167
