0 0.957812 0.00833333 0.040625 0.0166667
0 0.975781 0.0104167 0.0296875 0.0208333
0 0.916406 0.3375 0.0171875 0.025
0 0.217187 0.446875 0.025 0.0354167
0 0.349219 0.807292 0.0265625 0.0395833
0 0.0765625 0.207292 0.028125 0.0354167
0 0.0132813 0.376042 0.0265625 0.0479167
0 0.626562 0.009375 0.028125 0.01875
0 0.410937 0.295833 0.03125 0.0416667
0 0.00703125 0.984375 0.0140625 0.03125
0 0.972656 0.535417 0.0296875 0.0375
0 0.985156 0.5625 0.0234375 0.0333333
0 0.123438 0.44375 0.034375 0.05
0 0.173438 0.132292 0.028125 0.0354167
0 0.823438 0.9875 0.03125 0.0208333
0 0.874219 0.736458 0.0265625 0.03125
0 0.0890625 0.417708 0.028125 0.0354167
0 0.490625 0.0114583 0.03125 0.0229167
0 0.614062 0.951042 0.03125 0.04375
0 0.872656 0.766667 0.0234375 0.0333333
0 0.0289063 0.740625 0.0265625 0.0354167
0 0.897656 0.921875 0.0234375 0.03125
0 0.778906 0.509375 0.0296875 0.0354167
0 0.536719 0.275 0.0265625 0.0375
0 0.886719 0.676042 0.0234375 0.03125
0 0.261719 0.816667 0.0390625 0.05
0 0.157031 0.6 0.0265625 0.0375
0 0.199219 0.342708 0.0296875 0.0395833
0 0.589844 0.0541667 0.0265625 0.0333333
0 0.45625 0.598958 0.03125 0.04375
0 0.603125 0.50625 0.034375 0.0416667
0 0.626562 0.513542 0.0375 0.0479167
0 0.335156 0.513542 0.0296875 0.0395833
0 0.838281 0.390625 0.0296875 0.04375
0 0.542969 0.571875 0.0328125 0.0395833
0 0.785156 0.597917 0.0296875 0.0416667
0 0.43125 0.423958 0.040625 0.05625
0 0.151562 0.636458 0.028125 0.0354167
0 0.602344 0.246875 0.0296875 0.0395833
0 0.765625 0.6375 0.028125 0.0333333
0 0.224219 0.48125 0.0328125 0.0333333
0 0.957812 0.954167 0.028125 0.0375
0 0.601562 0.652083 0.028125 0.0375
0 0.183594 0.364583 0.0265625 0.0333333
0 0.847656 0.452083 0.0265625 0.0333333
0 0.157813 0.01875 0.034375 0.0291667
0 0.146094 0.383333 0.0328125 0.0416667
0 0.853906 0.513542 0.0359375 0.04375
0 0.567969 0.360417 0.0390625 0.05
0 0.0546875 0.49375 0.03125 0.0416667
0 0.801562 0.226042 0.03125 0.0395833
0 0.319531 0.786458 0.0359375 0.0479167
0 0.316406 0.952083 0.0296875 0.0375
0 0.0796875 0.765625 0.028125 0.0395833
0 0.622656 0.05625 0.0265625 0.0333333
0 0.560156 0.703125 0.0359375 0.0479167
0 0.307031 0.741667 0.0296875 0.0375
0 0.785937 0.18125 0.034375 0.0458333
0 0.516406 0.308333 0.0296875 0.0416667
0 0.265625 0.0895833 0.028125 0.0375
0 0.310156 0.898958 0.0328125 0.0479167
0 0.2625 0.428125 0.03125 0.0395833
0 0.721094 0.147917 0.0296875 0.0375
0 0.888281 0.589583 0.0296875 0.0416667
0 0.98125 0.065625 0.03125 0.04375
0 0.0757812 0.886458 0.0328125 0.0479167
0 0.414844 0.555208 0.0359375 0.0479167
0 0.110156 0.928125 0.0328125 0.0479167
0 0.138281 0.6875 0.0328125 0.0416667
0 0.798437 0.651042 0.034375 0.0479167
0 0.127344 0.18125 0.0296875 0.0416667
0 0.924219 0.23125 0.0359375 0.05
0 0.164844 0.2375 0.0328125 0.0416667
0 0.30625 0.645833 0.04375 0.0541667
0 0.288281 0.319792 0.0359375 0.0479167
0 0.716406 0.059375 0.0359375 0.0479167
0 0.783594 0.071875 0.0328125 0.04375
0 0.259375 0.889583 0.034375 0.05
