1 0.977344 0.55625 0.0453125 0.0833333
0 0.00859375 0.379167 0.0171875 0.0458333
0 0.985156 0.567708 0.0234375 0.03125
0 0.0507812 0.207292 0.0296875 0.03125
0 0.933594 0.726042 0.0296875 0.0395833
0 0.211719 0.485417 0.0265625 0.0416667
0 0.175781 0.132292 0.0265625 0.0354167
0 0.971094 0.540625 0.0265625 0.0395833
0 0.157813 0.01875 0.028125 0.0291667
0 0.828125 0.857292 0.03125 0.0395833
0 0.95625 0.009375 0.03125 0.01875
0 0.629687 0.015625 0.03125 0.03125
0 0.271875 0.785417 0.025 0.0291667
0 0.563281 0.634375 0.0296875 0.0354167
0 0.709375 0.158333 0.021875 0.0291667
0 0.488281 0.0104167 0.0296875 0.0208333
0 0.0882813 0.41875 0.0234375 0.0291667
0 0.973437 0.0208333 0.03125 0.0291667
0 0.226562 0.479167 0.028125 0.0375
0 0.214062 0.339583 0.025 0.0291667
0 0.855469 0.519792 0.0328125 0.0395833
0 0.122656 0.445833 0.0359375 0.0458333
0 0.888281 0.279167 0.0296875 0.0416667
0 0.79375 0.561458 0.028125 0.0354167
0 0.478125 0.601042 0.025 0.0354167
0 0.68125 0.952083 0.028125 0.0333333
0 0.200781 0.359375 0.0234375 0.03125
0 0.276563 0.329167 0.03125 0.0458333
0 0.539844 0.429167 0.0265625 0.0375
0 0.0578125 0.478125 0.028125 0.0354167
0 0.155469 0.6 0.0265625 0.0375
0 0.757031 0.569792 0.0265625 0.03125
0 0.275781 0.46875 0.0265625 0.0333333
0 0.567187 0.171875 0.025 0.0395833
0 0.257031 0.329167 0.0234375 0.0333333
0 0.410937 0.609375 0.025 0.03125
0 0.261719 0.81875 0.0296875 0.0416667
0 0.357031 0.95 0.0265625 0.0333333
0 0.572656 0.363542 0.0328125 0.04375
0 0.889063 0.591667 0.028125 0.0375
0 0.169531 0.764583 0.0265625 0.0375
0 0.961719 0.957292 0.0328125 0.04375
0 0.98125 0.0677083 0.03125 0.0395833
0 0.267969 0.0260417 0.0265625 0.0354167
0 0.628125 0.515625 0.0375 0.0479167
0 0.560156 0.704167 0.0296875 0.0375
0 0.764063 0.642708 0.028125 0.03125
0 0.924219 0.233333 0.0390625 0.05
0 0.603906 0.253125 0.0296875 0.04375
0 0.8 0.659375 0.034375 0.0479167
0 0.201562 0.275 0.028125 0.0375
0 0.152344 0.636458 0.0265625 0.0354167
0 0.30625 0.648958 0.034375 0.0479167
0 0.330469 0.936458 0.0234375 0.0354167
0 0.851562 0.939583 0.028125 0.0375
0 0.873438 0.769792 0.025 0.0354167
0 0.785937 0.184375 0.034375 0.0479167
0 0.698438 0.119792 0.03125 0.04375
0 0.605469 0.0697917 0.0296875 0.0395833
0 0.858594 0.832292 0.0265625 0.0354167
0 0.603125 0.50625 0.03125 0.0416667
0 0.128125 0.1875 0.028125 0.0375
0 0.109375 0.675 0.028125 0.0375
0 0.310156 0.905208 0.0265625 0.0354167
0 0.319531 0.979167 0.0265625 0.0333333
0 0.782812 0.071875 0.034375 0.04375
0 0.803125 0.23125 0.034375 0.0458333
0 0.109375 0.929167 0.03125 0.0458333
0 0.723437 0.0677083 0.0375 0.0520833
0 0.0765625 0.885417 0.03125 0.0458333
0 0.146094 0.383333 0.0328125 0.0416667
0 0.41875 0.555208 0.034375 0.04375
0 0.820312 0.619792 0.028125 0.0395833
0 0.58125 0.05 0.03125 0.0375
0 0.43125 0.433333 0.0375 0.05
0 0.260938 0.891667 0.034375 0.0458333
0 0.241406 0.958333 0.0265625 0.0416667
