2 0.084375 0.221875 0.03125 0.0354167
0 0.957812 0.00833333 0.0375 0.0166667
0 0.710938 0.154167 0.021875 0.0375
0 0.888281 0.677083 0.0234375 0.0333333
0 0.977344 0.0104167 0.0296875 0.0208333
0 0.0132813 0.373958 0.0265625 0.04375
0 0.903906 0.009375 0.0296875 0.01875
0 0.917969 0.338542 0.0171875 0.0229167
0 0.625781 0.00833333 0.0296875 0.0166667
0 0.985156 0.5625 0.0234375 0.0291667
0 0.175781 0.13125 0.0296875 0.0375
0 0.410937 0.29375 0.028125 0.0375
0 0.471875 0.614583 0.025 0.0291667
0 0.874219 0.767708 0.0234375 0.03125
0 0.571875 0.607292 0.025 0.0354167
0 0.123438 0.444792 0.0375 0.0520833
0 0.490625 0.0104167 0.028125 0.0208333
0 0.0882813 0.417708 0.0296875 0.0354167
0 0.158594 0.0166667 0.0328125 0.0291667
0 0.957031 0.953125 0.0265625 0.0354167
0 0.113281 0.0166667 0.0328125 0.0291667
0 0.899219 0.954167 0.0234375 0.0333333
0 0.164062 0.376042 0.025 0.0354167
0 0.61875 0.644792 0.025 0.03125
0 0.834375 0.4125 0.028125 0.0375
0 0.525781 0.308333 0.0265625 0.0333333
0 0.860156 0.74375 0.0234375 0.0291667
0 0.2 0.352083 0.034375 0.0416667
0 0.771875 0.4875 0.03125 0.0375
0 0.798437 0.615625 0.028125 0.0354167
0 0.765625 0.640625 0.028125 0.03125
0 0.559375 0.702083 0.03125 0.0416667
0 0.628906 0.5125 0.0328125 0.0416667
0 0.601562 0.247917 0.03125 0.0416667
0 0.43125 0.420833 0.0375 0.05
0 0.146094 0.384375 0.0328125 0.0395833
0 0.972656 0.533333 0.0265625 0.0333333
0 0.798437 0.651042 0.03125 0.04375
0 0.0460938 0.783333 0.0296875 0.0375
0 0.85625 0.510417 0.034375 0.0416667
0 0.878906 0.416667 0.0265625 0.0375
0 0.272656 0.1125 0.0265625 0.0375
0 0.347656 0.534375 0.0296875 0.0395833
0 0.335938 0.740625 0.03125 0.0354167
0 0.590625 0.053125 0.025 0.03125
0 0.310156 0.904167 0.0296875 0.0416667
0 0.503906 0.275 0.0265625 0.0375
0 0.590625 0.952083 0.03125 0.0458333
0 0.157813 0.601042 0.028125 0.0395833
0 0.317187 0.786458 0.0375 0.0479167
0 0.785156 0.180208 0.0328125 0.04375
0 0.158594 0.226042 0.0296875 0.0354167
0 0.0625 0.492708 0.03125 0.0395833
0 0.727344 0.151042 0.0296875 0.0354167
0 0.566406 0.353125 0.0328125 0.04375
0 0.28125 0.409375 0.03125 0.0395833
0 0.603906 0.508333 0.0296875 0.0375
0 0.622656 0.0552083 0.0265625 0.0354167
0 0.152344 0.636458 0.0296875 0.0354167
0 0.307813 0.867708 0.028125 0.0395833
0 0.307813 0.946875 0.028125 0.0354167
0 0.221875 0.48125 0.028125 0.0333333
0 0.416406 0.554167 0.0359375 0.0458333
0 0.802344 0.225 0.0328125 0.0416667
0 0.140625 0.701042 0.03125 0.04375
0 0.0546875 0.758333 0.03125 0.0416667
0 0.982031 0.065625 0.0328125 0.04375
0 0.7125 0.0552083 0.034375 0.0479167
0 0.307031 0.644792 0.0453125 0.05625
0 0.0765625 0.885417 0.034375 0.05
0 0.783594 0.0697917 0.0328125 0.04375
0 0.288281 0.31875 0.0328125 0.0458333
0 0.925781 0.229167 0.0359375 0.05
0 0.128906 0.18125 0.0296875 0.0375
0 0.109375 0.928125 0.034375 0.0479167
0 0.889063 0.588542 0.03125 0.04375
0 0.260156 0.888542 0.0359375 0.0520833
0 0.2625 0.825 0.04375 0.0541667
