0 0.596094 0.990625 0.0390625 0.01875
0 0.825781 0.857292 0.0265625 0.03125
0 0.158594 0.810417 0.0390625 0.0541667
0 0.059375 0.219792 0.025 0.03125
2 0.0820312 0.710417 0.0296875 0.0333333
0 0.95625 0.009375 0.0375 0.01875
0 0.974219 0.0125 0.0328125 0.0208333
0 0.0101562 0.378125 0.0203125 0.04375
0 0.175781 0.133333 0.0265625 0.0375
0 0.985156 0.56875 0.0234375 0.0333333
0 0.883594 0.680208 0.0234375 0.03125
0 0.867188 0.317708 0.028125 0.0354167
0 0.915625 0.730208 0.028125 0.0354167
0 0.299219 0.484375 0.0296875 0.0354167
0 0.0882813 0.41875 0.0234375 0.0291667
0 0.316406 0.789583 0.0359375 0.0416667
0 0.490625 0.0104167 0.028125 0.0208333
0 0.628125 0.015625 0.028125 0.0270833
0 0.855469 0.519792 0.0328125 0.0395833
0 0.0640625 0.479167 0.028125 0.0333333
0 0.503906 0.597917 0.0265625 0.0375
0 0.785156 0.184375 0.0328125 0.04375
0 0.157031 0.01875 0.0328125 0.0291667
0 0.585938 0.0479167 0.028125 0.0333333
0 0.571094 0.636458 0.0296875 0.0354167
0 0.971094 0.541667 0.0296875 0.0416667
0 0.939062 0.0270833 0.03125 0.0333333
0 0.209375 0.341667 0.025 0.0333333
0 0.525781 0.388542 0.0296875 0.0395833
0 0.202344 0.357292 0.0234375 0.03125
0 0.158594 0.602083 0.0265625 0.0375
0 0.278906 0.05 0.0265625 0.0375
0 0.571094 0.363542 0.0328125 0.04375
0 0.625781 0.517708 0.0390625 0.0520833
0 0.557813 0.210417 0.025 0.0375
0 0.347656 0.959375 0.0265625 0.0354167
0 0.7625 0.579167 0.028125 0.0333333
0 0.560156 0.703125 0.0296875 0.0395833
0 0.809375 0.526042 0.028125 0.0395833
0 0.339063 0.979167 0.025 0.0333333
0 0.227344 0.472917 0.0296875 0.0375
0 0.960156 0.960417 0.0296875 0.0375
0 0.614844 0.0625 0.0296875 0.0416667
0 0.236719 0.341667 0.0265625 0.0333333
0 0.817969 0.573958 0.0296875 0.0354167
0 0.767187 0.640625 0.028125 0.03125
0 0.784375 0.0739583 0.028125 0.0395833
0 0.864844 0.860417 0.0265625 0.0375
0 0.874219 0.769792 0.0265625 0.0354167
0 0.658594 0.948958 0.0296875 0.0354167
0 0.425781 0.607292 0.0265625 0.03125
0 0.603906 0.252083 0.0296875 0.0458333
0 0.122656 0.444792 0.0359375 0.0479167
0 0.889063 0.591667 0.03125 0.0416667
0 0.923437 0.233333 0.0375 0.05
0 0.283594 0.771875 0.0265625 0.0354167
0 0.803125 0.232292 0.034375 0.04375
0 0.603906 0.507292 0.0359375 0.04375
0 0.8375 0.95625 0.03125 0.0416667
0 0.239844 0.980208 0.0265625 0.0354167
0 0.123438 0.675 0.03125 0.0375
0 0.261719 0.819792 0.0390625 0.0479167
0 0.429688 0.433333 0.0375 0.05
0 0.982813 0.065625 0.03125 0.04375
0 0.153125 0.638542 0.028125 0.0354167
0 0.275781 0.327083 0.0328125 0.0458333
0 0.144531 0.752083 0.0328125 0.0416667
0 0.128906 0.188542 0.0296875 0.0395833
0 0.708594 0.126042 0.0296875 0.0354167
0 0.146875 0.384375 0.034375 0.04375
0 0.8 0.65625 0.0375 0.05
0 0.109375 0.929167 0.034375 0.0458333
0 0.416406 0.561458 0.0359375 0.0479167
0 0.0765625 0.8875 0.03125 0.0458333
0 0.310937 0.904167 0.028125 0.0375
0 0.307031 0.648958 0.0390625 0.0520833
0 0.261719 0.891667 0.0328125 0.0458333
0 0.315625 0.95 0.028125 0.0375
0 0.182031 0.26875 0.0390625 0.05
0 0.722656 0.0677083 0.0359375 0.0520833
