2 0.0640625 0.220833 0.03125 0.0375
0 0.977344 0.0125 0.0265625 0.0208333
0 0.91875 0.335417 0.01875 0.025
0 0.985156 0.56875 0.0234375 0.0333333
0 0.0101562 0.379167 0.0203125 0.0458333
0 0.0625 0.220833 0.034375 0.0416667
0 0.174219 0.133333 0.0296875 0.0375
0 0.855469 0.519792 0.0296875 0.0354167
0 0.95625 0.0104167 0.04375 0.0208333
0 0.601562 0.989583 0.034375 0.0208333
0 0.0609375 0.486458 0.025 0.0354167
0 0.884375 0.678125 0.021875 0.03125
0 0.970312 0.540625 0.028125 0.0395833
0 0.883594 0.328125 0.0265625 0.0354167
0 0.503125 0.582292 0.025 0.0354167
0 0.0890625 0.41875 0.025 0.0333333
0 0.317969 0.791667 0.0296875 0.0375
0 0.490625 0.0114583 0.028125 0.0229167
0 0.908594 0.729167 0.0265625 0.0375
0 0.710156 0.129167 0.0296875 0.0416667
0 0.628125 0.0135417 0.028125 0.0270833
0 0.300781 0.492708 0.0265625 0.0354167
0 0.550781 0.219792 0.0265625 0.0395833
0 0.210156 0.340625 0.0234375 0.03125
0 0.626562 0.516667 0.0375 0.05
0 0.135156 0.755208 0.0234375 0.03125
0 0.314063 0.945833 0.025 0.0333333
0 0.339844 0.9875 0.0265625 0.025
0 0.261719 0.819792 0.0359375 0.0479167
0 0.157813 0.6 0.025 0.0375
0 0.345313 0.9625 0.025 0.0333333
0 0.585938 0.0479167 0.028125 0.0333333
0 0.785937 0.183333 0.03125 0.0416667
0 0.926562 0.0197917 0.028125 0.03125
0 0.559375 0.704167 0.03125 0.0416667
0 0.535937 0.376042 0.025 0.0395833
0 0.571875 0.363542 0.034375 0.04375
0 0.888281 0.590625 0.0296875 0.0395833
0 0.577344 0.646875 0.0296875 0.0395833
0 0.874219 0.769792 0.0265625 0.0354167
0 0.296094 0.76875 0.0265625 0.0291667
0 0.802344 0.23125 0.0328125 0.0416667
0 0.805469 0.495833 0.0265625 0.0375
0 0.241406 0.983333 0.0296875 0.0333333
0 0.766406 0.640625 0.0265625 0.03125
0 0.959375 0.958333 0.028125 0.0375
0 0.200781 0.357292 0.0234375 0.03125
0 0.227344 0.339583 0.0265625 0.0333333
0 0.127344 0.679167 0.0296875 0.0375
0 0.157031 0.01875 0.0328125 0.0333333
0 0.766406 0.584375 0.0265625 0.0354167
0 0.427344 0.601042 0.0296875 0.0395833
0 0.26875 0.059375 0.025 0.0395833
0 0.122656 0.445833 0.0359375 0.0458333
0 0.784375 0.0739583 0.028125 0.0395833
0 0.924219 0.233333 0.0390625 0.05
0 0.654688 0.957292 0.03125 0.0354167
0 0.61875 0.0625 0.028125 0.0375
0 0.153125 0.6375 0.028125 0.0333333
0 0.871875 0.8625 0.03125 0.0416667
0 0.603906 0.50625 0.0328125 0.0416667
0 0.828906 0.964583 0.0265625 0.0375
0 0.603906 0.252083 0.0296875 0.0458333
0 0.817969 0.559375 0.0296875 0.04375
0 0.982031 0.065625 0.0296875 0.04375
0 0.109375 0.929167 0.03125 0.0458333
0 0.276563 0.330208 0.034375 0.0479167
0 0.799219 0.655208 0.0359375 0.0479167
0 0.189063 0.259375 0.03125 0.04375
0 0.128125 0.186458 0.03125 0.0395833
0 0.432031 0.430208 0.0359375 0.0520833
0 0.310937 0.904167 0.028125 0.0375
0 0.146875 0.383333 0.034375 0.0416667
0 0.260156 0.889583 0.0328125 0.0458333
0 0.417969 0.558333 0.0359375 0.0458333
0 0.0765625 0.8875 0.03125 0.0458333
0 0.30625 0.648958 0.040625 0.0520833
0 0.721875 0.0645833 0.034375 0.05
