0 0.917969 0.338542 0.0171875 0.0229167
0 0.600781 0.989583 0.0328125 0.0208333
0 0.0109375 0.378125 0.021875 0.0479167
0 0.317187 0.788542 0.034375 0.04375
0 0.95625 0.009375 0.03125 0.01875
0 0.985156 0.56875 0.0234375 0.0333333
0 0.709375 0.160417 0.021875 0.0291667
0 0.209375 0.470833 0.021875 0.0333333
0 0.175 0.133333 0.025 0.0375
0 0.157813 0.01875 0.028125 0.0291667
0 0.882812 0.68125 0.021875 0.0291667
0 0.628906 0.0166667 0.0296875 0.0291667
0 0.489844 0.0114583 0.0296875 0.0229167
0 0.971094 0.540625 0.0296875 0.0395833
0 0.846875 0.946875 0.025 0.03125
0 0.922656 0.723958 0.0328125 0.0395833
0 0.0882813 0.41875 0.0234375 0.0291667
0 0.954687 0.0385417 0.025 0.03125
0 0.783594 0.522917 0.0296875 0.0375
0 0.1625 0.746875 0.03125 0.0395833
0 0.857031 0.515625 0.0328125 0.0395833
0 0.0601562 0.480208 0.0265625 0.03125
0 0.211719 0.340625 0.0265625 0.03125
0 0.876562 0.76875 0.025 0.0333333
0 0.195312 0.276042 0.028125 0.0354167
0 0.559375 0.705208 0.034375 0.04375
0 0.201562 0.359375 0.025 0.03125
0 0.673437 0.960417 0.034375 0.0375
0 0.247656 0.332292 0.0234375 0.03125
0 0.553906 0.410417 0.0265625 0.0375
0 0.572656 0.361458 0.0328125 0.04375
0 0.698438 0.125 0.03125 0.0416667
0 0.277344 0.770833 0.0265625 0.0333333
0 0.572656 0.629167 0.0296875 0.0375
0 0.122656 0.445833 0.0359375 0.05
0 0.626562 0.515625 0.0375 0.0520833
0 0.352344 0.95625 0.0296875 0.0416667
0 0.871094 0.304167 0.0265625 0.0375
0 0.157031 0.602083 0.0265625 0.0375
0 0.767187 0.641667 0.028125 0.0333333
0 0.759375 0.576042 0.028125 0.0395833
0 0.289062 0.471875 0.028125 0.03125
0 0.785937 0.185417 0.03125 0.0458333
0 0.420312 0.601042 0.025 0.0354167
0 0.559375 0.191667 0.025 0.0375
0 0.275 0.329167 0.034375 0.0458333
0 0.923437 0.234375 0.034375 0.0479167
0 0.960938 0.9625 0.03125 0.0416667
0 0.803125 0.232292 0.03125 0.0395833
0 0.603125 0.507292 0.034375 0.04375
0 0.982813 0.0677083 0.028125 0.0395833
0 0.489844 0.572917 0.0296875 0.0375
0 0.782812 0.0729167 0.03125 0.0416667
0 0.225 0.478125 0.028125 0.0354167
0 0.261719 0.821875 0.0359375 0.04375
0 0.319531 0.965625 0.0296875 0.0395833
0 0.128125 0.1875 0.028125 0.0375
0 0.604688 0.253125 0.03125 0.04375
0 0.153125 0.6375 0.028125 0.0333333
0 0.146875 0.384375 0.034375 0.04375
0 0.609375 0.0677083 0.028125 0.0395833
0 0.864062 0.844792 0.028125 0.0395833
0 0.310937 0.904167 0.028125 0.0375
0 0.798437 0.65625 0.0375 0.05
0 0.419531 0.561458 0.0328125 0.04375
0 0.11875 0.675 0.03125 0.0375
0 0.583594 0.0458333 0.0296875 0.0333333
0 0.888281 0.590625 0.0296875 0.0395833
0 0.277344 0.0375 0.0265625 0.0375
0 0.109375 0.929167 0.03125 0.0458333
0 0.0765625 0.886458 0.03125 0.04375
0 0.723437 0.0677083 0.0375 0.0520833
0 0.261719 0.891667 0.0328125 0.0458333
0 0.307031 0.65 0.0421875 0.0541667
0 0.241406 0.972917 0.0265625 0.0416667
0 0.432813 0.43125 0.0375 0.0541667
