0 0.290625 0.344792 0.028125 0.0354167
0 0.228125 0.186458 0.021875 0.0354167
2 0.0921875 0.739583 0.025 0.0291667
0 0.975 0.0291667 0.028125 0.0333333
0 0.2 0.352083 0.03125 0.0375
0 0.957031 0.009375 0.0328125 0.01875
0 0.153906 0.813542 0.0390625 0.0520833
0 0.490625 0.0729167 0.025 0.0333333
0 0.653125 0.108333 0.028125 0.0333333
0 0.977344 0.367708 0.0234375 0.03125
0 0.989062 0.0114583 0.021875 0.0229167
0 0.317969 0.808333 0.0328125 0.0416667
0 0.605469 0.504167 0.0359375 0.05
0 0.00703125 0.719792 0.0140625 0.0354167
1 0.964063 0.0260417 0.065625 0.0520833
0 0.901563 0.009375 0.028125 0.01875
0 0.255469 0.842708 0.0359375 0.0479167
0 0.183594 0.0135417 0.0265625 0.0229167
0 0.951563 0.0291667 0.03125 0.0333333
0 0.00625 0.0625 0.0125 0.0416667
0 0.792188 0.00833333 0.03125 0.0166667
0 0.2125 0.5125 0.025 0.0375
0 0.563281 0.726042 0.0296875 0.0395833
0 0.0859375 0.421875 0.028125 0.0354167
0 0.6625 0.486458 0.028125 0.0354167
0 0.903125 0.74375 0.028125 0.0375
0 0.150781 0.384375 0.0328125 0.04375
0 0.163281 0.0125 0.0296875 0.025
0 0.152344 0.651042 0.0265625 0.03125
0 0.766406 0.911458 0.0296875 0.0395833
0 0.0679687 0.897917 0.0328125 0.0375
0 0.766406 0.258333 0.0296875 0.0375
0 0.657812 0.121875 0.028125 0.0354167
0 0.122656 0.627083 0.0296875 0.0416667
0 0.700781 0.0479167 0.0296875 0.0416667
0 0.5375 0.0177083 0.0375 0.0354167
0 0.340625 0.221875 0.03125 0.0395833
0 0.79375 0.359375 0.028125 0.0354167
0 0.330469 0.945833 0.0296875 0.0375
0 0.642969 0.572917 0.0390625 0.05
0 0.761719 0.241667 0.0328125 0.0375
0 0.872656 0.764583 0.0296875 0.0375
0 0.447656 0.867708 0.0328125 0.0479167
0 0.658594 0.73125 0.0265625 0.0375
0 0.838281 0.0302083 0.0328125 0.04375
0 0.950781 0.230208 0.0328125 0.04375
1 0.971875 0.578125 0.05625 0.0895833
0 0.734375 0.752083 0.025 0.0333333
0 0.0117188 0.5375 0.0234375 0.0416667
0 0.774219 0.671875 0.0359375 0.04375
0 0.254687 0.45625 0.03125 0.0375
0 0.395312 0.721875 0.028125 0.0395833
0 0.0953125 0.121875 0.028125 0.0354167
0 0.227344 0.335417 0.0328125 0.0458333
0 0.0726563 0.267708 0.0265625 0.0395833
0 0.626562 0.303125 0.028125 0.04375
0 0.903906 0.302083 0.0296875 0.0375
0 0.78125 0.28125 0.034375 0.0416667
0 0.963281 0.0875 0.0296875 0.0416667
0 0.964844 0.489583 0.0328125 0.0458333
0 0.0554687 0.196875 0.0328125 0.04375
0 0.101562 0.288542 0.03125 0.04375
0 0.266406 0.898958 0.0359375 0.0520833
0 0.432813 0.6375 0.03125 0.0416667
0 0.814062 0.7375 0.034375 0.0458333
0 0.129688 0.238542 0.03125 0.0395833
0 0.782812 0.117708 0.03125 0.0479167
0 0.740625 0.129167 0.0375 0.0583333
0 0.913281 0.271875 0.0359375 0.0520833
0 0.583594 0.1 0.0328125 0.0416667
