0 0.009375 0.379167 0.01875 0.0458333
0 0.883594 0.68125 0.0203125 0.0291667
0 0.6 0.989583 0.034375 0.0208333
0 0.05625 0.215625 0.028125 0.0395833
0 0.708594 0.159375 0.0203125 0.0270833
0 0.317187 0.788542 0.0375 0.0479167
0 0.985156 0.567708 0.0234375 0.0354167
0 0.2125 0.476042 0.025 0.0395833
0 0.175 0.134375 0.025 0.0354167
0 0.157813 0.01875 0.028125 0.0291667
0 0.954687 0.0104167 0.028125 0.0208333
0 0.928906 0.721875 0.0328125 0.0395833
0 0.855469 0.519792 0.0328125 0.0395833
0 0.879687 0.2875 0.025 0.0333333
0 0.488281 0.0104167 0.0296875 0.0208333
0 0.971094 0.539583 0.0296875 0.0416667
0 0.201562 0.359375 0.021875 0.0270833
0 0.214062 0.339583 0.025 0.0291667
0 0.344531 0.947917 0.0234375 0.0333333
0 0.0882813 0.41875 0.0234375 0.0291667
0 0.851562 0.948958 0.028125 0.0354167
0 0.549219 0.414583 0.0265625 0.0375
0 0.222656 0.480208 0.0328125 0.0354167
0 0.888281 0.591667 0.0296875 0.0375
0 0.122656 0.445833 0.0359375 0.0458333
0 0.478125 0.580208 0.028125 0.0354167
0 0.279687 0.0270833 0.028125 0.0375
0 0.357031 0.951042 0.0296875 0.0354167
0 0.0570313 0.48125 0.0265625 0.0333333
0 0.567969 0.63125 0.0265625 0.0333333
0 0.280469 0.775 0.0265625 0.0333333
0 0.629687 0.015625 0.03125 0.03125
0 0.417969 0.611458 0.0265625 0.0354167
0 0.964844 0.0333333 0.0296875 0.0291667
0 0.874219 0.76875 0.0265625 0.0333333
0 0.282813 0.46875 0.028125 0.0375
0 0.276563 0.330208 0.034375 0.0479167
0 0.758594 0.569792 0.0265625 0.0354167
0 0.765625 0.641667 0.028125 0.0333333
0 0.171094 0.7625 0.0296875 0.0375
0 0.157031 0.601042 0.0265625 0.0395833
0 0.698438 0.120833 0.03125 0.0416667
0 0.199219 0.275 0.0328125 0.0416667
0 0.559375 0.704167 0.03125 0.0416667
0 0.559375 0.177083 0.028125 0.0375
0 0.25 0.328125 0.025 0.0354167
0 0.778906 0.55 0.0265625 0.0375
0 0.828906 0.6125 0.0296875 0.0375
0 0.964063 0.958333 0.03125 0.0416667
0 0.786719 0.185417 0.0328125 0.0458333
0 0.924219 0.233333 0.0359375 0.05
0 0.603125 0.507292 0.034375 0.04375
0 0.982813 0.0677083 0.028125 0.0395833
0 0.682813 0.964583 0.03125 0.0416667
0 0.627344 0.515625 0.0390625 0.0520833
0 0.572656 0.3625 0.0359375 0.0458333
0 0.803906 0.23125 0.0328125 0.0416667
0 0.420312 0.560417 0.034375 0.0458333
0 0.604688 0.253125 0.03125 0.0479167
0 0.610156 0.06875 0.0296875 0.0416667
0 0.307031 0.648958 0.0359375 0.0520833
0 0.153125 0.6375 0.028125 0.0375
0 0.864844 0.839583 0.0296875 0.0375
0 0.115625 0.673958 0.03125 0.0395833
0 0.782812 0.071875 0.034375 0.04375
0 0.146875 0.384375 0.03125 0.0395833
0 0.799219 0.657292 0.0359375 0.0479167
0 0.310156 0.905208 0.0265625 0.0395833
0 0.0773437 0.886458 0.0328125 0.0479167
0 0.242188 0.965625 0.028125 0.04375
0 0.128906 0.1875 0.0296875 0.0375
0 0.583594 0.0479167 0.0296875 0.0375
0 0.110156 0.929167 0.0328125 0.0458333
0 0.320312 0.975 0.025 0.0333333
0 0.260156 0.819792 0.0359375 0.0479167
0 0.432031 0.432292 0.0390625 0.0520833
0 0.260938 0.890625 0.034375 0.0479167
0 0.723437 0.0677083 0.0375 0.0520833
