0 0.347656 0.814583 0.0203125 0.025
0 0.890625 0.609375 0.028125 0.0395833
0 0.967969 0.0260417 0.0296875 0.03125
0 0.189844 0.14375 0.0265625 0.0333333
0 0.902344 0.75 0.0234375 0.0333333
0 0.210156 0.5125 0.0265625 0.0333333
0 0.448438 0.525 0.034375 0.0458333
0 0.957812 0.009375 0.03125 0.01875
0 0.227344 0.188542 0.0203125 0.0354167
0 0.160938 0.621875 0.028125 0.0354167
0 0.975 0.376042 0.021875 0.0270833
0 0.954687 0.03125 0.03125 0.0375
0 0.480469 0.0989583 0.0234375 0.03125
0 0.78125 0.129167 0.025 0.0375
0 0.2 0.35 0.028125 0.0375
0 0.815625 0.748958 0.03125 0.0479167
0 0.084375 0.420833 0.028125 0.0333333
0 0.20625 0.464583 0.021875 0.025
0 0.79375 0.00833333 0.028125 0.0166667
0 0.492969 0.0979167 0.0234375 0.0333333
1 0.971094 0.576042 0.0578125 0.0854167
0 0.0625 0.898958 0.03125 0.0395833
0 0.117969 0.441667 0.0359375 0.0416667
0 0.5625 0.729167 0.028125 0.0375
1 0.964844 0.0302083 0.0703125 0.0604167
0 0.225781 0.335417 0.0328125 0.0458333
0 0.163281 0.009375 0.0328125 0.01875
0 0.216406 0.0145833 0.0296875 0.0291667
0 0.559375 0.620833 0.025 0.0333333
0 0.292969 0.348958 0.0265625 0.0354167
0 0.725781 0.258333 0.0296875 0.0416667
0 0.777344 0.279167 0.0328125 0.0416667
0 0.0117188 0.485417 0.0234375 0.0416667
0 0.0859375 0.86875 0.028125 0.0333333
0 0.149219 0.384375 0.0328125 0.04375
0 0.805469 0.90625 0.0328125 0.0416667
0 0.151562 0.651042 0.028125 0.0354167
0 0.45625 0.94375 0.03125 0.0416667
0 0.775 0.677083 0.03125 0.0375
0 0.264844 0.897917 0.0328125 0.05
0 0.910156 0.315625 0.0265625 0.0395833
0 0.655469 0.126042 0.0296875 0.0395833
0 0.0398437 0.742708 0.0296875 0.0395833
0 0.369531 0.780208 0.0296875 0.0395833
0 0.717188 0.588542 0.028125 0.0354167
0 0.873438 0.764583 0.028125 0.0416667
0 0.860937 0.511458 0.03125 0.0395833
0 0.433594 0.640625 0.0296875 0.0354167
0 0.716406 0.466667 0.0296875 0.0416667
0 0.33125 0.948958 0.028125 0.0395833
0 0.135156 0.241667 0.0265625 0.0333333
0 0.157813 0.7 0.028125 0.0416667
0 0.0703125 0.241667 0.028125 0.0375
0 0.628125 0.30625 0.028125 0.0416667
0 0.95625 0.0854167 0.028125 0.0416667
0 0.764844 0.255208 0.0296875 0.0395833
0 0.642187 0.575 0.0375 0.05
0 0.257812 0.158333 0.028125 0.0375
0 0.0585938 0.303125 0.0265625 0.04375
0 0.761719 0.201042 0.0265625 0.0395833
0 0.535156 0.01875 0.0390625 0.0375
0 0.110156 0.209375 0.0296875 0.0395833
0 0.884375 0.202083 0.028125 0.0416667
0 0.914062 0.276042 0.040625 0.0520833
0 0.582031 0.105208 0.0328125 0.0395833
0 0.735937 0.129167 0.040625 0.0583333
