0 0.410937 0.294792 0.028125 0.0395833
0 0.497656 0.9875 0.0359375 0.0208333
0 0.957812 0.00833333 0.0375 0.0166667
0 0.880469 0.0229167 0.0421875 0.0375
0 0.977344 0.009375 0.0296875 0.01875
0 0.217187 0.447917 0.025 0.0333333
0 0.917969 0.3375 0.0171875 0.025
0 0.802344 0.990625 0.0296875 0.01875
0 0.0132813 0.375 0.0265625 0.0416667
0 0.903906 0.00833333 0.0296875 0.0166667
0 0.626562 0.00833333 0.028125 0.0166667
0 0.202344 0.354167 0.0265625 0.0375
0 0.310937 0.871875 0.025 0.0354167
0 0.874219 0.767708 0.0234375 0.03125
0 0.984375 0.5625 0.021875 0.0333333
0 0.490625 0.0104167 0.028125 0.0208333
0 0.174219 0.132292 0.0265625 0.0354167
0 0.464844 0.613542 0.0265625 0.0354167
0 0.564062 0.610417 0.025 0.0333333
0 0.0890625 0.417708 0.028125 0.0354167
0 0.123438 0.442708 0.0375 0.0520833
0 0.885938 0.677083 0.021875 0.0291667
0 0.864062 0.744792 0.025 0.03125
0 0.601562 0.246875 0.028125 0.0395833
0 0.158594 0.0177083 0.0328125 0.03125
0 0.524219 0.302083 0.0328125 0.0416667
0 0.196875 0.34375 0.028125 0.0375
0 0.85625 0.511458 0.034375 0.0395833
0 0.0421875 0.766667 0.028125 0.0375
0 0.159375 0.225 0.028125 0.0333333
0 0.771094 0.49375 0.0265625 0.0333333
0 0.971875 0.535417 0.028125 0.0375
0 0.346094 0.526042 0.0265625 0.0395833
0 0.139844 0.695833 0.0296875 0.0416667
0 0.725781 0.153125 0.0296875 0.0395833
0 0.957031 0.952083 0.0265625 0.0333333
0 0.170312 0.375 0.025 0.0333333
0 0.797656 0.65 0.0328125 0.0416667
0 0.610937 0.65 0.028125 0.0333333
0 0.0679687 0.775 0.0265625 0.0333333
0 0.273438 0.117708 0.028125 0.0395833
0 0.558594 0.702083 0.0328125 0.0416667
0 0.590625 0.053125 0.025 0.03125
0 0.157813 0.6 0.025 0.0375
0 0.898438 0.942708 0.025 0.0354167
0 0.846094 0.416667 0.0234375 0.0291667
0 0.628125 0.513542 0.034375 0.04375
0 0.589063 0.942708 0.03125 0.0354167
0 0.0609375 0.492708 0.028125 0.0354167
0 0.867969 0.423958 0.0265625 0.0270833
0 0.765625 0.639583 0.028125 0.0333333
0 0.309375 0.948958 0.025 0.03125
0 0.145313 0.384375 0.03125 0.0395833
0 0.785937 0.180208 0.03125 0.04375
0 0.309375 0.902083 0.025 0.0375
0 0.432031 0.419792 0.0390625 0.0520833
0 0.152344 0.636458 0.0296875 0.0354167
0 0.109375 0.0145833 0.0375 0.0291667
0 0.224219 0.482292 0.0328125 0.0354167
0 0.332031 0.735417 0.0296875 0.0375
0 0.415625 0.553125 0.034375 0.04375
0 0.30625 0.644792 0.04375 0.05625
0 0.490625 0.285417 0.028125 0.0375
0 0.622656 0.05625 0.0265625 0.0333333
0 0.31875 0.786458 0.0375 0.0479167
0 0.567969 0.355208 0.0390625 0.0479167
0 0.794531 0.611458 0.0296875 0.0354167
0 0.603906 0.507292 0.0296875 0.0354167
0 0.802344 0.225 0.0296875 0.0416667
0 0.279687 0.409375 0.03125 0.0395833
0 0.289062 0.319792 0.034375 0.0479167
0 0.98125 0.065625 0.03125 0.04375
0 0.0765625 0.885417 0.034375 0.05
0 0.925781 0.230208 0.0359375 0.0520833
0 0.128906 0.182292 0.0296875 0.0395833
0 0.109375 0.928125 0.034375 0.0479167
0 0.713281 0.0552083 0.0359375 0.0479167
0 0.783594 0.0697917 0.0328125 0.04375
0 0.888281 0.588542 0.0296875 0.0395833
0 0.263281 0.825 0.0421875 0.0541667
0 0.259375 0.8875 0.034375 0.05
