0 0.791406 0.00625 0.0359375 0.0125
0 0.09375 0.739583 0.021875 0.0291667
0 0.45 0.510417 0.034375 0.0458333
2 0.0921875 0.740625 0.025 0.0270833
0 0.957031 0.009375 0.0328125 0.01875
1 0.9625 0.0875 0.040625 0.0541667
0 0.990625 0.01875 0.01875 0.0375
0 0.290625 0.34375 0.028125 0.0375
0 0.2 0.35 0.028125 0.0375
0 0.159375 0.617708 0.028125 0.04375
0 0.903125 0.00833333 0.028125 0.0166667
1 0.971094 0.580208 0.0578125 0.0895833
0 0.604688 0.504167 0.0375 0.05
0 0.978125 0.365625 0.021875 0.03125
0 0.211719 0.510417 0.0265625 0.0333333
0 0.902344 0.74375 0.0265625 0.0333333
0 0.954687 0.0302083 0.03125 0.0354167
0 0.8 0.353125 0.021875 0.0354167
0 0.491406 0.075 0.0296875 0.0416667
0 0.386719 0.732292 0.0265625 0.0395833
1 0.963281 0.028125 0.0546875 0.05625
0 0.0851562 0.421875 0.0296875 0.0354167
0 0.150781 0.384375 0.0328125 0.04375
0 0.226562 0.334375 0.034375 0.04375
0 0.228906 0.185417 0.0265625 0.0416667
0 0.163281 0.0125 0.0296875 0.025
0 0.184375 0.015625 0.028125 0.0270833
0 0.764844 0.915625 0.0296875 0.0395833
0 0.813281 0.7375 0.0328125 0.0458333
0 0.78125 0.280208 0.028125 0.0354167
0 0.652344 0.485417 0.0296875 0.0375
0 0.563281 0.727083 0.0296875 0.0375
0 0.764844 0.239583 0.0296875 0.0333333
0 0.536719 0.0166667 0.0390625 0.0333333
0 0.0671875 0.897917 0.034375 0.0375
0 0.35625 0.238542 0.03125 0.0395833
0 0.0140625 0.539583 0.025 0.0375
0 0.872656 0.764583 0.0296875 0.0375
0 0.766406 0.258333 0.0265625 0.0333333
0 0.742188 0.763542 0.025 0.0354167
0 0.329688 0.944792 0.028125 0.0354167
0 0.0625 0.201042 0.034375 0.0479167
0 0.0773437 0.267708 0.0296875 0.04375
0 0.449219 0.863542 0.0328125 0.0479167
0 0.110937 0.6375 0.03125 0.0416667
0 0.666406 0.74375 0.0265625 0.0375
0 0.15625 0.65 0.028125 0.0375
0 0.964063 0.0864583 0.028125 0.0395833
0 0.626562 0.303125 0.028125 0.04375
0 0.1 0.29375 0.03125 0.0416667
0 0.433594 0.636458 0.0296875 0.0395833
0 0.774219 0.671875 0.0328125 0.0395833
0 0.0789063 0.116667 0.0328125 0.0416667
0 0.657031 0.116667 0.0296875 0.0375
0 0.957812 0.215625 0.028125 0.0395833
0 0.266406 0.898958 0.0359375 0.0520833
0 0.257812 0.46875 0.028125 0.0375
0 0.979688 0.48125 0.034375 0.0458333
0 0.9 0.309375 0.03125 0.0395833
0 0.782812 0.120833 0.03125 0.0458333
0 0.130469 0.236458 0.0296875 0.0395833
0 0.642187 0.572917 0.0375 0.05
0 0.740625 0.130208 0.0375 0.05625
0 0.703125 0.0552083 0.03125 0.0395833
0 0.853906 0.0375 0.0265625 0.0333333
0 0.583594 0.101042 0.0296875 0.0395833
0 0.914062 0.270833 0.0375 0.05
