0 0.976562 0.0125 0.028125 0.0208333
0 0.628906 0.0177083 0.0296875 0.03125
0 0.95625 0.009375 0.0375 0.01875
0 0.157813 0.0177083 0.028125 0.03125
0 0.961719 0.715625 0.0296875 0.0395833
0 0.985156 0.566667 0.0234375 0.0291667
0 0.917188 0.3375 0.01875 0.025
0 0.883594 0.68125 0.0203125 0.0291667
1 0.975 0.548958 0.05 0.08125
0 0.936719 0.989583 0.0296875 0.0208333
0 0.970312 0.539583 0.028125 0.0375
0 0.439063 0.586458 0.025 0.03125
0 0.317187 0.789583 0.0375 0.0458333
0 0.964063 0.958333 0.028125 0.0375
0 0.00859375 0.941667 0.0171875 0.0375
0 0.980469 0.0708333 0.0265625 0.0375
0 0.155469 0.595833 0.0265625 0.0375
0 0.175781 0.133333 0.0296875 0.0416667
0 0.0890625 0.41875 0.025 0.0333333
0 0.547656 0.6125 0.0296875 0.0375
0 0.423438 0.572917 0.028125 0.0416667
0 0.028125 0.0302083 0.034375 0.04375
0 0.371094 0.944792 0.0296875 0.0354167
0 0.4875 0.0114583 0.03125 0.0229167
0 0.153906 0.634375 0.0265625 0.0354167
0 0.566406 0.0916667 0.0234375 0.0333333
0 0.863281 0.230208 0.0265625 0.0354167
0 0.278906 0.33125 0.0296875 0.0416667
0 0.288281 0.311458 0.0265625 0.0354167
0 0.875 0.767708 0.025 0.0354167
0 0.59375 0.0760417 0.025 0.0395833
0 0.121875 0.44375 0.0375 0.05
0 0.603125 0.507292 0.028125 0.0354167
0 0.786719 0.186458 0.0296875 0.0395833
0 0.84375 0.678125 0.025 0.03125
0 0.578125 0.046875 0.025 0.0354167
0 0.739844 0.551042 0.0265625 0.03125
0 0.216406 0.3375 0.0234375 0.0333333
0 0.339844 0.878125 0.0265625 0.0395833
0 0.857031 0.519792 0.0328125 0.0395833
0 0.190625 0.521875 0.028125 0.0354167
0 0.764844 0.642708 0.0265625 0.03125
0 0.560156 0.704167 0.0328125 0.0416667
0 0.889844 0.591667 0.0265625 0.0375
0 0.573438 0.363542 0.034375 0.0479167
0 0.240625 0.426042 0.028125 0.0354167
0 0.603125 0.252083 0.028125 0.0416667
0 0.261719 0.809375 0.0390625 0.0479167
0 0.2 0.355208 0.025 0.03125
0 0.725 0.973958 0.03125 0.0395833
0 0.224219 0.482292 0.0328125 0.0395833
0 0.852344 0.892708 0.0328125 0.0395833
0 0.148438 0.383333 0.03125 0.0416667
0 0.803125 0.228125 0.03125 0.0395833
0 0.553906 0.490625 0.0265625 0.0354167
0 0.211719 0.7375 0.0296875 0.0416667
0 0.744531 0.61875 0.0265625 0.0333333
0 0.390625 0.5875 0.028125 0.0416667
0 0.804688 0.663542 0.0375 0.0520833
0 0.782812 0.06875 0.03125 0.0416667
0 0.30625 0.65 0.040625 0.0541667
0 0.628906 0.515625 0.0359375 0.0479167
0 0.832812 0.777083 0.028125 0.0375
0 0.128125 0.188542 0.028125 0.0395833
0 0.0632813 0.476042 0.0265625 0.0354167
0 0.209375 0.302083 0.028125 0.0375
0 0.725 0.075 0.034375 0.05
0 0.0757812 0.886458 0.0328125 0.0479167
0 0.922656 0.234375 0.0359375 0.0479167
0 0.311719 0.907292 0.0296875 0.0395833
0 0.109375 0.64375 0.03125 0.0416667
0 0.109375 0.929167 0.034375 0.0458333
0 0.235938 0.913542 0.028125 0.04375
0 0.2625 0.891667 0.034375 0.05
0 0.689062 0.104167 0.034375 0.0416667
0 0.430469 0.436458 0.0390625 0.0520833
