0 0.199219 0.352083 0.0296875 0.0375
0 0.317969 0.808333 0.0328125 0.0416667
0 0.25625 0.84375 0.0375 0.0458333
2 0.0914062 0.740625 0.0265625 0.0270833
0 0.153906 0.814583 0.0390625 0.0541667
1 0.964844 0.025 0.0640625 0.05
0 0.975781 0.028125 0.0296875 0.0354167
0 0.957812 0.0104167 0.034375 0.0208333
0 0.605469 0.503125 0.0359375 0.0479167
0 0.989062 0.0125 0.021875 0.0208333
0 0.291406 0.345833 0.0296875 0.0375
0 0.18125 0.0114583 0.028125 0.0229167
0 0.903906 0.00833333 0.0296875 0.0166667
0 0.0851562 0.421875 0.0265625 0.0354167
0 0.211719 0.511458 0.0265625 0.0395833
0 0.00703125 0.719792 0.0140625 0.0354167
0 0.978125 0.367708 0.025 0.0354167
0 0.953906 0.0302083 0.0296875 0.0354167
0 0.790625 0.00833333 0.028125 0.0166667
0 0.564062 0.726042 0.03125 0.0395833
0 0.163281 0.0114583 0.0296875 0.0229167
0 0.0078125 0.0677083 0.015625 0.04375
0 0.903125 0.74375 0.028125 0.0375
0 0.949219 0.232292 0.0328125 0.04375
0 0.654688 0.1125 0.03125 0.0375
0 0.150781 0.385417 0.0328125 0.0416667
0 0.152344 0.652083 0.0265625 0.0333333
0 0.0984375 0.122917 0.021875 0.0291667
0 0.766406 0.911458 0.0296875 0.0395833
0 0.766406 0.257292 0.0296875 0.0354167
0 0.490625 0.0729167 0.028125 0.0375
0 0.5375 0.01875 0.0375 0.0375
0 0.124219 0.629167 0.0296875 0.0458333
0 0.661719 0.489583 0.0296875 0.0375
0 0.345313 0.217708 0.03125 0.0395833
0 0.0671875 0.896875 0.034375 0.0395833
0 0.761719 0.241667 0.0328125 0.0375
0 0.0117188 0.538542 0.0234375 0.0395833
0 0.330469 0.945833 0.0296875 0.0416667
0 0.872656 0.764583 0.0296875 0.0416667
0 0.225781 0.335417 0.0328125 0.0458333
0 0.642187 0.573958 0.040625 0.0520833
1 0.971875 0.576042 0.05625 0.0895833
0 0.960938 0.49375 0.034375 0.0458333
0 0.78125 0.280208 0.034375 0.04375
0 0.396875 0.721875 0.028125 0.0395833
0 0.446875 0.869792 0.034375 0.0479167
0 0.657031 0.732292 0.0296875 0.0395833
0 0.0734375 0.267708 0.025 0.0395833
0 0.253125 0.455208 0.03125 0.0354167
0 0.698438 0.046875 0.03125 0.04375
0 0.903906 0.302083 0.0296875 0.0416667
0 0.790625 0.360417 0.028125 0.0416667
0 0.774219 0.671875 0.0359375 0.04375
0 0.102344 0.284375 0.0328125 0.0479167
0 0.732813 0.752083 0.025 0.0333333
0 0.0546875 0.198958 0.03125 0.04375
0 0.963281 0.0875 0.0296875 0.0416667
0 0.266406 0.898958 0.0359375 0.0520833
0 0.432813 0.6375 0.03125 0.0416667
0 0.627344 0.303125 0.0296875 0.04375
0 0.782812 0.116667 0.03125 0.0458333
0 0.128906 0.239583 0.0296875 0.0375
0 0.814062 0.7375 0.034375 0.05
0 0.739844 0.129167 0.0390625 0.0583333
0 0.914062 0.270833 0.0375 0.0541667
0 0.583594 0.101042 0.0328125 0.0395833
0 0.832031 0.034375 0.0296875 0.04375
