0 0.973437 0.0125 0.0375 0.0208333
0 0.348437 0.80625 0.025 0.0333333
0 0.788281 0.697917 0.0234375 0.0333333
0 0.0132813 0.377083 0.0265625 0.0416667
0 0.604688 0.988542 0.040625 0.01875
0 0.917969 0.336458 0.0203125 0.0270833
0 0.85625 0.51875 0.03125 0.0375
0 0.00625 0.697917 0.0125 0.0416667
0 0.984375 0.56875 0.025 0.0333333
0 0.175 0.13125 0.028125 0.0375
0 0.955469 0.009375 0.0390625 0.01875
0 0.885938 0.677083 0.025 0.0333333
0 0.5875 0.0479167 0.028125 0.0333333
0 0.00703125 0.972917 0.0140625 0.0375
0 0.489844 0.0104167 0.0296875 0.0208333
0 0.157813 0.6 0.028125 0.0375
0 0.627344 0.0135417 0.0265625 0.0229167
0 0.821875 0.502083 0.025 0.0333333
0 0.0875 0.417708 0.025 0.0354167
0 0.971094 0.539583 0.0296875 0.0416667
0 0.436719 0.592708 0.0265625 0.03125
0 0.314063 0.484375 0.03125 0.0354167
0 0.542188 0.361458 0.025 0.04375
0 0.317187 0.792708 0.03125 0.0395833
0 0.242188 0.460417 0.025 0.0333333
0 0.341406 0.963542 0.0296875 0.0354167
0 0.902344 0.733333 0.0296875 0.0375
0 0.871875 0.34375 0.028125 0.0416667
0 0.627344 0.517708 0.0359375 0.0479167
0 0.328906 0.9875 0.0265625 0.025
0 0.0609375 0.489583 0.025 0.0333333
0 0.30625 0.775 0.03125 0.0416667
0 0.650781 0.945833 0.0328125 0.0458333
0 0.547656 0.232292 0.0265625 0.0395833
0 0.242188 0.985417 0.03125 0.0291667
0 0.582812 0.645833 0.025 0.0333333
0 0.572656 0.364583 0.0328125 0.0458333
0 0.157813 0.0177083 0.034375 0.03125
0 0.767187 0.641667 0.03125 0.0333333
0 0.199219 0.358333 0.0265625 0.0333333
0 0.560156 0.703125 0.0328125 0.04375
0 0.617188 0.0614583 0.028125 0.0354167
0 0.802344 0.23125 0.0328125 0.0416667
0 0.960156 0.959375 0.0296875 0.0395833
0 0.817969 0.542708 0.0265625 0.0395833
0 0.2125 0.341667 0.03125 0.0375
0 0.261719 0.816667 0.0390625 0.05
0 0.319531 0.9375 0.0265625 0.0375
0 0.924219 0.233333 0.0359375 0.05
0 0.127344 0.752083 0.0296875 0.0375
0 0.879687 0.877083 0.028125 0.0375
0 0.122656 0.445833 0.0359375 0.0458333
0 0.224219 0.477083 0.0296875 0.0333333
0 0.513281 0.557292 0.0296875 0.0395833
0 0.430469 0.432292 0.0390625 0.0520833
0 0.153125 0.6375 0.028125 0.0333333
0 0.603906 0.25 0.0296875 0.0416667
0 0.769531 0.583333 0.0296875 0.0416667
0 0.314844 0.905208 0.0296875 0.0395833
0 0.273438 0.0583333 0.028125 0.0375
0 0.785937 0.183333 0.034375 0.0458333
0 0.839844 0.969792 0.0328125 0.0479167
0 0.873438 0.76875 0.028125 0.0375
0 0.127344 0.672917 0.0328125 0.0375
0 0.414844 0.557292 0.0328125 0.04375
0 0.188281 0.252083 0.0328125 0.0458333
0 0.604688 0.504167 0.034375 0.0416667
0 0.0757812 0.8875 0.0328125 0.05
0 0.784375 0.0729167 0.03125 0.0416667
0 0.128125 0.186458 0.03125 0.0395833
0 0.109375 0.929167 0.034375 0.0458333
0 0.146094 0.384375 0.0328125 0.0395833
0 0.8875 0.589583 0.03125 0.0416667
0 0.982031 0.06875 0.0296875 0.0416667
0 0.799219 0.655208 0.0390625 0.0520833
0 0.278125 0.325 0.034375 0.0458333
0 0.30625 0.647917 0.046875 0.0541667
0 0.259375 0.890625 0.034375 0.0479167
0 0.714844 0.134375 0.0296875 0.0395833
0 0.717969 0.0645833 0.0390625 0.0541667
