0 0.95625 0.009375 0.04375 0.01875
1 0.976562 0.551042 0.046875 0.0895833
0 0.916406 0.3375 0.0203125 0.025
0 0.625781 0.009375 0.0296875 0.01875
0 0.976562 0.0114583 0.03125 0.0229167
0 0.35 0.807292 0.025 0.0395833
0 0.0125 0.376042 0.025 0.04375
0 0.984375 0.5625 0.025 0.0291667
0 0.009375 0.982292 0.01875 0.0354167
0 0.883594 0.7375 0.0234375 0.0333333
0 0.490625 0.0104167 0.03125 0.0208333
0 0.830469 0.9875 0.0296875 0.025
0 0.0882813 0.41875 0.0265625 0.0375
0 0.971875 0.534375 0.028125 0.0354167
0 0.174219 0.13125 0.0296875 0.0375
0 0.885938 0.676042 0.025 0.03125
0 0.857031 0.379167 0.0265625 0.0333333
0 0.958594 0.957292 0.0265625 0.0354167
0 0.123438 0.44375 0.0375 0.05
0 0.319531 0.788542 0.0359375 0.04375
0 0.855469 0.515625 0.0359375 0.04375
0 0.450781 0.594792 0.0265625 0.03125
0 0.785937 0.18125 0.034375 0.0458333
0 0.589844 0.0541667 0.0265625 0.0333333
0 0.540625 0.2625 0.028125 0.0416667
0 0.315625 0.752083 0.028125 0.0333333
0 0.517187 0.333333 0.025 0.0375
0 0.627344 0.934375 0.0328125 0.0479167
0 0.157813 0.6 0.028125 0.0416667
0 0.263281 0.817708 0.0390625 0.0520833
0 0.329688 0.497917 0.028125 0.0333333
0 0.777344 0.594792 0.0296875 0.0395833
0 0.597656 0.639583 0.0296875 0.0333333
0 0.603125 0.246875 0.03125 0.04375
0 0.872656 0.764583 0.0265625 0.0375
0 0.892187 0.9 0.028125 0.0375
0 0.103125 0.769792 0.028125 0.0354167
0 0.43125 0.427083 0.0375 0.05
0 0.053125 0.485417 0.03125 0.0416667
0 0.626562 0.514583 0.034375 0.0458333
0 0.836719 0.459375 0.0296875 0.0354167
0 0.200781 0.346875 0.0390625 0.0520833
0 0.152344 0.636458 0.0296875 0.0354167
0 0.796875 0.5125 0.03125 0.0416667
0 0.603125 0.505208 0.03125 0.04375
0 0.767187 0.638542 0.03125 0.0354167
0 0.415625 0.557292 0.0375 0.0479167
0 0.271094 0.0791667 0.0296875 0.0416667
0 0.146094 0.384375 0.0328125 0.04375
0 0.157813 0.0177083 0.034375 0.03125
0 0.560156 0.704167 0.0359375 0.0458333
0 0.319531 0.954167 0.0296875 0.0375
0 0.622656 0.0541667 0.0265625 0.0333333
0 0.0148437 0.738542 0.0296875 0.04375
0 0.536719 0.590625 0.0296875 0.04375
0 0.802344 0.227083 0.0328125 0.0416667
0 0.225781 0.477083 0.0328125 0.0375
0 0.56875 0.360417 0.040625 0.05
0 0.980469 0.0645833 0.0328125 0.0458333
0 0.888281 0.588542 0.0296875 0.0395833
0 0.799219 0.651042 0.0359375 0.0479167
0 0.784375 0.0708333 0.034375 0.0458333
0 0.260156 0.436458 0.0328125 0.0395833
0 0.288281 0.320833 0.0359375 0.05
0 0.0757812 0.886458 0.0328125 0.0479167
0 0.715625 0.144792 0.03125 0.04375
0 0.305469 0.645833 0.0421875 0.0541667
0 0.923437 0.230208 0.0375 0.0520833
0 0.109375 0.928125 0.034375 0.0479167
0 0.132812 0.679167 0.034375 0.0458333
0 0.128125 0.185417 0.03125 0.0416667
0 0.259375 0.888542 0.034375 0.0479167
0 0.170312 0.241667 0.0375 0.0416667
0 0.314063 0.904167 0.034375 0.0458333
0 0.719531 0.0614583 0.0390625 0.0520833
