0 0.0109375 0.376042 0.021875 0.04375
0 0.223438 0.991667 0.03125 0.0166667
0 0.983594 0.560417 0.0265625 0.0333333
0 0.122656 0.444792 0.0359375 0.0520833
0 0.229687 0.476042 0.025 0.0395833
0 0.914844 0.339583 0.0203125 0.025
0 0.489062 0.009375 0.028125 0.01875
0 0.975 0.0104167 0.03125 0.0166667
0 0.174219 0.132292 0.0265625 0.03125
0 0.622656 0.00729167 0.0296875 0.0145833
0 0.953906 0.952083 0.0265625 0.0375
0 0.564062 0.35 0.034375 0.0458333
0 0.317969 0.785417 0.0328125 0.0416667
0 0.0890625 0.41875 0.028125 0.0333333
0 0.157031 0.6 0.0265625 0.0375
0 0.922656 0.223958 0.0328125 0.04375
0 0.43125 0.146875 0.03125 0.0395833
0 0.941406 0.238542 0.0234375 0.0354167
0 0.154687 0.0197917 0.03125 0.03125
0 0.875 0.767708 0.025 0.0354167
0 0.299219 0.761458 0.0296875 0.0354167
0 0.766406 0.638542 0.0265625 0.03125
0 0.739062 0.357292 0.028125 0.0395833
0 0.146094 0.383333 0.0296875 0.0375
0 0.886719 0.5875 0.0296875 0.0416667
0 0.775781 0.551042 0.0265625 0.0354167
0 0.0765625 0.423958 0.025 0.0354167
0 0.501562 0.9875 0.034375 0.025
0 0.660156 0.655208 0.0265625 0.03125
0 0.514844 0.665625 0.0265625 0.0354167
0 0.0867188 0.925 0.0359375 0.0416667
0 0.83125 0.659375 0.025 0.0354167
0 0.38125 0.698958 0.028125 0.0395833
0 0.775 0.74375 0.028125 0.0375
0 0.602344 0.246875 0.0296875 0.0395833
0 0.785156 0.179167 0.0328125 0.0416667
0 0.175781 0.379167 0.0265625 0.0333333
0 0.796094 0.647917 0.0296875 0.0416667
0 0.647656 0.678125 0.0234375 0.03125
0 0.314844 0.913542 0.0296875 0.0395833
0 0.625781 0.514583 0.0359375 0.0458333
0 0.297656 0.2125 0.0296875 0.0416667
0 0.121094 0.2 0.0390625 0.0333333
0 0.502344 0.458333 0.0265625 0.0375
0 0.319531 0.296875 0.0296875 0.0395833
0 0.0539063 0.51875 0.0296875 0.0375
0 0.935156 0.0322917 0.0296875 0.0395833
0 0.221094 0.484375 0.0296875 0.0354167
0 0.603125 0.50625 0.03125 0.0375
0 0.264062 0.820833 0.040625 0.05
0 0.282031 0.31875 0.0296875 0.0416667
0 0.417188 0.614583 0.03125 0.0416667
0 0.589844 0.059375 0.0296875 0.0354167
0 0.853906 0.5125 0.0328125 0.0416667
0 0.414062 0.55 0.0375 0.05
0 0.746875 0.186458 0.028125 0.0395833
0 0.560156 0.704167 0.0328125 0.0416667
0 0.972656 0.533333 0.0296875 0.0416667
0 0.201562 0.354167 0.028125 0.0375
0 0.982813 0.065625 0.03125 0.04375
0 0.151562 0.6375 0.028125 0.0375
0 0.802344 0.226042 0.0296875 0.0395833
0 0.888281 0.673958 0.0234375 0.0270833
0 0.61875 0.0604167 0.028125 0.0375
0 0.146094 0.129167 0.0296875 0.0416667
0 0.270312 0.922917 0.028125 0.0375
0 0.702344 0.0458333 0.0359375 0.0458333
0 0.785937 0.0708333 0.03125 0.0458333
0 0.30625 0.645833 0.04375 0.0541667
0 0.2625 0.890625 0.034375 0.04375
0 0.158594 0.732292 0.0296875 0.0395833
0 0.0765625 0.888542 0.0375 0.0520833
0 0.128125 0.177083 0.03125 0.0375
0 0.108594 0.928125 0.0359375 0.0520833
0 0.428906 0.419792 0.0390625 0.0520833
