2 0.0945313 0.235417 0.0359375 0.0458333
0 0.958594 0.00729167 0.0390625 0.0145833
0 0.822656 0.857292 0.0296875 0.04375
0 0.917188 0.988542 0.034375 0.0229167
0 0.497656 0.988542 0.0359375 0.01875
0 0.0125 0.375 0.025 0.0458333
0 0.0953125 0.235417 0.0375 0.0458333
0 0.984375 0.560417 0.021875 0.0333333
0 0.626562 0.00833333 0.028125 0.0166667
0 0.751562 0.446875 0.025 0.03125
0 0.978125 0.0104167 0.028125 0.0208333
0 0.908594 0.009375 0.0296875 0.01875
0 0.410156 0.294792 0.0296875 0.0395833
0 0.854688 0.511458 0.034375 0.0395833
0 0.174219 0.13125 0.0296875 0.0375
0 0.491406 0.0104167 0.0296875 0.0208333
0 0.123438 0.442708 0.0375 0.0520833
0 0.886719 0.676042 0.0234375 0.03125
0 0.0882813 0.416667 0.0296875 0.0375
0 0.875 0.766667 0.028125 0.0375
0 0.148438 0.382292 0.03125 0.0395833
0 0.621875 0.6 0.021875 0.0291667
0 0.797656 0.653125 0.0296875 0.0354167
0 0.627344 0.6625 0.0265625 0.0333333
0 0.953906 0.951042 0.0265625 0.0354167
0 0.798437 0.439583 0.028125 0.0375
0 0.766406 0.638542 0.0265625 0.0270833
0 0.601562 0.247917 0.03125 0.0458333
0 0.346875 0.716667 0.03125 0.0416667
0 0.203906 0.357292 0.0265625 0.03125
0 0.372656 0.567708 0.0296875 0.0395833
0 0.904688 0.351042 0.028125 0.0354167
0 0.525 0.359375 0.025 0.0354167
0 0.834375 0.746875 0.028125 0.0354167
0 0.490625 0.633333 0.028125 0.0375
0 0.0523437 0.5 0.0328125 0.0458333
0 0.470313 0.222917 0.028125 0.0375
0 0.589844 0.0572917 0.0265625 0.03125
0 0.415625 0.553125 0.034375 0.04375
0 0.157813 0.6 0.028125 0.0416667
0 0.559375 0.702083 0.03125 0.0416667
0 0.553906 0.938542 0.0359375 0.0395833
0 0.730469 0.172917 0.0265625 0.0375
0 0.285156 0.14375 0.0296875 0.0416667
0 0.310156 0.902083 0.0296875 0.0416667
0 0.133594 0.392708 0.0265625 0.0354167
0 0.308594 0.833333 0.0265625 0.0333333
0 0.145313 0.219792 0.034375 0.0395833
0 0.0148437 0.788542 0.0296875 0.0395833
0 0.186719 0.357292 0.0328125 0.0354167
0 0.811719 0.627083 0.0265625 0.0333333
0 0.569531 0.347917 0.0390625 0.05
0 0.298438 0.363542 0.028125 0.0354167
0 0.785937 0.179167 0.034375 0.0458333
0 0.078125 0.885417 0.03125 0.0458333
0 0.621875 0.059375 0.025 0.0354167
0 0.802344 0.225 0.0328125 0.0416667
0 0.628125 0.514583 0.0375 0.0458333
0 0.152344 0.636458 0.0296875 0.0395833
0 0.30625 0.64375 0.04375 0.0541667
0 0.263281 0.821875 0.0390625 0.0479167
0 0.31875 0.786458 0.0375 0.04375
0 0.603906 0.508333 0.0328125 0.0416667
0 0.971875 0.533333 0.028125 0.0375
0 0.292969 0.9375 0.0296875 0.0375
0 0.982813 0.065625 0.03125 0.04375
0 0.889063 0.5875 0.03125 0.0416667
0 0.11875 0.0635417 0.034375 0.0479167
0 0.109375 0.927083 0.034375 0.0458333
0 0.430469 0.419792 0.0359375 0.0479167
0 0.15625 0.0197917 0.034375 0.0354167
0 0.288281 0.319792 0.0359375 0.0479167
0 0.128125 0.179167 0.03125 0.0416667
0 0.059375 0.841667 0.028125 0.0375
0 0.784375 0.0697917 0.034375 0.0479167
0 0.158594 0.703125 0.0328125 0.0395833
0 0.222656 0.484375 0.0328125 0.0395833
0 0.707031 0.0520833 0.0359375 0.0458333
0 0.925781 0.229167 0.0390625 0.0541667
0 0.261719 0.890625 0.0359375 0.0479167
