0 0.957812 0.00729167 0.0375 0.0145833
0 0.907031 0.00625 0.0265625 0.0125
0 0.921875 0.989583 0.034375 0.0208333
0 0.984375 0.560417 0.025 0.0333333
0 0.130469 0.777083 0.0234375 0.0291667
0 0.498437 0.988542 0.034375 0.01875
0 0.410937 0.294792 0.028125 0.0395833
0 0.0132813 0.375 0.0265625 0.0458333
0 0.85625 0.5125 0.034375 0.0416667
0 0.625781 0.00833333 0.0265625 0.0166667
0 0.4875 0.632292 0.028125 0.0354167
0 0.31875 0.788542 0.034375 0.04375
0 0.978125 0.009375 0.028125 0.01875
0 0.123438 0.442708 0.0375 0.0520833
0 0.491406 0.0104167 0.0296875 0.0208333
0 0.766406 0.438542 0.0265625 0.0354167
0 0.621875 0.601042 0.021875 0.0354167
0 0.0164062 0.779167 0.0265625 0.0375
0 0.954687 0.95 0.028125 0.0375
0 0.148438 0.383333 0.03125 0.0416667
0 0.0882813 0.417708 0.0296875 0.0354167
0 0.874219 0.766667 0.0265625 0.0375
0 0.567969 0.347917 0.0390625 0.05
0 0.886719 0.677083 0.0234375 0.0291667
0 0.173438 0.132292 0.028125 0.0354167
0 0.590625 0.0572917 0.025 0.03125
0 0.90625 0.342708 0.028125 0.0354167
0 0.601562 0.248958 0.03125 0.04375
0 0.523438 0.366667 0.028125 0.0375
0 0.766406 0.638542 0.0296875 0.03125
0 0.292188 0.152083 0.028125 0.0333333
0 0.796094 0.466667 0.0265625 0.0333333
0 0.815625 0.628125 0.025 0.03125
0 0.182812 0.352083 0.028125 0.0333333
0 0.263281 0.821875 0.0390625 0.0479167
0 0.796094 0.651042 0.0296875 0.0395833
0 0.122656 0.0708333 0.0359375 0.0416667
0 0.310156 0.903125 0.0296875 0.0395833
0 0.372656 0.569792 0.0296875 0.0395833
0 0.307031 0.828125 0.0265625 0.0354167
0 0.560156 0.702083 0.0328125 0.0416667
0 0.429688 0.420833 0.034375 0.0458333
0 0.829687 0.739583 0.028125 0.0375
0 0.603906 0.508333 0.0296875 0.0375
0 0.542969 0.954167 0.0328125 0.0375
0 0.349219 0.70625 0.0328125 0.0416667
0 0.132812 0.398958 0.028125 0.0354167
0 0.460156 0.239583 0.0328125 0.0416667
0 0.157813 0.6 0.028125 0.0416667
0 0.785937 0.180208 0.03125 0.04375
0 0.632031 0.657292 0.0265625 0.0354167
0 0.053125 0.501042 0.03125 0.04375
0 0.732031 0.176042 0.0265625 0.0354167
0 0.971875 0.533333 0.028125 0.0375
0 0.621875 0.0583333 0.025 0.0333333
0 0.203906 0.35625 0.0265625 0.0333333
0 0.889063 0.586458 0.03125 0.0395833
0 0.627344 0.513542 0.0359375 0.04375
0 0.802344 0.225 0.0328125 0.0416667
0 0.152344 0.636458 0.0296875 0.0395833
0 0.305469 0.64375 0.0453125 0.0541667
0 0.0773437 0.885417 0.0328125 0.05
0 0.414844 0.552083 0.0359375 0.0458333
0 0.142188 0.220833 0.034375 0.0416667
0 0.299219 0.355208 0.0296875 0.0395833
0 0.288281 0.31875 0.0328125 0.0458333
0 0.982813 0.0666667 0.03125 0.0416667
0 0.15625 0.0197917 0.034375 0.0354167
0 0.0578125 0.84375 0.03125 0.0416667
0 0.222656 0.484375 0.0296875 0.0395833
0 0.290625 0.936458 0.028125 0.0395833
0 0.707031 0.0541667 0.0328125 0.0458333
0 0.109375 0.928125 0.034375 0.0479167
0 0.785156 0.0697917 0.0328125 0.0479167
0 0.128906 0.180208 0.0296875 0.0395833
0 0.925 0.228125 0.0375 0.0520833
0 0.261719 0.890625 0.0359375 0.0479167
0 0.157813 0.70625 0.034375 0.0458333
