0 0.901563 0.742708 0.025 0.03125
0 0.45 0.509375 0.0375 0.0479167
0 0.892187 0.610417 0.028125 0.0416667
2 0.0914062 0.740625 0.0234375 0.0270833
0 0.959375 0.0104167 0.0375 0.0208333
0 0.990625 0.0197917 0.01875 0.0395833
0 0.764063 0.239583 0.03125 0.0416667
0 0.903906 0.00729167 0.0328125 0.0145833
0 0.228125 0.185417 0.021875 0.0375
0 0.604688 0.504167 0.0375 0.05
0 0.199219 0.35 0.0296875 0.0375
0 0.977344 0.366667 0.0234375 0.0333333
0 0.791406 0.00833333 0.0328125 0.0166667
0 0.0851562 0.420833 0.0296875 0.0333333
0 0.210938 0.510417 0.025 0.0333333
0 0.482812 0.0791667 0.025 0.0375
0 0.290625 0.344792 0.028125 0.0354167
1 0.971094 0.579167 0.0578125 0.0916667
0 0.7625 0.917708 0.03125 0.0395833
0 0.783594 0.341667 0.0234375 0.0375
0 0.1625 0.0104167 0.028125 0.0208333
0 0.495313 0.071875 0.025 0.0354167
0 0.151562 0.386458 0.03125 0.0395833
0 0.153125 0.648958 0.028125 0.0395833
0 0.953906 0.03125 0.0328125 0.0375
0 0.390625 0.71875 0.025 0.0375
0 0.0679687 0.897917 0.0328125 0.0375
0 0.564844 0.726042 0.0296875 0.0354167
0 0.813281 0.7375 0.0328125 0.0458333
0 0.536719 0.0166667 0.0390625 0.0333333
0 0.871875 0.765625 0.028125 0.0395833
0 0.225781 0.334375 0.0359375 0.0479167
0 0.7375 0.771875 0.025 0.0354167
0 0.0773437 0.2625 0.0296875 0.0416667
0 0.329688 0.944792 0.028125 0.0354167
0 0.1875 0.0208333 0.034375 0.0375
0 0.433594 0.635417 0.0296875 0.0375
0 0.975781 0.46875 0.0328125 0.0458333
0 0.440625 0.859375 0.034375 0.04375
0 0.0171875 0.533333 0.028125 0.0375
0 0.265625 0.469792 0.028125 0.0354167
0 0.676562 0.739583 0.028125 0.0333333
0 0.10625 0.63125 0.034375 0.0458333
0 0.658594 0.497917 0.0265625 0.0375
0 0.627344 0.301042 0.0296875 0.0479167
0 0.774219 0.671875 0.0359375 0.04375
0 0.0703125 0.116667 0.03125 0.0416667
0 0.864062 0.021875 0.03125 0.0354167
0 0.782812 0.279167 0.03125 0.0416667
0 0.354688 0.228125 0.03125 0.04375
0 0.964844 0.0854167 0.0296875 0.0416667
0 0.766406 0.257292 0.0296875 0.0395833
0 0.782031 0.120833 0.0328125 0.0458333
0 0.265625 0.897917 0.034375 0.05
0 0.113281 0.289583 0.0296875 0.0416667
0 0.655469 0.113542 0.0296875 0.0395833
0 0.690625 0.05625 0.03125 0.0416667
0 0.128125 0.233333 0.03125 0.0416667
0 0.900781 0.308333 0.0296875 0.0416667
0 0.641406 0.573958 0.0390625 0.0479167
0 0.949219 0.209375 0.0296875 0.04375
0 0.739844 0.130208 0.0359375 0.05625
0 0.583594 0.1 0.0296875 0.0375
0 0.0632813 0.189583 0.0296875 0.0458333
0 0.914062 0.269792 0.0375 0.0520833
