0 0.984375 0.5625 0.025 0.0291667
0 0.496875 0.9875 0.034375 0.0208333
0 0.0046875 0.808333 0.009375 0.0458333
0 0.0914062 0.416667 0.0265625 0.0333333
0 0.229687 0.478125 0.025 0.0395833
0 0.0117188 0.375 0.0234375 0.0458333
0 0.305469 0.792708 0.0265625 0.0395833
0 0.410937 0.294792 0.028125 0.0395833
0 0.951563 0.954167 0.025 0.0333333
0 0.624219 0.00833333 0.0265625 0.0166667
0 0.915625 0.336458 0.021875 0.0270833
0 0.174219 0.132292 0.0265625 0.03125
0 0.975781 0.0104167 0.0328125 0.0166667
0 0.492188 0.009375 0.028125 0.01875
0 0.767187 0.639583 0.028125 0.0333333
0 0.560938 0.704167 0.03125 0.0416667
0 0.926562 0.0125 0.03125 0.025
0 0.854688 0.511458 0.034375 0.04375
0 0.565625 0.346875 0.0375 0.0479167
0 0.319531 0.785417 0.0359375 0.0458333
0 0.123438 0.44375 0.0375 0.05
0 0.148438 0.383333 0.03125 0.0416667
0 0.371875 0.728125 0.03125 0.0354167
0 0.155469 0.01875 0.0296875 0.0291667
0 0.616406 0.632292 0.0265625 0.0395833
0 0.392188 0.59375 0.028125 0.0375
0 0.8875 0.5875 0.028125 0.0375
0 0.752344 0.403125 0.0296875 0.0395833
0 0.627344 0.514583 0.0359375 0.0458333
0 0.922656 0.292708 0.0265625 0.0354167
0 0.874219 0.766667 0.0265625 0.0375
0 0.795313 0.648958 0.03125 0.04375
0 0.601562 0.247917 0.03125 0.0458333
0 0.785156 0.178125 0.0328125 0.04375
0 0.279687 0.930208 0.028125 0.0395833
0 0.621094 0.0614583 0.0265625 0.0354167
0 0.202344 0.353125 0.0265625 0.03125
0 0.889844 0.675 0.0234375 0.0291667
0 0.157031 0.6 0.0265625 0.0375
0 0.646875 0.680208 0.028125 0.0354167
0 0.435937 0.198958 0.034375 0.04375
0 0.589844 0.0572917 0.0265625 0.0354167
0 0.803906 0.742708 0.0265625 0.0354167
0 0.296094 0.18125 0.0265625 0.0375
0 0.782812 0.495833 0.028125 0.0375
0 0.508594 0.413542 0.0265625 0.0395833
0 0.501562 0.654167 0.03125 0.0416667
0 0.416406 0.551042 0.0359375 0.0479167
0 0.971875 0.532292 0.028125 0.0354167
0 0.264062 0.820833 0.040625 0.05
0 0.10625 0.4125 0.028125 0.0375
0 0.0734375 0.884375 0.034375 0.0479167
0 0.182031 0.36875 0.0265625 0.0333333
0 0.152344 0.636458 0.0265625 0.0354167
0 0.285156 0.319792 0.0296875 0.04375
0 0.30625 0.644792 0.046875 0.05625
0 0.311719 0.908333 0.0296875 0.0375
0 0.430469 0.420833 0.0390625 0.05
0 0.802344 0.225 0.0296875 0.0375
0 0.308594 0.327083 0.0265625 0.0375
0 0.526563 0.971875 0.03125 0.04375
0 0.982031 0.065625 0.0296875 0.04375
0 0.263281 0.890625 0.0328125 0.0479167
0 0.132031 0.205208 0.0265625 0.0354167
0 0.0546875 0.510417 0.03125 0.0375
0 0.821875 0.639583 0.025 0.0333333
0 0.221875 0.484375 0.03125 0.0354167
0 0.603906 0.507292 0.0328125 0.0395833
0 0.739844 0.178125 0.0296875 0.0395833
0 0.785156 0.071875 0.0296875 0.04375
0 0.152344 0.726042 0.0296875 0.0395833
0 0.130469 0.0979167 0.0296875 0.0416667
0 0.126563 0.178125 0.028125 0.0354167
0 0.925 0.228125 0.0375 0.0520833
0 0.109375 0.928125 0.034375 0.0479167
0 0.704687 0.0489583 0.0375 0.0479167
