0 0.96875 0.0114583 0.0375 0.01875
0 0.902344 0.00625 0.0265625 0.0125
0 0.900781 0.74375 0.0234375 0.0333333
0 0.990625 0.0197917 0.01875 0.0395833
2 0.0921875 0.738542 0.025 0.0270833
0 0.892187 0.609375 0.028125 0.0395833
0 0.964063 0.592708 0.025 0.0354167
0 0.849219 0.00833333 0.0359375 0.0166667
0 0.95625 0.0104167 0.03125 0.0208333
0 0.604688 0.503125 0.0375 0.0520833
0 0.2 0.35 0.028125 0.0375
0 0.482031 0.08125 0.0265625 0.0375
0 0.45 0.509375 0.034375 0.0479167
0 0.228125 0.185417 0.025 0.0416667
0 0.226562 0.336458 0.034375 0.0479167
0 0.0851562 0.420833 0.0296875 0.0375
0 0.151562 0.648958 0.028125 0.0354167
0 0.978125 0.365625 0.021875 0.03125
0 0.2125 0.511458 0.025 0.0395833
0 0.951563 0.0291667 0.034375 0.0375
0 0.951563 0.485417 0.028125 0.0333333
0 0.385156 0.733333 0.0265625 0.0375
0 0.497656 0.0708333 0.0265625 0.0375
0 0.792188 0.009375 0.03125 0.01875
0 0.564844 0.727083 0.0296875 0.0375
0 0.739844 0.782292 0.0265625 0.0354167
1 0.971875 0.575 0.05625 0.0875
0 0.290625 0.344792 0.03125 0.0395833
0 0.673437 0.757292 0.025 0.03125
0 0.648438 0.502083 0.028125 0.0375
0 0.163281 0.0114583 0.0328125 0.0229167
0 0.151562 0.385417 0.03125 0.0416667
0 0.783594 0.276042 0.0296875 0.04375
0 0.0679687 0.897917 0.0328125 0.0375
0 0.110937 0.617708 0.03125 0.04375
0 0.792188 0.326042 0.025 0.0354167
0 0.330469 0.944792 0.0265625 0.0354167
0 0.758594 0.920833 0.0296875 0.0375
0 0.763281 0.252083 0.0328125 0.0458333
0 0.535937 0.0166667 0.040625 0.0333333
0 0.871875 0.765625 0.028125 0.0395833
0 0.960156 0.210417 0.0328125 0.0416667
0 0.432813 0.635417 0.028125 0.0375
0 0.128906 0.232292 0.0296875 0.0395833
0 0.0257812 0.522917 0.0296875 0.0375
0 0.775 0.671875 0.034375 0.0395833
0 0.641406 0.573958 0.0390625 0.0479167
0 0.0804688 0.267708 0.0296875 0.0395833
0 0.0695312 0.148958 0.0328125 0.04375
0 0.438281 0.85625 0.0328125 0.0458333
0 0.78125 0.119792 0.03125 0.04375
0 0.965625 0.0854167 0.028125 0.0375
0 0.266406 0.897917 0.0359375 0.0541667
0 0.269531 0.451042 0.0328125 0.0395833
0 0.902344 0.322917 0.0296875 0.0375
0 0.627344 0.302083 0.0296875 0.0458333
0 0.372656 0.242708 0.0328125 0.04375
0 0.190625 0.0260417 0.034375 0.04375
0 0.05 0.192708 0.03125 0.04375
0 0.697656 0.0604167 0.0296875 0.0375
0 0.813281 0.736458 0.0359375 0.0479167
0 0.122656 0.3 0.0328125 0.0458333
0 0.584375 0.1 0.03125 0.0375
0 0.742969 0.128125 0.0390625 0.05625
0 0.655469 0.1125 0.0328125 0.0416667
0 0.914062 0.271875 0.04375 0.05625
