0 0.958594 0.00729167 0.0421875 0.0145833
0 0.920313 0.989583 0.034375 0.0208333
0 0.410937 0.294792 0.028125 0.0395833
0 0.257031 0.986458 0.0234375 0.0270833
0 0.453906 0.233333 0.0296875 0.0458333
0 0.129688 0.776042 0.025 0.03125
0 0.916406 0.3375 0.0171875 0.0208333
0 0.0117188 0.373958 0.0234375 0.0479167
0 0.499219 0.988542 0.0359375 0.01875
0 0.8875 0.679167 0.021875 0.0291667
0 0.985156 0.5625 0.0234375 0.0333333
0 0.491406 0.009375 0.0296875 0.01875
0 0.853906 0.511458 0.0328125 0.0395833
0 0.625781 0.00833333 0.0265625 0.0166667
0 0.977344 0.009375 0.0296875 0.01875
0 0.711719 0.155208 0.0203125 0.0354167
0 0.814062 0.471875 0.025 0.03125
0 0.889063 0.588542 0.028125 0.0354167
0 0.621094 0.59375 0.0265625 0.0375
0 0.124219 0.442708 0.0359375 0.0520833
0 0.764063 0.427083 0.028125 0.0375
0 0.953906 0.95 0.0265625 0.0375
0 0.0882813 0.417708 0.0296875 0.0354167
0 0.320312 0.7875 0.034375 0.0416667
0 0.174219 0.13125 0.0296875 0.0375
0 0.149219 0.382292 0.0328125 0.0395833
0 0.123438 0.396875 0.028125 0.04375
0 0.636719 0.645833 0.0234375 0.0333333
0 0.897656 0.31875 0.0265625 0.0375
0 0.796094 0.65 0.0296875 0.0416667
0 0.354688 0.7125 0.028125 0.0375
0 0.602344 0.248958 0.0328125 0.04375
0 0.0109375 0.789583 0.021875 0.0416667
0 0.767969 0.639583 0.0296875 0.0333333
0 0.873438 0.767708 0.025 0.0354167
0 0.566406 0.347917 0.0390625 0.05
0 0.311719 0.90625 0.0265625 0.0333333
0 0.559375 0.703125 0.03125 0.0395833
0 0.824219 0.7375 0.0296875 0.0375
0 0.182031 0.352083 0.0265625 0.0333333
0 0.203125 0.35625 0.028125 0.0333333
0 0.135937 0.219792 0.03125 0.0395833
0 0.590625 0.05625 0.025 0.0333333
0 0.263281 0.821875 0.0390625 0.0479167
0 0.157813 0.01875 0.03125 0.0333333
0 0.514063 0.376042 0.028125 0.0395833
0 0.548437 0.964583 0.0375 0.0541667
0 0.819531 0.63125 0.0265625 0.0333333
0 0.786719 0.179167 0.0328125 0.0458333
0 0.303125 0.820833 0.028125 0.0333333
0 0.415625 0.552083 0.034375 0.0458333
0 0.2875 0.31875 0.034375 0.0458333
0 0.157813 0.6 0.028125 0.0375
0 0.290625 0.157292 0.028125 0.0354167
0 0.305469 0.352083 0.0265625 0.0333333
0 0.132031 0.071875 0.0359375 0.04375
0 0.803125 0.225 0.03125 0.0416667
0 0.382812 0.573958 0.028125 0.0354167
0 0.627344 0.514583 0.0359375 0.0458333
0 0.289062 0.936458 0.028125 0.0354167
0 0.621094 0.0583333 0.0265625 0.0333333
0 0.053125 0.504167 0.03125 0.0416667
0 0.971875 0.533333 0.028125 0.0375
0 0.496094 0.634375 0.0265625 0.0354167
0 0.0671875 0.846875 0.028125 0.0395833
0 0.603906 0.508333 0.0296875 0.0375
0 0.152344 0.636458 0.0296875 0.0354167
0 0.982813 0.0666667 0.03125 0.0416667
0 0.707031 0.0520833 0.0359375 0.0458333
0 0.0773437 0.885417 0.0328125 0.05
0 0.128125 0.179167 0.028125 0.0375
0 0.734375 0.177083 0.028125 0.0375
0 0.109375 0.928125 0.034375 0.0479167
0 0.305469 0.64375 0.0484375 0.0583333
0 0.43125 0.41875 0.0375 0.05
0 0.785156 0.0697917 0.0328125 0.0479167
0 0.221875 0.484375 0.03125 0.0354167
0 0.155469 0.711458 0.0328125 0.04375
0 0.925 0.228125 0.0375 0.0520833
0 0.263281 0.891667 0.0359375 0.05
