0 0.577344 0.9875 0.0421875 0.0208333
0 0.816406 0.851042 0.0296875 0.0395833
0 0.154687 0.24375 0.025 0.0333333
0 0.975 0.009375 0.025 0.01875
0 0.563281 0.695833 0.0296875 0.0416667
0 0.11875 0.4375 0.0375 0.05
0 0.763281 0.63125 0.0265625 0.0291667
0 0.0882813 0.415625 0.0265625 0.0354167
0 0.307813 0.640625 0.034375 0.04375
0 0.364844 0.00833333 0.0296875 0.0166667
0 0.2875 0.64375 0.028125 0.0416667
0 0.782031 0.170833 0.0328125 0.0416667
0 0.157031 0.598958 0.0296875 0.0395833
0 0.147656 0.395833 0.0296875 0.0375
0 0.957812 0.942708 0.03125 0.04375
0 0.169531 0.132292 0.0265625 0.0354167
0 0.507812 0.986458 0.0375 0.0229167
0 0.150781 0.635417 0.0265625 0.0375
0 0.604688 0.507292 0.03125 0.0395833
0 0.0296875 0.988542 0.034375 0.0229167
0 0.790625 0.636458 0.03125 0.0395833
0 0.507031 0.654167 0.0265625 0.0333333
0 0.625 0.504167 0.034375 0.0416667
0 0.597656 0.0552083 0.0296875 0.0395833
0 0.774219 0.215625 0.0296875 0.04375
0 0.703125 0.227083 0.025 0.0291667
0 0.885938 0.584375 0.028125 0.0395833
0 0.428125 0.696875 0.028125 0.0354167
0 0.691406 0.74375 0.0265625 0.0333333
0 0.613281 0.977083 0.0328125 0.0375
0 0.721094 0.675 0.0265625 0.0333333
0 0.863281 0.683333 0.0265625 0.0333333
0 0.315625 0.786458 0.0375 0.04375
0 0.467969 0.617708 0.0265625 0.0354167
0 0.264062 0.816667 0.040625 0.0541667
0 0.700781 0.655208 0.0296875 0.0354167
0 0.259375 0.886458 0.034375 0.0520833
0 0.874219 0.766667 0.0265625 0.0375
0 0.853906 0.507292 0.0359375 0.04375
0 0.152344 0.021875 0.0296875 0.03125
0 0.883594 0.664583 0.0234375 0.0291667
0 0.745313 0.665625 0.025 0.03125
0 0.988281 0.040625 0.0234375 0.0354167
0 0.0398437 0.526042 0.0328125 0.04375
0 0.177344 0.88125 0.0296875 0.0375
0 0.127344 0.166667 0.0296875 0.0375
0 0.560156 0.716667 0.0296875 0.0375
0 0.315625 0.320833 0.028125 0.0375
0 0.173438 0.769792 0.03125 0.0395833
0 0.601562 0.241667 0.03125 0.0458333
0 0.533594 0.075 0.0265625 0.0375
0 0.30625 0.914583 0.03125 0.0458333
0 0.802344 0.215625 0.0328125 0.04375
0 0.785156 0.0645833 0.0296875 0.0416667
0 0.960156 0.102083 0.0296875 0.0375
0 0.415625 0.546875 0.0375 0.0479167
0 0.246875 0.892708 0.03125 0.0395833
0 0.201562 0.354167 0.028125 0.0333333
0 0.566406 0.338542 0.0359375 0.04375
0 0.351562 0.16875 0.034375 0.05
0 0.221875 0.478125 0.028125 0.0354167
0 0.427344 0.411458 0.0359375 0.0520833
0 0.144531 0.377083 0.0296875 0.0375
0 0.203906 0.223958 0.0328125 0.0395833
0 0.617188 0.0520833 0.028125 0.0416667
0 0.282031 0.316667 0.0328125 0.0458333
0 0.980469 0.0604167 0.0265625 0.0416667
0 0.0671875 0.88125 0.034375 0.05
0 0.10625 0.926042 0.034375 0.04375
0 0.917969 0.216667 0.0359375 0.05
0 0.69375 0.0302083 0.040625 0.0520833
0 0.0804688 0.1375 0.0359375 0.05
