0 0.967969 0.0114583 0.0359375 0.01875
1 0.965625 0.0239583 0.065625 0.0479167
0 0.989062 0.0114583 0.021875 0.0229167
0 0.903125 0.00729167 0.028125 0.0145833
0 0.152344 0.8125 0.0421875 0.0625
2 0.0921875 0.739583 0.025 0.0291667
0 0.257031 0.842708 0.0359375 0.04375
0 0.901563 0.742708 0.025 0.03125
0 0.95625 0.0104167 0.03125 0.0208333
0 0.604688 0.504167 0.0375 0.05
0 0.199219 0.35 0.0296875 0.0375
0 0.228125 0.186458 0.021875 0.0395833
0 0.291406 0.344792 0.0296875 0.0395833
0 0.978125 0.365625 0.021875 0.03125
0 0.226562 0.335417 0.0375 0.0458333
1 0.971875 0.577083 0.05625 0.0916667
0 0.45 0.511458 0.0375 0.0479167
0 0.0851562 0.420833 0.0296875 0.0375
0 0.482031 0.08125 0.0265625 0.0375
0 0.792188 0.009375 0.03125 0.01875
0 0.153906 0.652083 0.0265625 0.0333333
0 0.564062 0.726042 0.03125 0.0395833
0 0.951563 0.0291667 0.034375 0.0375
0 0.760938 0.919792 0.028125 0.0354167
0 0.151562 0.385417 0.03125 0.0416667
0 0.382812 0.725 0.025 0.0375
0 0.161719 0.0125 0.0296875 0.025
0 0.214062 0.514583 0.03125 0.0416667
0 0.963281 0.480208 0.0328125 0.04375
0 0.103906 0.623958 0.0328125 0.04375
0 0.0226563 0.526042 0.0328125 0.0395833
0 0.497656 0.071875 0.0265625 0.0354167
0 0.535937 0.0166667 0.040625 0.0333333
0 0.650781 0.505208 0.0296875 0.0395833
0 0.367969 0.235417 0.0296875 0.0375
0 0.789844 0.326042 0.0265625 0.0395833
0 0.0664062 0.896875 0.0328125 0.0395833
0 0.871875 0.765625 0.028125 0.0395833
0 0.432813 0.635417 0.028125 0.0375
0 0.263281 0.453125 0.0296875 0.0354167
0 0.330469 0.944792 0.0296875 0.0354167
0 0.678906 0.758333 0.0265625 0.0333333
0 0.078125 0.263542 0.03125 0.04375
0 0.783594 0.277083 0.0296875 0.0416667
0 0.4375 0.858333 0.03125 0.0416667
0 0.855469 0.0145833 0.0296875 0.0291667
0 0.188281 0.0229167 0.0328125 0.0416667
0 0.642187 0.573958 0.0375 0.0479167
0 0.7375 0.779167 0.025 0.0375
0 0.691406 0.0604167 0.0296875 0.0375
0 0.117969 0.290625 0.0296875 0.0354167
0 0.954687 0.203125 0.03125 0.0395833
0 0.965625 0.0854167 0.028125 0.0375
0 0.626562 0.301042 0.03125 0.0479167
0 0.128125 0.232292 0.03125 0.0395833
0 0.765625 0.248958 0.034375 0.0479167
0 0.0664062 0.140625 0.0296875 0.0395833
0 0.902344 0.313542 0.0296875 0.04375
0 0.78125 0.119792 0.03125 0.04375
0 0.813281 0.7375 0.0328125 0.0458333
0 0.0554687 0.191667 0.0328125 0.0416667
0 0.775 0.672917 0.034375 0.0416667
0 0.742188 0.130208 0.0375 0.05625
0 0.655469 0.1125 0.0328125 0.0416667
0 0.265625 0.897917 0.0375 0.0541667
0 0.584375 0.1 0.03125 0.0375
0 0.915625 0.270833 0.040625 0.0541667
