0 0.35 0.807292 0.025 0.0354167
0 0.496875 0.9875 0.0375 0.0208333
0 0.915625 0.338542 0.021875 0.0270833
0 0.0125 0.373958 0.025 0.04375
0 0.0945313 0.415625 0.0265625 0.03125
0 0.952344 0.954167 0.0234375 0.0333333
0 0.623438 0.009375 0.03125 0.0145833
0 0.410156 0.294792 0.0296875 0.0395833
0 0.30625 0.790625 0.028125 0.0395833
0 0.975 0.009375 0.034375 0.01875
0 0.492188 0.009375 0.028125 0.01875
0 0.174219 0.132292 0.0265625 0.03125
0 0.560938 0.704167 0.03125 0.0416667
0 0.767187 0.639583 0.028125 0.0333333
0 0.15625 0.0197917 0.028125 0.0270833
0 0.854688 0.511458 0.034375 0.04375
0 0.148438 0.382292 0.03125 0.0395833
0 0.747656 0.408333 0.0296875 0.0375
0 0.651563 0.68125 0.028125 0.0333333
0 0.319531 0.784375 0.0359375 0.0479167
0 0.785156 0.178125 0.0328125 0.04375
0 0.873438 0.766667 0.028125 0.0416667
0 0.929688 0.294792 0.028125 0.0354167
0 0.785156 0.505208 0.0265625 0.0354167
0 0.104687 0.413542 0.025 0.03125
0 0.929688 0.0145833 0.028125 0.025
0 0.157031 0.6 0.0265625 0.0375
0 0.889063 0.675 0.025 0.0291667
0 0.971875 0.532292 0.028125 0.0354167
0 0.373437 0.725 0.03125 0.0375
0 0.503125 0.65 0.028125 0.0375
0 0.627344 0.513542 0.0359375 0.0479167
0 0.888281 0.5875 0.0296875 0.0416667
0 0.123438 0.445833 0.0375 0.05
0 0.435937 0.2 0.034375 0.0416667
0 0.602344 0.247917 0.0328125 0.0458333
0 0.621094 0.0604167 0.0265625 0.0375
0 0.13125 0.204167 0.025 0.0333333
0 0.310937 0.327083 0.028125 0.0375
0 0.278906 0.93125 0.0296875 0.0416667
0 0.201562 0.354167 0.025 0.0291667
0 0.589844 0.0572917 0.0265625 0.0354167
0 0.821094 0.636458 0.0265625 0.0354167
0 0.796094 0.647917 0.0328125 0.0458333
0 0.294531 0.183333 0.0296875 0.0375
0 0.0757812 0.886458 0.0359375 0.0479167
0 0.182031 0.370833 0.0265625 0.0333333
0 0.509375 0.415625 0.025 0.0354167
0 0.30625 0.644792 0.046875 0.05625
0 0.61875 0.639583 0.028125 0.0375
0 0.396094 0.598958 0.0296875 0.0395833
0 0.565625 0.347917 0.0375 0.05
0 0.284375 0.31875 0.028125 0.0416667
0 0.152344 0.636458 0.0265625 0.0354167
0 0.0554687 0.511458 0.0296875 0.0354167
0 0.801562 0.225 0.03125 0.0375
0 0.415625 0.55 0.034375 0.0458333
0 0.263281 0.889583 0.0328125 0.05
0 0.264062 0.821875 0.040625 0.0520833
0 0.526563 0.975 0.034375 0.0458333
0 0.982813 0.065625 0.03125 0.04375
0 0.800781 0.741667 0.0296875 0.0375
0 0.314063 0.909375 0.03125 0.0395833
0 0.603906 0.50625 0.0328125 0.0416667
0 0.132812 0.0979167 0.03125 0.0416667
0 0.126563 0.177083 0.028125 0.0333333
0 0.740625 0.179167 0.03125 0.0416667
0 0.43125 0.419792 0.0375 0.0479167
0 0.221875 0.484375 0.03125 0.0354167
0 0.785937 0.0708333 0.03125 0.0458333
0 0.150781 0.726042 0.0296875 0.0395833
0 0.110156 0.928125 0.0359375 0.0479167
0 0.703906 0.0479167 0.0390625 0.05
0 0.925781 0.228125 0.0390625 0.0520833
