0 0.666406 0.842708 0.0234375 0.0354167
0 0.009375 0.373958 0.01875 0.0479167
1 0.976562 0.541667 0.046875 0.075
0 0.123438 0.44375 0.034375 0.0541667
0 0.983594 0.559375 0.0265625 0.03125
0 0.489062 0.00833333 0.028125 0.0166667
0 0.0976562 0.98125 0.0390625 0.0333333
0 0.953906 0.00729167 0.0359375 0.0145833
0 0.210156 0.964583 0.0265625 0.0416667
0 0.911719 0.336458 0.0203125 0.0270833
0 0.975781 0.0104167 0.0328125 0.0166667
0 0.159375 0.8125 0.04375 0.0541667
0 0.621875 0.00729167 0.03125 0.0145833
0 0.739844 0.33125 0.0265625 0.0375
0 0.0867188 0.415625 0.0265625 0.0354167
0 0.953906 0.953125 0.0265625 0.0395833
0 0.426562 0.111458 0.03125 0.0395833
0 0.885938 0.5875 0.03125 0.0416667
0 0.161719 0.36875 0.0265625 0.0375
0 0.0867188 0.957292 0.0296875 0.0354167
0 0.767187 0.6375 0.028125 0.0333333
0 0.952344 0.2 0.0265625 0.0333333
0 0.157031 0.6 0.0265625 0.0375
0 0.49375 0.489583 0.025 0.0333333
0 0.874219 0.766667 0.0265625 0.0375
0 0.757812 0.746875 0.025 0.0354167
0 0.519531 0.682292 0.0234375 0.03125
0 0.603125 0.50625 0.028125 0.0375
0 0.753125 0.564583 0.028125 0.0375
0 0.971875 0.532292 0.028125 0.0354167
0 0.392188 0.703125 0.03125 0.0354167
0 0.154687 0.0177083 0.03125 0.03125
0 0.675 0.6625 0.03125 0.0375
0 0.589844 0.059375 0.0296875 0.0354167
0 0.853906 0.510417 0.0359375 0.0458333
0 0.561719 0.705208 0.0328125 0.0395833
0 0.441406 0.61875 0.0296875 0.0333333
0 0.626562 0.510417 0.034375 0.0458333
0 0.311719 0.915625 0.0265625 0.0395833
0 0.14375 0.385417 0.028125 0.0375
0 0.298438 0.736458 0.028125 0.0354167
0 0.152344 0.636458 0.0265625 0.0354167
0 0.935156 0.0489583 0.0234375 0.0354167
0 0.264062 0.91875 0.028125 0.0375
0 0.602344 0.246875 0.0328125 0.04375
0 0.784375 0.176042 0.034375 0.04375
0 0.414062 0.547917 0.0375 0.05
0 0.565625 0.348958 0.0375 0.0479167
0 0.61875 0.0583333 0.028125 0.0375
0 0.290625 0.244792 0.028125 0.0395833
0 0.840625 0.658333 0.028125 0.0333333
0 0.325781 0.269792 0.0328125 0.04375
0 0.0578125 0.444792 0.028125 0.0354167
0 0.8875 0.671875 0.025 0.0354167
0 0.982031 0.065625 0.0296875 0.04375
0 0.801562 0.222917 0.03125 0.0375
0 0.158594 0.144792 0.0296875 0.0395833
0 0.700781 0.046875 0.0390625 0.0520833
0 0.283594 0.31875 0.0328125 0.0458333
0 0.0453125 0.514583 0.03125 0.0416667
0 0.317187 0.784375 0.034375 0.0479167
0 0.122656 0.177083 0.0328125 0.0416667
0 0.785156 0.0697917 0.0328125 0.0479167
0 0.201562 0.353125 0.028125 0.0354167
0 0.261719 0.888542 0.0328125 0.04375
0 0.0695312 0.8875 0.0328125 0.0458333
0 0.747656 0.196875 0.0296875 0.04375
0 0.108594 0.926042 0.0390625 0.0520833
0 0.221875 0.482292 0.03125 0.0354167
0 0.264062 0.819792 0.040625 0.0520833
0 0.161719 0.740625 0.0328125 0.0395833
0 0.30625 0.644792 0.04375 0.05625
0 0.796875 0.644792 0.03125 0.04375
0 0.427344 0.417708 0.0359375 0.0520833
0 0.925781 0.223958 0.0359375 0.0479167
