0 0.9875 0.341667 0.025 0.0458333
0 0.009375 0.376042 0.01875 0.04375
0 0.123438 0.44375 0.034375 0.0541667
0 0.349219 0.80625 0.0234375 0.0333333
0 0.953906 0.00833333 0.0328125 0.0166667
0 0.913281 0.3375 0.0203125 0.025
0 0.975781 0.009375 0.0296875 0.01875
0 0.489062 0.009375 0.028125 0.01875
0 0.0875 0.416667 0.025 0.0333333
0 0.173438 0.132292 0.028125 0.0354167
0 0.954687 0.953125 0.028125 0.0395833
0 0.621875 0.00729167 0.03125 0.0145833
0 0.427344 0.604167 0.0265625 0.0333333
0 0.317187 0.289583 0.028125 0.0375
0 0.382031 0.702083 0.0234375 0.0333333
0 0.298438 0.754167 0.028125 0.0333333
0 0.853906 0.5125 0.0328125 0.0416667
0 0.172656 0.378125 0.0234375 0.03125
0 0.210938 0.986458 0.03125 0.0270833
0 0.492188 0.980208 0.03125 0.0354167
0 0.875 0.767708 0.028125 0.0395833
0 0.291406 0.216667 0.0296875 0.0375
0 0.157031 0.6 0.0265625 0.0375
0 0.317969 0.785417 0.0328125 0.0416667
0 0.153906 0.0197917 0.0328125 0.03125
0 0.772656 0.747917 0.0265625 0.0333333
0 0.971875 0.532292 0.03125 0.0395833
0 0.144531 0.383333 0.0296875 0.0375
0 0.521094 0.655208 0.0265625 0.0354167
0 0.564844 0.35 0.0328125 0.0458333
0 0.113281 0.195833 0.0296875 0.0375
0 0.944531 0.229167 0.0265625 0.0375
0 0.414844 0.548958 0.0359375 0.0479167
0 0.834375 0.647917 0.028125 0.0375
0 0.777344 0.552083 0.0265625 0.0375
0 0.766406 0.641667 0.0296875 0.0333333
0 0.428906 0.41875 0.0359375 0.05
0 0.496875 0.467708 0.025 0.0354167
0 0.658594 0.653125 0.0296875 0.0354167
0 0.560938 0.703125 0.034375 0.04375
0 0.603906 0.505208 0.0296875 0.0395833
0 0.284375 0.31875 0.034375 0.0458333
0 0.601562 0.245833 0.03125 0.0416667
0 0.314063 0.914583 0.028125 0.0375
0 0.0539063 0.516667 0.0296875 0.0375
0 0.439844 0.133333 0.0328125 0.0416667
0 0.922656 0.222917 0.0359375 0.05
0 0.941406 0.03125 0.0296875 0.0375
0 0.732813 0.360417 0.03125 0.0458333
0 0.886719 0.5875 0.0328125 0.0416667
0 0.078125 0.9375 0.028125 0.0375
0 0.785156 0.177083 0.0328125 0.0416667
0 0.151562 0.636458 0.028125 0.0354167
0 0.147656 0.13125 0.0296875 0.0416667
0 0.264062 0.820833 0.040625 0.05
0 0.65625 0.676042 0.028125 0.0354167
0 0.617969 0.0604167 0.0296875 0.0375
0 0.626562 0.5125 0.034375 0.0458333
0 0.746875 0.19375 0.028125 0.0416667
0 0.589063 0.059375 0.028125 0.0354167
0 0.796875 0.647917 0.03125 0.0416667
0 0.982813 0.065625 0.03125 0.0479167
0 0.888281 0.672917 0.0265625 0.0333333
0 0.201562 0.35625 0.028125 0.0375
0 0.26875 0.923958 0.028125 0.0354167
0 0.157813 0.7375 0.03125 0.0416667
0 0.802344 0.225 0.0328125 0.0416667
0 0.785937 0.0697917 0.034375 0.0479167
0 0.222656 0.483333 0.0296875 0.0375
0 0.702344 0.046875 0.0390625 0.0520833
0 0.2625 0.888542 0.034375 0.04375
0 0.305469 0.644792 0.0421875 0.0520833
0 0.126563 0.176042 0.03125 0.0354167
0 0.06875 0.436458 0.028125 0.0395833
0 0.108594 0.928125 0.0359375 0.0479167
0 0.0773437 0.890625 0.0328125 0.0479167
