0 0.576563 0.988542 0.040625 0.0229167
0 0.153906 0.244792 0.0234375 0.03125
0 0.11875 0.438542 0.034375 0.0479167
0 0.974219 0.009375 0.0265625 0.01875
0 0.992969 0.611458 0.0140625 0.0354167
0 0.564062 0.696875 0.028125 0.0395833
0 0.364062 0.00833333 0.028125 0.0166667
0 0.289062 0.642708 0.028125 0.0395833
0 0.307031 0.640625 0.0328125 0.04375
0 0.0304688 0.990625 0.0328125 0.01875
0 0.958594 0.942708 0.0328125 0.04375
0 0.7625 0.632292 0.025 0.0270833
0 0.507812 0.985417 0.0375 0.025
0 0.15625 0.598958 0.028125 0.0395833
0 0.0882813 0.417708 0.0265625 0.0354167
0 0.605469 0.507292 0.0296875 0.0354167
0 0.990625 0.040625 0.01875 0.0395833
0 0.150781 0.635417 0.0265625 0.0375
0 0.625 0.502083 0.03125 0.0375
0 0.690625 0.74375 0.028125 0.0333333
0 0.560156 0.71875 0.0234375 0.0291667
0 0.316406 0.786458 0.0359375 0.04375
0 0.147656 0.4 0.0265625 0.0333333
0 0.152344 0.0208333 0.0296875 0.0333333
0 0.699219 0.229167 0.0234375 0.0291667
0 0.885156 0.585417 0.0296875 0.0375
0 0.469531 0.620833 0.0234375 0.0333333
0 0.175 0.767708 0.03125 0.04375
0 0.508594 0.655208 0.0265625 0.03125
0 0.596875 0.0572917 0.028125 0.0395833
0 0.260156 0.880208 0.0296875 0.04375
0 0.775 0.217708 0.034375 0.0479167
0 0.853125 0.507292 0.034375 0.0395833
0 0.714844 0.672917 0.0234375 0.0291667
0 0.883594 0.664583 0.0234375 0.0291667
0 0.566406 0.3375 0.0359375 0.0458333
0 0.616406 0.98125 0.0328125 0.0375
0 0.264844 0.816667 0.0390625 0.0541667
0 0.790625 0.636458 0.03125 0.0395833
0 0.430469 0.696875 0.0296875 0.0395833
0 0.701563 0.65 0.025 0.0291667
0 0.169531 0.132292 0.0265625 0.0354167
0 0.874219 0.766667 0.0265625 0.0375
0 0.145313 0.376042 0.028125 0.0354167
0 0.534375 0.0760417 0.025 0.0354167
0 0.752344 0.666667 0.0234375 0.0291667
0 0.416406 0.546875 0.0359375 0.0479167
0 0.205469 0.227083 0.0296875 0.0375
0 0.782812 0.169792 0.034375 0.04375
0 0.865625 0.684375 0.028125 0.03125
0 0.128125 0.166667 0.028125 0.0375
0 0.177344 0.879167 0.0296875 0.0375
0 0.602344 0.240625 0.0296875 0.04375
0 0.316406 0.325 0.0265625 0.0375
0 0.802344 0.214583 0.0328125 0.0416667
0 0.785156 0.0645833 0.0296875 0.0416667
0 0.0382813 0.527083 0.0328125 0.0458333
0 0.201562 0.355208 0.025 0.03125
0 0.428125 0.411458 0.034375 0.0479167
0 0.30625 0.913542 0.03125 0.04375
0 0.353125 0.167708 0.03125 0.04375
0 0.617188 0.0520833 0.028125 0.0416667
0 0.246094 0.892708 0.0296875 0.0395833
0 0.221875 0.479167 0.028125 0.0375
0 0.282031 0.315625 0.0328125 0.04375
0 0.0671875 0.882292 0.034375 0.0479167
0 0.10625 0.925 0.034375 0.0458333
0 0.917969 0.216667 0.0359375 0.05
0 0.692969 0.0270833 0.0390625 0.0458333
0 0.980469 0.0604167 0.0265625 0.0416667
0 0.957812 0.104167 0.03125 0.0416667
0 0.0804688 0.135417 0.0359375 0.0458333
