0 0.491406 0.435417 0.0203125 0.0333333
0 0.409375 0.292708 0.028125 0.0395833
0 0.119531 0.440625 0.0359375 0.0479167
1 0.976562 0.542708 0.046875 0.08125
0 0.558594 0.695833 0.0296875 0.0333333
0 0.953125 0.00833333 0.0375 0.0166667
0 0.972656 0.527083 0.0328125 0.0416667
0 0.565625 0.339583 0.034375 0.0458333
0 0.765625 0.632292 0.028125 0.03125
0 0.316406 0.785417 0.0359375 0.05
0 0.985937 0.557292 0.025 0.03125
0 0.264844 0.817708 0.0359375 0.0479167
0 0.157031 0.402083 0.0265625 0.0333333
0 0.505469 0.985417 0.0390625 0.025
0 0.489844 0.648958 0.0265625 0.03125
0 0.960156 0.0729167 0.0234375 0.0375
0 0.885938 0.665625 0.025 0.03125
0 0.710156 0.74375 0.0265625 0.0333333
0 0.614062 0.986458 0.03125 0.0270833
0 0.972656 0.0104167 0.0296875 0.0166667
0 0.474219 0.582292 0.0265625 0.0395833
0 0.0867188 0.416667 0.0265625 0.0333333
0 0.157031 0.598958 0.0265625 0.0395833
0 0.150781 0.636458 0.0265625 0.0354167
0 0.382812 0.0375 0.025 0.0333333
0 0.421875 0.692708 0.028125 0.0354167
0 0.292969 0.672917 0.0265625 0.0333333
0 0.170312 0.130208 0.025 0.03125
0 0.189063 0.90625 0.025 0.0291667
0 0.982031 0.0635417 0.0265625 0.0395833
0 0.604688 0.507292 0.03125 0.0395833
0 0.153906 0.01875 0.0296875 0.0291667
0 0.415625 0.547917 0.03125 0.0416667
0 0.725781 0.634375 0.0296875 0.0395833
0 0.873438 0.766667 0.025 0.0375
0 0.0101562 0.476042 0.0203125 0.04375
0 0.251563 0.904167 0.028125 0.0375
0 0.221875 0.478125 0.028125 0.0354167
0 0.170312 0.763542 0.028125 0.0354167
0 0.95625 0.947917 0.028125 0.0375
0 0.626562 0.504167 0.034375 0.0416667
0 0.146094 0.378125 0.0296875 0.0354167
0 0.307813 0.914583 0.028125 0.0416667
0 0.885156 0.5875 0.0296875 0.0416667
0 0.730469 0.673958 0.0265625 0.03125
0 0.0148437 0.973958 0.0296875 0.0395833
0 0.260938 0.88125 0.03125 0.0416667
0 0.853906 0.510417 0.0359375 0.0458333
0 0.679688 0.666667 0.025 0.0375
0 0.785156 0.065625 0.0328125 0.04375
0 0.342969 0.194792 0.0296875 0.04375
0 0.128125 0.169792 0.025 0.0354167
0 0.0921875 0.144792 0.03125 0.0395833
0 0.200781 0.354167 0.0265625 0.0333333
0 0.602344 0.242708 0.0296875 0.0395833
0 0.0476562 0.532292 0.0296875 0.0395833
0 0.596875 0.0572917 0.028125 0.0354167
0 0.792188 0.639583 0.03125 0.0416667
0 0.175781 0.209375 0.0296875 0.04375
0 0.772656 0.204167 0.0328125 0.0416667
0 0.304688 0.297917 0.028125 0.0416667
0 0.700781 0.258333 0.0328125 0.0416667
0 0.861719 0.675 0.0296875 0.0333333
0 0.539844 0.040625 0.0265625 0.0354167
0 0.802344 0.216667 0.0328125 0.0416667
0 0.617969 0.0552083 0.0265625 0.0354167
0 0.428906 0.411458 0.0390625 0.0520833
0 0.784375 0.16875 0.034375 0.0416667
0 0.282813 0.316667 0.03125 0.0416667
0 0.0679687 0.88125 0.0328125 0.0458333
0 0.916406 0.21875 0.0359375 0.0458333
0 0.971094 0.0770833 0.0296875 0.0375
0 0.10625 0.927083 0.034375 0.0458333
0 0.695312 0.0322917 0.040625 0.0479167
