0 0.0109375 0.375 0.021875 0.0458333
0 0.985937 0.339583 0.028125 0.0375
0 0.122656 0.442708 0.0359375 0.05625
0 0.914844 0.3375 0.0171875 0.0208333
2 0.982813 0.340625 0.025 0.03125
0 0.953906 0.00729167 0.0328125 0.0145833
0 0.975781 0.00833333 0.0296875 0.0166667
0 0.984375 0.559375 0.025 0.0354167
0 0.725 0.354167 0.025 0.0333333
0 0.488281 0.00833333 0.0265625 0.0166667
0 0.174219 0.134375 0.0296875 0.0354167
0 0.157031 0.598958 0.0265625 0.0395833
0 0.0882813 0.417708 0.0296875 0.0354167
0 0.621875 0.00729167 0.03125 0.0145833
0 0.163281 0.363542 0.0265625 0.0354167
0 0.953906 0.954167 0.0265625 0.0375
0 0.603906 0.50625 0.0265625 0.0333333
0 0.753125 0.555208 0.028125 0.03125
0 0.767187 0.638542 0.028125 0.03125
0 0.486719 0.986458 0.0359375 0.0270833
0 0.299219 0.747917 0.0296875 0.0375
0 0.0929687 0.939583 0.0265625 0.0333333
0 0.428906 0.419792 0.0359375 0.0479167
0 0.888281 0.672917 0.0234375 0.0291667
0 0.526563 0.6625 0.028125 0.0375
0 0.286719 0.23125 0.0296875 0.0416667
0 0.38125 0.697917 0.025 0.0333333
0 0.202344 0.983333 0.0296875 0.0333333
0 0.317187 0.785417 0.034375 0.0458333
0 0.428125 0.613542 0.028125 0.0395833
0 0.875781 0.767708 0.0265625 0.0354167
0 0.492188 0.477083 0.025 0.0375
0 0.413281 0.547917 0.0359375 0.05
0 0.964063 0.228125 0.025 0.03125
0 0.564844 0.348958 0.0328125 0.04375
0 0.442187 0.117708 0.03125 0.0395833
0 0.669531 0.657292 0.0296875 0.03125
0 0.602344 0.246875 0.0296875 0.0395833
0 0.14375 0.383333 0.03125 0.0375
0 0.671875 0.669792 0.028125 0.0395833
0 0.588281 0.059375 0.0265625 0.03125
0 0.625781 0.511458 0.0328125 0.04375
0 0.154687 0.0197917 0.03125 0.03125
0 0.765625 0.747917 0.028125 0.0375
0 0.30625 0.645833 0.046875 0.0583333
0 0.947656 0.0364583 0.0265625 0.0354167
0 0.886719 0.586458 0.0296875 0.04375
0 0.284375 0.31875 0.03125 0.0416667
0 0.785156 0.176042 0.0296875 0.0395833
0 0.313281 0.913542 0.0296875 0.0395833
0 0.0492188 0.513542 0.0328125 0.04375
0 0.972656 0.533333 0.0296875 0.0375
0 0.617969 0.059375 0.0265625 0.0354167
0 0.31875 0.280208 0.028125 0.0395833
0 0.202344 0.357292 0.0265625 0.0354167
0 0.853906 0.511458 0.0328125 0.0395833
0 0.151562 0.636458 0.028125 0.0354167
0 0.0609375 0.436458 0.028125 0.0395833
0 0.267188 0.921875 0.028125 0.0395833
0 0.8375 0.658333 0.028125 0.0333333
0 0.796875 0.644792 0.03125 0.04375
0 0.560156 0.703125 0.0328125 0.04375
0 0.264844 0.820833 0.0421875 0.0541667
0 0.801562 0.222917 0.03125 0.0375
0 0.926562 0.221875 0.03125 0.04375
0 0.785937 0.0708333 0.03125 0.0458333
0 0.065625 0.8875 0.03125 0.0416667
0 0.121094 0.182292 0.0328125 0.04375
0 0.110156 0.926042 0.0359375 0.0479167
0 0.982813 0.065625 0.028125 0.0395833
0 0.146094 0.139583 0.0296875 0.0416667
0 0.751562 0.192708 0.03125 0.04375
0 0.700781 0.0447917 0.0359375 0.0479167
0 0.261719 0.888542 0.0328125 0.04375
0 0.158594 0.742708 0.0328125 0.04375
0 0.221875 0.483333 0.03125 0.0375
