0 0.121094 0.4375 0.0359375 0.05
0 0.577344 0.989583 0.0421875 0.0208333
0 0.510156 0.9875 0.0390625 0.0208333
1 0.975781 0.541667 0.0484375 0.0875
0 0.760938 0.632292 0.025 0.0270833
0 0.560156 0.721875 0.0265625 0.0354167
0 0.317969 0.785417 0.0390625 0.05
0 0.136719 0.396875 0.0265625 0.03125
0 0.0875 0.415625 0.025 0.03125
0 0.289844 0.6375 0.0265625 0.0375
0 0.973437 0.009375 0.028125 0.0145833
0 0.157031 0.597917 0.0265625 0.0375
0 0.992188 0.0260417 0.015625 0.0354167
0 0.779688 0.221875 0.028125 0.0354167
0 0.150781 0.635417 0.0265625 0.0375
0 0.610937 0.980208 0.03125 0.0354167
0 0.991406 0.616667 0.0171875 0.0333333
0 0.6875 0.745833 0.028125 0.0375
0 0.0382813 0.533333 0.0296875 0.0416667
0 0.883594 0.6625 0.0234375 0.0291667
0 0.152344 0.0197917 0.0296875 0.03125
0 0.625 0.502083 0.034375 0.0416667
0 0.434375 0.691667 0.028125 0.0375
0 0.511719 0.648958 0.0296875 0.0354167
0 0.853125 0.50625 0.034375 0.0416667
0 0.260156 0.879167 0.0296875 0.0416667
0 0.714063 0.683333 0.025 0.0333333
0 0.14375 0.375 0.028125 0.0375
0 0.560156 0.694792 0.0328125 0.0354167
0 0.605469 0.507292 0.0328125 0.0395833
0 0.957812 0.94375 0.034375 0.0458333
0 0.757812 0.673958 0.021875 0.0270833
0 0.264844 0.814583 0.0390625 0.0541667
0 0.567187 0.3375 0.0375 0.0458333
0 0.597656 0.05625 0.0265625 0.0375
0 0.782812 0.169792 0.034375 0.04375
0 0.547656 0.0770833 0.0296875 0.0375
0 0.874219 0.766667 0.0265625 0.0375
0 0.885156 0.586458 0.0296875 0.0395833
0 0.803125 0.214583 0.028125 0.0375
0 0.310156 0.334375 0.0296875 0.04375
0 0.170312 0.133333 0.025 0.0333333
0 0.416406 0.546875 0.0359375 0.0479167
0 0.2 0.230208 0.03125 0.0395833
0 0.602344 0.241667 0.0296875 0.0416667
0 0.464063 0.621875 0.028125 0.0395833
0 0.785937 0.065625 0.03125 0.04375
0 0.352344 0.158333 0.0328125 0.0416667
0 0.176563 0.761458 0.03125 0.0395833
0 0.428125 0.407292 0.0375 0.0520833
0 0.790625 0.6375 0.03125 0.0375
0 0.245312 0.89375 0.028125 0.0375
0 0.708594 0.648958 0.0265625 0.03125
0 0.30625 0.913542 0.03125 0.04375
0 0.692187 0.226042 0.028125 0.0354167
0 0.867969 0.683333 0.0265625 0.0333333
0 0.203125 0.354167 0.028125 0.0333333
0 0.0789063 0.134375 0.0328125 0.04375
0 0.616406 0.0520833 0.0265625 0.0375
0 0.128125 0.167708 0.028125 0.0354167
0 0.222656 0.478125 0.0296875 0.0354167
0 0.182031 0.869792 0.0328125 0.04375
0 0.964844 0.105208 0.0328125 0.04375
0 0.0671875 0.88125 0.03125 0.0458333
0 0.10625 0.925 0.034375 0.0458333
0 0.978906 0.0614583 0.0296875 0.04375
0 0.282813 0.314583 0.034375 0.0458333
0 0.91875 0.215625 0.034375 0.0479167
0 0.692969 0.0260417 0.0390625 0.0479167
