0 0.574219 0.989583 0.0359375 0.0208333
0 0.009375 0.375 0.01875 0.05
0 0.817969 0.848958 0.0265625 0.04375
0 0.565625 0.339583 0.034375 0.0458333
0 0.714844 0.744792 0.0234375 0.03125
0 0.120312 0.439583 0.034375 0.0458333
0 0.973437 0.527083 0.03125 0.0416667
1 0.975 0.542708 0.05 0.0895833
0 0.973437 0.009375 0.03125 0.0145833
0 0.316406 0.785417 0.0328125 0.0458333
0 0.170312 0.13125 0.021875 0.0291667
0 0.289062 0.680208 0.025 0.0354167
0 0.159375 0.4 0.021875 0.0333333
0 0.0875 0.416667 0.025 0.0333333
0 0.192969 0.911458 0.0265625 0.03125
0 0.983594 0.0645833 0.0265625 0.0416667
0 0.603125 0.985417 0.03125 0.0291667
0 0.885938 0.665625 0.028125 0.0354167
0 0.299219 0.283333 0.0296875 0.0416667
0 0.153906 0.01875 0.0296875 0.0291667
0 0.00703125 0.970833 0.0140625 0.0375
0 0.417188 0.694792 0.025 0.0354167
0 0.502344 0.984375 0.0359375 0.0270833
0 0.389844 0.0375 0.0296875 0.0333333
0 0.854688 0.510417 0.0375 0.0458333
0 0.557813 0.7 0.040625 0.05
0 0.15625 0.598958 0.025 0.0354167
0 0.722656 0.667708 0.0265625 0.0354167
0 0.264844 0.817708 0.0390625 0.0520833
0 0.150781 0.636458 0.0265625 0.0354167
0 0.00859375 0.465625 0.0171875 0.0395833
0 0.873438 0.766667 0.028125 0.0375
0 0.482812 0.646875 0.028125 0.03125
0 0.95625 0.947917 0.028125 0.0416667
0 0.478125 0.578125 0.028125 0.0395833
0 0.535156 0.0322917 0.0234375 0.03125
0 0.859375 0.673958 0.028125 0.0354167
0 0.885156 0.5875 0.0296875 0.0416667
0 0.979688 0.0979167 0.028125 0.0375
0 0.603906 0.507292 0.0328125 0.0395833
0 0.0476562 0.533333 0.0296875 0.0416667
0 0.260156 0.88125 0.0328125 0.0416667
0 0.792188 0.642708 0.03125 0.0395833
0 0.71875 0.626042 0.03125 0.0395833
0 0.688281 0.658333 0.0296875 0.0375
0 0.596875 0.0572917 0.028125 0.0354167
0 0.414844 0.546875 0.0328125 0.04375
0 0.146094 0.379167 0.0265625 0.0333333
0 0.201562 0.353125 0.028125 0.0354167
0 0.222656 0.479167 0.0296875 0.0375
0 0.967969 0.0677083 0.0328125 0.04375
0 0.785156 0.065625 0.0328125 0.04375
0 0.626562 0.504167 0.034375 0.0416667
0 0.601562 0.24375 0.03125 0.0416667
0 0.784375 0.169792 0.034375 0.04375
0 0.709375 0.258333 0.028125 0.0375
0 0.171875 0.761458 0.028125 0.0395833
0 0.307813 0.914583 0.028125 0.0416667
0 0.342969 0.198958 0.0296875 0.0395833
0 0.802344 0.216667 0.0328125 0.0416667
0 0.127344 0.167708 0.0265625 0.0354167
0 0.770312 0.204167 0.034375 0.0375
0 0.428906 0.4125 0.0359375 0.05
0 0.252344 0.905208 0.0296875 0.0395833
0 0.61875 0.0541667 0.028125 0.0375
0 0.283594 0.316667 0.0296875 0.0416667
0 0.0679687 0.880208 0.0328125 0.0479167
0 0.0976562 0.141667 0.0328125 0.0458333
0 0.183594 0.201042 0.0265625 0.0354167
0 0.10625 0.928125 0.034375 0.0479167
0 0.696875 0.0333333 0.040625 0.05
0 0.91875 0.219792 0.040625 0.0520833
