0 0.0804688 0.982292 0.0359375 0.0354167
0 0.120312 0.440625 0.034375 0.0479167
0 0.498437 0.988542 0.0375 0.01875
0 0.304688 0.64375 0.034375 0.05
0 0.767187 0.638542 0.025 0.03125
0 0.164844 0.38125 0.0265625 0.0375
0 0.559375 0.704167 0.028125 0.0416667
0 0.972656 0.53125 0.0296875 0.0375
0 0.0882813 0.417708 0.0265625 0.03125
0 0.742969 0.746875 0.0265625 0.0354167
0 0.2625 0.884375 0.03125 0.0395833
0 0.974219 0.0104167 0.0296875 0.0166667
0 0.1625 0.170833 0.025 0.0333333
0 0.328125 0.248958 0.028125 0.0354167
0 0.565625 0.345833 0.034375 0.0458333
0 0.486719 0.514583 0.0265625 0.0416667
0 0.414844 0.548958 0.0359375 0.0479167
0 0.534375 0.689583 0.021875 0.0291667
0 0.603125 0.507292 0.028125 0.0354167
0 0.784375 0.173958 0.034375 0.04375
0 0.155469 0.0177083 0.0296875 0.03125
0 0.264844 0.819792 0.0359375 0.0479167
0 0.728125 0.313542 0.028125 0.0395833
0 0.602344 0.245833 0.0296875 0.0416667
0 0.874219 0.766667 0.0265625 0.0375
0 0.201562 0.351042 0.028125 0.0354167
0 0.454688 0.625 0.028125 0.0375
0 0.690625 0.698958 0.025 0.03125
0 0.107031 0.164583 0.0296875 0.0375
0 0.795313 0.64375 0.03125 0.0416667
0 0.886719 0.669792 0.0265625 0.0354167
0 0.15625 0.6 0.025 0.0375
0 0.147656 0.380208 0.0359375 0.04375
0 0.849219 0.667708 0.0265625 0.0354167
0 0.128906 0.173958 0.0265625 0.0354167
0 0.955469 0.951042 0.0296875 0.0395833
0 0.955469 0.16875 0.0265625 0.0375
0 0.151562 0.6375 0.025 0.0333333
0 0.310156 0.914583 0.0265625 0.0375
0 0.396094 0.711458 0.0296875 0.0395833
0 0.885156 0.586458 0.0296875 0.0395833
0 0.74375 0.582292 0.025 0.0354167
0 0.675781 0.676042 0.0296875 0.0354167
0 0.296094 0.252083 0.0265625 0.0375
0 0.785937 0.0677083 0.03125 0.04375
0 0.852344 0.5125 0.0328125 0.0416667
0 0.983594 0.0666667 0.0265625 0.0416667
0 0.430469 0.413542 0.0390625 0.0520833
0 0.627344 0.507292 0.0328125 0.04375
0 0.317969 0.784375 0.0359375 0.0479167
0 0.444531 0.0791667 0.0328125 0.0416667
0 0.592188 0.0572917 0.03125 0.0395833
0 0.957031 0.0510417 0.0296875 0.0395833
0 0.171094 0.132292 0.0234375 0.03125
0 0.222656 0.48125 0.0296875 0.0375
0 0.258594 0.913542 0.0265625 0.0395833
0 0.285937 0.31875 0.034375 0.0458333
0 0.297656 0.713542 0.0328125 0.04375
0 0.61875 0.0572917 0.025 0.0354167
0 0.175 0.738542 0.034375 0.04375
0 0.0460938 0.527083 0.0296875 0.0375
0 0.802344 0.221875 0.0328125 0.0395833
0 0.0445312 0.453125 0.0328125 0.04375
0 0.0679687 0.88125 0.0328125 0.0458333
0 0.107813 0.928125 0.034375 0.0479167
0 0.754687 0.202083 0.034375 0.0375
0 0.923437 0.219792 0.0375 0.0520833
0 0.699219 0.0416667 0.0390625 0.0458333
