0 0.410937 0.294792 0.028125 0.0395833
0 0.130469 0.777083 0.0234375 0.0291667
0 0.228906 0.173958 0.0234375 0.03125
0 0.853906 0.5125 0.0359375 0.0416667
0 0.976562 0.009375 0.03125 0.01875
0 0.497656 0.9875 0.0359375 0.0208333
0 0.0117188 0.375 0.0234375 0.0458333
0 0.625781 0.00833333 0.0265625 0.0166667
0 0.0882813 0.41875 0.0265625 0.0333333
0 0.491406 0.009375 0.0296875 0.01875
0 0.985156 0.5625 0.0234375 0.0333333
0 0.124219 0.44375 0.0359375 0.05
0 0.538281 0.966667 0.0328125 0.0416667
0 0.464844 0.202083 0.0265625 0.0375
0 0.264062 0.821875 0.0375 0.0479167
0 0.8875 0.676042 0.021875 0.03125
0 0.953906 0.95 0.0265625 0.0375
0 0.601562 0.248958 0.03125 0.04375
0 0.173438 0.132292 0.028125 0.0354167
0 0.566406 0.346875 0.0390625 0.0479167
0 0.638281 0.655208 0.0234375 0.03125
0 0.147656 0.383333 0.0265625 0.0375
0 0.640625 0.608333 0.028125 0.0333333
0 0.415625 0.553125 0.034375 0.0479167
0 0.357031 0.725 0.0265625 0.0375
0 0.305469 0.644792 0.0453125 0.05625
0 0.914844 0.015625 0.0265625 0.0270833
0 0.382812 0.586458 0.03125 0.0395833
0 0.31875 0.784375 0.03125 0.04375
0 0.889063 0.5875 0.028125 0.0375
0 0.307813 0.809375 0.025 0.0354167
0 0.873438 0.766667 0.025 0.0333333
0 0.796094 0.651042 0.0296875 0.0395833
0 0.785937 0.178125 0.03125 0.04375
0 0.178125 0.359375 0.028125 0.0395833
0 0.202344 0.355208 0.0265625 0.0354167
0 0.746875 0.416667 0.034375 0.0416667
0 0.157813 0.0197917 0.03125 0.03125
0 0.591406 0.05625 0.0265625 0.0333333
0 0.496094 0.639583 0.0296875 0.0375
0 0.767969 0.639583 0.0296875 0.0333333
0 0.803125 0.225 0.03125 0.0375
0 0.3125 0.90625 0.028125 0.0375
0 0.304688 0.345833 0.028125 0.0375
0 0.921875 0.322917 0.028125 0.0333333
0 0.795313 0.46875 0.028125 0.0375
0 0.560156 0.703125 0.0359375 0.0479167
0 0.116406 0.4 0.0296875 0.0375
0 0.157031 0.6 0.0265625 0.0375
0 0.286719 0.316667 0.0296875 0.0416667
0 0.275781 0.172917 0.0234375 0.0333333
0 0.817969 0.745833 0.0296875 0.0375
0 0.285156 0.934375 0.0265625 0.0395833
0 0.603906 0.508333 0.0296875 0.0375
0 0.621875 0.059375 0.025 0.0354167
0 0.628906 0.514583 0.0359375 0.0458333
0 0.971875 0.533333 0.028125 0.0375
0 0.152344 0.636458 0.0296875 0.0354167
0 0.982813 0.065625 0.03125 0.04375
0 0.0523437 0.508333 0.0296875 0.0375
0 0.521094 0.3875 0.0265625 0.0375
0 0.0765625 0.886458 0.034375 0.0520833
0 0.707031 0.0541667 0.0359375 0.0458333
0 0.221875 0.483333 0.03125 0.0375
0 0.134375 0.213542 0.03125 0.0395833
0 0.123438 0.078125 0.03125 0.0395833
0 0.785156 0.0708333 0.0328125 0.0458333
0 0.109375 0.928125 0.03125 0.04375
0 0.430469 0.420833 0.0390625 0.05
0 0.2625 0.890625 0.034375 0.0479167
0 0.128125 0.178125 0.028125 0.0354167
0 0.816406 0.633333 0.0234375 0.0333333
0 0.160156 0.713542 0.0296875 0.0395833
0 0.736719 0.176042 0.0328125 0.0354167
0 0.925 0.228125 0.0375 0.0520833
