0 0.30625 0.6375 0.034375 0.0416667
0 0.0101562 0.372917 0.0203125 0.0541667
0 0.988281 0.55625 0.0171875 0.0291667
1 0.976562 0.540625 0.046875 0.0770833
0 0.971875 0.527083 0.03125 0.0416667
0 0.764844 0.63125 0.0265625 0.0291667
0 0.00703125 0.473958 0.0140625 0.04375
0 0.972656 0.0104167 0.0296875 0.0166667
0 0.70625 0.74375 0.021875 0.0291667
0 0.170312 0.13125 0.021875 0.0291667
0 0.55625 0.709375 0.03125 0.0395833
0 0.119531 0.440625 0.0359375 0.0479167
0 0.378906 0.0229167 0.0265625 0.0333333
0 0.600781 0.98125 0.0328125 0.0333333
0 0.0882813 0.417708 0.0265625 0.03125
0 0.153906 0.0197917 0.0296875 0.03125
0 0.0101562 0.983333 0.0203125 0.0333333
0 0.317187 0.785417 0.0375 0.0458333
0 0.265625 0.816667 0.0375 0.05
0 0.157031 0.596875 0.0296875 0.04375
0 0.150781 0.635417 0.0265625 0.0375
0 0.603906 0.508333 0.0296875 0.0375
0 0.153125 0.39375 0.028125 0.0333333
0 0.985937 0.0729167 0.028125 0.05
0 0.566406 0.339583 0.0359375 0.0458333
0 0.0859375 0.145833 0.034375 0.0375
0 0.686719 0.686458 0.0265625 0.0354167
0 0.701563 0.254167 0.028125 0.0333333
0 0.291406 0.664583 0.0265625 0.0375
0 0.25 0.897917 0.028125 0.0375
0 0.544531 0.0489583 0.0234375 0.03125
0 0.884375 0.664583 0.025 0.0333333
0 0.728906 0.648958 0.0296875 0.0395833
0 0.95625 0.946875 0.028125 0.0395833
0 0.344531 0.188542 0.0296875 0.0395833
0 0.260938 0.884375 0.03125 0.0479167
0 0.872656 0.766667 0.0265625 0.0375
0 0.626562 0.504167 0.034375 0.0416667
0 0.415625 0.546875 0.034375 0.04375
0 0.495313 0.642708 0.03125 0.0354167
0 0.191406 0.897917 0.0296875 0.0375
0 0.596094 0.0552083 0.0265625 0.0354167
0 0.784375 0.16875 0.034375 0.0416667
0 0.472656 0.590625 0.0296875 0.04375
0 0.146094 0.379167 0.0328125 0.0416667
0 0.221875 0.480208 0.028125 0.0354167
0 0.18125 0.217708 0.028125 0.0354167
0 0.8625 0.676042 0.028125 0.0354167
0 0.307031 0.914583 0.0296875 0.0416667
0 0.885938 0.586458 0.03125 0.04375
0 0.966406 0.0854167 0.0296875 0.0416667
0 0.853906 0.509375 0.0359375 0.04375
0 0.0460938 0.529167 0.0296875 0.0416667
0 0.601562 0.241667 0.028125 0.0416667
0 0.16875 0.765625 0.028125 0.0395833
0 0.128906 0.170833 0.0265625 0.0375
0 0.303125 0.3 0.028125 0.0416667
0 0.201562 0.353125 0.028125 0.0354167
0 0.617969 0.0541667 0.0265625 0.0375
0 0.791406 0.6375 0.0328125 0.0416667
0 0.421094 0.695833 0.0359375 0.0458333
0 0.802344 0.216667 0.0328125 0.0416667
0 0.428125 0.4125 0.040625 0.0541667
0 0.785156 0.065625 0.0328125 0.0479167
0 0.28125 0.315625 0.03125 0.04375
0 0.775 0.204167 0.034375 0.0416667
0 0.10625 0.926042 0.03125 0.04375
0 0.0671875 0.880208 0.03125 0.04375
0 0.916406 0.217708 0.0359375 0.0479167
0 0.695312 0.0322917 0.040625 0.0479167
