0 0.901563 0.742708 0.025 0.03125
0 0.0929687 0.738542 0.0234375 0.03125
2 0.0921875 0.740625 0.025 0.0270833
0 0.153125 0.8125 0.040625 0.0583333
0 0.903125 0.00729167 0.03125 0.0145833
0 0.990625 0.0197917 0.01875 0.0395833
1 0.971875 0.580208 0.05625 0.09375
0 0.957812 0.0104167 0.034375 0.0208333
0 0.257031 0.842708 0.0359375 0.04375
1 0.964844 0.025 0.0609375 0.05
0 0.790625 0.00729167 0.03125 0.0145833
0 0.604688 0.504167 0.0375 0.05
0 0.199219 0.35 0.0296875 0.0375
0 0.48125 0.0822917 0.025 0.0354167
0 0.228125 0.186458 0.021875 0.0395833
0 0.977344 0.365625 0.0234375 0.03125
0 0.290625 0.34375 0.028125 0.0375
0 0.0851562 0.420833 0.0296875 0.0333333
0 0.7625 0.917708 0.03125 0.0395833
0 0.954687 0.0302083 0.03125 0.0354167
0 0.494531 0.0708333 0.0265625 0.0375
0 0.736719 0.766667 0.0265625 0.0375
0 0.225781 0.333333 0.0359375 0.0458333
0 0.211719 0.511458 0.0265625 0.0354167
0 0.150781 0.385417 0.0328125 0.0416667
0 0.261719 0.46875 0.0296875 0.0375
0 0.0726563 0.113542 0.0296875 0.0395833
0 0.1625 0.0104167 0.028125 0.0208333
0 0.0664062 0.897917 0.0328125 0.0375
0 0.65625 0.496875 0.025 0.0354167
0 0.564844 0.726042 0.0296875 0.0395833
0 0.670313 0.740625 0.028125 0.03125
0 0.871875 0.765625 0.028125 0.0395833
0 0.391406 0.721875 0.0265625 0.0395833
0 0.536719 0.0166667 0.0390625 0.0333333
0 0.813281 0.7375 0.0328125 0.0458333
0 0.0773437 0.263542 0.0328125 0.04375
0 0.185156 0.0197917 0.0328125 0.0354167
0 0.329688 0.944792 0.028125 0.0354167
0 0.154687 0.647917 0.028125 0.0375
0 0.10625 0.633333 0.03125 0.0416667
0 0.442969 0.860417 0.0328125 0.0416667
0 0.015625 0.535417 0.028125 0.0375
0 0.785937 0.344792 0.028125 0.0354167
0 0.965625 0.084375 0.028125 0.0395833
0 0.432813 0.635417 0.03125 0.0375
0 0.782031 0.280208 0.0296875 0.0395833
0 0.773438 0.671875 0.034375 0.04375
0 0.65625 0.115625 0.03125 0.0395833
0 0.977344 0.471875 0.0328125 0.04375
0 0.627344 0.302083 0.0296875 0.0458333
0 0.949219 0.211458 0.0296875 0.0395833
0 0.766406 0.257292 0.0296875 0.0395833
0 0.109375 0.290625 0.028125 0.0395833
0 0.765625 0.239583 0.03125 0.0375
0 0.35625 0.2375 0.03125 0.0416667
0 0.265625 0.897917 0.034375 0.05
0 0.78125 0.120833 0.03125 0.0458333
0 0.128906 0.235417 0.0296875 0.0416667
0 0.739844 0.130208 0.0359375 0.05625
0 0.641406 0.573958 0.0390625 0.0479167
0 0.864062 0.0208333 0.03125 0.0375
0 0.69375 0.0520833 0.03125 0.0416667
0 0.902344 0.308333 0.0296875 0.0416667
0 0.0632813 0.191667 0.0328125 0.0458333
0 0.583594 0.1 0.0296875 0.0375
0 0.913281 0.270833 0.0390625 0.0541667
