0 0.983594 0.559375 0.0234375 0.03125
0 0.00625 0.961458 0.0125 0.04375
0 0.009375 0.372917 0.01875 0.05
0 0.120312 0.441667 0.0375 0.05
0 0.30625 0.641667 0.034375 0.0458333
1 0.975781 0.542708 0.0484375 0.0854167
0 0.0875 0.417708 0.025 0.03125
0 0.974219 0.0104167 0.0296875 0.0166667
0 0.974219 0.528125 0.0328125 0.04375
0 0.544531 0.702083 0.0265625 0.0375
0 0.686719 0.647917 0.0265625 0.0291667
0 0.725 0.74375 0.028125 0.0333333
0 0.567187 0.342708 0.0375 0.0479167
0 0.854688 0.511458 0.0375 0.0479167
0 0.559375 0.703125 0.034375 0.04375
0 0.153125 0.0208333 0.028125 0.0291667
0 0.15625 0.6 0.025 0.0375
0 0.161719 0.39375 0.0234375 0.0333333
0 0.885938 0.667708 0.028125 0.0354167
0 0.171094 0.13125 0.0265625 0.0333333
0 0.295312 0.688542 0.028125 0.0354167
0 0.315625 0.784375 0.0375 0.0520833
0 0.704687 0.64375 0.025 0.0291667
0 0.151562 0.634375 0.025 0.0354167
0 0.48125 0.553125 0.025 0.0354167
0 0.546094 0.0145833 0.0296875 0.0291667
0 0.416406 0.034375 0.0296875 0.0395833
0 0.5 0.986458 0.034375 0.0270833
0 0.874219 0.766667 0.0296875 0.0416667
0 0.298438 0.270833 0.025 0.0333333
0 0.260938 0.88125 0.03125 0.0416667
0 0.603906 0.508333 0.0296875 0.0375
0 0.742969 0.619792 0.0265625 0.0354167
0 0.265625 0.81875 0.0375 0.05
0 0.145313 0.380208 0.028125 0.0354167
0 0.339844 0.219792 0.0296875 0.0354167
0 0.967969 0.113542 0.0265625 0.0354167
0 0.785937 0.0677083 0.03125 0.04375
0 0.283594 0.319792 0.0296875 0.0395833
0 0.625 0.50625 0.034375 0.0416667
0 0.473437 0.639583 0.028125 0.0375
0 0.95625 0.948958 0.028125 0.0395833
0 0.308594 0.914583 0.0265625 0.0375
0 0.0976562 0.159375 0.0265625 0.0395833
0 0.79375 0.642708 0.03125 0.0395833
0 0.407031 0.684375 0.0265625 0.0395833
0 0.885156 0.586458 0.0328125 0.04375
0 0.853906 0.676042 0.0296875 0.0395833
0 0.223438 0.479167 0.028125 0.0375
0 0.59375 0.05625 0.028125 0.0375
0 0.602344 0.24375 0.0296875 0.0416667
0 0.05 0.529167 0.028125 0.0375
0 0.414844 0.547917 0.0328125 0.0458333
0 0.428906 0.4125 0.0359375 0.05
0 0.175781 0.195833 0.0328125 0.0416667
0 0.801562 0.217708 0.03125 0.0395833
0 0.127344 0.172917 0.0265625 0.0333333
0 0.0203125 0.459375 0.028125 0.0395833
0 0.253125 0.908333 0.028125 0.0375
0 0.767969 0.210417 0.0328125 0.0375
0 0.617969 0.05625 0.0265625 0.0333333
0 0.170312 0.754167 0.028125 0.0375
0 0.201562 0.353125 0.028125 0.0354167
0 0.783594 0.171875 0.0359375 0.04375
0 0.065625 0.878125 0.03125 0.04375
0 0.982031 0.0635417 0.0296875 0.04375
0 0.716406 0.269792 0.0328125 0.0479167
0 0.952344 0.078125 0.0328125 0.04375
0 0.10625 0.926042 0.034375 0.0479167
0 0.919531 0.217708 0.0390625 0.0520833
0 0.697656 0.0354167 0.0421875 0.0541667
