0 0.577344 0.9875 0.0421875 0.0208333
0 0.81875 0.852083 0.028125 0.0416667
0 0.6 0.496875 0.028125 0.03125
0 0.157813 0.240625 0.028125 0.0354167
0 0.120312 0.439583 0.034375 0.05
0 0.694531 0.746875 0.0265625 0.0354167
1 0.975781 0.538542 0.0484375 0.0854167
0 0.975 0.009375 0.028125 0.0145833
0 0.0882813 0.416667 0.0265625 0.0333333
0 0.760938 0.633333 0.025 0.0291667
0 0.958594 0.94375 0.0328125 0.0458333
0 0.564062 0.70625 0.0375 0.05
0 0.376563 0.009375 0.028125 0.01875
0 0.603906 0.507292 0.0296875 0.0395833
0 0.0234375 0.989583 0.03125 0.0208333
0 0.315625 0.784375 0.0375 0.0479167
0 0.149219 0.396875 0.0265625 0.03125
0 0.507031 0.986458 0.0359375 0.0229167
0 0.150781 0.635417 0.0265625 0.0375
0 0.15625 0.597917 0.028125 0.0416667
0 0.307813 0.640625 0.0375 0.0479167
0 0.284375 0.646875 0.028125 0.0354167
0 0.598437 0.0552083 0.028125 0.0395833
0 0.428125 0.7 0.028125 0.0375
0 0.885156 0.5875 0.0296875 0.0375
0 0.700781 0.229167 0.0265625 0.0333333
0 0.534375 0.0666667 0.028125 0.0416667
0 0.614062 0.980208 0.034375 0.0395833
0 0.702344 0.669792 0.0265625 0.0354167
0 0.625781 0.503125 0.0328125 0.0395833
0 0.853906 0.507292 0.0328125 0.04375
0 0.874219 0.766667 0.0265625 0.0375
0 0.782812 0.169792 0.034375 0.04375
0 0.883594 0.664583 0.0234375 0.0291667
0 0.734375 0.682292 0.025 0.03125
0 0.428125 0.410417 0.0375 0.05
0 0.503125 0.652083 0.028125 0.0375
0 0.471875 0.6125 0.028125 0.0416667
0 0.264844 0.815625 0.0390625 0.05625
0 0.319531 0.309375 0.0265625 0.0354167
0 0.567187 0.339583 0.0375 0.0458333
0 0.260156 0.880208 0.0296875 0.04375
0 0.169531 0.132292 0.0265625 0.0354167
0 0.740625 0.657292 0.025 0.0354167
0 0.416406 0.546875 0.0390625 0.0479167
0 0.977344 0.0375 0.0265625 0.0375
0 0.178906 0.889583 0.0265625 0.0333333
0 0.040625 0.525 0.034375 0.0458333
0 0.152344 0.0208333 0.0296875 0.0333333
0 0.171094 0.771875 0.0234375 0.0354167
0 0.785156 0.0645833 0.0296875 0.0416667
0 0.979688 0.0635417 0.025 0.0395833
0 0.802344 0.215625 0.0328125 0.04375
0 0.305469 0.914583 0.0296875 0.0416667
0 0.14375 0.376042 0.028125 0.0354167
0 0.859375 0.680208 0.028125 0.0354167
0 0.791406 0.6375 0.0328125 0.0416667
0 0.196094 0.220833 0.0296875 0.0375
0 0.201562 0.354167 0.028125 0.0333333
0 0.957031 0.0989583 0.0296875 0.0395833
0 0.601562 0.241667 0.03125 0.0458333
0 0.221875 0.480208 0.028125 0.0354167
0 0.347656 0.171875 0.0296875 0.0395833
0 0.246875 0.89375 0.028125 0.0375
0 0.616406 0.0510417 0.0265625 0.0395833
0 0.776563 0.209375 0.034375 0.04375
0 0.128906 0.16875 0.0265625 0.0375
0 0.28125 0.315625 0.034375 0.0479167
0 0.10625 0.926042 0.034375 0.04375
0 0.0664062 0.88125 0.0328125 0.0458333
0 0.917188 0.217708 0.0375 0.0520833
0 0.695312 0.03125 0.040625 0.05
0 0.08125 0.1375 0.0375 0.05
