0 0.967969 0.93125 0.0234375 0.0333333
0 0.158594 0.808333 0.0484375 0.0625
0 0.107031 0.23125 0.0296875 0.0416667
0 0.350781 0.80625 0.0265625 0.0375
0 0.228906 0.173958 0.0203125 0.03125
0 0.496875 0.989583 0.034375 0.0208333
0 0.975781 0.009375 0.0296875 0.01875
0 0.0117188 0.373958 0.0234375 0.0479167
0 0.240625 0.989583 0.0375 0.0208333
0 0.229687 0.476042 0.025 0.0395833
0 0.303906 0.78125 0.0296875 0.0416667
0 0.624219 0.00833333 0.0296875 0.0166667
0 0.917969 0.340625 0.0203125 0.0270833
0 0.491406 0.009375 0.0265625 0.01875
0 0.174219 0.13125 0.0265625 0.0333333
0 0.122656 0.445833 0.0359375 0.05
0 0.886719 0.5875 0.0296875 0.0416667
0 0.319531 0.785417 0.0359375 0.0458333
0 0.953125 0.952083 0.025 0.0375
0 0.746094 0.386458 0.0296875 0.0354167
0 0.127344 0.179167 0.0296875 0.0416667
0 0.767969 0.6375 0.0296875 0.0333333
0 0.564844 0.347917 0.0390625 0.05
0 0.647656 0.6375 0.0265625 0.0375
0 0.509375 0.960417 0.03125 0.0375
0 0.873438 0.766667 0.028125 0.0416667
0 0.785937 0.178125 0.03125 0.04375
0 0.971875 0.532292 0.028125 0.0354167
0 0.601562 0.247917 0.03125 0.0416667
0 0.927344 0.025 0.0234375 0.0291667
0 0.310156 0.311458 0.0265625 0.0354167
0 0.157031 0.598958 0.0265625 0.0395833
0 0.824219 0.646875 0.0265625 0.0354167
0 0.795313 0.647917 0.03125 0.0416667
0 0.453906 0.16875 0.0296875 0.0416667
0 0.155469 0.0197917 0.0296875 0.03125
0 0.560938 0.703125 0.034375 0.04375
0 0.408594 0.595833 0.0296875 0.0375
0 0.508594 0.659375 0.0296875 0.0354167
0 0.590625 0.059375 0.028125 0.0354167
0 0.311719 0.911458 0.0296875 0.0395833
0 0.854688 0.511458 0.0375 0.04375
0 0.179688 0.375 0.028125 0.0333333
0 0.778125 0.526042 0.03125 0.04375
0 0.786719 0.74375 0.0296875 0.0416667
0 0.2875 0.192708 0.03125 0.04375
0 0.283594 0.319792 0.0328125 0.04375
0 0.201562 0.355208 0.028125 0.0354167
0 0.414844 0.548958 0.0359375 0.0479167
0 0.923437 0.2625 0.028125 0.0416667
0 0.507031 0.432292 0.0265625 0.0354167
0 0.704687 0.0510417 0.0375 0.0479167
0 0.657812 0.670833 0.028125 0.0375
0 0.982813 0.065625 0.03125 0.04375
0 0.621094 0.0604167 0.0265625 0.0375
0 0.276563 0.927083 0.028125 0.0375
0 0.802344 0.225 0.0296875 0.0375
0 0.146094 0.384375 0.0296875 0.0395833
0 0.429688 0.420833 0.0375 0.05
0 0.603906 0.50625 0.0328125 0.0416667
0 0.747656 0.179167 0.0296875 0.0375
0 0.36875 0.716667 0.034375 0.0416667
0 0.221094 0.484375 0.0296875 0.0354167
0 0.0570313 0.511458 0.0296875 0.0354167
0 0.264844 0.820833 0.0421875 0.0541667
0 0.628906 0.513542 0.0390625 0.0479167
0 0.075 0.891667 0.040625 0.0583333
0 0.785937 0.0708333 0.03125 0.0458333
0 0.889063 0.675 0.025 0.0333333
0 0.263281 0.889583 0.0359375 0.05
0 0.152344 0.6375 0.0296875 0.0375
0 0.134375 0.110417 0.03125 0.0458333
0 0.090625 0.419792 0.03125 0.0395833
0 0.132031 0.19375 0.0328125 0.0458333
0 0.157813 0.73125 0.0375 0.05
0 0.109375 0.928125 0.0375 0.0520833
0 0.925781 0.223958 0.0359375 0.0479167
0 0.30625 0.644792 0.046875 0.05625
