0 0.307031 0.639583 0.0296875 0.0416667
0 0.409375 0.292708 0.028125 0.0395833
0 0.953906 0.009375 0.0390625 0.0145833
0 0.157813 0.247917 0.025 0.0291667
0 0.119531 0.4375 0.0359375 0.0458333
0 0.575 0.9875 0.040625 0.0208333
0 0.2875 0.635417 0.025 0.0375
0 0.560156 0.720833 0.0265625 0.0333333
0 0.510938 0.9875 0.0375 0.0208333
1 0.976562 0.538542 0.046875 0.08125
0 0.782031 0.222917 0.0234375 0.0291667
0 0.760938 0.63125 0.025 0.025
0 0.0882813 0.415625 0.0234375 0.03125
0 0.559375 0.69375 0.03125 0.0333333
0 0.973437 0.009375 0.028125 0.0145833
0 0.150781 0.636458 0.0265625 0.0354167
0 0.157031 0.598958 0.0265625 0.0354167
0 0.597656 0.0552083 0.0265625 0.0354167
0 0.883594 0.663542 0.0234375 0.0270833
0 0.428906 0.407292 0.0359375 0.0520833
0 0.690625 0.219792 0.028125 0.0354167
0 0.803125 0.213542 0.028125 0.0354167
0 0.625 0.503125 0.034375 0.0395833
0 0.782031 0.16875 0.0328125 0.0416667
0 0.169531 0.132292 0.0265625 0.0354167
0 0.264062 0.814583 0.0375 0.0541667
0 0.992188 0.61875 0.015625 0.0375
0 0.463281 0.629167 0.0296875 0.0416667
0 0.259375 0.886458 0.034375 0.0479167
0 0.853125 0.507292 0.03125 0.0395833
0 0.604688 0.507292 0.03125 0.0395833
0 0.566406 0.338542 0.0359375 0.04375
0 0.608594 0.980208 0.0296875 0.0354167
0 0.513281 0.64375 0.0328125 0.0375
0 0.14375 0.372917 0.028125 0.0375
0 0.758594 0.66875 0.0234375 0.0333333
0 0.958594 0.942708 0.0359375 0.0479167
0 0.0375 0.534375 0.03125 0.04375
0 0.686719 0.741667 0.0265625 0.0333333
0 0.885156 0.586458 0.0296875 0.0395833
0 0.791406 0.6375 0.0296875 0.0375
0 0.601562 0.240625 0.028125 0.04375
0 0.714063 0.6875 0.025 0.0291667
0 0.434375 0.688542 0.028125 0.0395833
0 0.317969 0.784375 0.0390625 0.0520833
0 0.135156 0.396875 0.0265625 0.03125
0 0.874219 0.765625 0.0265625 0.0354167
0 0.152344 0.0197917 0.0296875 0.03125
0 0.553906 0.0802083 0.0296875 0.0395833
0 0.178125 0.761458 0.03125 0.0395833
0 0.0789063 0.132292 0.0328125 0.04375
0 0.785156 0.0645833 0.0296875 0.0416667
0 0.416406 0.546875 0.0359375 0.04375
0 0.353125 0.15625 0.03125 0.0416667
0 0.30625 0.913542 0.028125 0.0395833
0 0.869531 0.683333 0.0265625 0.0333333
0 0.307813 0.336458 0.028125 0.04375
0 0.244531 0.891667 0.0296875 0.0375
0 0.203125 0.354167 0.028125 0.0333333
0 0.222656 0.478125 0.0296875 0.0354167
0 0.127344 0.16875 0.0265625 0.0333333
0 0.18125 0.866667 0.03125 0.0416667
0 0.709375 0.65 0.025 0.0291667
0 0.616406 0.0510417 0.0265625 0.0395833
0 0.282031 0.313542 0.0359375 0.0479167
0 0.978906 0.0625 0.0296875 0.0416667
0 0.0671875 0.88125 0.03125 0.0458333
0 0.91875 0.215625 0.034375 0.0479167
0 0.964844 0.108333 0.0296875 0.0375
0 0.10625 0.925 0.034375 0.0458333
0 0.195312 0.234375 0.034375 0.04375
0 0.69375 0.0260417 0.0375 0.0479167
