0 0.0117188 0.372917 0.0234375 0.0458333
0 0.989062 0.332292 0.021875 0.0479167
0 0.501562 0.989583 0.03125 0.0166667
0 0.973437 0.529167 0.034375 0.0458333
0 0.975781 0.0104167 0.0328125 0.0208333
1 0.977344 0.541667 0.0453125 0.0833333
0 0.783594 0.171875 0.0359375 0.0479167
0 0.733594 0.741667 0.0265625 0.0333333
0 0.305469 0.642708 0.0390625 0.0520833
0 0.171094 0.130208 0.0234375 0.03125
0 0.317969 0.783333 0.0359375 0.0458333
0 0.530469 0.009375 0.0265625 0.01875
0 0.0882813 0.415625 0.0265625 0.03125
0 0.886719 0.667708 0.0265625 0.0354167
0 0.567187 0.344792 0.0375 0.0479167
0 0.153125 0.0177083 0.028125 0.03125
0 0.603125 0.509375 0.028125 0.0354167
0 0.854688 0.511458 0.034375 0.04375
0 0.144531 0.38125 0.0296875 0.0375
0 0.164844 0.389583 0.0234375 0.0333333
0 0.260938 0.882292 0.03125 0.0395833
0 0.549219 0.678125 0.0265625 0.03125
0 0.709375 0.292708 0.028125 0.0354167
0 0.690625 0.65625 0.025 0.0333333
0 0.558594 0.703125 0.0296875 0.0354167
0 0.15625 0.598958 0.025 0.0395833
0 0.410156 0.691667 0.0265625 0.0375
0 0.410937 0.0604167 0.03125 0.0416667
0 0.309375 0.914583 0.025 0.0375
0 0.730469 0.607292 0.0265625 0.03125
0 0.200781 0.352083 0.0265625 0.0375
0 0.885938 0.586458 0.03125 0.04375
0 0.486719 0.54375 0.0265625 0.0375
0 0.852344 0.66875 0.0296875 0.0416667
0 0.873438 0.765625 0.028125 0.0395833
0 0.15 0.636458 0.028125 0.0354167
0 0.785937 0.0677083 0.03125 0.04375
0 0.332031 0.227083 0.0296875 0.0375
0 0.625 0.50625 0.034375 0.0416667
0 0.222656 0.480208 0.0265625 0.0354167
0 0.466406 0.633333 0.0296875 0.0375
0 0.601562 0.244792 0.03125 0.04375
0 0.592969 0.0572917 0.0265625 0.0354167
0 0.678125 0.658333 0.028125 0.0375
0 0.79375 0.642708 0.03125 0.0395833
0 0.265625 0.81875 0.040625 0.05
0 0.764844 0.204167 0.0296875 0.0416667
0 0.414062 0.547917 0.034375 0.0458333
0 0.292188 0.696875 0.028125 0.0395833
0 0.0320312 0.461458 0.0296875 0.0395833
0 0.941406 0.0729167 0.0296875 0.0375
0 0.16875 0.189583 0.028125 0.0416667
0 0.982031 0.142708 0.0296875 0.0395833
0 0.167187 0.75 0.028125 0.0416667
0 0.955469 0.95 0.0296875 0.0416667
0 0.301562 0.269792 0.034375 0.04375
0 0.0507812 0.523958 0.0296875 0.0354167
0 0.982031 0.0635417 0.0296875 0.04375
0 0.61875 0.05625 0.025 0.0333333
0 0.801562 0.21875 0.03125 0.0416667
0 0.257031 0.911458 0.0296875 0.0395833
0 0.285937 0.314583 0.034375 0.0458333
0 0.0703125 0.880208 0.03125 0.04375
0 0.429688 0.4125 0.0375 0.0541667
0 0.127344 0.171875 0.0265625 0.0354167
0 0.104687 0.928125 0.034375 0.0479167
0 0.916406 0.221875 0.0390625 0.0520833
0 0.0953125 0.16875 0.034375 0.0458333
0 0.698438 0.0375 0.040625 0.05
