0 0.621875 0.00625 0.03125 0.0125
0 0.409375 0.29375 0.028125 0.0375
0 0.973437 0.529167 0.03125 0.0416667
1 0.977344 0.542708 0.0453125 0.08125
0 0.953125 0.00833333 0.034375 0.0166667
0 0.172656 0.13125 0.0234375 0.025
0 0.767969 0.638542 0.0234375 0.0270833
0 0.974219 0.0114583 0.0296875 0.01875
0 0.120312 0.440625 0.0375 0.0479167
0 0.0882813 0.417708 0.0234375 0.0270833
0 0.75 0.74375 0.025 0.0291667
0 0.470313 0.988542 0.028125 0.0229167
0 0.954687 0.951042 0.028125 0.0395833
0 0.155469 0.01875 0.0296875 0.0291667
0 0.305469 0.64375 0.0359375 0.05
0 0.310937 0.915625 0.025 0.0354167
0 0.444531 0.630208 0.0265625 0.0354167
0 0.31875 0.783333 0.03125 0.0416667
0 0.673437 0.667708 0.025 0.03125
0 0.529688 0.68125 0.025 0.0333333
0 0.886719 0.669792 0.0234375 0.03125
0 0.2625 0.91875 0.028125 0.0375
0 0.685156 0.6875 0.0234375 0.025
0 0.397656 0.701042 0.0265625 0.03125
0 0.160938 0.378125 0.028125 0.0395833
0 0.885938 0.5875 0.028125 0.0375
0 0.157031 0.598958 0.0234375 0.0354167
0 0.602344 0.508333 0.0265625 0.0333333
0 0.264844 0.820833 0.0359375 0.0458333
0 0.151562 0.636458 0.025 0.03125
0 0.426562 0.09375 0.028125 0.0416667
0 0.264062 0.889583 0.03125 0.0416667
0 0.29375 0.728125 0.025 0.03125
0 0.414062 0.547917 0.0375 0.05
0 0.286719 0.245833 0.0296875 0.0416667
0 0.785156 0.176042 0.0328125 0.0395833
0 0.560938 0.703125 0.03125 0.0395833
0 0.492969 0.504167 0.0265625 0.0375
0 0.591406 0.0583333 0.0265625 0.0375
0 0.602344 0.245833 0.0296875 0.0416667
0 0.875 0.767708 0.025 0.0354167
0 0.326562 0.25625 0.03125 0.0416667
0 0.751562 0.202083 0.028125 0.0375
0 0.0523437 0.451042 0.0265625 0.0354167
0 0.795313 0.64375 0.028125 0.0375
0 0.159375 0.161458 0.025 0.0270833
0 0.2 0.353125 0.028125 0.0354167
0 0.628125 0.507292 0.03125 0.04375
0 0.221875 0.48125 0.028125 0.0333333
0 0.566406 0.347917 0.0328125 0.0416667
0 0.846094 0.661458 0.0265625 0.03125
0 0.982813 0.065625 0.028125 0.0395833
0 0.14375 0.38125 0.03125 0.0375
0 0.720312 0.329167 0.03125 0.0416667
0 0.127344 0.173958 0.0265625 0.03125
0 0.967188 0.191667 0.028125 0.0333333
0 0.785156 0.06875 0.0296875 0.0416667
0 0.282813 0.319792 0.03125 0.04375
0 0.107031 0.175 0.0265625 0.0333333
0 0.617969 0.0583333 0.0265625 0.0333333
0 0.428906 0.415625 0.0390625 0.0520833
0 0.853125 0.5125 0.03125 0.0416667
0 0.171094 0.732292 0.0296875 0.0354167
0 0.939062 0.0541667 0.028125 0.0375
0 0.0453125 0.523958 0.028125 0.0354167
0 0.764844 0.572917 0.0296875 0.0416667
0 0.107813 0.926042 0.034375 0.04375
0 0.801562 0.221875 0.03125 0.0395833
0 0.06875 0.884375 0.03125 0.0479167
0 0.921094 0.21875 0.0359375 0.05
0 0.7 0.0416667 0.0375 0.0458333
