2 0.983594 0.342708 0.0265625 0.0354167
0 0.009375 0.373958 0.01875 0.04375
0 0.985937 0.339583 0.028125 0.0416667
0 0.954687 0.00729167 0.034375 0.0145833
0 0.975781 0.009375 0.0296875 0.01875
0 0.121875 0.442708 0.0375 0.0520833
0 0.984375 0.559375 0.025 0.0354167
0 0.488281 0.00833333 0.0265625 0.0166667
0 0.73125 0.352083 0.025 0.0375
0 0.0867188 0.416667 0.0265625 0.0375
0 0.157031 0.6 0.0265625 0.0375
0 0.621875 0.00729167 0.03125 0.0145833
0 0.428906 0.419792 0.0359375 0.0479167
0 0.954687 0.954167 0.028125 0.0375
0 0.484375 0.9875 0.0375 0.025
0 0.208594 0.979167 0.0265625 0.0333333
0 0.565625 0.35 0.034375 0.0458333
0 0.163281 0.3625 0.0265625 0.0333333
0 0.603125 0.50625 0.028125 0.0375
0 0.0953125 0.944792 0.025 0.03125
0 0.439063 0.121875 0.03125 0.0395833
0 0.767187 0.639583 0.03125 0.0333333
0 0.751562 0.557292 0.028125 0.0354167
0 0.886719 0.5875 0.0296875 0.0416667
0 0.324219 0.280208 0.0296875 0.0395833
0 0.971875 0.533333 0.028125 0.0375
0 0.382812 0.697917 0.025 0.0333333
0 0.426562 0.61875 0.028125 0.0375
0 0.875781 0.767708 0.0265625 0.0354167
0 0.414062 0.548958 0.0375 0.0520833
0 0.153906 0.0197917 0.0328125 0.03125
0 0.30625 0.644792 0.04375 0.05625
0 0.785156 0.176042 0.0328125 0.04375
0 0.963281 0.229167 0.0265625 0.0333333
0 0.601562 0.246875 0.03125 0.04375
0 0.764844 0.746875 0.0265625 0.0354167
0 0.492969 0.479167 0.0265625 0.0416667
0 0.888281 0.671875 0.0234375 0.03125
0 0.627344 0.510417 0.0328125 0.0458333
0 0.0484375 0.5125 0.03125 0.0416667
0 0.144531 0.383333 0.0296875 0.0375
0 0.302344 0.746875 0.0265625 0.0354167
0 0.317187 0.785417 0.034375 0.0458333
0 0.589063 0.059375 0.028125 0.0354167
0 0.3125 0.915625 0.028125 0.0395833
0 0.528125 0.667708 0.03125 0.04375
0 0.146875 0.14375 0.028125 0.0375
0 0.853906 0.511458 0.0328125 0.04375
0 0.202344 0.358333 0.0265625 0.0333333
0 0.672656 0.663542 0.0296875 0.0395833
0 0.61875 0.0583333 0.028125 0.0375
0 0.945312 0.0375 0.028125 0.0375
0 0.290625 0.229167 0.034375 0.0458333
0 0.151562 0.636458 0.028125 0.0354167
0 0.8375 0.657292 0.028125 0.0354167
0 0.266406 0.920833 0.0265625 0.0375
0 0.560938 0.703125 0.034375 0.04375
0 0.801562 0.222917 0.03125 0.0375
0 0.796875 0.644792 0.03125 0.04375
0 0.982813 0.065625 0.028125 0.0395833
0 0.0632813 0.4375 0.0328125 0.0416667
0 0.28125 0.31875 0.034375 0.0458333
0 0.122656 0.180208 0.0359375 0.0479167
0 0.264062 0.820833 0.040625 0.0541667
0 0.785156 0.0708333 0.0328125 0.0458333
0 0.065625 0.883333 0.034375 0.0458333
0 0.750781 0.19375 0.0328125 0.0458333
0 0.157813 0.74375 0.03125 0.0416667
0 0.261719 0.888542 0.0328125 0.04375
0 0.700781 0.0458333 0.0390625 0.05
0 0.221875 0.483333 0.03125 0.0375
0 0.926562 0.221875 0.034375 0.0479167
0 0.108594 0.926042 0.0359375 0.0479167
