0 0.6 0.496875 0.028125 0.03125
0 0.81875 0.852083 0.025 0.0375
1 0.975781 0.538542 0.0484375 0.0854167
0 0.120312 0.439583 0.034375 0.05
0 0.157031 0.24375 0.0265625 0.0333333
0 0.371094 0.00833333 0.0296875 0.0166667
0 0.974219 0.009375 0.0265625 0.0145833
0 0.0882813 0.416667 0.0265625 0.0333333
0 0.507812 0.986458 0.034375 0.0229167
0 0.761719 0.632292 0.0265625 0.0270833
0 0.694531 0.745833 0.0265625 0.0333333
0 0.5625 0.705208 0.034375 0.0479167
0 0.315625 0.784375 0.0375 0.0479167
0 0.603906 0.507292 0.0296875 0.0395833
0 0.504687 0.652083 0.028125 0.0333333
0 0.283594 0.64375 0.0265625 0.0375
0 0.957812 0.94375 0.03125 0.0458333
0 0.157031 0.596875 0.0296875 0.04375
0 0.150781 0.635417 0.0265625 0.0375
0 0.611719 0.979167 0.0328125 0.0375
0 0.0265625 0.988542 0.03125 0.0229167
0 0.426562 0.696875 0.028125 0.0354167
0 0.148438 0.396875 0.028125 0.03125
0 0.782812 0.169792 0.034375 0.04375
0 0.625781 0.503125 0.0328125 0.0395833
0 0.169531 0.132292 0.0265625 0.0354167
0 0.885938 0.584375 0.028125 0.0395833
0 0.703125 0.228125 0.025 0.03125
0 0.599219 0.0541667 0.0296875 0.0416667
0 0.853125 0.50625 0.034375 0.0416667
0 0.317969 0.316667 0.0265625 0.0375
0 0.874219 0.766667 0.0265625 0.0375
0 0.728125 0.683333 0.025 0.0333333
0 0.775 0.2125 0.03125 0.0416667
0 0.8625 0.68125 0.028125 0.0333333
0 0.534375 0.071875 0.025 0.0395833
0 0.264062 0.817708 0.0375 0.0520833
0 0.567187 0.339583 0.0375 0.0458333
0 0.982031 0.0364583 0.0265625 0.0354167
0 0.348437 0.167708 0.034375 0.0479167
0 0.883594 0.664583 0.0234375 0.0291667
0 0.790625 0.636458 0.03125 0.0395833
0 0.739844 0.659375 0.0234375 0.03125
0 0.0398437 0.526042 0.0328125 0.04375
0 0.30625 0.914583 0.028125 0.0416667
0 0.466406 0.6125 0.0296875 0.0416667
0 0.700781 0.6625 0.0265625 0.0375
0 0.802344 0.214583 0.0328125 0.0416667
0 0.427344 0.409375 0.0390625 0.0520833
0 0.260156 0.880208 0.0296875 0.04375
0 0.152344 0.0208333 0.0296875 0.0333333
0 0.415625 0.546875 0.0375 0.0479167
0 0.178125 0.884375 0.028125 0.0354167
0 0.960156 0.102083 0.0296875 0.0375
0 0.14375 0.376042 0.028125 0.0354167
0 0.785156 0.0645833 0.0296875 0.0416667
0 0.246875 0.894792 0.028125 0.0354167
0 0.202344 0.354167 0.0265625 0.0333333
0 0.172656 0.769792 0.0265625 0.0354167
0 0.2 0.223958 0.028125 0.0354167
0 0.221875 0.479167 0.028125 0.0333333
0 0.978906 0.0614583 0.0265625 0.0395833
0 0.601562 0.241667 0.03125 0.0458333
0 0.616406 0.053125 0.0265625 0.0395833
0 0.128125 0.16875 0.028125 0.0375
0 0.28125 0.315625 0.034375 0.0479167
0 0.105469 0.926042 0.0328125 0.04375
0 0.0671875 0.882292 0.034375 0.0479167
0 0.917969 0.21875 0.0390625 0.05
0 0.695312 0.03125 0.040625 0.05
0 0.08125 0.139583 0.0375 0.05
