0 0.952344 0.00729167 0.0328125 0.0145833
0 0.575 0.988542 0.034375 0.01875
0 0.569531 0.709375 0.0296875 0.0395833
0 0.120312 0.438542 0.034375 0.0479167
0 0.758594 0.629167 0.0234375 0.0291667
0 0.511719 0.9875 0.0359375 0.025
1 0.975781 0.540625 0.0484375 0.0854167
0 0.782812 0.226042 0.021875 0.0270833
0 0.769531 0.638542 0.0234375 0.03125
0 0.426562 0.408333 0.03125 0.0458333
0 0.566406 0.3375 0.0328125 0.0416667
0 0.974219 0.009375 0.0296875 0.0145833
0 0.307813 0.6375 0.03125 0.0375
0 0.203125 0.240625 0.028125 0.0354167
0 0.157031 0.598958 0.0265625 0.0395833
0 0.559375 0.695833 0.03125 0.0375
0 0.598437 0.05625 0.025 0.0333333
0 0.0882813 0.414583 0.0234375 0.0333333
0 0.885938 0.661458 0.025 0.03125
0 0.151562 0.636458 0.028125 0.0354167
0 0.421875 0.675 0.025 0.0333333
0 0.625781 0.501042 0.0328125 0.0395833
0 0.282813 0.625 0.028125 0.0333333
0 0.605469 0.50625 0.0328125 0.0375
0 0.802344 0.215625 0.0296875 0.0354167
0 0.242969 0.888542 0.0265625 0.0395833
0 0.142969 0.373958 0.0265625 0.0354167
0 0.989844 0.616667 0.0203125 0.0333333
0 0.170312 0.13125 0.025 0.0333333
0 0.789844 0.636458 0.0265625 0.0354167
0 0.357031 0.147917 0.0296875 0.0416667
0 0.466406 0.641667 0.0265625 0.0375
0 0.708594 0.658333 0.0265625 0.0333333
0 0.874219 0.766667 0.0265625 0.0375
0 0.521094 0.657292 0.0265625 0.0354167
0 0.264062 0.815625 0.0375 0.0520833
0 0.958594 0.941667 0.0359375 0.0458333
0 0.782812 0.16875 0.034375 0.0458333
0 0.259375 0.884375 0.034375 0.0479167
0 0.546875 0.0895833 0.028125 0.0375
0 0.884375 0.586458 0.03125 0.0395833
0 0.615625 0.05 0.025 0.0375
0 0.786719 0.0645833 0.0328125 0.0458333
0 0.609375 0.976042 0.03125 0.0395833
0 0.153125 0.0208333 0.03125 0.0333333
0 0.304688 0.913542 0.028125 0.0395833
0 0.602344 0.240625 0.0296875 0.0395833
0 0.73125 0.70625 0.025 0.0333333
0 0.202344 0.352083 0.0265625 0.0333333
0 0.315625 0.341667 0.028125 0.0375
0 0.132812 0.404167 0.025 0.0333333
0 0.415625 0.545833 0.034375 0.0458333
0 0.0367187 0.538542 0.0328125 0.04375
0 0.696094 0.209375 0.0296875 0.0354167
0 0.854688 0.507292 0.034375 0.0395833
0 0.317969 0.783333 0.0390625 0.05
0 0.979688 0.0645833 0.03125 0.0458333
0 0.86875 0.677083 0.028125 0.0333333
0 0.18125 0.758333 0.03125 0.0416667
0 0.221875 0.478125 0.028125 0.0354167
0 0.978906 0.115625 0.0328125 0.04375
0 0.127344 0.169792 0.0328125 0.04375
0 0.0804688 0.120833 0.0328125 0.0458333
0 0.170312 0.866667 0.03125 0.0416667
0 0.282031 0.314583 0.0359375 0.05
0 0.10625 0.927083 0.034375 0.0458333
0 0.917969 0.215625 0.0359375 0.0479167
0 0.0679687 0.88125 0.0328125 0.0458333
0 0.69375 0.0270833 0.040625 0.05
