0 0.989844 0.328125 0.0203125 0.04375
0 0.514844 0.984375 0.0328125 0.0270833
1 0.974219 0.5375 0.0515625 0.0916667
0 0.0078125 0.365625 0.015625 0.0354167
0 0.975 0.521875 0.03125 0.0479167
0 0.410156 0.292708 0.0296875 0.04375
0 0.564844 0.322917 0.0359375 0.0458333
0 0.403906 0.892708 0.0234375 0.03125
0 0.155469 0.597917 0.0234375 0.0333333
0 0.553125 0.753125 0.025 0.03125
0 0.41875 0.539583 0.0375 0.0458333
0 0.882812 0.645833 0.025 0.0333333
0 0.627344 0.491667 0.0328125 0.0416667
0 0.854688 0.505208 0.034375 0.0395833
0 0.0328125 0.985417 0.028125 0.025
0 0.151562 0.634375 0.025 0.03125
0 0.264062 0.811458 0.0375 0.0479167
0 0.757812 0.614583 0.025 0.0291667
0 0.121094 0.4375 0.0328125 0.0458333
0 0.495313 0.632292 0.025 0.0354167
0 0.0882813 0.413542 0.0234375 0.03125
0 0.284375 0.454167 0.021875 0.0291667
0 0.692969 0.0114583 0.0296875 0.0229167
0 0.153125 0.0197917 0.028125 0.03125
0 0.170312 0.130208 0.025 0.03125
0 0.957031 0.933333 0.0296875 0.0458333
0 0.605469 0.505208 0.0328125 0.0395833
0 0.910156 0.644792 0.0296875 0.0354167
0 0.68125 0.925 0.028125 0.0375
0 0.324219 0.529167 0.0234375 0.0333333
0 0.303125 0.926042 0.028125 0.0354167
0 0.204688 0.35625 0.025 0.0333333
0 0.682813 0.0177083 0.025 0.0270833
0 0.20625 0.829167 0.025 0.0333333
0 0.794531 0.919792 0.0296875 0.0395833
0 0.142188 0.370833 0.028125 0.0416667
0 0.601562 0.239583 0.03125 0.0416667
0 0.683594 0.689583 0.0296875 0.0333333
0 0.317969 0.783333 0.0390625 0.05
0 0.6375 0.258333 0.025 0.0333333
0 0.873438 0.763542 0.025 0.0354167
0 0.899219 0.736458 0.0296875 0.0395833
0 0.427344 0.397917 0.0359375 0.05
0 0.0257812 0.570833 0.0296875 0.0416667
0 0.571094 0.982292 0.0328125 0.0354167
0 0.971875 0.0583333 0.03125 0.0416667
0 0.552344 0.69375 0.0359375 0.0458333
0 0.969531 0.716667 0.0296875 0.0375
0 0.0898438 0.459375 0.0265625 0.0354167
0 0.617188 0.0645833 0.025 0.0375
0 0.809375 0.295833 0.03125 0.0458333
0 0.06875 0.73125 0.028125 0.0375
0 0.885938 0.580208 0.03125 0.04375
0 0.122656 0.159375 0.0265625 0.0354167
0 0.786719 0.0583333 0.0328125 0.0458333
0 0.783594 0.623958 0.0328125 0.04375
0 0.282813 0.417708 0.025 0.0354167
0 0.0335938 0.0322917 0.0328125 0.04375
0 0.221875 0.788542 0.028125 0.0354167
0 0.0726563 0.879167 0.0296875 0.0416667
0 0.802344 0.205208 0.0359375 0.04375
0 0.621094 0.0395833 0.0328125 0.0416667
0 0.259375 0.88125 0.034375 0.05
0 0.788281 0.155208 0.0359375 0.0479167
0 0.926562 0.201042 0.04375 0.05625
0 0.224219 0.475 0.0296875 0.0333333
0 0.280469 0.311458 0.0359375 0.0479167
0 0.107813 0.922917 0.034375 0.0458333
0 0.779688 0.677083 0.03125 0.0375
