0 0.121875 0.4375 0.0375 0.0541667
0 0.00703125 0.366667 0.0109375 0.0416667
0 0.617188 0.504167 0.034375 0.0416667
0 0.972656 0.521875 0.0296875 0.04375
0 0.142188 0.801042 0.025 0.0395833
0 0.971875 0.009375 0.03125 0.0145833
0 0.160156 0.813542 0.0328125 0.04375
0 0.958594 0.938542 0.0296875 0.0395833
0 0.574219 0.9875 0.0359375 0.025
0 0.699219 0.15625 0.0296875 0.0416667
0 0.410156 0.291667 0.0296875 0.0375
0 0.5125 0.986458 0.034375 0.0270833
0 0.171094 0.13125 0.0234375 0.0291667
0 0.561719 0.151042 0.0265625 0.0395833
0 0.0890625 0.414583 0.025 0.0333333
0 0.564844 0.33125 0.0328125 0.0416667
0 0.89375 0.6875 0.025 0.0291667
0 0.15625 0.598958 0.025 0.0395833
0 0.436719 0.704167 0.0234375 0.0333333
0 0.627344 0.498958 0.0296875 0.0354167
0 0.150781 0.636458 0.0265625 0.0354167
0 0.604688 0.05625 0.025 0.0375
0 0.153906 0.0197917 0.0296875 0.03125
0 0.2625 0.813542 0.0375 0.0479167
0 0.5625 0.673958 0.028125 0.0354167
0 0.615625 0.966667 0.028125 0.0375
0 0.874219 0.765625 0.0234375 0.0354167
0 0.605469 0.50625 0.0296875 0.0375
0 0.371875 0.102083 0.03125 0.0416667
0 0.0617188 0.0979167 0.0265625 0.0375
0 0.803125 0.2125 0.028125 0.0375
0 0.142188 0.832292 0.028125 0.0354167
0 0.317969 0.783333 0.0359375 0.0458333
0 0.728906 0.667708 0.0265625 0.0354167
0 0.589063 0.736458 0.028125 0.0354167
0 0.642969 0.748958 0.0265625 0.0354167
0 0.973437 0.623958 0.028125 0.0354167
0 0.758594 0.626042 0.0265625 0.03125
0 0.601562 0.2375 0.03125 0.0458333
0 0.201562 0.353125 0.028125 0.0354167
0 0.794531 0.2375 0.0265625 0.0333333
0 0.307813 0.635417 0.034375 0.0458333
0 0.819531 0.663542 0.0296875 0.0395833
0 0.885156 0.586458 0.0296875 0.0395833
0 0.334375 0.388542 0.025 0.03125
0 0.28125 0.56875 0.03125 0.0375
0 0.0421875 0.547917 0.034375 0.0458333
0 0.721094 0.770833 0.0265625 0.0333333
0 0.260156 0.884375 0.0328125 0.0479167
0 0.227344 0.294792 0.0296875 0.0395833
0 0.305469 0.916667 0.0296875 0.0416667
0 0.125781 0.163542 0.0265625 0.0354167
0 0.788281 0.628125 0.0296875 0.04375
0 0.45625 0.684375 0.028125 0.0395833
0 0.971875 0.0572917 0.028125 0.0395833
0 0.559375 0.7 0.028125 0.0375
0 0.233594 0.867708 0.0265625 0.0354167
0 0.982813 0.157292 0.028125 0.0395833
0 0.785937 0.0625 0.03125 0.0458333
0 0.222656 0.476042 0.0296875 0.0354167
0 0.136719 0.372917 0.0328125 0.0416667
0 0.853906 0.50625 0.0328125 0.0375
0 0.416406 0.54375 0.0359375 0.0458333
0 0.426562 0.403125 0.034375 0.0479167
0 0.784375 0.166667 0.034375 0.0458333
0 0.615625 0.05 0.028125 0.0375
0 0.196094 0.769792 0.0296875 0.0395833
0 0.06875 0.88125 0.03125 0.0458333
0 0.282813 0.311458 0.034375 0.04375
0 0.921094 0.211458 0.0359375 0.0479167
0 0.10625 0.923958 0.0375 0.0479167
0 0.696094 0.021875 0.0390625 0.04375
