1 0.975781 0.5375 0.0484375 0.0875
0 0.975 0.520833 0.028125 0.0458333
0 0.880469 0.0125 0.0484375 0.025
0 0.317969 0.783333 0.0359375 0.0458333
0 0.599219 0.751042 0.0234375 0.0270833
0 0.628125 0.752083 0.021875 0.0291667
0 0.564844 0.329167 0.0328125 0.0416667
0 0.5125 0.984375 0.03125 0.0270833
0 0.151562 0.634375 0.028125 0.0354167
0 0.628125 0.494792 0.028125 0.0354167
0 0.15625 0.597917 0.025 0.0375
0 0.575 0.984375 0.034375 0.0270833
0 0.992188 0.198958 0.015625 0.0395833
0 0.758594 0.615625 0.0265625 0.03125
0 0.102344 0.784375 0.0265625 0.0354167
0 0.61875 0.692708 0.025 0.0270833
0 0.854688 0.508333 0.034375 0.0416667
0 0.890625 0.658333 0.025 0.0333333
0 0.95625 0.936458 0.028125 0.0395833
0 0.0890625 0.413542 0.025 0.03125
0 0.410156 0.291667 0.0328125 0.0416667
0 0.616406 0.985417 0.0328125 0.0291667
0 0.428906 0.7875 0.0265625 0.0333333
0 0.60625 0.505208 0.03125 0.0395833
0 0.598437 0.2125 0.03125 0.0375
0 0.602344 0.2375 0.0296875 0.0375
0 0.874219 0.679167 0.0265625 0.0333333
0 0.171094 0.129167 0.0265625 0.0291667
0 0.707812 0.84375 0.025 0.0333333
0 0.264062 0.8125 0.040625 0.05
0 0.319531 0.446875 0.0234375 0.03125
0 0.417188 0.541667 0.0375 0.0458333
0 0.154687 0.0197917 0.03125 0.03125
0 0.746094 0.666667 0.0296875 0.0375
0 0.122656 0.1625 0.0265625 0.0333333
0 0.698438 0.0875 0.028125 0.0375
0 0.874219 0.764583 0.0234375 0.0333333
0 0.480469 0.659375 0.0296875 0.0395833
0 0.225781 0.846875 0.0296875 0.0395833
0 0.426562 0.401042 0.034375 0.0479167
0 0.96875 0.0572917 0.03125 0.0395833
0 0.0375 0.555208 0.028125 0.0354167
0 0.139844 0.372917 0.0296875 0.0416667
0 0.784375 0.627083 0.03125 0.0416667
0 0.934375 0.704167 0.028125 0.0375
0 0.940625 0.633333 0.028125 0.0375
0 0.283594 0.503125 0.0265625 0.0354167
0 0.250781 0.3625 0.0296875 0.0375
0 0.885938 0.58125 0.03125 0.0458333
0 0.557813 0.688542 0.03125 0.0395833
0 0.692187 0.015625 0.034375 0.03125
0 0.39375 0.0354167 0.03125 0.0416667
0 0.202344 0.353125 0.0265625 0.0354167
0 0.807031 0.251042 0.0328125 0.0395833
0 0.609375 0.0604167 0.025 0.0333333
0 0.207031 0.789583 0.0296875 0.0333333
0 0.785937 0.1625 0.034375 0.0458333
0 0.8 0.211458 0.034375 0.04375
0 0.305469 0.925 0.0296875 0.0416667
0 0.0710938 0.879167 0.0296875 0.0416667
0 0.786719 0.0604167 0.0328125 0.0458333
0 0.925 0.20625 0.040625 0.0541667
0 0.259375 0.880208 0.034375 0.0520833
0 0.282031 0.311458 0.0359375 0.0479167
0 0.222656 0.476042 0.0296875 0.0354167
0 0.0507812 0.05625 0.0390625 0.0541667
0 0.619531 0.0416667 0.0296875 0.0416667
0 0.107813 0.923958 0.0375 0.0479167
