0 0.990625 0.01875 0.01875 0.0375
0 0.184375 0.14375 0.028125 0.0375
2 0.0921875 0.740625 0.025 0.0270833
0 0.792188 0.00625 0.034375 0.0125
0 0.604688 0.502083 0.0375 0.05
0 0.967188 0.0104167 0.040625 0.0208333
0 0.227344 0.186458 0.0234375 0.0395833
0 0.2 0.35 0.028125 0.0375
0 0.900781 0.742708 0.0265625 0.0354167
0 0.495313 0.06875 0.025 0.0375
0 0.976562 0.364583 0.021875 0.0291667
0 0.257812 0.841667 0.0375 0.05
0 0.482812 0.0802083 0.025 0.0354167
0 0.3625 0.252083 0.025 0.0333333
0 0.953125 0.0291667 0.034375 0.0375
0 0.225781 0.336458 0.0328125 0.04375
0 0.211719 0.511458 0.0265625 0.0354167
0 0.291406 0.34375 0.0296875 0.0375
0 0.782812 0.275 0.028125 0.0375
0 0.384375 0.730208 0.025 0.0395833
0 0.450781 0.505208 0.0359375 0.0479167
0 0.657031 0.485417 0.0265625 0.0416667
0 0.0851562 0.421875 0.0296875 0.0354167
0 0.149219 0.651042 0.0296875 0.0354167
0 0.151562 0.385417 0.03125 0.0416667
0 0.536719 0.0166667 0.0421875 0.0333333
0 0.564844 0.726042 0.0296875 0.0395833
0 0.872656 0.765625 0.0296875 0.0395833
0 0.739844 0.79375 0.0296875 0.0375
1 0.971875 0.575 0.05625 0.0875
0 0.329688 0.942708 0.028125 0.0354167
0 0.784375 0.311458 0.025 0.0354167
0 0.654688 0.110417 0.03125 0.0375
0 0.773438 0.673958 0.034375 0.0395833
0 0.163281 0.0114583 0.0328125 0.0229167
0 0.689062 0.760417 0.03125 0.0416667
0 0.277344 0.444792 0.0296875 0.0395833
0 0.75625 0.921875 0.03125 0.0395833
0 0.964844 0.198958 0.0296875 0.0395833
0 0.0671875 0.897917 0.034375 0.0416667
0 0.640625 0.573958 0.040625 0.0520833
0 0.945312 0.475 0.03125 0.0416667
0 0.965625 0.0854167 0.028125 0.0375
0 0.116406 0.611458 0.0328125 0.0395833
0 0.127344 0.234375 0.0296875 0.0395833
0 0.0296875 0.530208 0.028125 0.0395833
0 0.439844 0.85 0.0328125 0.0458333
0 0.78125 0.11875 0.03125 0.0458333
0 0.0773437 0.272917 0.0265625 0.0375
0 0.761719 0.252083 0.0328125 0.0416667
0 0.432031 0.634375 0.0296875 0.0395833
0 0.627344 0.301042 0.0296875 0.0479167
0 0.266406 0.897917 0.0359375 0.0541667
0 0.190625 0.0354167 0.034375 0.05
0 0.902344 0.326042 0.0296875 0.0395833
0 0.0546875 0.13125 0.034375 0.0458333
0 0.127344 0.302083 0.0296875 0.0416667
0 0.0515625 0.182292 0.034375 0.0479167
0 0.742188 0.128125 0.0375 0.0520833
0 0.8125 0.736458 0.034375 0.0479167
0 0.584375 0.1 0.028125 0.0375
0 0.697656 0.071875 0.0328125 0.04375
0 0.914062 0.272917 0.040625 0.0541667
