0 0.888281 0.660417 0.0265625 0.0333333
0 0.88125 0.0114583 0.046875 0.0229167
1 0.975 0.5375 0.05 0.0916667
0 0.211719 0.880208 0.0203125 0.0270833
0 0.970312 0.009375 0.0375 0.0145833
0 0.974219 0.521875 0.0296875 0.04375
0 0.701563 0.109375 0.025 0.03125
0 0.409375 0.292708 0.028125 0.0395833
0 0.30625 0.635417 0.034375 0.0458333
0 0.557813 0.691667 0.0375 0.0416667
0 0.31875 0.783333 0.034375 0.0458333
0 0.476562 0.65 0.028125 0.0375
0 0.15625 0.597917 0.025 0.0375
0 0.565625 0.330208 0.034375 0.04375
0 0.617969 0.985417 0.0328125 0.0291667
0 0.510938 0.984375 0.034375 0.03125
0 0.171094 0.129167 0.0234375 0.0291667
0 0.335938 0.434375 0.021875 0.03125
0 0.0882813 0.413542 0.0234375 0.03125
0 0.628125 0.497917 0.03125 0.0375
0 0.386719 0.05 0.0296875 0.0416667
0 0.94375 0.626042 0.025 0.03125
0 0.574219 0.986458 0.0328125 0.0229167
0 0.60625 0.505208 0.03125 0.0395833
0 0.605469 0.689583 0.0234375 0.0333333
0 0.151562 0.634375 0.028125 0.0354167
0 0.957812 0.9375 0.028125 0.0416667
0 0.990625 0.188542 0.01875 0.0395833
0 0.435156 0.765625 0.0265625 0.0395833
0 0.875 0.764583 0.025 0.0333333
0 0.154687 0.0197917 0.03125 0.03125
0 0.115625 0.791667 0.025 0.0333333
0 0.747656 0.653125 0.0265625 0.0354167
0 0.920313 0.697917 0.028125 0.0333333
0 0.201562 0.354167 0.025 0.0333333
0 0.201562 0.78125 0.028125 0.0375
0 0.885938 0.582292 0.03125 0.04375
0 0.607813 0.0583333 0.025 0.0333333
0 0.8625 0.694792 0.028125 0.0395833
0 0.283594 0.519792 0.0265625 0.0354167
0 0.758594 0.616667 0.0265625 0.0333333
0 0.601562 0.236458 0.028125 0.0395833
0 0.6125 0.753125 0.03125 0.0395833
0 0.417188 0.542708 0.0375 0.0479167
0 0.245312 0.3375 0.025 0.0333333
0 0.786719 0.161458 0.0328125 0.04375
0 0.426562 0.401042 0.034375 0.0479167
0 0.721875 0.836458 0.025 0.0354167
0 0.802344 0.2125 0.0328125 0.0458333
0 0.966406 0.0583333 0.0328125 0.0416667
0 0.784375 0.628125 0.03125 0.04375
0 0.263281 0.8125 0.0359375 0.0458333
0 0.121875 0.163542 0.028125 0.0354167
0 0.797656 0.254167 0.0296875 0.0375
0 0.053125 0.075 0.03125 0.0458333
0 0.0710938 0.880208 0.0296875 0.04375
0 0.228125 0.851042 0.025 0.0354167
0 0.283594 0.311458 0.0328125 0.04375
0 0.0335938 0.55625 0.0296875 0.0375
0 0.853906 0.507292 0.0359375 0.04375
0 0.594531 0.197917 0.0296875 0.0416667
0 0.786719 0.0604167 0.0328125 0.0458333
0 0.304688 0.923958 0.03125 0.04375
0 0.139062 0.375 0.03125 0.0416667
0 0.260156 0.882292 0.0359375 0.0520833
0 0.61875 0.0447917 0.028125 0.0395833
0 0.222656 0.476042 0.0296875 0.0354167
0 0.69375 0.0177083 0.034375 0.0354167
0 0.107031 0.923958 0.0328125 0.04375
0 0.921875 0.208333 0.034375 0.0458333
