1 0.976562 0.5375 0.046875 0.0791667
0 0.6 0.495833 0.028125 0.0291667
0 0.971094 0.0104167 0.0421875 0.0166667
0 0.121094 0.439583 0.0359375 0.05
0 0.158594 0.808333 0.0390625 0.0541667
0 0.578125 0.988542 0.0375 0.0229167
0 0.625781 0.501042 0.0328125 0.0395833
0 0.601562 0.0583333 0.021875 0.0333333
0 0.510938 0.986458 0.034375 0.0270833
0 0.560156 0.696875 0.0296875 0.03125
0 0.157031 0.597917 0.0265625 0.0375
0 0.565625 0.335417 0.034375 0.0416667
0 0.171875 0.132292 0.025 0.03125
0 0.957812 0.941667 0.03125 0.0416667
0 0.0890625 0.414583 0.025 0.0333333
0 0.360938 0.134375 0.028125 0.0395833
0 0.788281 0.635417 0.0296875 0.0375
0 0.604688 0.505208 0.03125 0.0395833
0 0.874219 0.765625 0.0234375 0.0354167
0 0.151562 0.635417 0.028125 0.0375
0 0.782031 0.16875 0.0328125 0.0458333
0 0.759375 0.626042 0.025 0.0270833
0 0.782812 0.661458 0.025 0.03125
0 0.264062 0.814583 0.040625 0.0541667
0 0.576563 0.723958 0.025 0.03125
0 0.888281 0.659375 0.0265625 0.03125
0 0.2 0.351042 0.025 0.0354167
0 0.45625 0.65625 0.025 0.0333333
0 0.616406 0.0510417 0.0234375 0.0354167
0 0.134375 0.404167 0.025 0.0291667
0 0.557031 0.114583 0.0234375 0.0291667
0 0.983594 0.620833 0.0234375 0.0291667
0 0.725 0.7125 0.025 0.0333333
0 0.239063 0.883333 0.03125 0.0416667
0 0.885156 0.585417 0.0296875 0.0416667
0 0.428125 0.40625 0.0375 0.05
0 0.786719 0.0635417 0.0296875 0.04375
0 0.328906 0.348958 0.0296875 0.0395833
0 0.875 0.675 0.025 0.0291667
0 0.614062 0.970833 0.03125 0.0375
0 0.259375 0.886458 0.034375 0.0520833
0 0.541406 0.648958 0.0265625 0.03125
0 0.602344 0.239583 0.0296875 0.0416667
0 0.289062 0.607292 0.028125 0.0395833
0 0.783594 0.229167 0.0265625 0.0375
0 0.0742188 0.115625 0.0328125 0.0395833
0 0.1375 0.371875 0.028125 0.0354167
0 0.210156 0.251042 0.0265625 0.0354167
0 0.803125 0.215625 0.028125 0.0354167
0 0.127344 0.167708 0.0265625 0.0354167
0 0.416406 0.544792 0.0359375 0.0479167
0 0.432813 0.659375 0.03125 0.0395833
0 0.304688 0.914583 0.03125 0.0416667
0 0.153906 0.0208333 0.0296875 0.0333333
0 0.715625 0.672917 0.028125 0.0375
0 0.040625 0.5375 0.034375 0.0416667
0 0.221875 0.477083 0.028125 0.0333333
0 0.317969 0.784375 0.0390625 0.0520833
0 0.186719 0.770833 0.0296875 0.0375
0 0.707031 0.192708 0.0296875 0.0354167
0 0.853906 0.507292 0.0328125 0.0395833
0 0.969531 0.0604167 0.0296875 0.0416667
0 0.164844 0.851042 0.0328125 0.04375
0 0.978906 0.130208 0.0328125 0.04375
0 0.282031 0.313542 0.0359375 0.0479167
0 0.0679687 0.88125 0.0328125 0.0458333
0 0.91875 0.214583 0.034375 0.0458333
0 0.10625 0.926042 0.034375 0.0479167
0 0.69375 0.025 0.040625 0.05
