0 0.599219 0.496875 0.0265625 0.03125
0 0.790625 0.639583 0.025 0.0333333
1 0.976562 0.538542 0.046875 0.08125
0 0.786719 0.63125 0.0265625 0.0333333
0 0.953125 0.00729167 0.03125 0.0145833
0 0.450781 0.669792 0.0296875 0.04375
0 0.410156 0.291667 0.0265625 0.0333333
0 0.307031 0.638542 0.0296875 0.04375
0 0.160938 0.809375 0.0375 0.0520833
0 0.886719 0.661458 0.0265625 0.03125
0 0.785937 0.228125 0.03125 0.0354167
0 0.576563 0.989583 0.03125 0.0208333
0 0.572656 0.714583 0.0234375 0.0333333
0 0.565625 0.335417 0.03125 0.0416667
0 0.511719 0.9875 0.0359375 0.025
0 0.605469 0.505208 0.0296875 0.0395833
0 0.665625 0.740625 0.034375 0.04375
0 0.559375 0.696875 0.028125 0.03125
0 0.171094 0.132292 0.0234375 0.03125
0 0.957031 0.940625 0.0328125 0.04375
0 0.625 0.501042 0.034375 0.04375
0 0.759375 0.628125 0.025 0.0270833
0 0.263281 0.814583 0.0359375 0.05
0 0.600781 0.0583333 0.0265625 0.0375
0 0.974219 0.0104167 0.0296875 0.0166667
0 0.358594 0.122917 0.0296875 0.0375
0 0.0890625 0.415625 0.025 0.03125
0 0.150781 0.636458 0.0265625 0.0354167
0 0.129688 0.407292 0.021875 0.0270833
0 0.15625 0.598958 0.025 0.0354167
0 0.98125 0.623958 0.025 0.0270833
0 0.55625 0.117708 0.025 0.0354167
0 0.285937 0.603125 0.028125 0.0354167
0 0.874219 0.767708 0.0265625 0.0354167
0 0.878906 0.679167 0.0234375 0.0291667
0 0.782031 0.167708 0.0328125 0.04375
0 0.791406 0.658333 0.0203125 0.0333333
0 0.542969 0.659375 0.0296875 0.03125
0 0.260938 0.886458 0.034375 0.0520833
0 0.714844 0.729167 0.0234375 0.0333333
0 0.696094 0.19375 0.0296875 0.0375
0 0.153906 0.0197917 0.0296875 0.03125
0 0.128125 0.166667 0.028125 0.0375
0 0.601562 0.239583 0.03125 0.0458333
0 0.416406 0.545833 0.0359375 0.05
0 0.0429688 0.538542 0.0296875 0.0354167
0 0.202344 0.352083 0.0265625 0.0333333
0 0.326562 0.360417 0.028125 0.0416667
0 0.721094 0.673958 0.0265625 0.03125
0 0.238281 0.878125 0.0265625 0.0354167
0 0.427344 0.405208 0.0359375 0.0520833
0 0.220313 0.260417 0.028125 0.0375
0 0.785937 0.0635417 0.03125 0.04375
0 0.803125 0.214583 0.028125 0.0375
0 0.616406 0.0510417 0.0265625 0.0354167
0 0.317187 0.784375 0.0375 0.0479167
0 0.157813 0.851042 0.028125 0.0354167
0 0.885156 0.585417 0.0296875 0.0416667
0 0.610937 0.972917 0.034375 0.0416667
0 0.304688 0.914583 0.028125 0.0416667
0 0.135937 0.370833 0.03125 0.0416667
0 0.06875 0.115625 0.034375 0.04375
0 0.854688 0.507292 0.034375 0.0395833
0 0.222656 0.477083 0.0296875 0.0375
0 0.190625 0.766667 0.028125 0.0375
0 0.442187 0.661458 0.03125 0.04375
0 0.0679687 0.88125 0.0328125 0.0458333
0 0.282031 0.313542 0.0359375 0.0479167
0 0.976562 0.126042 0.03125 0.0395833
0 0.91875 0.213542 0.034375 0.0479167
0 0.970312 0.0625 0.03125 0.0416667
0 0.107031 0.923958 0.0359375 0.0479167
0 0.69375 0.021875 0.0375 0.04375
