0 0.230469 0.251042 0.0265625 0.0395833
0 0.774219 0.671875 0.0265625 0.03125
0 0.974219 0.521875 0.0296875 0.04375
0 0.11875 0.4375 0.03125 0.0416667
0 0.0078125 0.3625 0.015625 0.0416667
0 0.410156 0.291667 0.0265625 0.0375
1 0.975 0.536458 0.05 0.0854167
0 0.417969 0.541667 0.0359375 0.0458333
0 0.5125 0.984375 0.034375 0.0270833
0 0.264062 0.811458 0.0375 0.0479167
0 0.65 0.680208 0.028125 0.03125
0 0.31875 0.783333 0.034375 0.0458333
0 0.151562 0.634375 0.025 0.0354167
0 0.142188 0.373958 0.03125 0.0395833
0 0.157031 0.596875 0.0265625 0.0354167
0 0.398438 0.009375 0.03125 0.01875
0 0.614844 0.2375 0.0296875 0.0416667
0 0.330469 0.488542 0.0234375 0.03125
0 0.564844 0.323958 0.0359375 0.04375
0 0.69375 0.0135417 0.034375 0.0270833
0 0.217187 0.7875 0.025 0.0291667
0 0.0882813 0.4125 0.0234375 0.0291667
0 0.0851562 0.758333 0.0265625 0.0333333
0 0.604688 0.505208 0.03125 0.0395833
0 0.957812 0.936458 0.028125 0.0395833
0 0.627344 0.49375 0.0328125 0.0375
0 0.578906 0.755208 0.0265625 0.0354167
0 0.170312 0.130208 0.025 0.03125
0 0.873438 0.766667 0.025 0.0333333
0 0.0335938 0.5625 0.0296875 0.0416667
0 0.43125 0.840625 0.025 0.0354167
0 0.924219 0.636458 0.0296875 0.0354167
0 0.778906 0.965625 0.0328125 0.04375
0 0.476562 0.627083 0.03125 0.0416667
0 0.689062 0.886458 0.025 0.0354167
0 0.758594 0.613542 0.0265625 0.03125
0 0.854688 0.508333 0.034375 0.0416667
0 0.597656 0.239583 0.0359375 0.0458333
0 0.571094 0.984375 0.0359375 0.03125
0 0.154687 0.0197917 0.03125 0.03125
0 0.772656 0.644792 0.0265625 0.03125
0 0.971875 0.0572917 0.03125 0.0395833
0 0.614062 0.0614583 0.028125 0.0395833
0 0.953906 0.708333 0.0296875 0.0375
0 0.782812 0.623958 0.03125 0.0395833
0 0.0875 0.440625 0.025 0.03125
0 0.427344 0.397917 0.0359375 0.05
0 0.915625 0.683333 0.025 0.0333333
0 0.203906 0.353125 0.0265625 0.0354167
0 0.214844 0.838542 0.0265625 0.03125
0 0.282813 0.476042 0.028125 0.0354167
0 0.122656 0.160417 0.0265625 0.0333333
0 0.802344 0.211458 0.0328125 0.04375
0 0.639063 0.776042 0.025 0.0354167
0 0.303906 0.925 0.0296875 0.0375
0 0.803906 0.278125 0.0328125 0.04375
0 0.885938 0.58125 0.03125 0.0416667
0 0.786719 0.0614583 0.0328125 0.04375
0 0.785156 0.158333 0.0328125 0.0416667
0 0.267969 0.389583 0.0296875 0.0375
0 0.0726563 0.879167 0.0296875 0.0416667
0 0.552344 0.690625 0.0359375 0.04375
0 0.697656 0.0416667 0.0296875 0.0416667
0 0.040625 0.0458333 0.028125 0.0416667
0 0.619531 0.0395833 0.0328125 0.0458333
0 0.28125 0.311458 0.034375 0.0479167
0 0.923437 0.201042 0.0375 0.0520833
0 0.223438 0.475 0.03125 0.0333333
0 0.259375 0.88125 0.034375 0.05
0 0.107813 0.923958 0.034375 0.04375
