0 0.621094 0.991667 0.0296875 0.0166667
1 0.976562 0.536458 0.046875 0.0854167
0 0.0078125 0.364583 0.015625 0.0375
0 0.992188 0.209375 0.015625 0.04375
0 0.974219 0.521875 0.0296875 0.0479167
0 0.889844 0.660417 0.0234375 0.0291667
0 0.121094 0.442708 0.0328125 0.04375
0 0.150781 0.634375 0.0265625 0.0354167
0 0.157031 0.596875 0.0265625 0.0395833
0 0.586719 0.752083 0.0265625 0.0333333
0 0.317969 0.783333 0.0359375 0.0458333
0 0.564062 0.327083 0.034375 0.0416667
0 0.607813 0.219792 0.028125 0.0354167
0 0.575781 0.985417 0.0359375 0.0291667
0 0.428125 0.817708 0.025 0.0354167
0 0.710156 0.873958 0.0265625 0.0354167
0 0.755469 0.979167 0.0296875 0.0375
0 0.103125 0.435417 0.028125 0.0375
0 0.0882813 0.4125 0.0234375 0.0291667
0 0.410156 0.292708 0.0296875 0.0395833
0 0.513281 0.984375 0.0359375 0.03125
0 0.854688 0.508333 0.034375 0.0416667
0 0.264062 0.811458 0.0375 0.0479167
0 0.957812 0.935417 0.028125 0.0416667
0 0.4875 0.644792 0.028125 0.0354167
0 0.628125 0.494792 0.034375 0.0395833
0 0.872656 0.7625 0.0234375 0.0291667
0 0.034375 0.5625 0.028125 0.0375
0 0.323438 0.459375 0.028125 0.0354167
0 0.395312 0.01875 0.028125 0.0333333
0 0.605469 0.504167 0.0359375 0.0416667
0 0.627344 0.752083 0.0265625 0.0333333
0 0.758594 0.615625 0.0265625 0.03125
0 0.171094 0.130208 0.0234375 0.03125
0 0.932031 0.634375 0.0265625 0.0354167
0 0.139844 0.373958 0.0296875 0.0395833
0 0.557031 0.694792 0.0328125 0.0395833
0 0.96875 0.0572917 0.034375 0.04375
0 0.945312 0.701042 0.028125 0.0354167
0 0.634375 0.697917 0.028125 0.0333333
0 0.800781 0.211458 0.0328125 0.04375
0 0.0429688 0.0541667 0.0328125 0.0375
0 0.210156 0.784375 0.0296875 0.0354167
0 0.760938 0.670833 0.028125 0.0333333
0 0.25625 0.378125 0.028125 0.0354167
0 0.784375 0.627083 0.028125 0.0375
0 0.221094 0.841667 0.0265625 0.0333333
0 0.096875 0.764583 0.028125 0.0375
0 0.203906 0.353125 0.0265625 0.0354167
0 0.692969 0.015625 0.0359375 0.03125
0 0.417188 0.541667 0.0375 0.0458333
0 0.428125 0.397917 0.034375 0.05
0 0.154687 0.0197917 0.03125 0.03125
0 0.6 0.241667 0.03125 0.0458333
0 0.786719 0.0614583 0.0328125 0.04375
0 0.813281 0.263542 0.0296875 0.0395833
0 0.121875 0.163542 0.028125 0.0354167
0 0.284375 0.486458 0.025 0.0395833
0 0.786719 0.161458 0.0328125 0.04375
0 0.611719 0.059375 0.0296875 0.0395833
0 0.304688 0.925 0.03125 0.0416667
0 0.886719 0.580208 0.0328125 0.04375
0 0.889844 0.704167 0.0265625 0.0333333
0 0.071875 0.879167 0.03125 0.0458333
0 0.685938 0.0729167 0.028125 0.0416667
0 0.282031 0.311458 0.0359375 0.0479167
0 0.107813 0.922917 0.034375 0.0458333
0 0.223438 0.476042 0.03125 0.0354167
0 0.923437 0.204167 0.040625 0.0541667
0 0.258594 0.880208 0.0359375 0.0520833
0 0.619531 0.0416667 0.0328125 0.0458333
