0 0.6 0.495833 0.028125 0.0291667
0 0.171875 0.133333 0.025 0.0333333
0 0.121094 0.440625 0.0359375 0.0479167
0 0.576563 0.989583 0.034375 0.0208333
0 0.767969 0.646875 0.0234375 0.03125
0 0.565625 0.335417 0.03125 0.0416667
0 0.15625 0.597917 0.025 0.0375
0 0.974219 0.0104167 0.0359375 0.0166667
0 0.511719 0.986458 0.0328125 0.0270833
0 0.760938 0.63125 0.028125 0.0291667
0 0.60625 0.50625 0.03125 0.0375
0 0.625 0.502083 0.03125 0.0375
0 0.886719 0.660417 0.0234375 0.0291667
0 0.0890625 0.415625 0.025 0.03125
0 0.151562 0.636458 0.028125 0.0354167
0 0.240625 0.885417 0.028125 0.0416667
0 0.957812 0.941667 0.034375 0.0458333
0 0.803906 0.215625 0.0265625 0.0354167
0 0.427344 0.408333 0.0359375 0.05
0 0.572656 0.722917 0.0265625 0.0333333
0 0.561719 0.694792 0.0296875 0.0354167
0 0.132812 0.402083 0.021875 0.0333333
0 0.885938 0.583333 0.028125 0.0416667
0 0.264062 0.815625 0.040625 0.05625
0 0.353125 0.135417 0.03125 0.0416667
0 0.1375 0.371875 0.028125 0.0354167
0 0.211719 0.251042 0.0296875 0.0395833
0 0.874219 0.764583 0.0265625 0.0375
0 0.789062 0.635417 0.028125 0.0375
0 0.599219 0.0552083 0.0234375 0.0354167
0 0.317969 0.351042 0.0265625 0.0395833
0 0.288281 0.611458 0.0265625 0.0395833
0 0.539062 0.105208 0.028125 0.0395833
0 0.201562 0.352083 0.028125 0.0375
0 0.259375 0.885417 0.034375 0.05
0 0.457812 0.646875 0.028125 0.0395833
0 0.610937 0.977083 0.03125 0.0375
0 0.785937 0.0635417 0.03125 0.04375
0 0.126563 0.16875 0.028125 0.0375
0 0.532812 0.659375 0.028125 0.0395833
0 0.429688 0.665625 0.03125 0.0395833
0 0.416406 0.546875 0.0359375 0.0479167
0 0.602344 0.239583 0.0296875 0.0416667
0 0.701563 0.204167 0.028125 0.0375
0 0.304688 0.913542 0.028125 0.0395833
0 0.734375 0.708333 0.025 0.0333333
0 0.782031 0.167708 0.0359375 0.0479167
0 0.0390625 0.539583 0.03125 0.0375
0 0.153125 0.0208333 0.03125 0.0333333
0 0.870313 0.678125 0.025 0.03125
0 0.183594 0.76875 0.0296875 0.0416667
0 0.317969 0.784375 0.0390625 0.0520833
0 0.164062 0.85625 0.028125 0.0375
0 0.223438 0.478125 0.028125 0.0354167
0 0.708594 0.671875 0.0265625 0.0354167
0 0.617188 0.0489583 0.028125 0.0395833
0 0.970312 0.0614583 0.028125 0.0395833
0 0.784375 0.227083 0.028125 0.0333333
0 0.979688 0.13125 0.03125 0.0458333
0 0.854688 0.507292 0.034375 0.0395833
0 0.078125 0.114583 0.034375 0.0458333
0 0.28125 0.313542 0.034375 0.0479167
0 0.0671875 0.88125 0.034375 0.0458333
0 0.91875 0.214583 0.0375 0.05
0 0.107031 0.927083 0.0328125 0.0458333
0 0.69375 0.0270833 0.040625 0.05
