0 0.6 0.496875 0.028125 0.03125
0 0.88125 0.0125 0.046875 0.025
0 0.973437 0.522917 0.03125 0.0458333
0 0.971094 0.0104167 0.0390625 0.0166667
0 0.307031 0.634375 0.0390625 0.0479167
0 0.958594 0.936458 0.0296875 0.0395833
0 0.121875 0.436458 0.040625 0.05625
0 0.832812 0.680208 0.025 0.03125
0 0.171094 0.13125 0.0265625 0.0333333
0 0.157031 0.597917 0.0265625 0.0375
0 0.565625 0.33125 0.0375 0.0458333
0 0.600781 0.986458 0.0359375 0.0270833
0 0.160938 0.814583 0.0375 0.0458333
0 0.317969 0.783333 0.0359375 0.05
0 0.573438 0.988542 0.034375 0.0229167
0 0.575781 0.675 0.0296875 0.0333333
0 0.514063 0.986458 0.034375 0.0270833
0 0.0890625 0.414583 0.025 0.0333333
0 0.875781 0.764583 0.0234375 0.0333333
0 0.599219 0.730208 0.0265625 0.0354167
0 0.150781 0.635417 0.0296875 0.0375
0 0.153906 0.0208333 0.0296875 0.0291667
0 0.626562 0.498958 0.03125 0.0395833
0 0.134375 0.81875 0.025 0.0333333
0 0.990625 0.153125 0.01875 0.04375
0 0.73125 0.7875 0.028125 0.0333333
0 0.895312 0.692708 0.025 0.03125
0 0.441406 0.71875 0.0265625 0.0375
0 0.604688 0.505208 0.03125 0.0395833
0 0.885156 0.585417 0.0296875 0.0416667
0 0.721875 0.685417 0.025 0.0333333
0 0.601562 0.2375 0.03125 0.0458333
0 0.800781 0.2125 0.0328125 0.0416667
0 0.965625 0.632292 0.028125 0.0354167
0 0.60625 0.0625 0.025 0.0375
0 0.0382813 0.544792 0.0328125 0.04375
0 0.757812 0.615625 0.025 0.03125
0 0.378125 0.0875 0.034375 0.0458333
0 0.417188 0.542708 0.0375 0.0520833
0 0.557813 0.696875 0.03125 0.0395833
0 0.201562 0.354167 0.028125 0.0375
0 0.575781 0.170833 0.0296875 0.0416667
0 0.0609375 0.0854167 0.034375 0.05
0 0.7875 0.629167 0.03125 0.0458333
0 0.307031 0.91875 0.0296875 0.0416667
0 0.263281 0.8125 0.0421875 0.0541667
0 0.454688 0.673958 0.03125 0.0395833
0 0.854688 0.507292 0.034375 0.0395833
0 0.335156 0.401042 0.0265625 0.0354167
0 0.122656 0.16875 0.0296875 0.0375
0 0.232812 0.863542 0.028125 0.0395833
0 0.259375 0.882292 0.034375 0.0479167
0 0.791406 0.242708 0.0265625 0.0354167
0 0.970312 0.0572917 0.034375 0.04375
0 0.617969 0.0479167 0.0296875 0.0416667
0 0.2875 0.553125 0.034375 0.0479167
0 0.138281 0.371875 0.0328125 0.04375
0 0.426562 0.403125 0.0375 0.0520833
0 0.786719 0.0604167 0.0328125 0.0458333
0 0.0695312 0.88125 0.0328125 0.0458333
0 0.222656 0.476042 0.0296875 0.0395833
0 0.783594 0.166667 0.0328125 0.0458333
0 0.282031 0.311458 0.0359375 0.0479167
0 0.19375 0.771875 0.03125 0.0395833
0 0.232812 0.307292 0.034375 0.0479167
0 0.921094 0.211458 0.0359375 0.0479167
0 0.10625 0.923958 0.0375 0.0479167
0 0.694531 0.0197917 0.0359375 0.0395833
