0 0.974219 0.522917 0.0296875 0.0458333
0 0.00703125 0.365625 0.0140625 0.04375
0 0.786719 0.20625 0.0234375 0.0291667
0 0.786719 0.63125 0.0265625 0.0333333
0 0.409375 0.292708 0.028125 0.0395833
1 0.975781 0.538542 0.0484375 0.0854167
0 0.13125 0.407292 0.025 0.03125
0 0.573438 0.989583 0.028125 0.0208333
0 0.284375 0.589583 0.028125 0.0375
0 0.160938 0.809375 0.0375 0.0520833
0 0.8875 0.660417 0.028125 0.0333333
0 0.625781 0.5 0.0328125 0.0416667
0 0.120312 0.4375 0.034375 0.0458333
0 0.974219 0.0104167 0.0296875 0.0166667
0 0.317969 0.784375 0.0359375 0.0479167
0 0.153906 0.0208333 0.0265625 0.0291667
0 0.803125 0.211458 0.028125 0.0354167
0 0.5125 0.9875 0.034375 0.025
0 0.0890625 0.414583 0.025 0.0333333
0 0.605469 0.505208 0.0296875 0.0395833
0 0.416406 0.544792 0.0359375 0.0479167
0 0.603125 0.0552083 0.025 0.0354167
0 0.759375 0.632292 0.025 0.03125
0 0.957031 0.939583 0.0296875 0.0416667
0 0.150781 0.636458 0.0265625 0.0354167
0 0.552344 0.132292 0.0265625 0.0354167
0 0.170312 0.13125 0.025 0.0333333
0 0.15625 0.598958 0.025 0.0354167
0 0.874219 0.764583 0.0265625 0.0375
0 0.703906 0.18125 0.0265625 0.0333333
0 0.263281 0.814583 0.0390625 0.05
0 0.560938 0.695833 0.028125 0.0375
0 0.3625 0.1125 0.028125 0.0416667
0 0.790625 0.226042 0.028125 0.03125
0 0.885156 0.585417 0.0296875 0.0375
0 0.123438 0.166667 0.028125 0.0333333
0 0.596094 0.977083 0.0296875 0.0375
0 0.428125 0.404167 0.034375 0.0458333
0 0.979688 0.611458 0.028125 0.0354167
0 0.733594 0.748958 0.0234375 0.03125
0 0.260156 0.8875 0.0328125 0.0458333
0 0.988281 0.130208 0.0234375 0.0395833
0 0.584375 0.722917 0.021875 0.0291667
0 0.442187 0.685417 0.028125 0.0375
0 0.149219 0.845833 0.0296875 0.0333333
0 0.235938 0.875 0.025 0.0333333
0 0.196094 0.760417 0.0296875 0.0333333
0 0.714063 0.652083 0.028125 0.0333333
0 0.885938 0.680208 0.025 0.03125
0 0.809375 0.6375 0.028125 0.0333333
0 0.304688 0.916667 0.028125 0.0416667
0 0.328125 0.369792 0.028125 0.0354167
0 0.551562 0.673958 0.03125 0.0354167
0 0.0421875 0.542708 0.03125 0.0354167
0 0.602344 0.2375 0.0328125 0.0458333
0 0.201562 0.353125 0.028125 0.0354167
0 0.786719 0.0625 0.0328125 0.0458333
0 0.616406 0.05 0.0265625 0.0375
0 0.136719 0.371875 0.0328125 0.04375
0 0.216406 0.278125 0.0296875 0.0395833
0 0.783594 0.167708 0.0328125 0.04375
0 0.282813 0.3125 0.034375 0.0458333
0 0.972656 0.0625 0.0328125 0.0458333
0 0.853906 0.507292 0.0328125 0.0395833
0 0.222656 0.476042 0.0296875 0.0354167
0 0.06875 0.88125 0.03125 0.0458333
0 0.91875 0.214583 0.0375 0.05
0 0.0625 0.109375 0.034375 0.0479167
0 0.69375 0.021875 0.0375 0.04375
0 0.10625 0.923958 0.0375 0.0479167
