0 0.88125 0.0114583 0.046875 0.0229167
1 0.975 0.535417 0.05 0.0875
0 0.974219 0.521875 0.0296875 0.04375
0 0.969531 0.00729167 0.0390625 0.0145833
0 0.614062 0.742708 0.021875 0.0270833
0 0.885938 0.661458 0.025 0.03125
0 0.611719 0.760417 0.0234375 0.0291667
0 0.575 0.9875 0.034375 0.0208333
0 0.705469 0.117708 0.0234375 0.0354167
0 0.121094 0.441667 0.0359375 0.0458333
0 0.317969 0.784375 0.0359375 0.0479167
0 0.621094 0.986458 0.0296875 0.0270833
0 0.565625 0.330208 0.034375 0.04375
0 0.171875 0.130208 0.025 0.03125
0 0.603125 0.678125 0.025 0.0270833
0 0.305469 0.635417 0.0359375 0.0458333
0 0.463281 0.651042 0.0296875 0.04375
0 0.510938 0.984375 0.034375 0.03125
0 0.157031 0.597917 0.0265625 0.0416667
0 0.605469 0.505208 0.0296875 0.0395833
0 0.627344 0.496875 0.0296875 0.0354167
0 0.986719 0.189583 0.0234375 0.0333333
0 0.730469 0.811458 0.0234375 0.0270833
0 0.957812 0.9375 0.028125 0.0416667
0 0.742969 0.652083 0.0265625 0.0333333
0 0.559375 0.694792 0.028125 0.0354167
0 0.601562 0.236458 0.028125 0.0395833
0 0.151562 0.635417 0.028125 0.0375
0 0.0882813 0.413542 0.0234375 0.03125
0 0.757812 0.617708 0.025 0.03125
0 0.947656 0.628125 0.0265625 0.0354167
0 0.608594 0.0604167 0.0265625 0.0375
0 0.886719 0.58125 0.0296875 0.0416667
0 0.964063 0.059375 0.03125 0.0395833
0 0.875 0.763542 0.025 0.0354167
0 0.053125 0.0802083 0.034375 0.0479167
0 0.433594 0.75 0.0296875 0.0375
0 0.328125 0.421875 0.028125 0.0354167
0 0.154687 0.0197917 0.03125 0.03125
0 0.426562 0.402083 0.034375 0.0458333
0 0.264062 0.811458 0.0375 0.0479167
0 0.385156 0.0572917 0.0296875 0.0395833
0 0.784375 0.629167 0.028125 0.0416667
0 0.0328125 0.554167 0.028125 0.0375
0 0.803906 0.2125 0.0296875 0.0416667
0 0.285156 0.529167 0.0296875 0.0416667
0 0.913281 0.691667 0.0265625 0.0333333
0 0.119531 0.798958 0.0265625 0.0354167
0 0.204688 0.78125 0.028125 0.0416667
0 0.201562 0.353125 0.028125 0.0354167
0 0.591406 0.1875 0.0328125 0.0416667
0 0.859375 0.714583 0.028125 0.0375
0 0.417188 0.541667 0.034375 0.0458333
0 0.122656 0.1625 0.0265625 0.0333333
0 0.229687 0.853125 0.028125 0.0395833
0 0.260156 0.88125 0.0359375 0.05
0 0.785937 0.1625 0.034375 0.0458333
0 0.139844 0.372917 0.0328125 0.0416667
0 0.79375 0.25 0.028125 0.0375
0 0.246094 0.339583 0.0296875 0.0375
0 0.0703125 0.880208 0.03125 0.04375
0 0.853906 0.507292 0.0359375 0.04375
0 0.786719 0.0604167 0.0328125 0.0458333
0 0.282813 0.311458 0.0375 0.0479167
0 0.221875 0.475 0.03125 0.0375
0 0.304688 0.922917 0.03125 0.0416667
0 0.617969 0.0458333 0.0296875 0.0416667
0 0.107031 0.925 0.0359375 0.0458333
0 0.692969 0.0177083 0.0359375 0.0354167
0 0.921094 0.209375 0.0359375 0.0479167
