0 0.30625 0.633333 0.034375 0.0458333
0 0.969531 0.00833333 0.0390625 0.0125
0 0.889063 0.661458 0.025 0.03125
0 0.121094 0.436458 0.0390625 0.05625
0 0.619531 0.986458 0.0328125 0.0270833
0 0.703906 0.122917 0.0234375 0.0333333
0 0.575 0.986458 0.034375 0.0229167
0 0.958594 0.936458 0.0296875 0.0395833
0 0.317969 0.784375 0.0359375 0.0479167
0 0.564844 0.330208 0.0328125 0.04375
0 0.557813 0.692708 0.03125 0.0395833
0 0.15625 0.597917 0.025 0.0375
0 0.150781 0.635417 0.0265625 0.0375
0 0.0890625 0.414583 0.025 0.0291667
0 0.0320312 0.547917 0.0234375 0.0333333
0 0.757031 0.61875 0.0234375 0.0291667
0 0.513281 0.985417 0.0359375 0.0291667
0 0.601562 0.235417 0.028125 0.0375
0 0.953125 0.63125 0.028125 0.0333333
0 0.627344 0.496875 0.0296875 0.0354167
0 0.605469 0.50625 0.0296875 0.0375
0 0.334375 0.41875 0.025 0.0333333
0 0.240625 0.326042 0.025 0.0354167
0 0.171875 0.130208 0.025 0.03125
0 0.578906 0.192708 0.0296875 0.0395833
0 0.591406 0.692708 0.0234375 0.03125
0 0.417188 0.541667 0.034375 0.0458333
0 0.886719 0.583333 0.0296875 0.0416667
0 0.873438 0.763542 0.025 0.03125
0 0.721094 0.8125 0.0265625 0.0333333
0 0.46875 0.658333 0.028125 0.0333333
0 0.989844 0.172917 0.0203125 0.0375
0 0.154687 0.0197917 0.03125 0.03125
0 0.971094 0.0572917 0.0328125 0.0395833
0 0.735156 0.659375 0.0265625 0.0395833
0 0.286719 0.5375 0.0296875 0.0375
0 0.263281 0.8125 0.0390625 0.0458333
0 0.305469 0.921875 0.0265625 0.0354167
0 0.4375 0.742708 0.028125 0.0395833
0 0.847656 0.698958 0.0265625 0.0395833
0 0.78125 0.629167 0.03125 0.0416667
0 0.803906 0.213542 0.0296875 0.0395833
0 0.608594 0.0614583 0.0234375 0.0354167
0 0.201562 0.354167 0.028125 0.0333333
0 0.785937 0.163542 0.03125 0.04375
0 0.383594 0.0666667 0.0296875 0.0416667
0 0.208594 0.771875 0.0296875 0.0395833
0 0.795313 0.246875 0.028125 0.0395833
0 0.122656 0.80625 0.0296875 0.0416667
0 0.053125 0.08125 0.034375 0.05
0 0.427344 0.401042 0.0328125 0.0479167
0 0.232031 0.857292 0.0265625 0.0395833
0 0.909375 0.7 0.028125 0.0375
0 0.0710938 0.88125 0.0296875 0.0416667
0 0.259375 0.88125 0.034375 0.05
0 0.786719 0.0614583 0.0328125 0.04375
0 0.123438 0.1625 0.028125 0.0333333
0 0.282813 0.311458 0.034375 0.04375
0 0.853906 0.508333 0.0328125 0.0416667
0 0.222656 0.476042 0.0296875 0.0354167
0 0.139062 0.372917 0.03125 0.0416667
0 0.69375 0.0177083 0.034375 0.0354167
0 0.617188 0.0458333 0.028125 0.0416667
0 0.107031 0.925 0.0359375 0.0458333
0 0.921094 0.210417 0.0359375 0.05
