0 0.808594 0.0239583 0.0234375 0.0395833
0 0.879687 0.0114583 0.046875 0.0229167
0 0.00625 0.364583 0.0125 0.0458333
0 0.796875 0.229167 0.0375 0.05
1 0.973437 0.548958 0.053125 0.110417
0 0.128125 0.4125 0.025 0.0333333
0 0.992969 0.0177083 0.0140625 0.0354167
0 0.96875 0.00729167 0.034375 0.0145833
0 0.886719 0.6625 0.0203125 0.0333333
0 0.6 0.495833 0.028125 0.0291667
0 0.699219 0.15625 0.0359375 0.0458333
0 0.410156 0.292708 0.0296875 0.0395833
0 0.958594 0.9375 0.0296875 0.0416667
0 0.739062 0.782292 0.028125 0.0354167
0 0.15625 0.598958 0.025 0.0354167
0 0.564844 0.33125 0.0328125 0.0416667
0 0.574219 0.9875 0.0328125 0.025
0 0.121875 0.438542 0.0375 0.0520833
0 0.171875 0.13125 0.025 0.0333333
0 0.571094 0.676042 0.0265625 0.03125
0 0.0890625 0.413542 0.025 0.03125
0 0.603125 0.980208 0.034375 0.0395833
0 0.626562 0.497917 0.03125 0.0375
0 0.786719 0.629167 0.0296875 0.0416667
0 0.604688 0.50625 0.028125 0.0375
0 0.885156 0.585417 0.0296875 0.0416667
0 0.151562 0.635417 0.028125 0.0375
0 0.1375 0.825 0.025 0.0333333
0 0.892187 0.692708 0.025 0.03125
0 0.596875 0.727083 0.025 0.0333333
0 0.445312 0.711458 0.025 0.0354167
0 0.5125 0.985417 0.034375 0.0291667
0 0.758594 0.627083 0.0265625 0.0333333
0 0.317969 0.784375 0.0359375 0.0479167
0 0.560156 0.160417 0.0265625 0.0375
0 0.873438 0.764583 0.025 0.0375
0 0.966406 0.627083 0.0265625 0.0333333
0 0.604688 0.059375 0.025 0.0354167
0 0.559375 0.697917 0.03125 0.0375
0 0.153906 0.0197917 0.0296875 0.03125
0 0.328906 0.392708 0.0296875 0.0354167
0 0.802344 0.211458 0.0296875 0.0395833
0 0.0398437 0.545833 0.0328125 0.0458333
0 0.972656 0.053125 0.0296875 0.04375
0 0.376563 0.0927083 0.034375 0.04375
0 0.717969 0.676042 0.0265625 0.0354167
0 0.815625 0.679167 0.03125 0.0375
0 0.232812 0.864583 0.025 0.0333333
0 0.30625 0.91875 0.028125 0.0416667
0 0.9875 0.153125 0.025 0.04375
0 0.853906 0.50625 0.0328125 0.0416667
0 0.602344 0.2375 0.0328125 0.0458333
0 0.263281 0.813542 0.0390625 0.0479167
0 0.617969 0.0458333 0.0265625 0.0375
0 0.45625 0.675 0.028125 0.0375
0 0.416406 0.542708 0.0359375 0.0479167
0 0.201562 0.353125 0.028125 0.0354167
0 0.229687 0.30625 0.03125 0.0416667
0 0.285156 0.559375 0.0296875 0.04375
0 0.259375 0.883333 0.034375 0.05
0 0.427344 0.404167 0.0359375 0.05
0 0.121875 0.165625 0.028125 0.0354167
0 0.0632813 0.0875 0.0328125 0.0458333
0 0.789844 0.238542 0.0296875 0.0395833
0 0.222656 0.476042 0.0296875 0.0354167
0 0.06875 0.88125 0.03125 0.0458333
0 0.282031 0.3125 0.0359375 0.0458333
0 0.136719 0.372917 0.0328125 0.0416667
0 0.785156 0.0614583 0.0328125 0.04375
0 0.194531 0.772917 0.0296875 0.0375
0 0.782812 0.166667 0.034375 0.0458333
0 0.921094 0.211458 0.0359375 0.0479167
0 0.107031 0.925 0.0359375 0.0458333
0 0.695312 0.021875 0.0375 0.04375
