0 0.880469 0.0125 0.0484375 0.025
1 0.975781 0.538542 0.0484375 0.0895833
0 0.0078125 0.363542 0.015625 0.0395833
0 0.992969 0.208333 0.0140625 0.0375
0 0.121094 0.439583 0.0328125 0.0458333
0 0.624219 0.990625 0.0296875 0.01875
0 0.974219 0.521875 0.0296875 0.04375
0 0.151562 0.634375 0.025 0.0354167
0 0.613281 0.220833 0.0265625 0.0333333
0 0.564062 0.327083 0.034375 0.0416667
0 0.410156 0.291667 0.0296875 0.0375
0 0.157031 0.597917 0.0265625 0.0375
0 0.31875 0.783333 0.034375 0.0458333
0 0.574219 0.985417 0.0328125 0.025
0 0.102344 0.4375 0.0265625 0.0375
0 0.586719 0.754167 0.0265625 0.0333333
0 0.761719 0.664583 0.0265625 0.0333333
0 0.0882813 0.413542 0.0234375 0.0270833
0 0.70625 0.876042 0.025 0.0354167
0 0.513281 0.984375 0.0359375 0.03125
0 0.759375 0.975 0.03125 0.0375
0 0.872656 0.763542 0.0234375 0.03125
0 0.557813 0.692708 0.034375 0.0395833
0 0.211719 0.786458 0.0265625 0.0354167
0 0.627344 0.494792 0.0328125 0.0395833
0 0.853906 0.507292 0.0328125 0.0395833
0 0.944531 0.698958 0.0265625 0.03125
0 0.034375 0.563542 0.028125 0.0395833
0 0.957812 0.935417 0.028125 0.0416667
0 0.394531 0.0166667 0.0296875 0.0333333
0 0.604688 0.505208 0.03125 0.0395833
0 0.417188 0.541667 0.0375 0.0458333
0 0.171094 0.130208 0.0234375 0.03125
0 0.630469 0.75625 0.0265625 0.0333333
0 0.421094 0.815625 0.0265625 0.0354167
0 0.600781 0.239583 0.0296875 0.0416667
0 0.153906 0.0197917 0.0296875 0.03125
0 0.489844 0.642708 0.0296875 0.0395833
0 0.259375 0.378125 0.025 0.0354167
0 0.930469 0.635417 0.0296875 0.0375
0 0.758594 0.615625 0.0265625 0.03125
0 0.800781 0.211458 0.0328125 0.04375
0 0.264062 0.8125 0.0375 0.0458333
0 0.428125 0.398958 0.034375 0.0479167
0 0.219531 0.841667 0.0265625 0.0333333
0 0.970312 0.0572917 0.034375 0.04375
0 0.638281 0.704167 0.0296875 0.0375
0 0.203906 0.353125 0.0265625 0.0354167
0 0.892187 0.705208 0.025 0.0354167
0 0.121875 0.1625 0.025 0.0333333
0 0.140625 0.373958 0.03125 0.0395833
0 0.688281 0.0708333 0.0265625 0.0375
0 0.783594 0.626042 0.0296875 0.0395833
0 0.786719 0.0614583 0.0328125 0.04375
0 0.283594 0.485417 0.0265625 0.0375
0 0.09375 0.765625 0.028125 0.0395833
0 0.692969 0.015625 0.0359375 0.03125
0 0.320312 0.466667 0.028125 0.0375
0 0.785937 0.161458 0.034375 0.04375
0 0.8875 0.580208 0.03125 0.04375
0 0.304688 0.925 0.03125 0.0416667
0 0.040625 0.0520833 0.03125 0.0416667
0 0.611719 0.059375 0.0296875 0.0395833
0 0.811719 0.264583 0.0296875 0.0416667
0 0.0726563 0.879167 0.0296875 0.0416667
0 0.28125 0.311458 0.034375 0.0479167
0 0.259375 0.88125 0.034375 0.05
0 0.107813 0.923958 0.034375 0.04375
0 0.223438 0.475 0.03125 0.0375
0 0.619531 0.0427083 0.0328125 0.0479167
0 0.923437 0.204167 0.040625 0.0541667
