0 0.0078125 0.3625 0.015625 0.0375
1 0.975 0.538542 0.05 0.08125
0 0.882812 0.648958 0.021875 0.0354167
0 0.410156 0.291667 0.0296875 0.0416667
0 0.975 0.521875 0.028125 0.04375
0 0.123438 0.43125 0.028125 0.0416667
0 0.15625 0.598958 0.025 0.0354167
0 0.150781 0.634375 0.0265625 0.0354167
0 0.513281 0.984375 0.0328125 0.0270833
0 0.040625 0.986458 0.028125 0.0229167
0 0.41875 0.540625 0.0375 0.0479167
0 0.644531 0.796875 0.0265625 0.0395833
0 0.570312 0.982292 0.034375 0.03125
0 0.699219 0.916667 0.0265625 0.0333333
0 0.808594 0.284375 0.0265625 0.0354167
0 0.492969 0.615625 0.0296875 0.0354167
0 0.966406 0.713542 0.0265625 0.03125
0 0.564062 0.323958 0.034375 0.04375
0 0.785937 0.929167 0.028125 0.0375
0 0.264844 0.811458 0.0390625 0.0479167
0 0.95625 0.935417 0.028125 0.0375
0 0.601562 0.2375 0.028125 0.0416667
0 0.628125 0.49375 0.034375 0.0416667
0 0.171094 0.130208 0.0234375 0.03125
0 0.992188 0.24375 0.015625 0.0375
0 0.0890625 0.413542 0.025 0.03125
0 0.140625 0.373958 0.03125 0.0395833
0 0.317969 0.783333 0.0359375 0.05
0 0.415625 0.882292 0.025 0.0354167
0 0.757812 0.613542 0.025 0.03125
0 0.209375 0.83125 0.025 0.0333333
0 0.0914062 0.451042 0.0265625 0.0354167
0 0.205469 0.355208 0.0265625 0.0354167
0 0.854688 0.50625 0.034375 0.0375
0 0.025 0.560417 0.03125 0.0416667
0 0.917188 0.647917 0.025 0.0333333
0 0.303906 0.927083 0.0296875 0.0375
0 0.911719 0.726042 0.0265625 0.0395833
0 0.272656 0.410417 0.0265625 0.0333333
0 0.63125 0.248958 0.025 0.0395833
0 0.426562 0.398958 0.0375 0.0520833
0 0.605469 0.504167 0.0359375 0.0416667
0 0.153125 0.01875 0.03125 0.0333333
0 0.0757812 0.736458 0.0328125 0.04375
0 0.66875 0.689583 0.03125 0.0333333
0 0.971094 0.0572917 0.0328125 0.0395833
0 0.553125 0.69375 0.034375 0.0458333
0 0.283594 0.459375 0.0265625 0.0354167
0 0.873438 0.763542 0.025 0.0354167
0 0.615625 0.065625 0.025 0.0395833
0 0.564062 0.752083 0.028125 0.0333333
0 0.689844 0.0197917 0.0328125 0.0395833
0 0.801562 0.209375 0.034375 0.04375
0 0.886719 0.58125 0.0296875 0.0416667
0 0.320312 0.510417 0.025 0.0333333
0 0.782812 0.625 0.03125 0.0416667
0 0.7875 0.0614583 0.03125 0.04375
0 0.7875 0.159375 0.034375 0.04375
0 0.122656 0.160417 0.0265625 0.0375
0 0.21875 0.782292 0.028125 0.0354167
0 0.0726563 0.880208 0.0296875 0.04375
0 0.770312 0.669792 0.03125 0.04375
0 0.260156 0.88125 0.0359375 0.05
0 0.280469 0.311458 0.0359375 0.0479167
0 0.224219 0.475 0.0296875 0.0333333
0 0.0328125 0.0364583 0.0375 0.0479167
0 0.930469 0.2 0.0390625 0.0541667
0 0.107813 0.922917 0.034375 0.0458333
0 0.621094 0.040625 0.0328125 0.0479167
