0 0.797656 0.228125 0.0390625 0.0520833
1 0.974219 0.540625 0.0515625 0.09375
0 0.182031 0.264583 0.0203125 0.0291667
0 0.96875 0.00729167 0.0375 0.0145833
0 0.30625 0.635417 0.034375 0.0458333
0 0.6 0.495833 0.025 0.0291667
0 0.124219 0.421875 0.0328125 0.04375
0 0.565625 0.33125 0.03125 0.0416667
0 0.409375 0.291667 0.028125 0.0375
0 0.635156 0.748958 0.0234375 0.03125
0 0.885938 0.6625 0.021875 0.0333333
0 0.958594 0.9375 0.0296875 0.0416667
0 0.575781 0.986458 0.0359375 0.0270833
0 0.171094 0.130208 0.0234375 0.03125
0 0.446875 0.711458 0.025 0.03125
0 0.121875 0.438542 0.0375 0.0520833
0 0.572656 0.678125 0.0265625 0.03125
0 0.0890625 0.414583 0.025 0.0333333
0 0.560938 0.159375 0.021875 0.03125
0 0.627344 0.497917 0.0296875 0.0375
0 0.5125 0.985417 0.034375 0.0291667
0 0.605469 0.0604167 0.0234375 0.0333333
0 0.604688 0.50625 0.028125 0.0375
0 0.1375 0.827083 0.025 0.0333333
0 0.15625 0.597917 0.025 0.0375
0 0.885156 0.586458 0.0296875 0.0395833
0 0.150781 0.636458 0.0265625 0.0354167
0 0.595312 0.725 0.025 0.0291667
0 0.317969 0.784375 0.0359375 0.0479167
0 0.786719 0.629167 0.0296875 0.0416667
0 0.892187 0.69375 0.025 0.0333333
0 0.874219 0.765625 0.0265625 0.0354167
0 0.558594 0.701042 0.0296875 0.0354167
0 0.972656 0.053125 0.0296875 0.0395833
0 0.758594 0.627083 0.0265625 0.0333333
0 0.375 0.0927083 0.03125 0.0395833
0 0.285156 0.563542 0.0265625 0.0354167
0 0.7375 0.772917 0.025 0.0333333
0 0.985937 0.155208 0.028125 0.04375
0 0.263281 0.813542 0.0390625 0.0479167
0 0.965625 0.625 0.028125 0.0333333
0 0.201562 0.353125 0.028125 0.0354167
0 0.803125 0.2125 0.03125 0.0416667
0 0.153906 0.0197917 0.0296875 0.03125
0 0.617188 0.046875 0.025 0.0354167
0 0.33125 0.391667 0.028125 0.0375
0 0.810938 0.672917 0.025 0.0333333
0 0.853906 0.507292 0.0328125 0.0395833
0 0.607031 0.975 0.0328125 0.0416667
0 0.040625 0.546875 0.034375 0.0479167
0 0.232812 0.864583 0.025 0.0375
0 0.30625 0.91875 0.028125 0.0416667
0 0.601562 0.236458 0.03125 0.04375
0 0.721875 0.676042 0.025 0.0354167
0 0.457031 0.676042 0.0265625 0.0354167
0 0.122656 0.163542 0.0296875 0.0354167
0 0.0632813 0.0895833 0.0328125 0.0458333
0 0.789844 0.239583 0.0265625 0.0375
0 0.785937 0.0614583 0.03125 0.04375
0 0.259375 0.883333 0.034375 0.05
0 0.427344 0.404167 0.0359375 0.05
0 0.783594 0.166667 0.0328125 0.0416667
0 0.230469 0.298958 0.0296875 0.0395833
0 0.06875 0.88125 0.03125 0.0458333
0 0.416406 0.542708 0.0359375 0.0479167
0 0.28125 0.3125 0.034375 0.0458333
0 0.222656 0.476042 0.0296875 0.0354167
0 0.19375 0.772917 0.028125 0.0375
0 0.136719 0.372917 0.0328125 0.0416667
0 0.695312 0.0208333 0.0375 0.0416667
0 0.10625 0.923958 0.0375 0.0479167
0 0.921094 0.210417 0.0359375 0.05
