0 0.00703125 0.365625 0.0140625 0.04375
0 0.409375 0.292708 0.028125 0.0395833
0 0.784375 0.207292 0.028125 0.0354167
0 0.658594 0.747917 0.0265625 0.0375
0 0.8875 0.660417 0.028125 0.0333333
0 0.789062 0.627083 0.03125 0.0333333
1 0.977344 0.541667 0.0453125 0.0916667
0 0.573438 0.988542 0.028125 0.0229167
0 0.972656 0.00833333 0.0296875 0.0166667
0 0.625781 0.5 0.0328125 0.0416667
0 0.317969 0.784375 0.0359375 0.0479167
0 0.121094 0.439583 0.0359375 0.05
0 0.889063 0.68125 0.025 0.0291667
0 0.363281 0.111458 0.0296875 0.0395833
0 0.170312 0.13125 0.025 0.0333333
0 0.759375 0.63125 0.025 0.0291667
0 0.263281 0.814583 0.0390625 0.05
0 0.416406 0.544792 0.0359375 0.0479167
0 0.150781 0.636458 0.0265625 0.0354167
0 0.957031 0.940625 0.0296875 0.0395833
0 0.0890625 0.414583 0.025 0.0333333
0 0.803125 0.211458 0.028125 0.0354167
0 0.885156 0.584375 0.0296875 0.0395833
0 0.604688 0.0552083 0.025 0.0354167
0 0.605469 0.50625 0.0296875 0.0375
0 0.730469 0.747917 0.0234375 0.0333333
0 0.513281 0.986458 0.0359375 0.0270833
0 0.15625 0.6 0.025 0.0375
0 0.874219 0.764583 0.0265625 0.0375
0 0.285937 0.586458 0.028125 0.0354167
0 0.552344 0.672917 0.0265625 0.0333333
0 0.977344 0.610417 0.0296875 0.0333333
0 0.786719 0.0635417 0.0296875 0.04375
0 0.428125 0.404167 0.034375 0.0458333
0 0.79375 0.226042 0.034375 0.0354167
0 0.560938 0.695833 0.028125 0.0375
0 0.813281 0.640625 0.0234375 0.0270833
0 0.0414063 0.544792 0.0296875 0.0354167
0 0.153906 0.0208333 0.0296875 0.0291667
0 0.71875 0.653125 0.028125 0.0354167
0 0.260156 0.8875 0.0328125 0.0458333
0 0.327344 0.36875 0.0296875 0.0375
0 0.592188 0.977083 0.03125 0.0375
0 0.125 0.164583 0.028125 0.0375
0 0.442969 0.685417 0.0296875 0.0375
0 0.582031 0.729167 0.0234375 0.0333333
0 0.196875 0.760417 0.03125 0.0375
0 0.602344 0.2375 0.0328125 0.0458333
0 0.557031 0.132292 0.0265625 0.0354167
0 0.147656 0.844792 0.0296875 0.0354167
0 0.201562 0.352083 0.028125 0.0375
0 0.304688 0.916667 0.028125 0.0416667
0 0.235938 0.876042 0.025 0.0354167
0 0.708594 0.180208 0.0265625 0.0354167
0 0.0617188 0.111458 0.0328125 0.04375
0 0.783594 0.167708 0.0328125 0.04375
0 0.1375 0.371875 0.034375 0.04375
0 0.986719 0.138542 0.0265625 0.04375
0 0.221875 0.276042 0.034375 0.04375
0 0.616406 0.0489583 0.0296875 0.0395833
0 0.853906 0.50625 0.0328125 0.0416667
0 0.282813 0.3125 0.034375 0.0458333
0 0.222656 0.476042 0.0296875 0.0354167
0 0.06875 0.88125 0.03125 0.0458333
0 0.91875 0.214583 0.0375 0.05
0 0.972656 0.0614583 0.0328125 0.04375
0 0.69375 0.021875 0.0375 0.04375
0 0.10625 0.923958 0.0375 0.0479167
