0 0.969531 0.00833333 0.0359375 0.0166667
2 0.889844 0.14375 0.0234375 0.0291667
0 0.973437 0.521875 0.03125 0.04375
0 0.885938 0.660417 0.021875 0.0291667
2 0.885938 0.135417 0.025 0.0333333
1 0.974219 0.5375 0.0515625 0.0916667
0 0.777344 0.680208 0.0171875 0.0354167
0 0.797656 0.229167 0.0390625 0.05
0 0.121094 0.436458 0.0359375 0.0520833
0 0.305469 0.635417 0.0359375 0.0458333
0 0.565625 0.33125 0.03125 0.0416667
0 0.958594 0.938542 0.0296875 0.0395833
0 0.171094 0.130208 0.0234375 0.03125
0 0.410156 0.291667 0.0296875 0.0375
0 0.446875 0.705208 0.025 0.03125
0 0.8125 0.667708 0.025 0.03125
0 0.575 0.9875 0.034375 0.025
0 0.639063 0.75 0.028125 0.0333333
0 0.5125 0.985417 0.034375 0.0291667
0 0.7875 0.629167 0.028125 0.0416667
0 0.0890625 0.414583 0.025 0.0333333
0 0.983594 0.159375 0.0265625 0.0395833
0 0.892187 0.690625 0.025 0.03125
0 0.150781 0.635417 0.0265625 0.0333333
0 0.138281 0.830208 0.0265625 0.0354167
0 0.374219 0.096875 0.0296875 0.0395833
0 0.569531 0.676042 0.0265625 0.03125
0 0.5625 0.158333 0.025 0.0375
0 0.15625 0.598958 0.025 0.0354167
0 0.874219 0.765625 0.0265625 0.0354167
0 0.627344 0.497917 0.0296875 0.0375
0 0.604688 0.50625 0.028125 0.0375
0 0.605469 0.059375 0.0234375 0.0354167
0 0.592969 0.726042 0.0234375 0.03125
0 0.317969 0.784375 0.0359375 0.0479167
0 0.610937 0.970833 0.03125 0.0416667
0 0.758594 0.626042 0.0265625 0.03125
0 0.730469 0.773958 0.0265625 0.03125
0 0.154687 0.0197917 0.03125 0.03125
0 0.803906 0.2125 0.0296875 0.0416667
0 0.285156 0.565625 0.0296875 0.0354167
0 0.885156 0.585417 0.0296875 0.0416667
0 0.967188 0.625 0.028125 0.0333333
0 0.201562 0.353125 0.028125 0.0354167
0 0.040625 0.547917 0.03125 0.0416667
0 0.263281 0.813542 0.0390625 0.0520833
0 0.228906 0.295833 0.0265625 0.0375
0 0.972656 0.0541667 0.0296875 0.0416667
0 0.335156 0.392708 0.0265625 0.0354167
0 0.30625 0.917708 0.028125 0.04375
0 0.601562 0.236458 0.03125 0.04375
0 0.557813 0.7 0.03125 0.0416667
0 0.125781 0.163542 0.0296875 0.0354167
0 0.232812 0.865625 0.025 0.0354167
0 0.617188 0.0458333 0.025 0.0375
0 0.853906 0.507292 0.0328125 0.0395833
0 0.790625 0.238542 0.028125 0.0395833
0 0.0625 0.0927083 0.03125 0.04375
0 0.723437 0.670833 0.028125 0.0375
0 0.416406 0.542708 0.0359375 0.0479167
0 0.45625 0.677083 0.028125 0.0375
0 0.259375 0.884375 0.034375 0.0520833
0 0.785937 0.0614583 0.03125 0.04375
0 0.783594 0.166667 0.0328125 0.0458333
0 0.427344 0.403125 0.0359375 0.0479167
0 0.06875 0.88125 0.03125 0.0458333
0 0.28125 0.3125 0.034375 0.0458333
0 0.222656 0.476042 0.0296875 0.0354167
0 0.195312 0.771875 0.028125 0.0354167
0 0.136719 0.372917 0.0328125 0.0416667
0 0.696094 0.021875 0.0390625 0.04375
0 0.921094 0.211458 0.0359375 0.0479167
0 0.10625 0.923958 0.0375 0.0479167
