0 0.161719 0.819792 0.0265625 0.03125
1 0.164062 0.80625 0.059375 0.0708333
0 0.176563 0.809375 0.025 0.0354167
0 0.915625 0.322917 0.021875 0.0291667
0 0.124219 0.444792 0.0359375 0.0520833
0 0.0101562 0.376042 0.0203125 0.0395833
0 0.955469 0.929167 0.0328125 0.0458333
0 0.988281 0.322917 0.0234375 0.05
0 0.808594 0.0135417 0.0265625 0.0229167
0 0.982813 0.552083 0.025 0.0333333
0 0.563281 0.320833 0.0328125 0.0416667
0 0.624219 0.989583 0.0296875 0.0208333
0 0.142969 0.797917 0.0265625 0.0416667
1 0.975 0.532292 0.05 0.0854167
0 0.15625 0.596875 0.025 0.0354167
0 0.410937 0.291667 0.028125 0.0375
0 0.150781 0.633333 0.0265625 0.0333333
0 0.973437 0.519792 0.03125 0.04375
0 0.625 0.486458 0.034375 0.0395833
0 0.854688 0.505208 0.034375 0.04375
0 0.94375 0.852083 0.028125 0.0375
0 0.0890625 0.413542 0.025 0.03125
0 0.542969 0.59375 0.0265625 0.0375
0 0.553125 0.696875 0.034375 0.04375
0 0.604688 0.504167 0.03125 0.0375
0 0.517187 0.985417 0.028125 0.0291667
0 0.622656 0.03125 0.0296875 0.0375
0 0.710156 0.344792 0.0265625 0.0354167
0 0.75625 0.615625 0.025 0.03125
0 0.833594 0.797917 0.0265625 0.0333333
0 0.567969 0.970833 0.0359375 0.0416667
0 0.485938 0.769792 0.025 0.0354167
0 0.778906 0.622917 0.0265625 0.0333333
0 0.0382813 0.46875 0.0328125 0.0375
0 0.974219 0.782292 0.0296875 0.0354167
0 0.419531 0.539583 0.0359375 0.0458333
0 0.991406 0.976042 0.0171875 0.0395833
0 0.874219 0.765625 0.0265625 0.0354167
0 0.827344 0.348958 0.0296875 0.0395833
0 0.339844 0.488542 0.0296875 0.0395833
0 0.242188 0.8125 0.03125 0.0375
0 0.425781 0.396875 0.0359375 0.0520833
0 0.205469 0.355208 0.0265625 0.0354167
0 0.0265625 0.592708 0.028125 0.0395833
0 0.254687 0.355208 0.025 0.03125
0 0.625 0.0614583 0.03125 0.0395833
0 0.785937 0.0583333 0.028125 0.0416667
0 0.332031 0.633333 0.0265625 0.0375
0 0.698438 0.827083 0.028125 0.0333333
0 0.975 0.053125 0.034375 0.04375
0 0.874219 0.65625 0.0265625 0.0333333
0 0.886719 0.577083 0.0328125 0.0458333
0 0.317969 0.783333 0.0359375 0.0458333
0 0.823438 0.638542 0.028125 0.0395833
0 0.141406 0.3625 0.0328125 0.0458333
0 0.814062 0.0416667 0.03125 0.0375
0 0.16875 0.128125 0.028125 0.0354167
0 0.225 0.473958 0.03125 0.0395833
0 0.803125 0.204167 0.03125 0.0458333
0 0.121875 0.151042 0.028125 0.0354167
0 0.0304688 0.640625 0.0296875 0.0395833
0 0.0726563 0.882292 0.0296875 0.04375
0 0.599219 0.2375 0.0328125 0.0458333
0 0.153125 0.0197917 0.034375 0.0354167
0 0.04375 0.965625 0.03125 0.04375
0 0.770312 0.721875 0.028125 0.0354167
0 0.28125 0.308333 0.034375 0.0458333
0 0.264844 0.810417 0.0359375 0.0458333
0 0.305469 0.925 0.0328125 0.0416667
0 0.79375 0.154167 0.0375 0.0458333
0 0.26875 0.88125 0.0375 0.05
0 0.932813 0.2 0.0375 0.05
0 0.107813 0.922917 0.034375 0.0458333
