0 0.161719 0.8125 0.0328125 0.0416667
0 0.947656 0.914583 0.0265625 0.0333333
0 0.988281 0.320833 0.0234375 0.05
0 0.878906 0.0114583 0.0453125 0.0229167
0 0.911719 0.322917 0.0203125 0.0291667
0 0.809375 0.0125 0.028125 0.025
1 0.973437 0.528125 0.05 0.0729167
0 0.626562 0.484375 0.03125 0.0395833
0 0.760156 0.616667 0.0265625 0.0333333
0 0.317969 0.782292 0.0359375 0.04375
1 0.165625 0.805208 0.0625 0.06875
0 0.120312 0.44375 0.040625 0.0541667
0 0.142188 0.797917 0.025 0.0375
0 0.311719 0.63125 0.0328125 0.0458333
0 0.148438 0.632292 0.028125 0.0354167
0 0.56875 0.971875 0.03125 0.0395833
0 0.155469 0.594792 0.0234375 0.0354167
0 0.875 0.764583 0.025 0.0333333
0 0.957812 0.927083 0.034375 0.0416667
0 0.410156 0.291667 0.0296875 0.0375
0 0.624219 0.03125 0.0328125 0.0416667
0 0.519531 0.985417 0.0296875 0.0291667
0 0.605469 0.504167 0.0328125 0.0375
0 0.0398437 0.95 0.0265625 0.0375
0 0.332812 0.682292 0.025 0.0354167
0 0.0890625 0.413542 0.025 0.03125
0 0.553906 0.557292 0.0296875 0.0354167
0 0.552344 0.692708 0.0328125 0.0395833
0 0.971094 0.973958 0.0265625 0.03125
0 0.451562 0.773958 0.028125 0.0354167
0 0.771094 0.621875 0.0296875 0.0395833
0 0.972656 0.51875 0.0265625 0.0375
0 0.167969 0.797917 0.0296875 0.0375
0 0.958594 0.828125 0.0265625 0.0354167
0 0.71875 0.860417 0.025 0.0333333
0 0.751562 0.358333 0.03125 0.0375
0 0.976562 0.0552083 0.03125 0.0395833
0 0.855469 0.598958 0.0296875 0.0354167
0 0.16875 0.129167 0.028125 0.0333333
0 0.366406 0.517708 0.0296875 0.0395833
0 0.795313 0.153125 0.034375 0.04375
0 0.153125 0.0197917 0.034375 0.0354167
0 0.20625 0.355208 0.028125 0.0354167
0 0.627344 0.0604167 0.0296875 0.0416667
0 0.421094 0.5375 0.0359375 0.0458333
0 0.107031 0.923958 0.0328125 0.04375
0 0.840625 0.7375 0.025 0.0333333
0 0.028125 0.495833 0.03125 0.0416667
0 0.886719 0.575 0.0296875 0.0416667
0 0.832812 0.0875 0.03125 0.0375
0 0.263281 0.811458 0.0328125 0.0395833
0 0.246875 0.316667 0.03125 0.0416667
0 0.071875 0.883333 0.028125 0.0416667
0 0.853125 0.667708 0.03125 0.0354167
0 0.854688 0.505208 0.034375 0.04375
0 0.245312 0.83125 0.03125 0.0416667
0 0.810938 0.738542 0.028125 0.0395833
0 0.597656 0.2375 0.0328125 0.0458333
0 0.141406 0.364583 0.0328125 0.0458333
0 0.825781 0.377083 0.0328125 0.0416667
0 0.272656 0.882292 0.0359375 0.0520833
0 0.305469 0.927083 0.0296875 0.0416667
0 0.0164062 0.603125 0.0296875 0.0395833
0 0.280469 0.307292 0.0328125 0.04375
0 0.427344 0.392708 0.0359375 0.0520833
0 0.120312 0.15 0.028125 0.0375
0 0.786719 0.0572917 0.0328125 0.04375
0 0.803906 0.202083 0.0328125 0.0458333
0 0.223438 0.475 0.03125 0.0333333
0 0.932031 0.2 0.0390625 0.0541667
