0 0.68125 0.00729167 0.03125 0.0145833
1 0.977344 0.540625 0.0453125 0.0729167
0 0.310937 0.632292 0.03125 0.0395833
0 0.99375 0.721875 0.0125 0.03125
0 0.00859375 0.36875 0.0171875 0.0375
0 0.564062 0.322917 0.03125 0.0416667
0 0.788281 0.0229167 0.0328125 0.0291667
0 0.884375 0.634375 0.025 0.0354167
0 0.983594 0.553125 0.0234375 0.03125
0 0.378906 0.9875 0.0328125 0.025
0 0.854688 0.505208 0.03125 0.0395833
0 0.142969 0.797917 0.0234375 0.0375
0 0.155469 0.595833 0.0234375 0.0333333
0 0.955469 0.93125 0.0328125 0.0416667
0 0.151562 0.633333 0.025 0.0333333
0 0.628125 0.9875 0.03125 0.0208333
0 0.410937 0.291667 0.028125 0.0375
0 0.689844 0.3125 0.0265625 0.0375
0 0.329688 0.60625 0.021875 0.0291667
0 0.189063 0.817708 0.025 0.03125
0 0.515625 0.984375 0.03125 0.03125
0 0.626562 0.4875 0.03125 0.0375
0 0.815625 0.839583 0.03125 0.0375
0 0.973437 0.519792 0.03125 0.0395833
0 0.0898438 0.4125 0.0234375 0.0333333
0 0.811719 0.6625 0.0265625 0.0375
0 0.317969 0.783333 0.0359375 0.0458333
0 0.888281 0.655208 0.0265625 0.03125
0 0.603125 0.504167 0.028125 0.0375
0 0.782812 0.620833 0.028125 0.0375
0 0.874219 0.766667 0.0234375 0.0333333
0 0.420312 0.538542 0.034375 0.04375
0 0.757031 0.614583 0.0234375 0.0333333
0 0.50625 0.767708 0.025 0.0354167
0 0.623438 0.0354167 0.03125 0.0416667
0 0.05625 0.461458 0.03125 0.0354167
0 0.625 0.0614583 0.03125 0.0395833
0 0.314844 0.463542 0.0296875 0.0395833
0 0.521875 0.586458 0.03125 0.0395833
0 0.153125 0.0197917 0.03125 0.03125
0 0.827344 0.335417 0.0296875 0.0416667
0 0.0242187 0.586458 0.0296875 0.0395833
0 0.141406 0.363542 0.0296875 0.04375
0 0.204688 0.355208 0.028125 0.0354167
0 0.015625 0.0114583 0.03125 0.0229167
0 0.264062 0.88125 0.034375 0.05
0 0.264062 0.810417 0.0375 0.0458333
0 0.817969 0.01875 0.0265625 0.0333333
0 0.598437 0.235417 0.03125 0.0416667
0 0.553125 0.694792 0.034375 0.04375
0 0.225781 0.471875 0.0296875 0.0395833
0 0.933594 0.836458 0.0265625 0.0354167
0 0.270312 0.385417 0.025 0.0333333
0 0.567187 0.973958 0.034375 0.0395833
0 0.0421875 0.977083 0.028125 0.0375
0 0.0421875 0.671875 0.028125 0.0354167
0 0.975 0.0552083 0.034375 0.04375
0 0.228906 0.815625 0.0265625 0.0354167
0 0.122656 0.153125 0.0265625 0.0354167
0 0.742188 0.709375 0.028125 0.03125
0 0.16875 0.128125 0.028125 0.0354167
0 0.886719 0.576042 0.0296875 0.04375
0 0.426562 0.394792 0.034375 0.0520833
0 0.785937 0.0583333 0.03125 0.0416667
0 0.986719 0.760417 0.0234375 0.0375
0 0.303906 0.923958 0.0296875 0.0395833
0 0.694531 0.810417 0.0265625 0.0333333
0 0.803906 0.204167 0.0328125 0.0458333
0 0.790625 0.155208 0.03125 0.04375
0 0.0726563 0.882292 0.0296875 0.04375
0 0.280469 0.309375 0.0328125 0.04375
0 0.930469 0.2 0.0390625 0.0541667
0 0.107031 0.922917 0.0359375 0.0458333
