1 0.963281 0.025 0.0671875 0.05
0 0.780469 0.259375 0.0296875 0.0354167
0 0.224219 0.333333 0.0265625 0.0416667
0 0.903906 0.00729167 0.0296875 0.0145833
0 0.227344 0.186458 0.0234375 0.0354167
2 0.0921875 0.739583 0.021875 0.025
1 0.786719 0.107292 0.0671875 0.0854167
0 0.963281 0.0104167 0.0359375 0.0208333
0 0.152344 0.813542 0.0421875 0.0604167
0 0.851562 0.553125 0.0375 0.0520833
0 0.917969 0.363542 0.0203125 0.0270833
0 0.215625 0.515625 0.025 0.0354167
1 0.971875 0.577083 0.05625 0.0958333
0 0.653125 0.105208 0.028125 0.0395833
0 0.157813 0.617708 0.028125 0.0395833
0 0.184375 0.142708 0.028125 0.0354167
0 0.4125 0.317708 0.03125 0.0395833
0 0.255469 0.839583 0.0359375 0.0458333
0 0.0242187 0.533333 0.0234375 0.0333333
0 0.499219 0.0645833 0.0265625 0.0333333
0 0.60625 0.504167 0.0375 0.05
0 0.978906 0.363542 0.0234375 0.03125
0 0.447656 0.507292 0.0359375 0.0479167
0 0.657031 0.46875 0.0265625 0.0333333
0 0.290625 0.344792 0.03125 0.0395833
0 0.0851562 0.421875 0.0296875 0.0354167
0 0.897656 0.738542 0.0234375 0.03125
0 0.739844 0.83125 0.0265625 0.0416667
0 0.953125 0.0291667 0.034375 0.0375
0 0.935156 0.464583 0.0265625 0.0416667
0 0.164844 0.0114583 0.0328125 0.0229167
0 0.021875 0.5625 0.021875 0.025
0 0.5625 0.726042 0.03125 0.04375
0 0.150781 0.382292 0.0328125 0.04375
0 0.417969 0.705208 0.0296875 0.0354167
0 0.701563 0.791667 0.03125 0.0375
0 0.482812 0.0791667 0.025 0.0333333
0 0.871875 0.764583 0.028125 0.0375
0 0.639063 0.569792 0.04375 0.0520833
0 0.74375 0.923958 0.03125 0.0395833
0 0.774219 0.670833 0.0328125 0.0375
0 0.328906 0.941667 0.0296875 0.0375
0 0.0671875 0.896875 0.034375 0.0395833
0 0.535937 0.015625 0.040625 0.03125
0 0.390625 0.25625 0.03125 0.0416667
0 0.965625 0.084375 0.028125 0.0395833
0 0.110937 0.317708 0.028125 0.0395833
0 0.0703125 0.272917 0.028125 0.0333333
0 0.128125 0.230208 0.028125 0.0395833
0 0.155469 0.652083 0.0296875 0.0375
0 0.7625 0.255208 0.03125 0.0354167
0 0.955469 0.169792 0.0265625 0.0395833
0 0.625 0.294792 0.03125 0.0479167
0 0.435156 0.834375 0.0328125 0.04375
0 0.43125 0.633333 0.03125 0.0458333
0 0.797656 0.28125 0.0328125 0.0416667
0 0.282813 0.446875 0.03125 0.0395833
0 0.0914062 0.60625 0.0359375 0.0458333
0 0.0375 0.176042 0.028125 0.0395833
0 0.903906 0.34375 0.0296875 0.0416667
0 0.189063 0.0604167 0.034375 0.05
0 0.778906 0.117708 0.0296875 0.04375
0 0.0578125 0.170833 0.028125 0.0375
0 0.810938 0.735417 0.03125 0.0458333
0 0.265625 0.897917 0.0375 0.0541667
0 0.584375 0.096875 0.03125 0.0395833
0 0.692969 0.09375 0.0296875 0.0375
0 0.914844 0.266667 0.0421875 0.0583333
0 0.739062 0.123958 0.040625 0.05625
