0 0.913281 0.320833 0.0234375 0.0291667
1 0.163281 0.80625 0.0578125 0.0708333
0 0.988281 0.322917 0.0203125 0.0458333
0 0.0101562 0.375 0.0203125 0.0375
0 0.982031 0.55 0.0265625 0.0333333
0 0.122656 0.444792 0.0390625 0.0520833
0 0.159375 0.819792 0.028125 0.0354167
0 0.957031 0.929167 0.0328125 0.0458333
0 0.632812 0.990625 0.028125 0.01875
0 0.625781 0.485417 0.0296875 0.0375
0 0.142969 0.798958 0.0265625 0.0395833
0 0.175781 0.809375 0.0296875 0.0395833
0 0.155469 0.595833 0.0265625 0.0333333
0 0.855469 0.505208 0.0359375 0.04375
0 0.150781 0.634375 0.0265625 0.0354167
0 0.988281 0.976042 0.0234375 0.0354167
0 0.757812 0.613542 0.028125 0.0354167
0 0.625 0.0333333 0.03125 0.0416667
0 0.410156 0.291667 0.0296875 0.0375
0 0.973437 0.51875 0.03125 0.0416667
0 0.604688 0.504167 0.03125 0.0375
0 0.0890625 0.413542 0.025 0.03125
0 0.515625 0.984375 0.03125 0.03125
0 0.839063 0.801042 0.025 0.03125
0 0.773438 0.623958 0.03125 0.0395833
0 0.710938 0.829167 0.025 0.0333333
0 0.86875 0.658333 0.028125 0.0291667
0 0.542188 0.58125 0.028125 0.0416667
0 0.553125 0.696875 0.034375 0.04375
0 0.56875 0.973958 0.034375 0.0395833
0 0.723437 0.34375 0.028125 0.0375
0 0.478125 0.767708 0.028125 0.0354167
0 0.821875 0.0604167 0.028125 0.0375
0 0.034375 0.467708 0.028125 0.0354167
0 0.833594 0.623958 0.0296875 0.0354167
0 0.976562 0.0541667 0.034375 0.0458333
0 0.873438 0.765625 0.025 0.0354167
0 0.329688 0.642708 0.028125 0.0354167
0 0.624219 0.0604167 0.0328125 0.0416667
0 0.347656 0.489583 0.0265625 0.0333333
0 0.419531 0.538542 0.0359375 0.0479167
0 0.946094 0.877083 0.0296875 0.0375
0 0.16875 0.128125 0.028125 0.0354167
0 0.205469 0.355208 0.0265625 0.0354167
0 0.252344 0.345833 0.0296875 0.0375
0 0.153125 0.0208333 0.034375 0.0333333
0 0.24375 0.809375 0.03125 0.0354167
0 0.0445312 0.9625 0.0296875 0.0416667
0 0.886719 0.576042 0.0328125 0.0479167
0 0.785937 0.0583333 0.03125 0.0458333
0 0.0257812 0.638542 0.0265625 0.0354167
0 0.779688 0.7125 0.03125 0.0375
0 0.304688 0.926042 0.03125 0.04375
0 0.317969 0.783333 0.0359375 0.0458333
0 0.803906 0.204167 0.0328125 0.0416667
0 0.121875 0.152083 0.028125 0.0375
0 0.141406 0.363542 0.0328125 0.04375
0 0.971875 0.790625 0.028125 0.0354167
0 0.028125 0.597917 0.028125 0.0375
0 0.427344 0.394792 0.0359375 0.0520833
0 0.599219 0.238542 0.0328125 0.04375
0 0.0726563 0.882292 0.0296875 0.04375
0 0.264844 0.810417 0.0359375 0.0458333
0 0.28125 0.308333 0.034375 0.0458333
0 0.225 0.475 0.03125 0.0375
0 0.79375 0.155208 0.034375 0.04375
0 0.833594 0.347917 0.0328125 0.0458333
0 0.932813 0.2 0.0375 0.05
0 0.270312 0.882292 0.0375 0.0520833
0 0.107813 0.922917 0.0375 0.05
