0 0.986719 0.322917 0.0265625 0.05
0 0.142188 0.798958 0.028125 0.0479167
0 0.973437 0.521875 0.03125 0.04375
0 0.009375 0.373958 0.01875 0.0395833
0 0.854688 0.505208 0.03125 0.0395833
0 0.15625 0.596875 0.025 0.0354167
0 0.119531 0.436458 0.0390625 0.0520833
0 0.419531 0.538542 0.0390625 0.0479167
0 0.410156 0.292708 0.0328125 0.04375
0 0.153125 0.634375 0.025 0.0354167
0 0.0882813 0.414583 0.0265625 0.0333333
0 0.539844 0.752083 0.0265625 0.0333333
0 0.564844 0.320833 0.0359375 0.0458333
0 0.514844 0.983333 0.0328125 0.0291667
0 0.957031 0.932292 0.0359375 0.0479167
0 0.264062 0.810417 0.040625 0.05
0 0.514844 0.628125 0.0265625 0.0354167
0 0.389844 0.916667 0.0265625 0.0375
0 0.284375 0.434375 0.028125 0.0395833
0 0.689062 0.0125 0.0375 0.025
0 0.0320312 0.985417 0.0296875 0.0291667
0 0.977344 0.716667 0.0265625 0.0333333
0 0.796094 0.901042 0.0265625 0.0354167
0 0.757812 0.614583 0.025 0.0291667
0 0.647656 0.280208 0.0265625 0.0395833
0 0.56875 0.98125 0.034375 0.0333333
0 0.782031 0.621875 0.0296875 0.0354167
0 0.688281 0.957292 0.0265625 0.0354167
0 0.626562 0.489583 0.034375 0.0375
0 0.603906 0.504167 0.0296875 0.0416667
0 0.972656 0.0572917 0.0328125 0.0395833
0 0.204688 0.355208 0.028125 0.0354167
0 0.902344 0.647917 0.0265625 0.0333333
0 0.663281 0.79375 0.0328125 0.0458333
0 0.875 0.763542 0.025 0.0354167
0 0.0828125 0.467708 0.028125 0.0354167
0 0.321875 0.548958 0.028125 0.0354167
0 0.785156 0.652083 0.0296875 0.0416667
0 0.317969 0.783333 0.0390625 0.05
0 0.886719 0.580208 0.0296875 0.0395833
0 0.170312 0.129167 0.028125 0.0333333
0 0.696094 0.68125 0.0296875 0.0375
0 0.065625 0.713542 0.025 0.0354167
0 0.603125 0.232292 0.03125 0.0395833
0 0.201562 0.823958 0.028125 0.0354167
0 0.141406 0.367708 0.0328125 0.04375
0 0.152344 0.0208333 0.0328125 0.0333333
0 0.786719 0.0583333 0.0328125 0.0458333
0 0.927344 0.759375 0.0265625 0.0395833
0 0.221094 0.796875 0.0296875 0.0395833
0 0.0289063 0.572917 0.0328125 0.0416667
0 0.303125 0.923958 0.03125 0.0395833
0 0.427344 0.395833 0.0390625 0.0541667
0 0.553906 0.69375 0.0359375 0.0458333
0 0.617969 0.0677083 0.0265625 0.0395833
0 0.0195312 0.0302083 0.0359375 0.0479167
0 0.071875 0.88125 0.03125 0.0458333
0 0.280469 0.309375 0.0359375 0.0479167
0 0.803125 0.205208 0.03125 0.04375
0 0.621875 0.0385417 0.03125 0.04375
0 0.122656 0.158333 0.0296875 0.0375
0 0.928125 0.198958 0.0375 0.0520833
0 0.789062 0.154167 0.034375 0.0458333
0 0.817969 0.298958 0.0328125 0.04375
0 0.260938 0.88125 0.034375 0.05
0 0.224219 0.472917 0.0328125 0.0375
0 0.107031 0.922917 0.0359375 0.05
