0 0.885156 0.635417 0.0265625 0.0375
0 0.671875 0.807292 0.028125 0.0395833
1 0.974219 0.539583 0.0515625 0.0833333
0 0.989844 0.553125 0.0171875 0.0270833
0 0.142969 0.797917 0.0296875 0.0458333
0 0.00859375 0.367708 0.0171875 0.0395833
0 0.564062 0.322917 0.034375 0.0458333
0 0.0890625 0.413542 0.025 0.0354167
0 0.95625 0.93125 0.034375 0.0458333
0 0.151562 0.634375 0.028125 0.0354167
0 0.121875 0.442708 0.0375 0.0520833
0 0.783594 0.617708 0.0265625 0.0395833
0 0.854688 0.505208 0.034375 0.04375
0 0.410156 0.291667 0.0296875 0.0416667
0 0.155469 0.596875 0.0265625 0.0354167
0 0.688281 0.0104167 0.0359375 0.0208333
0 0.626562 0.4875 0.03125 0.0375
0 0.514844 0.984375 0.0328125 0.03125
0 0.894531 0.647917 0.0265625 0.0333333
0 0.528906 0.759375 0.0265625 0.03125
0 0.797656 0.8625 0.0265625 0.0333333
0 0.275 0.414583 0.028125 0.0375
0 0.972656 0.519792 0.0296875 0.0395833
0 0.420312 0.538542 0.034375 0.04375
0 0.169531 0.129167 0.0296875 0.0375
0 0.986719 0.71875 0.0265625 0.0375
0 0.601562 0.2375 0.03125 0.0416667
0 0.910937 0.798958 0.028125 0.0395833
0 0.194531 0.819792 0.0265625 0.03125
0 0.755469 0.613542 0.0234375 0.03125
0 0.264062 0.811458 0.040625 0.0479167
0 0.604688 0.505208 0.03125 0.0395833
0 0.785937 0.0572917 0.028125 0.04375
0 0.153125 0.0197917 0.03125 0.03125
0 0.885938 0.580208 0.028125 0.0395833
0 0.671875 0.278125 0.028125 0.0354167
0 0.972656 0.0552083 0.0359375 0.04375
0 0.517969 0.613542 0.0328125 0.04375
0 0.789062 0.154167 0.03125 0.0416667
0 0.203906 0.355208 0.0265625 0.0354167
0 0.389844 0.957292 0.0265625 0.0395833
0 0.715625 0.692708 0.03125 0.0354167
0 0.796094 0.652083 0.0234375 0.0333333
0 0.261719 0.880208 0.0359375 0.0479167
0 0.875 0.763542 0.025 0.0354167
0 0.053125 0.696875 0.03125 0.0395833
0 0.141406 0.364583 0.0328125 0.0458333
0 0.0445312 0.978125 0.0296875 0.0354167
0 0.303906 0.923958 0.0296875 0.0395833
0 0.553125 0.692708 0.034375 0.04375
0 0.317969 0.783333 0.0390625 0.05
0 0.426562 0.395833 0.0375 0.05
0 0.6875 0.972917 0.034375 0.0458333
0 0.322656 0.576042 0.0265625 0.0395833
0 0.221875 0.809375 0.028125 0.0354167
0 0.0296875 0.58125 0.03125 0.0416667
0 0.071875 0.459375 0.03125 0.0395833
0 0.564844 0.973958 0.0359375 0.04375
0 0.3 0.440625 0.028125 0.0354167
0 0.621094 0.0645833 0.0265625 0.0375
0 0.224219 0.473958 0.0296875 0.0354167
0 0.829687 0.308333 0.03125 0.0416667
0 0.621875 0.0375 0.03125 0.0416667
0 0.071875 0.88125 0.03125 0.0458333
0 0.802344 0.205208 0.0328125 0.04375
0 0.0210938 0.0177083 0.0359375 0.0354167
0 0.121875 0.155208 0.028125 0.0354167
0 0.279687 0.310417 0.034375 0.0458333
0 0.930469 0.2 0.0390625 0.0541667
0 0.107813 0.922917 0.0375 0.05
