0 0.984375 0.554167 0.025 0.0291667
0 0.884375 0.634375 0.028125 0.0354167
0 0.789062 0.0229167 0.0375 0.0291667
0 0.0101562 0.372917 0.0203125 0.0416667
0 0.622656 0.991667 0.0265625 0.0166667
0 0.564062 0.322917 0.03125 0.0416667
0 0.682031 0.00729167 0.0328125 0.0145833
0 0.942969 0.8125 0.0234375 0.0291667
0 0.810156 0.009375 0.0234375 0.01875
1 0.975 0.539583 0.05 0.0833333
0 0.955469 0.932292 0.0328125 0.04375
0 0.124219 0.45 0.0359375 0.0458333
0 0.410937 0.291667 0.028125 0.0375
0 0.142969 0.797917 0.0234375 0.0375
0 0.992188 0.721875 0.015625 0.0354167
0 0.150781 0.633333 0.0265625 0.0333333
0 0.627344 0.4875 0.0296875 0.0375
0 0.854688 0.505208 0.03125 0.0395833
0 0.310937 0.448958 0.025 0.0354167
0 0.5125 0.763542 0.025 0.0354167
0 0.973437 0.520833 0.028125 0.0375
0 0.15625 0.595833 0.025 0.0333333
0 0.685156 0.295833 0.0265625 0.0333333
0 0.514844 0.985417 0.0296875 0.0291667
0 0.666406 0.9875 0.0296875 0.025
0 0.328125 0.598958 0.025 0.0354167
0 0.169531 0.129167 0.0265625 0.0333333
0 0.0898438 0.4125 0.0265625 0.0333333
0 0.021875 0.009375 0.0375 0.01875
0 0.991406 0.752083 0.0140625 0.0375
0 0.810156 0.840625 0.0296875 0.0395833
0 0.567187 0.972917 0.034375 0.0375
0 0.516406 0.597917 0.0265625 0.0375
0 0.378906 0.982292 0.0265625 0.0354167
0 0.603906 0.505208 0.0296875 0.0395833
0 0.153125 0.0208333 0.03125 0.0333333
0 0.889844 0.655208 0.0265625 0.0354167
0 0.8875 0.576042 0.028125 0.0395833
0 0.622656 0.0354167 0.0296875 0.0375
0 0.264062 0.88125 0.034375 0.05
0 0.205469 0.35625 0.0265625 0.0333333
0 0.0414063 0.976042 0.0265625 0.0354167
0 0.266406 0.396875 0.0265625 0.0354167
0 0.190625 0.816667 0.025 0.0333333
0 0.420312 0.538542 0.034375 0.04375
0 0.0273438 0.579167 0.0328125 0.0458333
0 0.601562 0.236458 0.03125 0.0395833
0 0.828906 0.323958 0.0296875 0.0395833
0 0.757812 0.613542 0.025 0.03125
0 0.553125 0.692708 0.034375 0.04375
0 0.782812 0.61875 0.028125 0.0375
0 0.263281 0.810417 0.0390625 0.0458333
0 0.973437 0.0541667 0.034375 0.0416667
0 0.124219 0.154167 0.0296875 0.0375
0 0.225 0.473958 0.028125 0.0354167
0 0.0460938 0.675 0.0265625 0.0375
0 0.739062 0.692708 0.028125 0.0354167
0 0.873438 0.766667 0.025 0.0333333
0 0.686719 0.804167 0.0265625 0.0375
0 0.304688 0.923958 0.028125 0.0395833
0 0.426562 0.396875 0.0375 0.0520833
0 0.14375 0.363542 0.034375 0.0479167
0 0.227344 0.816667 0.0265625 0.0375
0 0.786719 0.0583333 0.0296875 0.0458333
0 0.622656 0.0635417 0.0265625 0.0354167
0 0.059375 0.457292 0.03125 0.0395833
0 0.0726563 0.882292 0.0296875 0.04375
0 0.790625 0.155208 0.03125 0.0395833
0 0.317969 0.782292 0.0359375 0.0479167
0 0.805469 0.677083 0.0296875 0.0375
0 0.803125 0.205208 0.03125 0.04375
0 0.28125 0.310417 0.034375 0.0458333
0 0.107813 0.923958 0.034375 0.04375
0 0.93125 0.2 0.040625 0.0541667
