0 0.223438 0.335417 0.03125 0.0416667
0 0.903906 0.00729167 0.0296875 0.0145833
1 0.964063 0.025 0.065625 0.05
0 0.789062 0.00729167 0.034375 0.0145833
0 0.653125 0.104167 0.028125 0.0375
0 0.851562 0.553125 0.0375 0.0479167
2 0.0921875 0.739583 0.021875 0.025
0 0.964063 0.0104167 0.034375 0.0208333
0 0.151562 0.813542 0.040625 0.05625
0 0.917969 0.363542 0.0203125 0.0270833
0 0.227344 0.184375 0.0234375 0.0354167
1 0.971094 0.578125 0.0578125 0.09375
0 0.4125 0.317708 0.03125 0.0395833
0 0.157813 0.617708 0.028125 0.0395833
0 0.210938 0.511458 0.025 0.0354167
0 0.605469 0.504167 0.0359375 0.05
0 0.778906 0.261458 0.0296875 0.0354167
0 0.499219 0.0645833 0.0265625 0.0333333
0 0.255469 0.839583 0.0359375 0.0458333
0 0.978906 0.363542 0.0234375 0.03125
0 0.184375 0.142708 0.028125 0.0354167
0 0.290625 0.344792 0.028125 0.0354167
0 0.953906 0.0291667 0.0328125 0.0375
0 0.0851562 0.421875 0.0296875 0.0354167
0 0.898438 0.738542 0.025 0.03125
0 0.65625 0.463542 0.025 0.03125
0 0.563281 0.726042 0.0296875 0.0395833
0 0.025 0.536458 0.028125 0.0354167
0 0.0210938 0.563542 0.0234375 0.0270833
0 0.164062 0.0104167 0.034375 0.0208333
0 0.397656 0.255208 0.0296875 0.0354167
0 0.803125 0.285417 0.03125 0.0416667
0 0.448438 0.507292 0.0375 0.0479167
0 0.938281 0.461458 0.0296875 0.04375
0 0.150781 0.382292 0.0328125 0.04375
0 0.535937 0.015625 0.040625 0.03125
0 0.0671875 0.896875 0.034375 0.0395833
0 0.0367187 0.16875 0.0265625 0.0375
0 0.872656 0.765625 0.0265625 0.0354167
0 0.328906 0.941667 0.0296875 0.0375
0 0.0703125 0.271875 0.028125 0.0354167
0 0.483594 0.0791667 0.0265625 0.0375
0 0.638281 0.569792 0.0421875 0.0520833
0 0.420312 0.70625 0.03125 0.0375
0 0.625 0.295833 0.028125 0.0458333
0 0.965625 0.084375 0.028125 0.0395833
0 0.435156 0.835417 0.0328125 0.0458333
0 0.739844 0.823958 0.0296875 0.0395833
0 0.282031 0.447917 0.0296875 0.0375
0 0.904688 0.34375 0.028125 0.0416667
0 0.774219 0.670833 0.0328125 0.0375
0 0.128125 0.23125 0.03125 0.0416667
0 0.763281 0.25625 0.0328125 0.0375
0 0.744531 0.921875 0.0296875 0.0395833
0 0.696094 0.789583 0.0265625 0.0333333
0 0.0617188 0.169792 0.0296875 0.04375
0 0.43125 0.63125 0.03125 0.0416667
0 0.153906 0.652083 0.0296875 0.0375
0 0.09375 0.609375 0.034375 0.04375
0 0.95625 0.177083 0.028125 0.0375
0 0.109375 0.317708 0.028125 0.0395833
0 0.810938 0.736458 0.03125 0.04375
0 0.583594 0.0979167 0.0296875 0.0375
0 0.779688 0.11875 0.03125 0.0416667
0 0.694531 0.090625 0.0296875 0.0354167
0 0.265625 0.896875 0.0375 0.0520833
0 0.188281 0.0583333 0.0359375 0.05
0 0.739062 0.123958 0.0375 0.05625
0 0.914844 0.267708 0.0421875 0.05625
