0 0.825 0.834375 0.028125 0.0395833
1 0.976562 0.536458 0.046875 0.08125
0 0.984375 0.553125 0.025 0.03125
0 0.854688 0.505208 0.034375 0.04375
0 0.2125 0.873958 0.021875 0.03125
0 0.410156 0.292708 0.0265625 0.0354167
0 0.95625 0.93125 0.0375 0.0458333
0 0.810938 0.0125 0.028125 0.0208333
0 0.0101562 0.373958 0.0203125 0.0395833
0 0.420312 0.538542 0.034375 0.04375
1 0.165625 0.809375 0.06875 0.0854167
0 0.151562 0.633333 0.025 0.0333333
0 0.142188 0.798958 0.025 0.0395833
0 0.611719 0.982292 0.0265625 0.03125
0 0.155469 0.595833 0.0234375 0.0333333
0 0.973437 0.520833 0.03125 0.0416667
0 0.0898438 0.411458 0.0265625 0.0354167
0 0.567187 0.972917 0.03125 0.0375
0 0.0148437 0.0104167 0.0296875 0.0208333
0 0.501562 0.766667 0.025 0.0333333
0 0.688281 0.328125 0.0265625 0.0354167
0 0.625781 0.486458 0.0328125 0.0395833
0 0.603906 0.504167 0.0296875 0.0375
0 0.515625 0.984375 0.03125 0.03125
0 0.75625 0.613542 0.025 0.03125
0 0.875 0.766667 0.025 0.0333333
0 0.552344 0.69375 0.0328125 0.0416667
0 0.883594 0.652083 0.0265625 0.0333333
0 0.822656 0.0135417 0.0296875 0.0270833
0 0.185156 0.814583 0.0265625 0.0333333
0 0.625 0.0604167 0.028125 0.0375
0 0.686719 0.81875 0.0265625 0.0333333
0 0.33125 0.6125 0.021875 0.0333333
0 0.322656 0.466667 0.0265625 0.0333333
0 0.622656 0.03125 0.0296875 0.0333333
0 0.822656 0.335417 0.0296875 0.0416667
0 0.153125 0.0208333 0.03125 0.0333333
0 0.204688 0.355208 0.028125 0.0354167
0 0.528125 0.590625 0.03125 0.0395833
0 0.225 0.475 0.028125 0.0333333
0 0.782031 0.620833 0.0296875 0.0375
0 0.754687 0.708333 0.028125 0.0333333
0 0.142188 0.3625 0.03125 0.0416667
0 0.0429688 0.970833 0.0265625 0.0375
0 0.317969 0.782292 0.0359375 0.0479167
0 0.16875 0.128125 0.028125 0.0354167
0 0.053125 0.457292 0.03125 0.0354167
0 0.266406 0.379167 0.0265625 0.0375
0 0.885938 0.577083 0.03125 0.0458333
0 0.0234375 0.588542 0.03125 0.04375
0 0.932031 0.842708 0.0265625 0.0354167
0 0.122656 0.153125 0.0265625 0.0354167
0 0.816406 0.659375 0.0296875 0.0395833
0 0.0398437 0.665625 0.0296875 0.0395833
0 0.975 0.0552083 0.034375 0.04375
0 0.6 0.2375 0.03125 0.0458333
0 0.426562 0.39375 0.034375 0.05
0 0.985937 0.7625 0.025 0.0416667
0 0.263281 0.810417 0.0390625 0.05
0 0.23125 0.815625 0.028125 0.0354167
0 0.785937 0.0572917 0.03125 0.04375
0 0.790625 0.154167 0.03125 0.0416667
0 0.264844 0.88125 0.0359375 0.05
0 0.803125 0.204167 0.03125 0.0416667
0 0.071875 0.882292 0.03125 0.04375
0 0.304688 0.923958 0.03125 0.04375
0 0.280469 0.309375 0.0328125 0.04375
0 0.932813 0.198958 0.0375 0.0520833
0 0.107813 0.922917 0.0375 0.0458333
