0 0.561719 0.319792 0.0296875 0.04375
0 0.174219 0.804167 0.0234375 0.0333333
0 0.9875 0.320833 0.025 0.05
0 0.567969 0.96875 0.0328125 0.0416667
0 0.009375 0.377083 0.01875 0.0416667
0 0.160156 0.811458 0.0328125 0.0395833
0 0.309375 0.628125 0.04375 0.0604167
0 0.779688 0.0125 0.025 0.0208333
0 0.210938 0.873958 0.021875 0.0270833
0 0.911719 0.321875 0.0203125 0.0270833
0 0.808594 0.0114583 0.0265625 0.0229167
0 0.789062 0.0260417 0.0375 0.03125
1 0.971875 0.526042 0.05 0.0770833
0 0.952344 0.942708 0.0265625 0.0270833
0 0.957812 0.917708 0.028125 0.0354167
0 0.120312 0.441667 0.040625 0.0541667
1 0.161719 0.805208 0.0640625 0.08125
0 0.724219 0.884375 0.0296875 0.0354167
0 0.245312 0.277083 0.025 0.0333333
0 0.142969 0.797917 0.0234375 0.0375
0 0.971094 0.51875 0.0296875 0.0375
0 0.603906 0.502083 0.0328125 0.0416667
0 0.760156 0.616667 0.0296875 0.0375
0 0.148438 0.633333 0.028125 0.0375
0 0.410156 0.291667 0.0265625 0.0375
0 0.861719 0.591667 0.0296875 0.0375
0 0.420312 0.536458 0.034375 0.04375
0 0.0117188 0.494792 0.0234375 0.0395833
0 0.153906 0.59375 0.0265625 0.0375
0 0.519531 0.986458 0.0328125 0.0270833
0 0.164062 0.780208 0.028125 0.03125
0 0.425 0.775 0.028125 0.0333333
0 0.88125 0.632292 0.025 0.0354167
0 0.874219 0.764583 0.0265625 0.0333333
0 0.31875 0.782292 0.034375 0.04375
0 0.627344 0.0302083 0.0296875 0.0395833
0 0.773438 0.617708 0.034375 0.0479167
0 0.2625 0.809375 0.040625 0.0479167
0 0.886719 0.572917 0.0296875 0.0416667
0 0.275781 0.886458 0.0359375 0.0520833
0 0.34375 0.728125 0.028125 0.04375
0 0.550781 0.690625 0.0359375 0.04375
0 0.85625 0.503125 0.034375 0.04375
0 0.95 0.9625 0.028125 0.0333333
0 0.629687 0.0614583 0.028125 0.0395833
0 0.852344 0.698958 0.0296875 0.0354167
0 0.0882813 0.4125 0.0265625 0.0333333
0 0.779688 0.383333 0.028125 0.0375
0 0.979688 0.0520833 0.034375 0.0416667
0 0.204688 0.355208 0.028125 0.0354167
0 0.153125 0.0208333 0.03125 0.0333333
0 0.0304688 0.9375 0.0265625 0.0375
0 0.826563 0.389583 0.034375 0.0458333
0 0.0164062 0.61875 0.0265625 0.0333333
0 0.16875 0.129167 0.028125 0.0333333
0 0.385156 0.55625 0.0328125 0.0458333
0 0.140625 0.3625 0.034375 0.0458333
0 0.945312 0.857292 0.03125 0.0395833
0 0.558594 0.542708 0.0359375 0.0479167
0 0.844531 0.75625 0.0328125 0.0375
0 0.815625 0.147917 0.028125 0.0375
0 0.796094 0.153125 0.0328125 0.0395833
0 0.225 0.471875 0.028125 0.0354167
0 0.596875 0.236458 0.03125 0.04375
0 0.303906 0.927083 0.0296875 0.0416667
0 0.842969 0.677083 0.0296875 0.0375
0 0.788281 0.05625 0.0296875 0.0416667
0 0.280469 0.307292 0.0359375 0.0479167
0 0.0726563 0.884375 0.0296875 0.04375
0 0.803125 0.201042 0.034375 0.0479167
0 0.425781 0.388542 0.0390625 0.0520833
0 0.244531 0.848958 0.0296875 0.0395833
0 0.932031 0.2 0.0390625 0.0541667
0 0.120312 0.147917 0.028125 0.0375
0 0.107813 0.922917 0.0375 0.0458333
