0 0.160156 0.809375 0.0359375 0.0479167
1 0.975781 0.540625 0.0484375 0.08125
0 0.0078125 0.369792 0.015625 0.0354167
0 0.99375 0.969792 0.0125 0.04375
0 0.817969 0.839583 0.0265625 0.0416667
1 0.164844 0.807292 0.0671875 0.08125
0 0.854688 0.505208 0.034375 0.04375
0 0.0171875 0.009375 0.03125 0.01875
0 0.955469 0.929167 0.0328125 0.0458333
0 0.410937 0.292708 0.028125 0.0354167
0 0.142188 0.798958 0.025 0.0395833
0 0.150781 0.633333 0.0265625 0.0333333
0 0.155469 0.596875 0.0234375 0.03125
0 0.625781 0.486458 0.0328125 0.0395833
0 0.604688 0.505208 0.03125 0.0395833
0 0.0890625 0.4125 0.025 0.0291667
0 0.972656 0.519792 0.0328125 0.04375
0 0.626562 0.059375 0.028125 0.0395833
0 0.56875 0.973958 0.034375 0.0395833
0 0.0429688 0.963542 0.0265625 0.0354167
0 0.830469 0.817708 0.0265625 0.0354167
0 0.623438 0.03125 0.028125 0.0333333
0 0.628125 0.982292 0.028125 0.0354167
0 0.553125 0.695833 0.034375 0.0458333
0 0.515625 0.984375 0.03125 0.03125
0 0.420312 0.5375 0.0375 0.0458333
0 0.708594 0.319792 0.0265625 0.0354167
0 0.496094 0.766667 0.0234375 0.0333333
0 0.538281 0.586458 0.0296875 0.0354167
0 0.75625 0.616667 0.025 0.0333333
0 0.882812 0.655208 0.025 0.03125
0 0.183594 0.810417 0.0265625 0.0333333
0 0.983594 0.772917 0.0265625 0.0375
0 0.874219 0.765625 0.0265625 0.0354167
0 0.264062 0.370833 0.025 0.0333333
0 0.317969 0.782292 0.0359375 0.0479167
0 0.205469 0.355208 0.0265625 0.0354167
0 0.140625 0.363542 0.03125 0.0395833
0 0.153125 0.0197917 0.03125 0.03125
0 0.332031 0.617708 0.0234375 0.03125
0 0.323438 0.479167 0.028125 0.0375
0 0.426562 0.395833 0.034375 0.05
0 0.683594 0.839583 0.0234375 0.0333333
0 0.169531 0.128125 0.0265625 0.0354167
0 0.829687 0.641667 0.028125 0.0375
0 0.263281 0.810417 0.0390625 0.05
0 0.0414063 0.461458 0.0296875 0.0354167
0 0.975 0.053125 0.034375 0.04375
0 0.780469 0.622917 0.0296875 0.0416667
0 0.225 0.475 0.028125 0.0333333
0 0.885938 0.577083 0.03125 0.0458333
0 0.786719 0.0583333 0.0296875 0.0458333
0 0.919531 0.845833 0.0296875 0.0416667
0 0.791406 0.155208 0.0328125 0.04375
0 0.761719 0.710417 0.0296875 0.0333333
0 0.0226563 0.59375 0.0265625 0.0375
0 0.121875 0.152083 0.025 0.0333333
0 0.817187 0.340625 0.03125 0.04375
0 0.821094 0.0354167 0.0265625 0.0375
0 0.6 0.2375 0.03125 0.0416667
0 0.305469 0.925 0.0328125 0.0416667
0 0.803125 0.204167 0.034375 0.0458333
0 0.0375 0.65625 0.028125 0.0375
0 0.233594 0.821875 0.0296875 0.0354167
0 0.0726563 0.882292 0.0296875 0.04375
0 0.265625 0.880208 0.0375 0.0520833
0 0.28125 0.308333 0.03125 0.0416667
0 0.933594 0.198958 0.0359375 0.0520833
0 0.107813 0.922917 0.0375 0.0458333
