0 0.211719 0.873958 0.0203125 0.03125
0 0.814062 0.840625 0.025 0.03125
0 0.0078125 0.369792 0.015625 0.0395833
0 0.410937 0.292708 0.03125 0.04375
0 0.670313 0.798958 0.028125 0.0395833
0 0.120312 0.4375 0.0375 0.05
0 0.153125 0.633333 0.025 0.0333333
0 0.15625 0.596875 0.025 0.0354167
0 0.955469 0.932292 0.0328125 0.04375
0 0.534375 0.759375 0.025 0.03125
0 0.564062 0.321875 0.034375 0.04375
0 0.899219 0.646875 0.0265625 0.03125
0 0.0890625 0.4125 0.025 0.0333333
0 0.689062 0.0104167 0.0375 0.0208333
0 0.567187 0.978125 0.03125 0.0354167
0 0.973437 0.519792 0.03125 0.04375
0 0.226562 0.801042 0.028125 0.0354167
0 0.853906 0.505208 0.0328125 0.04375
0 0.782812 0.617708 0.025 0.03125
0 0.0390625 0.982292 0.028125 0.03125
0 0.5125 0.61875 0.028125 0.0375
0 0.514063 0.984375 0.03125 0.03125
0 0.664844 0.280208 0.0265625 0.0354167
0 0.296875 0.43125 0.028125 0.0416667
0 0.325781 0.5625 0.0296875 0.0416667
0 0.75625 0.614583 0.021875 0.0291667
0 0.875 0.764583 0.025 0.0333333
0 0.888281 0.575 0.0265625 0.0375
0 0.419531 0.538542 0.0359375 0.04375
0 0.153125 0.0208333 0.03125 0.0333333
0 0.602344 0.235417 0.0296875 0.0416667
0 0.626562 0.488542 0.034375 0.0395833
0 0.803125 0.884375 0.028125 0.0354167
0 0.972656 0.05625 0.0328125 0.0416667
0 0.701563 0.702083 0.03125 0.0375
0 0.263281 0.809375 0.0390625 0.0520833
0 0.603906 0.505208 0.0296875 0.0395833
0 0.669531 0.957292 0.0265625 0.0354167
0 0.198437 0.822917 0.028125 0.0333333
0 0.396875 0.941667 0.028125 0.0375
0 0.785937 0.059375 0.028125 0.04375
0 0.169531 0.129167 0.0296875 0.0333333
0 0.204688 0.355208 0.025 0.0354167
0 0.277344 0.426042 0.0234375 0.0354167
0 0.621875 0.0385417 0.03125 0.0395833
0 0.978125 0.716667 0.03125 0.0375
0 0.31875 0.783333 0.0375 0.05
0 0.827344 0.294792 0.0328125 0.0395833
0 0.078125 0.46875 0.03125 0.0375
0 0.619531 0.0635417 0.0265625 0.0395833
0 0.916406 0.783333 0.0265625 0.0333333
0 0.795313 0.638542 0.025 0.03125
0 0.05625 0.70625 0.03125 0.0375
0 0.142188 0.365625 0.03125 0.04375
0 0.553125 0.692708 0.034375 0.04375
0 0.0304688 0.573958 0.0296875 0.0354167
0 0.427344 0.396875 0.0390625 0.0520833
0 0.021875 0.0208333 0.034375 0.0416667
0 0.071875 0.880208 0.03125 0.04375
0 0.303125 0.923958 0.03125 0.0395833
0 0.789062 0.154167 0.034375 0.0458333
0 0.803906 0.207292 0.0328125 0.04375
0 0.223438 0.473958 0.03125 0.0354167
0 0.123438 0.15625 0.028125 0.0375
0 0.261719 0.880208 0.0359375 0.0520833
0 0.279687 0.310417 0.034375 0.0458333
0 0.928906 0.2 0.0390625 0.0541667
0 0.107031 0.923958 0.0359375 0.0479167
