1 0.972656 0.526042 0.0484375 0.0729167
0 0.009375 0.375 0.01875 0.0375
0 0.879687 0.0114583 0.046875 0.0229167
2 0.2875 0.222917 0.0375 0.0416667
1 0.163281 0.805208 0.0640625 0.0729167
0 0.122656 0.44375 0.0390625 0.05
0 0.98125 0.55 0.025 0.0333333
0 0.790625 0.0208333 0.0375 0.0291667
0 0.625781 0.485417 0.0328125 0.0375
0 0.810156 0.01875 0.0265625 0.0333333
0 0.56875 0.971875 0.03125 0.0395833
0 0.955469 0.929167 0.0328125 0.0416667
0 0.150781 0.633333 0.0265625 0.0333333
0 0.155469 0.595833 0.0234375 0.0333333
0 0.177344 0.807292 0.0265625 0.0354167
0 0.410937 0.292708 0.028125 0.0354167
0 0.517969 0.984375 0.0296875 0.0270833
0 0.624219 0.0322917 0.0328125 0.0395833
0 0.625 0.0635417 0.03125 0.04375
0 0.758594 0.614583 0.0265625 0.0333333
0 0.604688 0.504167 0.03125 0.0375
0 0.090625 0.413542 0.025 0.03125
0 0.864844 0.665625 0.0265625 0.03125
0 0.855469 0.505208 0.0359375 0.04375
0 0.770312 0.625 0.025 0.0333333
0 0.972656 0.517708 0.0296875 0.0395833
0 0.25 0.346875 0.025 0.03125
0 0.873438 0.765625 0.025 0.0354167
0 0.473437 0.76875 0.025 0.0333333
0 0.928906 0.8875 0.0265625 0.0333333
0 0.991406 0.966667 0.0171875 0.0333333
0 0.025 0.603125 0.028125 0.0354167
0 0.844531 0.621875 0.0296875 0.0354167
0 0.552344 0.695833 0.0328125 0.0416667
0 0.785937 0.0572917 0.028125 0.0395833
0 0.421094 0.5375 0.0359375 0.0458333
0 0.725 0.345833 0.03125 0.0416667
0 0.546875 0.56875 0.028125 0.0375
0 0.205469 0.355208 0.0265625 0.0354167
0 0.345313 0.503125 0.03125 0.0395833
0 0.224219 0.475 0.0296875 0.0333333
0 0.977344 0.0541667 0.0328125 0.0416667
0 0.710938 0.839583 0.025 0.0333333
0 0.815625 0.065625 0.028125 0.0395833
0 0.832031 0.358333 0.0328125 0.0458333
0 0.244531 0.817708 0.0328125 0.0395833
0 0.0203125 0.630208 0.028125 0.0354167
0 0.0445312 0.954167 0.0296875 0.0375
0 0.304688 0.926042 0.03125 0.04375
0 0.153125 0.0197917 0.034375 0.0354167
0 0.332812 0.651042 0.028125 0.0395833
0 0.838281 0.771875 0.0296875 0.0395833
0 0.141406 0.364583 0.0328125 0.0458333
0 0.317969 0.782292 0.0359375 0.0479167
0 0.886719 0.575 0.0328125 0.0458333
0 0.804688 0.204167 0.03125 0.0416667
0 0.16875 0.128125 0.028125 0.0354167
0 0.0320312 0.473958 0.0328125 0.0395833
0 0.967969 0.798958 0.0296875 0.0354167
0 0.264062 0.809375 0.0375 0.0479167
0 0.426562 0.39375 0.0375 0.0541667
0 0.599219 0.2375 0.0328125 0.0458333
0 0.79375 0.155208 0.034375 0.04375
0 0.0726563 0.882292 0.0296875 0.04375
0 0.28125 0.307292 0.034375 0.0479167
0 0.786719 0.725 0.0296875 0.0375
0 0.121875 0.151042 0.03125 0.0395833
0 0.932813 0.201042 0.0375 0.0520833
0 0.107813 0.922917 0.034375 0.0458333
0 0.271094 0.883333 0.0359375 0.05
