0 0.210938 0.872917 0.01875 0.025
1 0.975 0.539583 0.05 0.0833333
0 0.0101562 0.372917 0.0203125 0.0416667
0 0.686719 0.00833333 0.0265625 0.0166667
0 0.410156 0.291667 0.0296875 0.0416667
0 0.623438 0.988542 0.03125 0.01875
0 0.955469 0.932292 0.0328125 0.04375
0 0.627344 0.4875 0.0296875 0.0375
0 0.142188 0.797917 0.025 0.0375
0 0.15625 0.596875 0.025 0.0354167
0 0.0890625 0.4125 0.025 0.0333333
0 0.150781 0.633333 0.0265625 0.0333333
0 0.675 0.986458 0.03125 0.0270833
0 0.817969 0.85625 0.0265625 0.0375
0 0.121094 0.441667 0.0390625 0.0541667
0 0.823438 0.00833333 0.028125 0.0166667
0 0.888281 0.575 0.0265625 0.0375
0 0.854688 0.505208 0.034375 0.04375
0 0.973437 0.520833 0.03125 0.0416667
0 0.169531 0.130208 0.0265625 0.0354167
0 0.515625 0.7625 0.028125 0.0375
0 0.989844 0.723958 0.0203125 0.0354167
0 0.263281 0.811458 0.0390625 0.0479167
0 0.890625 0.654167 0.025 0.0291667
0 0.521875 0.597917 0.025 0.0333333
0 0.603906 0.505208 0.0296875 0.0395833
0 0.515625 0.984375 0.03125 0.03125
0 0.992188 0.748958 0.015625 0.0354167
0 0.380469 0.976042 0.0265625 0.0354167
0 0.190625 0.817708 0.025 0.03125
0 0.153125 0.0208333 0.03125 0.0333333
0 0.225 0.475 0.028125 0.0333333
0 0.757031 0.614583 0.0234375 0.0333333
0 0.682031 0.8125 0.0265625 0.0375
0 0.317969 0.783333 0.0359375 0.0458333
0 0.420312 0.538542 0.034375 0.04375
0 0.303906 0.458333 0.0265625 0.0333333
0 0.939062 0.803125 0.028125 0.0395833
0 0.224219 0.815625 0.0265625 0.0354167
0 0.328125 0.584375 0.028125 0.0395833
0 0.0179687 0.0135417 0.0359375 0.0270833
0 0.729688 0.709375 0.028125 0.03125
0 0.783594 0.619792 0.0296875 0.0395833
0 0.553125 0.69375 0.034375 0.0458333
0 0.622656 0.0354167 0.0328125 0.0416667
0 0.602344 0.236458 0.0296875 0.0395833
0 0.2625 0.88125 0.034375 0.05
0 0.672656 0.309375 0.0265625 0.0354167
0 0.204688 0.355208 0.028125 0.0354167
0 0.425781 0.395833 0.0359375 0.05
0 0.124219 0.154167 0.0296875 0.0375
0 0.0523437 0.682292 0.0296875 0.0395833
0 0.972656 0.053125 0.0359375 0.04375
0 0.872656 0.765625 0.0265625 0.0354167
0 0.802344 0.670833 0.0265625 0.0333333
0 0.624219 0.0625 0.0296875 0.0375
0 0.823438 0.320833 0.028125 0.0375
0 0.0289063 0.583333 0.0328125 0.0458333
0 0.276563 0.398958 0.03125 0.0395833
0 0.566406 0.975 0.0359375 0.0416667
0 0.0648438 0.461458 0.0328125 0.0395833
0 0.786719 0.0583333 0.0296875 0.0416667
0 0.303906 0.923958 0.0296875 0.0395833
0 0.04375 0.978125 0.028125 0.0354167
0 0.142188 0.364583 0.034375 0.05
0 0.0726563 0.880208 0.0296875 0.04375
0 0.801562 0.205208 0.034375 0.0479167
0 0.790625 0.154167 0.034375 0.0416667
0 0.280469 0.310417 0.0359375 0.0458333
0 0.107813 0.922917 0.034375 0.0458333
0 0.93125 0.2 0.040625 0.0541667
