0 0.807031 0.01875 0.0234375 0.0291667
0 0.308594 0.634375 0.0296875 0.0354167
0 0.915625 0.325 0.01875 0.025
0 0.883594 0.635417 0.0265625 0.0375
0 0.015625 0.009375 0.03125 0.01875
1 0.164844 0.804167 0.0671875 0.075
0 0.95625 0.929167 0.03125 0.0458333
0 0.99375 0.969792 0.0125 0.0395833
0 0.410937 0.292708 0.028125 0.0395833
0 0.142188 0.798958 0.025 0.0395833
0 0.009375 0.372917 0.01875 0.0375
0 0.15625 0.596875 0.025 0.0354167
0 0.150781 0.633333 0.0265625 0.0333333
0 0.854688 0.505208 0.034375 0.04375
0 0.973437 0.519792 0.03125 0.04375
0 0.624219 0.9875 0.0296875 0.025
0 0.18125 0.810417 0.028125 0.0333333
0 0.56875 0.972917 0.034375 0.0416667
0 0.625781 0.486458 0.0328125 0.0395833
0 0.623438 0.0322917 0.028125 0.0354167
0 0.538281 0.59375 0.0265625 0.0333333
0 0.0890625 0.413542 0.025 0.03125
0 0.604688 0.504167 0.03125 0.0375
0 0.709375 0.328125 0.028125 0.0395833
0 0.827344 0.8 0.0296875 0.0375
0 0.328906 0.628125 0.0234375 0.03125
0 0.626562 0.0604167 0.028125 0.0375
0 0.517187 0.984375 0.03125 0.03125
0 0.875 0.765625 0.025 0.0354167
0 0.491406 0.767708 0.0265625 0.0354167
0 0.75625 0.616667 0.025 0.0333333
0 0.420312 0.538542 0.0375 0.0479167
0 0.0429688 0.964583 0.0296875 0.0416667
0 0.0367187 0.65 0.0265625 0.0416667
0 0.928906 0.85625 0.0296875 0.0333333
0 0.975 0.0541667 0.034375 0.0416667
0 0.880469 0.663542 0.0234375 0.03125
0 0.552344 0.695833 0.0359375 0.0458333
0 0.328906 0.480208 0.0296875 0.0395833
0 0.83125 0.644792 0.028125 0.0354167
0 0.0414063 0.463542 0.0296875 0.0354167
0 0.153125 0.0208333 0.034375 0.0333333
0 0.169531 0.129167 0.0265625 0.0333333
0 0.204688 0.355208 0.028125 0.0354167
0 0.257031 0.36875 0.0265625 0.0333333
0 0.317969 0.782292 0.0359375 0.0479167
0 0.785937 0.0572917 0.03125 0.04375
0 0.140625 0.363542 0.03125 0.04375
0 0.685938 0.844792 0.025 0.0354167
0 0.98125 0.778125 0.028125 0.0395833
0 0.264062 0.809375 0.0375 0.0479167
0 0.0234375 0.591667 0.03125 0.0416667
0 0.780469 0.623958 0.0296875 0.0395833
0 0.767969 0.697917 0.0296875 0.0375
0 0.598437 0.2375 0.03125 0.0416667
0 0.885938 0.577083 0.03125 0.0458333
0 0.825 0.0427083 0.028125 0.0395833
0 0.792969 0.155208 0.0328125 0.04375
0 0.225 0.473958 0.03125 0.0395833
0 0.427344 0.394792 0.0359375 0.0520833
0 0.122656 0.153125 0.0265625 0.0354167
0 0.802344 0.205208 0.0328125 0.04375
0 0.305469 0.926042 0.0328125 0.04375
0 0.0726563 0.882292 0.0296875 0.04375
0 0.235938 0.823958 0.028125 0.0354167
0 0.815625 0.34375 0.03125 0.0458333
0 0.28125 0.308333 0.034375 0.0458333
0 0.266406 0.88125 0.0390625 0.0541667
0 0.933594 0.2 0.0359375 0.05
0 0.107031 0.922917 0.0359375 0.0458333
