0 0.2125 0.872917 0.01875 0.0291667
0 0.0078125 0.369792 0.015625 0.0395833
2 0.253906 0.240625 0.0203125 0.03125
0 0.410937 0.291667 0.03125 0.0458333
0 0.986719 0.323958 0.0265625 0.0520833
0 0.885156 0.634375 0.0234375 0.03125
0 0.151562 0.633333 0.025 0.0333333
0 0.0382813 0.984375 0.0296875 0.03125
0 0.95625 0.932292 0.034375 0.04375
0 0.855469 0.50625 0.0328125 0.0416667
0 0.155469 0.597917 0.0234375 0.0333333
0 0.564062 0.322917 0.0375 0.0458333
0 0.225 0.798958 0.028125 0.0354167
0 0.973437 0.519792 0.03125 0.04375
0 0.689062 0.0104167 0.0375 0.0208333
0 0.420312 0.539583 0.0375 0.0458333
0 0.533594 0.759375 0.0265625 0.03125
0 0.897656 0.65 0.0296875 0.0333333
0 0.566406 0.976042 0.0296875 0.0354167
0 0.0890625 0.413542 0.025 0.03125
0 0.120312 0.4375 0.0375 0.05
0 0.782812 0.619792 0.028125 0.0354167
0 0.923437 0.786458 0.025 0.03125
0 0.198437 0.823958 0.028125 0.03125
0 0.673437 0.953125 0.028125 0.0395833
0 0.514063 0.984375 0.034375 0.03125
0 0.29375 0.427083 0.025 0.0333333
0 0.264062 0.810417 0.040625 0.05
0 0.888281 0.575 0.0265625 0.0375
0 0.5125 0.61875 0.03125 0.0416667
0 0.670313 0.796875 0.03125 0.04375
0 0.75625 0.614583 0.025 0.0291667
0 0.659375 0.284375 0.025 0.0354167
0 0.603125 0.235417 0.03125 0.0416667
0 0.277344 0.427083 0.0234375 0.0333333
0 0.626562 0.490625 0.034375 0.0395833
0 0.603906 0.505208 0.0296875 0.0395833
0 0.971875 0.0572917 0.034375 0.04375
0 0.807813 0.889583 0.028125 0.0375
0 0.875 0.763542 0.025 0.0354167
0 0.696094 0.7 0.0265625 0.0333333
0 0.977344 0.717708 0.0296875 0.0354167
0 0.79375 0.641667 0.025 0.0333333
0 0.401563 0.940625 0.028125 0.0395833
0 0.204688 0.354167 0.025 0.0333333
0 0.03125 0.573958 0.028125 0.0354167
0 0.785937 0.059375 0.03125 0.04375
0 0.317969 0.783333 0.0390625 0.05
0 0.323438 0.563542 0.028125 0.0395833
0 0.153125 0.0208333 0.03125 0.0333333
0 0.05625 0.707292 0.03125 0.0395833
0 0.621875 0.0385417 0.03125 0.0395833
0 0.619531 0.0635417 0.0265625 0.0395833
0 0.142969 0.364583 0.0328125 0.0458333
0 0.426562 0.396875 0.040625 0.05625
0 0.303125 0.923958 0.028125 0.0395833
0 0.0789063 0.471875 0.0296875 0.0354167
0 0.824219 0.29375 0.0359375 0.0416667
0 0.224219 0.473958 0.0296875 0.0354167
0 0.553125 0.69375 0.034375 0.0458333
0 0.169531 0.129167 0.0265625 0.0333333
0 0.071875 0.880208 0.028125 0.0395833
0 0.803906 0.20625 0.0328125 0.0458333
0 0.789062 0.154167 0.034375 0.0458333
0 0.0234375 0.021875 0.034375 0.04375
0 0.279687 0.310417 0.034375 0.0458333
0 0.928906 0.2 0.0390625 0.0541667
0 0.123438 0.155208 0.028125 0.0395833
0 0.260938 0.880208 0.034375 0.0479167
0 0.107813 0.923958 0.034375 0.0479167
