2 0.271094 0.229167 0.0234375 0.0333333
0 0.771094 0.666667 0.0234375 0.0333333
1 0.974219 0.539583 0.0515625 0.0875
0 0.0101562 0.372917 0.0203125 0.0375
0 0.817969 0.00729167 0.0296875 0.0145833
0 0.627344 0.4875 0.0296875 0.0375
0 0.915625 0.327083 0.025 0.0333333
0 0.955469 0.932292 0.0328125 0.04375
0 0.142188 0.796875 0.025 0.0395833
0 0.15625 0.596875 0.025 0.0354167
0 0.686719 0.00833333 0.0328125 0.0166667
0 0.410156 0.292708 0.0296875 0.0395833
0 0.613281 0.988542 0.0265625 0.0229167
0 0.151562 0.633333 0.025 0.0333333
0 0.0890625 0.4125 0.025 0.0333333
0 0.678125 0.820833 0.025 0.0333333
0 0.854688 0.505208 0.034375 0.04375
0 0.264062 0.811458 0.0375 0.0479167
0 0.120312 0.4375 0.0375 0.05
0 0.420312 0.539583 0.034375 0.0458333
0 0.784375 0.620833 0.028125 0.0375
0 0.821094 0.864583 0.0265625 0.0333333
0 0.892187 0.653125 0.025 0.03125
0 0.682031 0.985417 0.0265625 0.0291667
0 0.973437 0.520833 0.03125 0.0416667
0 0.278906 0.408333 0.0265625 0.0333333
0 0.515625 0.984375 0.03125 0.03125
0 0.604688 0.505208 0.03125 0.0395833
0 0.885938 0.580208 0.028125 0.0354167
0 0.192969 0.81875 0.0265625 0.0333333
0 0.519531 0.758333 0.0265625 0.0333333
0 0.928906 0.791667 0.0265625 0.0333333
0 0.224219 0.475 0.0265625 0.0333333
0 0.33125 0.582292 0.025 0.0395833
0 0.169531 0.129167 0.0265625 0.0333333
0 0.826563 0.313542 0.03125 0.04375
0 0.0445312 0.979167 0.0265625 0.0333333
0 0.757031 0.613542 0.0234375 0.03125
0 0.971875 0.0541667 0.034375 0.0416667
0 0.665625 0.302083 0.025 0.0375
0 0.152344 0.0208333 0.0328125 0.0333333
0 0.520312 0.601042 0.028125 0.0395833
0 0.01875 0.015625 0.034375 0.03125
0 0.204688 0.355208 0.028125 0.0354167
0 0.263281 0.880208 0.0359375 0.0520833
0 0.623438 0.0625 0.028125 0.0375
0 0.553125 0.69375 0.0375 0.0458333
0 0.317969 0.783333 0.0359375 0.0458333
0 0.141406 0.364583 0.0328125 0.0458333
0 0.603125 0.236458 0.03125 0.04375
0 0.303906 0.923958 0.0296875 0.0395833
0 0.796875 0.663542 0.028125 0.0354167
0 0.425781 0.395833 0.0390625 0.0541667
0 0.989062 0.727083 0.021875 0.0416667
0 0.786719 0.059375 0.0296875 0.04375
0 0.386719 0.976042 0.0265625 0.0395833
0 0.723437 0.707292 0.028125 0.0354167
0 0.05 0.6875 0.028125 0.0375
0 0.622656 0.0364583 0.0328125 0.04375
0 0.871875 0.764583 0.025 0.0333333
0 0.566406 0.976042 0.0359375 0.04375
0 0.300781 0.455208 0.0296875 0.0395833
0 0.0289063 0.585417 0.0328125 0.0458333
0 0.123438 0.153125 0.028125 0.0354167
0 0.0679687 0.464583 0.0296875 0.0416667
0 0.071875 0.88125 0.03125 0.0458333
0 0.790625 0.153125 0.034375 0.04375
0 0.801562 0.205208 0.034375 0.0479167
0 0.221094 0.815625 0.0265625 0.0354167
0 0.280469 0.310417 0.0359375 0.0458333
0 0.107813 0.923958 0.034375 0.04375
0 0.93125 0.2 0.040625 0.0541667
