0 0.783594 0.655208 0.0359375 0.04375
0 0.0078125 0.36875 0.015625 0.0375
0 0.973437 0.522917 0.03125 0.0458333
0 0.664062 0.779167 0.03125 0.0416667
0 0.514063 0.983333 0.034375 0.0291667
0 0.855469 0.50625 0.0328125 0.0416667
0 0.410156 0.291667 0.0296875 0.0416667
0 0.419531 0.539583 0.0359375 0.0458333
0 0.155469 0.595833 0.0234375 0.0333333
0 0.120312 0.438542 0.034375 0.0479167
0 0.151562 0.633333 0.025 0.0333333
0 0.627344 0.490625 0.0328125 0.0395833
0 0.546875 0.752083 0.028125 0.0333333
0 0.683594 0.0125 0.0328125 0.025
0 0.498437 0.628125 0.028125 0.0354167
0 0.0296875 0.986458 0.028125 0.0270833
0 0.885938 0.580208 0.03125 0.0395833
0 0.782031 0.910417 0.0296875 0.0375
0 0.69375 0.9375 0.03125 0.0416667
0 0.0882813 0.413542 0.0234375 0.03125
0 0.564062 0.321875 0.0375 0.0479167
0 0.289844 0.417708 0.0234375 0.03125
0 0.203906 0.827083 0.0234375 0.0291667
0 0.909375 0.641667 0.028125 0.0333333
0 0.95625 0.933333 0.03125 0.0458333
0 0.414062 0.909375 0.025 0.0395833
0 0.170312 0.130208 0.025 0.03125
0 0.317969 0.783333 0.0359375 0.05
0 0.650781 0.255208 0.0265625 0.03125
0 0.971875 0.0572917 0.03125 0.0395833
0 0.965625 0.709375 0.028125 0.03125
0 0.682031 0.696875 0.0296875 0.0354167
0 0.604688 0.504167 0.034375 0.0416667
0 0.141406 0.367708 0.0296875 0.04375
0 0.303125 0.925 0.028125 0.0375
0 0.758594 0.615625 0.0265625 0.0354167
0 0.263281 0.810417 0.0390625 0.05
0 0.221875 0.792708 0.028125 0.0354167
0 0.203906 0.355208 0.0265625 0.0354167
0 0.571094 0.983333 0.0328125 0.0333333
0 0.0867188 0.460417 0.0265625 0.0375
0 0.425781 0.4 0.0359375 0.05
0 0.282813 0.44375 0.025 0.0333333
0 0.873438 0.764583 0.025 0.0333333
0 0.601562 0.240625 0.03125 0.04375
0 0.31875 0.5375 0.025 0.0333333
0 0.153906 0.01875 0.0328125 0.0333333
0 0.907031 0.75625 0.0328125 0.0416667
0 0.122656 0.158333 0.0265625 0.0333333
0 0.926562 0.201042 0.040625 0.05625
0 0.810938 0.302083 0.03125 0.0458333
0 0.617969 0.065625 0.0265625 0.0395833
0 0.553125 0.69375 0.0375 0.0458333
0 0.786719 0.0583333 0.0328125 0.0458333
0 0.025 0.571875 0.03125 0.04375
0 0.071875 0.879167 0.028125 0.0416667
0 0.802344 0.205208 0.0328125 0.04375
0 0.784375 0.670833 0.028125 0.0416667
0 0.0664062 0.719792 0.0328125 0.04375
0 0.788281 0.154167 0.0359375 0.0458333
0 0.782812 0.622917 0.034375 0.0416667
0 0.260938 0.88125 0.034375 0.05
0 0.280469 0.310417 0.0359375 0.05
0 0.620313 0.0395833 0.03125 0.0416667
0 0.0289063 0.0333333 0.0359375 0.0458333
0 0.223438 0.473958 0.03125 0.0354167
0 0.107813 0.923958 0.034375 0.04375
