0 0.815625 0.842708 0.025 0.0395833
0 0.789844 0.0229167 0.0328125 0.0291667
0 0.811719 0.00729167 0.0234375 0.0145833
0 0.684375 0.00729167 0.028125 0.0145833
0 0.0101562 0.372917 0.0203125 0.0416667
0 0.954687 0.932292 0.03125 0.04375
0 0.884375 0.635417 0.028125 0.0375
1 0.975 0.539583 0.05 0.0833333
0 0.123438 0.444792 0.0375 0.0520833
0 0.410937 0.292708 0.028125 0.0395833
0 0.627344 0.4875 0.0296875 0.0375
0 0.944531 0.80625 0.0265625 0.0333333
0 0.0898438 0.4125 0.0265625 0.0333333
0 0.972656 0.521875 0.0296875 0.0395833
0 0.150781 0.633333 0.0265625 0.0333333
0 0.142969 0.797917 0.0265625 0.0375
0 0.855469 0.50625 0.0328125 0.0416667
0 0.991406 0.722917 0.0171875 0.0375
0 0.15625 0.596875 0.025 0.0354167
0 0.514063 0.763542 0.028125 0.0354167
0 0.169531 0.129167 0.0265625 0.0333333
0 0.328125 0.59375 0.025 0.0333333
0 0.514844 0.985417 0.0296875 0.0291667
0 0.51875 0.597917 0.025 0.0333333
0 0.0226563 0.0104167 0.0390625 0.0208333
0 0.623438 0.034375 0.03125 0.0354167
0 0.888281 0.576042 0.0265625 0.0395833
0 0.153125 0.0208333 0.03125 0.0333333
0 0.992188 0.748958 0.015625 0.0395833
0 0.420312 0.538542 0.034375 0.04375
0 0.263281 0.811458 0.0390625 0.0479167
0 0.028125 0.58125 0.034375 0.0458333
0 0.566406 0.972917 0.0359375 0.0416667
0 0.603906 0.505208 0.0296875 0.0395833
0 0.204688 0.355208 0.028125 0.0354167
0 0.807813 0.848958 0.028125 0.0354167
0 0.782812 0.619792 0.028125 0.0354167
0 0.602344 0.236458 0.0296875 0.0395833
0 0.757812 0.6125 0.025 0.0333333
0 0.124219 0.154167 0.0296875 0.0375
0 0.308594 0.455208 0.0265625 0.0354167
0 0.190625 0.816667 0.025 0.0333333
0 0.973437 0.0541667 0.034375 0.0416667
0 0.0429688 0.977083 0.0265625 0.0333333
0 0.827344 0.323958 0.0296875 0.0395833
0 0.224219 0.473958 0.0296875 0.0354167
0 0.263281 0.88125 0.0359375 0.05
0 0.426562 0.396875 0.034375 0.0479167
0 0.227344 0.816667 0.0265625 0.0375
0 0.624219 0.0625 0.0265625 0.0333333
0 0.680469 0.305208 0.0265625 0.0354167
0 0.889844 0.655208 0.0265625 0.0354167
0 0.733594 0.695833 0.0296875 0.0375
0 0.380469 0.98125 0.0296875 0.0375
0 0.317969 0.782292 0.0359375 0.0479167
0 0.552344 0.69375 0.0359375 0.0458333
0 0.872656 0.766667 0.0234375 0.0333333
0 0.270312 0.395833 0.03125 0.0416667
0 0.786719 0.0583333 0.0296875 0.0416667
0 0.685156 0.803125 0.0265625 0.0354167
0 0.0492188 0.678125 0.0265625 0.0354167
0 0.303906 0.923958 0.0296875 0.0395833
0 0.801562 0.205208 0.03125 0.04375
0 0.790625 0.155208 0.03125 0.0395833
0 0.14375 0.363542 0.034375 0.0479167
0 0.071875 0.88125 0.03125 0.0458333
0 0.0601562 0.458333 0.0328125 0.0416667
0 0.803906 0.676042 0.0296875 0.0395833
0 0.280469 0.309375 0.0359375 0.0479167
0 0.930469 0.2 0.0390625 0.0541667
0 0.107031 0.922917 0.0359375 0.0458333
