53 0 0.430176 0.743652 0.0335999 0.0426941 
51 0 0.563477 0.159424 0.0253906 0.0315247 
50 0 0.314941 0.180176 0.0261688 0.0345154 
49 0 0.587402 0.484375 0.03125 0.039856 
48 0 0.501465 0.384033 0.03125 0.0348816 
47 0 0.746094 0.741699 0.0296936 0.0369873 
45 0 0.48877 0.866699 0.0304718 0.0375061 
44 0 0.585938 0.870605 0.0343628 0.0375061 
43 0 0.578125 0.150391 0.026947 0.0317688 
42 0 0.567383 0.102844 0.03125 0.0386047 
41 0 0.191162 0.108826 0.0267639 0.0388794 
40 0 0.317139 0.305176 0.0253906 0.0395813 
39 0 0.729492 0.851562 0.0296936 0.0395813 
38 0 0.201172 0.639648 0.0313416 0.0411377 
37 0 0.865723 0.637207 0.0289001 0.0375061 
36 0 0.672852 0.961426 0.0289001 0.0380249 
34 0 0.584961 0.122986 0.0296936 0.0371094 
33 0 0.828125 0.673828 0.0289001 0.0390625 
32 0 0.311768 0.0945435 0.0265656 0.0379028 
31 0 0.385254 0.783203 0.0347595 0.0380249 
29 0 0.0304718 0.725098 0.0295868 0.0432434 
27 0 0.239014 0.578125 0.0302734 0.0432434 
26 0 0.133545 0.192993 0.0323181 0.0440063 
25 0 0.561523 0.21167 0.0289001 0.0377502 
24 0 0.27417 0.412598 0.0296936 0.0375061 
23 0 0.671875 0.195312 0.0300751 0.0438843 
22 0 0.283691 0.217651 0.0324097 0.0397034 
21 0 0.0836182 0.804688 0.0298767 0.0385437 
20 0 0.514648 0.718262 0.0421753 0.0510559 
19 0 0.0897827 0.962402 0.0331116 0.0421753 
18 0 0.825684 0.431152 0.0328064 0.0416565 
17 0 0.191406 0.84375 0.0299835 0.0375061 
16 0 0.457031 0.119385 0.0296936 0.0387878 
15 0 0.0473328 0.356201 0.0333557 0.04245 
14 0 0.854004 0.748047 0.0328064 0.0453186 
13 0 0.868652 0.40625 0.03125 0.0411377 
12 0 0.936035 0.208374 0.0406189 0.0545654 
11 0 0.724121 0.11676 0.0316467 0.0384216 
10 0 0.672852 0.131348 0.0328064 0.0377502 
9 0 0.63623 0.419678 0.0335999 0.0479126 
8 0 0.837402 0.962402 0.0289001 0.0375061 
7 0 0.708008 0.640625 0.0265656 0.0354309 
6 0 0.84668 0.837402 0.0289001 0.0375061 
5 0 0.853027 0.228149 0.046875 0.0571594 
4 0 0.602539 0.209595 0.0308533 0.0447998 
3 0 0.770996 0.0631714 0.0296936 0.0383606 
2 0 0.24292 0.848145 0.0300751 0.0416565 
1 0 0.645996 0.5625 0.0273438 0.0375061 
