398 0 0.992188 0.407715 0.015625 0.0507812 
397 0 0.285156 0.37915 0.025589 0.029953 
396 0 0.777344 0.0114594 0.0328064 0.0228577 
394 0 0.639648 0.419678 0.0394592 0.0523376 
390 0 0.936035 0.281982 0.0343628 0.040741 
389 0 0.578125 0.153198 0.0277405 0.0341187 
373 0 0.470703 0.468018 0.0335999 0.049469 
371 0 0.53418 0.975098 0.0339966 0.0348816 
369 0 0.972656 0.858398 0.0375061 0.0463562 
348 0 0.148682 0.305664 0.0389709 0.0487061 
338 0 0.50293 0.022171 0.03125 0.0360107 
308 0 0.831055 0.981445 0.0281219 0.0333252 
302 0 0.36792 0.0221863 0.0328064 0.0357056 
264 0 0.260254 0.439697 0.0347595 0.0416565 
257 0 0.725586 0.773926 0.0296936 0.0354309 
236 0 0.121887 0.521973 0.0375061 0.0487061 
49 0 0.563477 0.540039 0.0300751 0.0385437 
48 0 0.478516 0.411377 0.0367126 0.0520935 
45 0 0.486816 0.865723 0.0324097 0.044281 
42 0 0.569336 0.103149 0.0296936 0.0354309 
41 0 0.252441 0.209595 0.0347595 0.042572 
40 0 0.276611 0.347656 0.0292969 0.0395813 
39 0 0.696777 0.0992432 0.0308533 0.0379028 
34 0 0.583984 0.120789 0.0320435 0.0415344 
32 0 0.251465 0.141724 0.0328064 0.0379028 
27 0 0.235107 0.579102 0.0328064 0.0458374 
26 0 0.130493 0.198975 0.0388794 0.0513 
23 0 0.657227 0.189575 0.0359497 0.0416565 
22 0 0.284424 0.219971 0.0339966 0.0421753 
21 0 0.0834961 0.805176 0.0300293 0.0395813 
20 0 0.497559 0.742676 0.042572 0.0505066 
18 0 0.82959 0.435303 0.0343628 0.0416565 
17 0 0.192993 0.845703 0.0359497 0.0458374 
16 0 0.54541 0.518066 0.0289001 0.0403748 
14 0 0.848633 0.754395 0.0343628 0.0458374 
13 0 0.865723 0.413574 0.0343628 0.0437622 
12 0 0.936035 0.210693 0.0375061 0.0550842 
7 0 0.709473 0.634277 0.03125 0.0395813 
6 0 0.842285 0.856934 0.0273438 0.0395813 
5 0 0.853027 0.230225 0.0429688 0.0520935 
4 0 0.603027 0.2146 0.0316467 0.0411377 
3 0 0.770508 0.0865479 0.0304718 0.0354309 
2 0 0.239868 0.859375 0.0326233 0.0437622 
1 0 0.628418 0.589355 0.0320435 0.0416565 
