474 0 0.967285 0.880371 0.0351562 0.0395813 
446 0 0.655273 0.529785 0.0316467 0.0437622 
444 0 0.0132828 0.771973 0.023407 0.0395813 
440 1 0.885254 0.16687 0.0328064 0.0387878 
434 0 0.278076 0.397461 0.0232391 0.0304718 
421 0 0.578125 0.153442 0.0277405 0.0348816 
402 0 0.314209 0.189819 0.039856 0.0441284 
338 0 0.499268 0.0239563 0.0351562 0.0396423 
308 0 0.831055 0.983398 0.0281219 0.0333252 
302 0 0.365479 0.0323181 0.0335999 0.0395813 
264 0 0.260986 0.440674 0.0343628 0.0432434 
257 0 0.723633 0.774902 0.03125 0.0369873 
49 0 0.557617 0.549805 0.0316467 0.0401001 
48 0 0.475098 0.415283 0.0347595 0.0421753 
45 0 0.486816 0.865723 0.0304718 0.0437622 
42 0 0.569824 0.104858 0.0296936 0.0360718 
41 0 0.291504 0.246582 0.0347595 0.0387878 
40 0 0.267334 0.358398 0.0304718 0.0416565 
39 0 0.578125 0.0258942 0.0308533 0.0371399 
34 0 0.583496 0.12085 0.0328064 0.0414124 
32 0 0.243774 0.153076 0.0343628 0.0395813 
27 0 0.235107 0.578125 0.0318298 0.0437622 
26 0 0.128906 0.199707 0.0385742 0.0515747 
23 0 0.655273 0.199951 0.0359497 0.0447998 
22 0 0.283691 0.217651 0.0339966 0.0395813 
21 0 0.0828247 0.807129 0.0314026 0.0395813 
20 0 0.496094 0.745605 0.042572 0.0505066 
18 0 0.830566 0.435303 0.0328064 0.0416565 
17 0 0.192993 0.84668 0.0359497 0.0437622 
14 0 0.847656 0.754395 0.0328064 0.0458374 
13 0 0.864258 0.412598 0.0335999 0.0416565 
12 0 0.936035 0.209351 0.039856 0.0549622 
7 0 0.709473 0.633301 0.03125 0.0411377 
6 0 0.839844 0.860352 0.0265656 0.0375061 
5 0 0.854004 0.229126 0.0421753 0.0499878 
4 0 0.602539 0.2146 0.0300751 0.0375061 
3 0 0.768066 0.0930176 0.0328064 0.0406189 
2 0 0.239868 0.857422 0.0328064 0.0395813 
1 0 0.629883 0.603027 0.03125 0.0401001 
