151 0 0.407471 0.218506 0.0396423 0.0523376 
148 0 0.98584 0.789551 0.0273438 0.0390625 
144 0 0.308105 0.342773 0.0234375 0.0270844 
138 0 0.836914 0.964355 0.0296936 0.0375061 
132 0 0.637207 0.419678 0.0335999 0.044281 
112 0 0.635254 0.115906 0.0308533 0.0392456 
111 0 0.744141 0.75 0.0265656 0.0328064 
109 0 0.629883 0.805176 0.035553 0.0411377 
85 0 0.355713 0.51709 0.03125 0.0395813 
76 0 0.728027 0.796387 0.0300751 0.0395813 
62 0 0.198242 0.27124 0.0336914 0.0401001 
51 0 0.562988 0.1604 0.0273438 0.0333252 
49 0 0.587402 0.491455 0.03125 0.0375061 
48 0 0.498535 0.390625 0.03125 0.0393372 
46 0 0.0158234 0.244629 0.0316467 0.0445251 
45 0 0.487549 0.864746 0.0281219 0.0375061 
44 0 0.572754 0.88623 0.0324097 0.0343628 
43 0 0.578125 0.150024 0.0281219 0.0330811 
42 0 0.567871 0.102112 0.0308533 0.0375061 
41 0 0.216553 0.155762 0.0281219 0.0369873 
40 0 0.311035 0.310303 0.0281219 0.0375061 
39 0 0.772461 0.666504 0.0320435 0.0380249 
34 0 0.584473 0.121887 0.03125 0.0395813 
32 0 0.299316 0.105835 0.0300751 0.0390015 
31 0 0.254639 0.550293 0.0294952 0.0361938 
29 0 0.0281219 0.729004 0.03125 0.0416565 
27 0 0.239502 0.579102 0.0290985 0.0437622 
26 0 0.132812 0.195923 0.0343628 0.0447998 
25 0 0.634277 0.497803 0.0261688 0.0377502 
24 0 0.271973 0.414551 0.03125 0.0380249 
23 0 0.666504 0.13855 0.0335999 0.040741 
22 0 0.282715 0.217651 0.0343628 0.0403748 
21 0 0.0828247 0.805176 0.0281219 0.0354309 
20 0 0.511719 0.725098 0.0390625 0.0458374 
19 0 0.0890503 0.964355 0.0282745 0.0364685 
18 0 0.828125 0.43335 0.0343628 0.0414124 
17 0 0.192017 0.845215 0.0305634 0.0385437 
16 0 0.336426 0.297852 0.0322266 0.0408936 
14 0 0.854004 0.748047 0.0328064 0.0432434 
13 0 0.868652 0.408447 0.0304718 0.0416565 
12 0 0.935059 0.209351 0.0421753 0.0558472 
7 0 0.708008 0.635742 0.03125 0.0385437 
6 0 0.847656 0.838379 0.0265656 0.0359497 
5 0 0.853027 0.228149 0.046875 0.0562439 
4 0 0.602539 0.212769 0.0328064 0.0432434 
3 0 0.771973 0.0684814 0.0285187 0.03479 
2 0 0.241577 0.856445 0.0296936 0.0385437 
1 0 0.645996 0.5625 0.0289001 0.0375061 
