300 0 0.3125 0.188721 0.03125 0.0401001 
296 0 0.499268 0.0198212 0.0296936 0.0352783 
293 0 0.577148 0.106262 0.0390625 0.0499878 
292 0 0.981445 0.828125 0.03125 0.0390625 
289 0 0.656738 0.92627 0.0406189 0.0479126 
287 0 0.355225 0.0957031 0.0320435 0.0397644 
268 0 0.0383301 0.380127 0.0352478 0.0471497 
264 0 0.263184 0.4375 0.0326233 0.0406189 
263 0 0.807617 0.93457 0.0289001 0.0375061 
257 0 0.729492 0.766602 0.0300751 0.0369873 
252 0 0.541504 0.985352 0.0359497 0.0302124 
238 0 0.0187531 0.749512 0.028717 0.0416565 
236 0 0.206299 0.527344 0.0298767 0.0401001 
198 0 0.833008 0.976074 0.0281219 0.0364685 
132 0 0.637695 0.420898 0.0363159 0.0458374 
109 0 0.628906 0.804199 0.0359497 0.0416565 
49 0 0.574219 0.518555 0.0324097 0.0385437 
48 0 0.489746 0.405273 0.0296936 0.0390625 
45 0 0.483643 0.865723 0.0394592 0.046875 
44 0 0.549316 0.939941 0.0296936 0.0333252 
42 0 0.567871 0.103149 0.0296936 0.0354309 
41 0 0.219971 0.184937 0.0279236 0.0386658 
40 0 0.289062 0.325928 0.0281219 0.0393372 
39 0 0.774414 0.291748 0.0320435 0.0414124 
34 0 0.583496 0.120422 0.0328064 0.0401001 
32 0 0.264893 0.125244 0.0300751 0.0380249 
31 0 0.0922241 0.239868 0.0301819 0.0359497 
27 0 0.235107 0.578125 0.0306702 0.0437622 
26 0 0.13208 0.198975 0.03302 0.0449219 
23 0 0.661133 0.175049 0.0375061 0.0411377 
22 0 0.282715 0.217651 0.033783 0.0395813 
21 0 0.0836182 0.806152 0.0296936 0.0375061 
20 0 0.501465 0.739746 0.0449219 0.0515747 
18 0 0.828125 0.434814 0.0335999 0.04245 
17 0 0.192749 0.84375 0.0332031 0.0421753 
16 0 0.40625 0.454102 0.033783 0.0434875 
14 0 0.850586 0.75 0.0359497 0.0458374 
13 0 0.865723 0.4104 0.0320435 0.0416565 
12 0 0.936035 0.209351 0.039856 0.0565186 
7 0 0.708008 0.633789 0.0335999 0.0426941 
6 0 0.842285 0.852051 0.0257874 0.0333252 
5 0 0.852539 0.228149 0.0453186 0.0542908 
4 0 0.602539 0.213501 0.0316467 0.0369873 
3 0 0.772461 0.078125 0.0328064 0.0398254 
2 0 0.240601 0.854004 0.0316467 0.0416565 
1 0 0.632812 0.580078 0.03125 0.0395813 
