302 0 0.373047 0.0121384 0.0285187 0.0237885 
300 0 0.311279 0.187866 0.0283203 0.0359497 
296 0 0.496582 0.0215607 0.0289001 0.036438 
293 0 0.57666 0.106262 0.0379028 0.0499878 
292 0 0.980469 0.833496 0.0296936 0.0380249 
289 0 0.655273 0.927246 0.039856 0.0489502 
287 0 0.319092 0.105408 0.0314331 0.0395813 
264 0 0.262939 0.438477 0.0314331 0.0390625 
263 0 0.817871 0.981934 0.0281219 0.0364685 
257 0 0.729004 0.767578 0.0285187 0.0354309 
252 0 0.540527 0.985352 0.0351562 0.0291595 
238 0 0.0187531 0.751953 0.0283203 0.0426941 
236 0 0.166748 0.530762 0.0328064 0.0408936 
132 0 0.637695 0.421875 0.0363159 0.0473938 
109 0 0.628906 0.804199 0.0359497 0.0416565 
49 0 0.572754 0.522461 0.0332031 0.0401001 
48 0 0.487549 0.405273 0.0300751 0.0395813 
45 0 0.483643 0.866699 0.0390625 0.0458374 
44 0 0.546875 0.944824 0.0281219 0.0322876 
42 0 0.569336 0.102478 0.0285187 0.0360107 
41 0 0.222412 0.188599 0.0289001 0.0402222 
40 0 0.287598 0.328125 0.0275421 0.0395813 
39 0 0.764648 0.261963 0.0316467 0.0406189 
34 0 0.584473 0.120422 0.0332031 0.0410767 
32 0 0.26123 0.126099 0.0306702 0.0393372 
31 0 0.0675049 0.203979 0.0315552 0.0385437 
27 0 0.235718 0.579102 0.03125 0.0447998 
26 0 0.131226 0.198975 0.0345764 0.0446472 
23 0 0.661133 0.179199 0.0343628 0.0410156 
22 0 0.282715 0.21814 0.0335999 0.0393372 
21 0 0.0836182 0.806152 0.0296936 0.0380249 
20 0 0.498535 0.739746 0.0437622 0.0499878 
18 0 0.829102 0.434326 0.0328064 0.0401001 
17 0 0.192139 0.844727 0.0343628 0.0437622 
16 0 0.42041 0.424072 0.0335999 0.0437622 
14 0 0.850586 0.751953 0.0359497 0.044281 
13 0 0.865723 0.4104 0.0320435 0.0421753 
12 0 0.936035 0.210571 0.0406189 0.0575562 
7 0 0.708496 0.633301 0.0324097 0.0416565 
6 0 0.842773 0.853027 0.0265656 0.0354309 
5 0 0.852539 0.229004 0.0453186 0.0533752 
4 0 0.603027 0.215332 0.0304718 0.0359497 
3 0 0.772461 0.078125 0.0328064 0.0395813 
2 0 0.240601 0.854004 0.03125 0.0432434 
1 0 0.632812 0.58252 0.03125 0.0395813 
