567 0 0.198975 0.935547 0.0283203 0.0364685 
566 0 0.563965 0.161865 0.0281219 0.033844 
563 0 0.309326 0.19165 0.0298767 0.0371094 
547 0 0.638184 0.422852 0.038269 0.0458374 
546 0 0.755371 0.0573425 0.0328064 0.0399475 
514 0 0.0890503 0.962402 0.031311 0.0416565 
506 0 0.950684 0.918945 0.0328064 0.0343628 
446 0 0.730469 0.43042 0.0332031 0.0395813 
440 1 0.776367 0.0266418 0.0300751 0.0410461 
421 0 0.578125 0.150269 0.03125 0.0364075 
338 0 0.487549 0.0365295 0.0300751 0.0396423 
308 0 0.82666 0.986328 0.0273438 0.0270844 
302 0 0.360352 0.0480347 0.0308533 0.0387573 
264 0 0.262207 0.440674 0.0314331 0.0364685 
257 0 0.720215 0.779297 0.0281219 0.0333252 
49 0 0.541504 0.579102 0.0332031 0.0426941 
48 0 0.46875 0.428223 0.039856 0.0557251 
45 0 0.48584 0.864746 0.03125 0.0416565 
42 0 0.567871 0.103271 0.0296936 0.0361328 
41 0 0.310547 0.237427 0.0379028 0.0419312 
40 0 0.251953 0.37085 0.028717 0.0375061 
34 0 0.583008 0.121887 0.0343628 0.0427856 
32 0 0.243774 0.155151 0.0314331 0.0354309 
27 0 0.233154 0.577148 0.0290985 0.0421753 
26 0 0.130493 0.199341 0.0390625 0.0528564 
23 0 0.643066 0.226807 0.035553 0.0406189 
22 0 0.276611 0.230591 0.033783 0.038269 
21 0 0.0836792 0.806152 0.0288544 0.0375061 
20 0 0.49292 0.75 0.0390625 0.0458374 
18 0 0.829102 0.434326 0.0328064 0.0395813 
17 0 0.192017 0.845703 0.0351562 0.0416565 
14 0 0.84375 0.755371 0.03125 0.046875 
13 0 0.864258 0.413574 0.0335999 0.0432434 
12 0 0.936035 0.208252 0.0390625 0.0583191 
7 0 0.708496 0.632324 0.0328064 0.0401001 
6 0 0.836914 0.865723 0.0265656 0.0437622 
5 0 0.851562 0.235596 0.0406189 0.0489502 
4 0 0.602539 0.212524 0.0296936 0.0380249 
3 0 0.761719 0.0990601 0.0300751 0.0384827 
2 0 0.239014 0.85791 0.0310516 0.0406189 
1 0 0.631348 0.608398 0.0304718 0.0369873 
