417 0 0.598145 0.528809 0.0320435 0.0390625 
416 0 0.972656 0.860352 0.0390625 0.0458374 
410 0 0.992188 0.408447 0.0164032 0.0520935 
402 0 0.311768 0.190674 0.0333862 0.0395813 
390 0 0.936523 0.260254 0.0343628 0.0410156 
371 0 0.532715 0.978027 0.0332031 0.0354309 
348 0 0.119751 0.312256 0.0362244 0.0458374 
338 0 0.500488 0.0222626 0.03125 0.0366516 
308 0 0.831055 0.981445 0.0281219 0.0333252 
302 0 0.366455 0.0250702 0.0326233 0.0371704 
264 0 0.260986 0.439697 0.0343628 0.0416565 
257 0 0.725586 0.773926 0.0296936 0.0354309 
236 0 0.108887 0.572754 0.0323792 0.0411377 
49 0 0.569336 0.535645 0.0375061 0.0471497 
48 0 0.477295 0.411377 0.039856 0.0520935 
45 0 0.486816 0.865234 0.0328064 0.0447998 
42 0 0.569336 0.103149 0.0296936 0.0354309 
41 0 0.25708 0.223999 0.03302 0.0432434 
40 0 0.275879 0.349854 0.0298767 0.0390625 
39 0 0.688477 0.0853271 0.0320435 0.0389099 
34 0 0.583496 0.12085 0.0320435 0.0388794 
32 0 0.249756 0.143433 0.0335999 0.0387268 
27 0 0.234375 0.578125 0.0316467 0.0437622 
26 0 0.129761 0.198975 0.038269 0.0518188 
23 0 0.657227 0.192749 0.0359497 0.0438843 
22 0 0.284424 0.219849 0.0343628 0.0408936 
21 0 0.0836792 0.805176 0.030426 0.0395813 
20 0 0.496826 0.743652 0.0437622 0.0499878 
18 0 0.82959 0.436523 0.0343628 0.0445251 
17 0 0.192749 0.84668 0.0374146 0.046875 
14 0 0.848633 0.755371 0.0335999 0.044281 
13 0 0.864746 0.412598 0.0328064 0.0421753 
12 0 0.936035 0.209351 0.0390625 0.0526123 
7 0 0.709473 0.633301 0.03125 0.0416565 
6 0 0.841309 0.858398 0.0265656 0.0380249 
5 0 0.851562 0.230103 0.0429688 0.0528564 
4 0 0.603027 0.214233 0.0316467 0.0401001 
3 0 0.770508 0.0864868 0.03125 0.0362549 
2 0 0.239868 0.856445 0.0328064 0.0416565 
1 0 0.62793 0.59082 0.0343628 0.0437622 
