557 0 0.565918 0.160156 0.03125 0.0363159 
554 0 0.181641 0.939453 0.0286102 0.0359497 
552 0 0.00883484 0.78418 0.0179749 0.0343628 
547 0 0.63916 0.422363 0.0375061 0.0481873 
546 0 0.756348 0.0542908 0.0320435 0.0419312 
543 0 0.575195 0.107483 0.0347595 0.0454407 
514 0 0.0899048 0.963379 0.0297852 0.0395813 
506 0 0.95459 0.90918 0.0320435 0.0354309 
446 0 0.680176 0.456543 0.03125 0.0426941 
440 1 0.799316 0.0557861 0.0292969 0.039978 
421 0 0.578125 0.15271 0.03125 0.0361938 
402 0 0.309326 0.192749 0.0320435 0.0395813 
338 0 0.492188 0.0323792 0.0324097 0.0400391 
308 0 0.828125 0.984375 0.0273438 0.0307312 
302 0 0.361816 0.0458374 0.0332031 0.0411987 
264 0 0.260254 0.440674 0.0300751 0.0359497 
257 0 0.72168 0.776855 0.0281219 0.0333252 
49 0 0.54541 0.572754 0.0351562 0.0426941 
48 0 0.470215 0.426025 0.0394592 0.0559998 
45 0 0.48584 0.86377 0.0304718 0.0426941 
42 0 0.567871 0.104919 0.0296936 0.0364075 
41 0 0.303955 0.240601 0.0369263 0.0441284 
40 0 0.255371 0.368652 0.0275421 0.0375061 
34 0 0.583008 0.121887 0.0343628 0.0435486 
32 0 0.243774 0.153076 0.03125 0.0363159 
27 0 0.232788 0.577148 0.0290985 0.0421753 
26 0 0.128906 0.198975 0.0390625 0.0527344 
23 0 0.647461 0.220581 0.0359497 0.040741 
22 0 0.277344 0.227051 0.03302 0.0377502 
21 0 0.0842896 0.806152 0.029007 0.0375061 
20 0 0.494629 0.748047 0.039856 0.0489502 
18 0 0.830566 0.435303 0.0328064 0.0416565 
17 0 0.192383 0.845703 0.0339966 0.0421753 
14 0 0.845215 0.755371 0.0328064 0.0463562 
13 0 0.864258 0.413574 0.0343628 0.0437622 
12 0 0.936035 0.20813 0.0390625 0.0566406 
7 0 0.709473 0.632324 0.0316467 0.0395813 
6 0 0.838379 0.862305 0.0265656 0.0406189 
5 0 0.852539 0.234375 0.0421753 0.0514221 
4 0 0.601562 0.21167 0.03125 0.0375061 
3 0 0.764648 0.0997314 0.0300751 0.0380249 
2 0 0.238281 0.858398 0.0328064 0.0416565 
1 0 0.62793 0.606445 0.0277405 0.0375061 
