645 0 0.638184 0.422119 0.0359497 0.044281 
619 0 0.578125 0.150024 0.0308533 0.0375061 
607 0 0.601562 0.210449 0.03125 0.038147 
588 0 0.958008 0.426514 0.0304718 0.038269 
546 0 0.745117 0.072937 0.0343628 0.0418396 
514 0 0.0898438 0.962402 0.0294952 0.0380249 
506 0 0.942871 0.936523 0.0328064 0.0390625 
446 0 0.813477 0.40625 0.0332031 0.0369873 
338 0 0.484375 0.0424194 0.0281219 0.0367737 
308 0 0.823242 0.987305 0.0281219 0.0249939 
302 0 0.358643 0.0551453 0.0302734 0.036499 
264 0 0.260254 0.437988 0.03302 0.0377502 
257 0 0.71875 0.78125 0.03125 0.0333252 
49 0 0.532715 0.589355 0.0324097 0.0416565 
48 0 0.462891 0.430664 0.039856 0.0531311 
45 0 0.48584 0.86377 0.03125 0.0426941 
42 0 0.570312 0.106262 0.0304718 0.0365906 
41 0 0.31543 0.224976 0.0335999 0.0391846 
40 0 0.244873 0.37085 0.028717 0.0375061 
34 0 0.582031 0.12085 0.0347595 0.0416565 
32 0 0.239258 0.164307 0.0304718 0.0361938 
27 0 0.233643 0.576172 0.0296936 0.0437622 
26 0 0.130249 0.197998 0.0342712 0.046875 
23 0 0.635742 0.235474 0.0375061 0.0416565 
22 0 0.273438 0.23645 0.0343628 0.0397034 
21 0 0.0843506 0.805176 0.0281219 0.0354309 
20 0 0.489746 0.751953 0.0421753 0.0458374 
18 0 0.82959 0.435303 0.0304718 0.0375061 
17 0 0.192139 0.846191 0.0349731 0.0426941 
14 0 0.842285 0.75293 0.0343628 0.049469 
13 0 0.864746 0.413574 0.0328064 0.039856 
12 0 0.936523 0.209351 0.0390625 0.0558472 
7 0 0.709473 0.631348 0.0320435 0.0416565 
6 0 0.834961 0.869629 0.0265656 0.0385437 
5 0 0.850586 0.236328 0.0421753 0.0484314 
3 0 0.759277 0.0992432 0.0324097 0.0368347 
2 0 0.236938 0.857422 0.0300751 0.0395813 
1 0 0.630371 0.610352 0.0328064 0.0411377 
