872 0 0.638184 0.414062 0.0386658 0.0497437 
870 0 0.623535 0.015686 0.0281219 0.0316162 
867 0 0.62793 0.802246 0.0343628 0.0406189 
865 0 0.823242 0.987305 0.0257874 0.0249939 
860 0 0.0421753 0.984375 0.0352783 0.03125 
845 0 0.102356 0.985352 0.0325317 0.0291595 
841 0 0.193604 0.712891 0.0314331 0.0437622 
836 0 0.561035 0.1604 0.0281219 0.0337219 
835 0 0.192871 0.85498 0.0357361 0.0479126 
810 0 0.408691 0.217651 0.0333862 0.0437622 
800 0 0.306152 0.196899 0.0251923 0.0317688 
790 0 0.776367 0.385742 0.0281219 0.0369873 
747 0 0.735352 0.154907 0.0296936 0.0352783 
729 0 0.714844 0.788574 0.0296936 0.0354309 
724 0 0.506836 0.0328674 0.0257874 0.0325623 
712 0 0.222656 0.485352 0.0234375 0.0291595 
686 0 0.935059 0.206299 0.0359497 0.0499878 
619 0 0.578125 0.147949 0.0281219 0.0333252 
607 0 0.601562 0.208496 0.0300751 0.0447998 
546 0 0.704102 0.156494 0.0328064 0.0397034 
446 0 0.86084 0.410156 0.0289001 0.0369873 
338 0 0.474121 0.0541687 0.0265656 0.0375061 
302 0 0.352295 0.072937 0.0265656 0.0332947 
264 0 0.260986 0.431885 0.0279236 0.0377502 
49 0 0.490723 0.614746 0.03125 0.0421753 
48 0 0.453857 0.470947 0.0371094 0.0411377 
45 0 0.487549 0.862305 0.0335999 0.0406189 
42 0 0.570312 0.102112 0.0281219 0.0333252 
41 0 0.205322 0.245728 0.0308533 0.0403748 
40 0 0.213257 0.40625 0.0267639 0.0421753 
34 0 0.584473 0.120544 0.0304718 0.0377502 
32 0 0.205688 0.194824 0.0299835 0.0354309 
27 0 0.235107 0.564453 0.0328064 0.0484314 
26 0 0.128906 0.195801 0.03302 0.0420532 
23 0 0.624023 0.240601 0.0328064 0.0395813 
22 0 0.259033 0.269287 0.0333862 0.0403748 
21 0 0.0836182 0.802246 0.0322876 0.0406189 
18 0 0.827148 0.432373 0.0296936 0.0354309 
14 0 0.834961 0.78418 0.0359497 0.0447998 
7 0 0.708496 0.629395 0.0328064 0.0416565 
6 0 0.831055 0.869629 0.0304718 0.0406189 
5 0 0.851562 0.233765 0.0414124 0.0476685 
2 0 0.236694 0.856445 0.0320435 0.044281 
1 0 0.631836 0.615723 0.0285187 0.0395813 
