180 0 0.0110245 0.412598 0.0221252 0.0419312 
172 0 0.836914 0.96582 0.0296936 0.0390625 
148 0 0.989258 0.788574 0.0226593 0.0380249 
132 0 0.636719 0.419678 0.0343628 0.0455627 
112 0 0.615723 0.0651245 0.0308533 0.0412903 
111 0 0.743164 0.756348 0.0277405 0.0343628 
109 0 0.630371 0.804199 0.0359497 0.0426941 
85 0 0.268799 0.440674 0.0302734 0.0351562 
76 0 0.789551 0.827148 0.0304718 0.0395813 
62 0 0.206787 0.334961 0.0276337 0.0361938 
51 0 0.5625 0.1604 0.0281219 0.0335999 
49 0 0.588379 0.494385 0.0320435 0.0403748 
48 0 0.497559 0.391602 0.0328064 0.0380249 
45 0 0.486816 0.865723 0.0292969 0.0380249 
44 0 0.570312 0.890625 0.0296936 0.0333252 
43 0 0.579102 0.151733 0.0304718 0.0348816 
42 0 0.568848 0.102234 0.0281219 0.0351562 
41 0 0.213623 0.172363 0.025589 0.0367126 
40 0 0.310547 0.310303 0.0271454 0.0375061 
39 0 0.783691 0.624023 0.0300751 0.0401001 
34 0 0.584473 0.122253 0.03125 0.0406799 
32 0 0.294678 0.107178 0.0277405 0.0364075 
31 0 0.263672 0.53125 0.0296936 0.0408936 
29 0 0.0283966 0.734375 0.0291443 0.0401001 
27 0 0.239014 0.570801 0.0289001 0.0411377 
26 0 0.13208 0.195801 0.0328064 0.0454407 
25 0 0.649414 0.533203 0.0273438 0.0351562 
24 0 0.27002 0.418701 0.0308533 0.0375061 
23 0 0.665527 0.150146 0.0339966 0.0390625 
22 0 0.282715 0.217651 0.0316467 0.0395813 
21 0 0.0828247 0.805176 0.0279846 0.0354309 
20 0 0.510742 0.728027 0.0406189 0.049469 
19 0 0.0895386 0.964355 0.0306091 0.0375061 
18 0 0.828125 0.434326 0.0320435 0.0403748 
17 0 0.191895 0.844727 0.0322266 0.0395813 
16 0 0.362793 0.358887 0.0279236 0.0361938 
14 0 0.853027 0.749023 0.0343628 0.0437622 
13 0 0.869629 0.409424 0.0296936 0.0401001 
12 0 0.936035 0.209351 0.0406189 0.0558472 
7 0 0.708496 0.637695 0.0296936 0.0380249 
6 0 0.847656 0.838379 0.0265656 0.0354309 
5 0 0.853027 0.228149 0.0460815 0.0562439 
4 0 0.601562 0.213501 0.03125 0.0429688 
3 0 0.771973 0.0698853 0.0292969 0.0355835 
2 0 0.242554 0.856445 0.0298767 0.0416565 
1 0 0.646484 0.561523 0.0273438 0.0333252 
