536 0 0.992188 0.407959 0.0164032 0.0541687 
514 0 0.0889893 0.963379 0.0311584 0.0395813 
506 0 0.959473 0.901855 0.0343628 0.0375061 
446 0 0.688965 0.508301 0.0332031 0.0406189 
440 1 0.834473 0.0843506 0.0320435 0.0404663 
421 0 0.577148 0.1521 0.0289001 0.0334778 
402 0 0.310059 0.192749 0.0335999 0.042572 
338 0 0.497559 0.0261078 0.0367126 0.0438232 
308 0 0.830566 0.983398 0.0281219 0.0328064 
302 0 0.362549 0.0406799 0.0339966 0.043457 
264 0 0.260986 0.440918 0.03125 0.0385437 
257 0 0.722656 0.774902 0.0296936 0.0333252 
49 0 0.54834 0.568359 0.0359497 0.0437622 
48 0 0.471191 0.423584 0.0410156 0.0583191 
45 0 0.486816 0.86377 0.0296936 0.0421753 
42 0 0.569336 0.106323 0.0296936 0.0372314 
41 0 0.311035 0.246704 0.0367126 0.0393372 
40 0 0.258545 0.367676 0.0298767 0.039856 
34 0 0.583008 0.120911 0.0335999 0.0412903 
32 0 0.244385 0.153931 0.0320435 0.0367126 
27 0 0.234131 0.577148 0.0308533 0.0453186 
26 0 0.129883 0.198975 0.039856 0.0546875 
23 0 0.651367 0.213501 0.0343628 0.0387878 
22 0 0.280518 0.224121 0.0351562 0.0416565 
21 0 0.0831299 0.805664 0.0302277 0.0385437 
20 0 0.493652 0.749023 0.0406189 0.0479126 
18 0 0.830566 0.435303 0.0359497 0.0416565 
17 0 0.192993 0.84668 0.035553 0.0437622 
14 0 0.845215 0.75293 0.0343628 0.0479126 
13 0 0.864258 0.413574 0.0335999 0.0437622 
12 0 0.936035 0.209595 0.039856 0.0574341 
7 0 0.708496 0.633301 0.0328064 0.0416565 
6 0 0.838379 0.861328 0.0265656 0.0354309 
5 0 0.851562 0.231201 0.0429688 0.0541687 
4 0 0.601562 0.213501 0.0281219 0.0354309 
3 0 0.765625 0.0979004 0.0281219 0.0374451 
2 0 0.238281 0.857422 0.03302 0.0426941 
1 0 0.628906 0.604004 0.0289001 0.0364685 
