792 0 0.0869141 0.962891 0.0326233 0.0426941 
790 0 0.766602 0.143799 0.0324097 0.0436707 
788 0 0.613281 0.826172 0.0328064 0.0395813 
785 0 0.824219 0.98877 0.0265656 0.0218811 
784 0 0.628906 0.802246 0.0335999 0.0375061 
777 0 0.82959 0.796875 0.0296936 0.0369873 
776 0 0.564453 0.159668 0.0265656 0.0350342 
772 1 0.0688477 0.850098 0.0316772 0.0411377 
769 0 0.989746 0.411621 0.0218811 0.0463562 
747 0 0.749023 0.122009 0.0339966 0.0411987 
729 0 0.716309 0.786621 0.0265656 0.0343628 
724 0 0.508789 0.0304871 0.0265656 0.0359192 
712 0 0.231201 0.46875 0.0218811 0.0291595 
686 0 0.936035 0.205933 0.0375061 0.0506592 
676 0 0.178467 0.859375 0.0353394 0.0421753 
645 0 0.637695 0.418701 0.0375061 0.0471497 
619 0 0.578125 0.150024 0.0281219 0.0369873 
607 0 0.602539 0.209351 0.0296936 0.0437622 
446 0 0.860352 0.4104 0.0296936 0.0375061 
338 0 0.477295 0.0530396 0.026947 0.0392456 
302 0 0.355713 0.0698853 0.0281219 0.0353088 
264 0 0.261719 0.432373 0.0296936 0.0390625 
49 0 0.510742 0.608398 0.0339966 0.0463562 
48 0 0.457764 0.451904 0.0343628 0.0453186 
45 0 0.487549 0.862305 0.0296936 0.0395813 
42 0 0.570312 0.102112 0.03125 0.0375061 
41 0 0.28833 0.213501 0.0332031 0.0397034 
40 0 0.227295 0.387451 0.0294952 0.0416565 
34 0 0.582031 0.121216 0.0328064 0.0383606 
32 0 0.22229 0.172607 0.0298767 0.0337219 
27 0 0.235962 0.570801 0.03125 0.0426941 
26 0 0.129639 0.196899 0.0343628 0.0476685 
23 0 0.626465 0.240601 0.0320435 0.0395813 
22 0 0.266357 0.25 0.0333862 0.0412903 
21 0 0.0843506 0.803223 0.031311 0.0395813 
18 0 0.82666 0.432373 0.0335999 0.0395813 
17 0 0.192993 0.847168 0.0332947 0.0416565 
14 0 0.832031 0.75293 0.0296936 0.0411377 
7 0 0.709473 0.630371 0.03125 0.0395813 
6 0 0.833008 0.870605 0.0281219 0.0375061 
5 0 0.851562 0.236206 0.0406189 0.0464783 
2 0 0.237549 0.856445 0.03125 0.0432434 
1 0 0.630371 0.616699 0.0296936 0.0406189 
