600 0 0.310059 0.192871 0.0300751 0.0387878 
599 0 0.574707 0.11145 0.0335999 0.0393372 
590 0 0.540527 0.985352 0.0343628 0.0291595 
588 0 0.976562 0.359375 0.0273438 0.0346375 
566 0 0.563965 0.160645 0.0292969 0.0347595 
547 0 0.638672 0.421875 0.0367126 0.0437622 
546 0 0.751465 0.0686035 0.0324097 0.0379028 
514 0 0.0890503 0.962402 0.031311 0.0421753 
506 0 0.948242 0.922363 0.0343628 0.0364685 
446 0 0.765625 0.450439 0.03125 0.035675 
440 1 0.741699 0.0316467 0.0328064 0.0385132 
421 0 0.577148 0.150269 0.0328064 0.0372925 
338 0 0.486816 0.0396423 0.0296936 0.0379944 
308 0 0.825195 0.986328 0.0281219 0.0270844 
302 0 0.359375 0.0500183 0.0283203 0.0374451 
264 0 0.262451 0.439697 0.0314331 0.0369873 
257 0 0.719727 0.78125 0.0285187 0.0333252 
49 0 0.540039 0.580078 0.0328064 0.0432434 
48 0 0.466309 0.429443 0.0367126 0.0526123 
45 0 0.48584 0.86377 0.03125 0.0421753 
42 0 0.567871 0.104309 0.0296936 0.0360107 
41 0 0.313965 0.231812 0.0347595 0.0389404 
40 0 0.249756 0.371826 0.0285187 0.0395813 
34 0 0.583496 0.12085 0.0335999 0.0421753 
32 0 0.243774 0.15625 0.03125 0.0335999 
27 0 0.233643 0.577148 0.0296936 0.0416565 
26 0 0.129761 0.199707 0.0376892 0.0514221 
23 0 0.641602 0.22998 0.0339966 0.039978 
22 0 0.274902 0.231201 0.03302 0.0375061 
21 0 0.0841064 0.805176 0.028656 0.0385437 
20 0 0.490723 0.750977 0.0406189 0.0473938 
18 0 0.829102 0.434326 0.0328064 0.0401001 
17 0 0.192139 0.845703 0.0343628 0.0416565 
14 0 0.84375 0.755371 0.0328064 0.0479126 
13 0 0.864258 0.413574 0.0343628 0.0437622 
12 0 0.936035 0.208374 0.039856 0.0583191 
7 0 0.709473 0.632324 0.03125 0.0395813 
6 0 0.835938 0.866211 0.0281219 0.0426941 
5 0 0.851562 0.235107 0.0406189 0.0485535 
3 0 0.760742 0.101685 0.03125 0.0361328 
2 0 0.239014 0.857422 0.0308533 0.0395813 
1 0 0.631836 0.608398 0.0308533 0.0416565 
