870 0 0.624023 0.0166626 0.0296936 0.0333252 
869 0 0.484375 0.76123 0.0429688 0.0463562 
867 0 0.62793 0.802246 0.0343628 0.0385437 
860 0 0.0421753 0.984375 0.0357971 0.03125 
845 0 0.102356 0.985352 0.032135 0.0291595 
841 0 0.194092 0.713379 0.0317383 0.0432434 
836 0 0.561035 0.161499 0.0281219 0.0354309 
835 0 0.192749 0.854492 0.0352478 0.046875 
810 0 0.407715 0.217651 0.0343628 0.0437622 
800 0 0.306396 0.19751 0.0261688 0.0346375 
790 0 0.777344 0.369385 0.0304718 0.0387878 
777 0 0.708008 0.97998 0.0316467 0.0395813 
747 0 0.735352 0.152954 0.0296936 0.035675 
729 0 0.714844 0.787598 0.0296936 0.033844 
724 0 0.506348 0.0318909 0.0257874 0.0326233 
712 0 0.222656 0.485352 0.0238342 0.0302124 
686 0 0.935059 0.206299 0.0359497 0.0499878 
619 0 0.578125 0.147949 0.0281219 0.0333252 
607 0 0.602539 0.209351 0.0296936 0.0434875 
546 0 0.704102 0.155151 0.0324097 0.0401001 
446 0 0.86084 0.4104 0.0289001 0.0375061 
338 0 0.474609 0.0541687 0.0257874 0.0375061 
302 0 0.352295 0.072937 0.0265656 0.0330505 
264 0 0.260498 0.431152 0.0275421 0.0375061 
49 0 0.490723 0.615723 0.0316467 0.0411377 
48 0 0.454346 0.471924 0.0367126 0.039856 
45 0 0.487549 0.861328 0.03125 0.0401001 
42 0 0.570312 0.101929 0.0277405 0.0336609 
41 0 0.208618 0.238281 0.0302734 0.0391846 
40 0 0.214111 0.405273 0.0283203 0.0434875 
34 0 0.584473 0.12085 0.03125 0.0372925 
32 0 0.206299 0.192749 0.0285187 0.0351562 
27 0 0.235107 0.56543 0.0322266 0.0479126 
26 0 0.128906 0.195801 0.0331116 0.0421753 
23 0 0.625 0.240356 0.03125 0.0387878 
22 0 0.259033 0.27002 0.0341797 0.0415344 
21 0 0.0843506 0.801758 0.0316467 0.0395813 
18 0 0.827148 0.432373 0.0296936 0.0354309 
14 0 0.835938 0.780762 0.0359497 0.0458374 
7 0 0.708496 0.629395 0.0328064 0.0416565 
6 0 0.831055 0.869629 0.0304718 0.0395813 
5 0 0.851562 0.233765 0.0421753 0.0481873 
2 0 0.235962 0.857422 0.03125 0.0437622 
1 0 0.631348 0.615723 0.0281219 0.0395813 
