436 0 0.654785 0.928223 0.0406189 0.0520935 
434 0 0.280518 0.389648 0.0263672 0.03125 
424 0 0.638184 0.421875 0.0390625 0.0484314 
421 0 0.577148 0.152832 0.0292969 0.0347595 
419 0 0.469482 0.46875 0.0328064 0.0489502 
417 0 0.618652 0.580078 0.0339966 0.0453186 
402 0 0.311035 0.188232 0.0326233 0.0376282 
371 0 0.532715 0.984375 0.0343628 0.0322876 
348 0 0.0777588 0.302979 0.0376587 0.0473938 
338 0 0.500977 0.0227966 0.0328064 0.0381165 
308 0 0.831055 0.983398 0.0281219 0.0333252 
302 0 0.365723 0.0281525 0.0339966 0.0389404 
264 0 0.260254 0.439209 0.0347595 0.0416565 
257 0 0.725586 0.773926 0.0296936 0.0369873 
236 0 0.0696411 0.554199 0.0325317 0.0390625 
49 0 0.564941 0.53125 0.0296936 0.0377502 
48 0 0.478027 0.412598 0.0375061 0.049469 
45 0 0.48584 0.865723 0.0304718 0.0437622 
42 0 0.569336 0.103149 0.0289001 0.0354309 
41 0 0.268799 0.233765 0.0376892 0.0434875 
40 0 0.273438 0.35376 0.0290985 0.0403748 
39 0 0.651367 0.0721436 0.0324097 0.037323 
34 0 0.583496 0.12085 0.0320435 0.0375671 
32 0 0.248413 0.145874 0.0314331 0.0376282 
27 0 0.234741 0.578125 0.0314331 0.0437622 
26 0 0.130493 0.198975 0.0389709 0.0513 
23 0 0.655762 0.192749 0.0351562 0.0401001 
22 0 0.28418 0.217896 0.0343628 0.0403748 
21 0 0.0841675 0.805176 0.0314331 0.0401001 
20 0 0.496094 0.743652 0.0421753 0.0499878 
18 0 0.830566 0.435303 0.0328064 0.0414124 
17 0 0.192993 0.84668 0.0362244 0.0463562 
14 0 0.847656 0.755371 0.0328064 0.0437622 
13 0 0.864258 0.412598 0.0335999 0.0419312 
12 0 0.932617 0.205933 0.0367126 0.0469971 
7 0 0.709473 0.633301 0.03125 0.0390625 
6 0 0.841309 0.857422 0.0265656 0.0395813 
5 0 0.852539 0.229126 0.0421753 0.0502625 
4 0 0.602539 0.2146 0.0300751 0.038269 
3 0 0.768555 0.0886841 0.03125 0.0401611 
2 0 0.239868 0.857422 0.0328064 0.0426941 
1 0 0.630371 0.593262 0.0324097 0.0406189 
