479 0 0.769531 0.0240631 0.0328064 0.0394592 
475 0 0.469482 0.467041 0.0328064 0.0489502 
474 0 0.967285 0.874023 0.0343628 0.0395813 
467 0 0.309082 0.806152 0.0273438 0.0333252 
446 0 0.65625 0.546875 0.0296936 0.0419312 
444 0 0.0137711 0.770996 0.02388 0.0375061 
440 1 0.881348 0.199951 0.0320435 0.0403748 
434 0 0.278809 0.395996 0.0240173 0.03125 
421 0 0.578125 0.154175 0.0292969 0.0341187 
402 0 0.312988 0.189697 0.0349731 0.0408936 
338 0 0.5 0.0239716 0.0343628 0.0396118 
308 0 0.831055 0.983398 0.0281219 0.0333252 
302 0 0.365723 0.0320435 0.0339966 0.0395813 
264 0 0.260986 0.440674 0.0343628 0.0426941 
257 0 0.723633 0.774902 0.0304718 0.0364685 
49 0 0.557129 0.54541 0.0328064 0.04245 
48 0 0.477295 0.414551 0.0351562 0.0458374 
45 0 0.486816 0.864746 0.0308533 0.0416565 
42 0 0.569336 0.103149 0.0289001 0.0354309 
41 0 0.289795 0.251221 0.0363159 0.0404968 
40 0 0.269531 0.362549 0.0292969 0.0406189 
39 0 0.604492 0.0390015 0.0320435 0.0375061 
34 0 0.584473 0.121887 0.03125 0.0395813 
32 0 0.244507 0.153076 0.0320435 0.0385437 
27 0 0.235107 0.578125 0.0328064 0.044281 
26 0 0.128906 0.199951 0.0386658 0.0522156 
23 0 0.655273 0.19812 0.0359497 0.0430908 
22 0 0.283691 0.217651 0.0359497 0.0419312 
21 0 0.0828247 0.805176 0.031311 0.0395813 
20 0 0.496094 0.74707 0.0421753 0.0489502 
18 0 0.830566 0.435791 0.0328064 0.0406189 
17 0 0.192993 0.84668 0.0362244 0.0447998 
14 0 0.847656 0.755371 0.0328064 0.0447998 
13 0 0.864258 0.412598 0.0335999 0.0416565 
12 0 0.93457 0.209351 0.0375061 0.0520935 
7 0 0.709473 0.633301 0.03125 0.0395813 
6 0 0.84082 0.859375 0.0281219 0.0395813 
5 0 0.853027 0.229126 0.0429688 0.0499878 
4 0 0.602539 0.2146 0.0300751 0.0375061 
3 0 0.768066 0.0915527 0.0308533 0.0387268 
2 0 0.239868 0.857422 0.0328064 0.0395813 
1 0 0.630371 0.601074 0.0308533 0.0390625 
