881 0 0.637695 0.414551 0.0375061 0.0507812 
879 0 0.668457 0.986328 0.0304718 0.0286407 
870 0 0.622559 0.0167999 0.0304718 0.0342407 
867 0 0.62793 0.802246 0.0343628 0.0416565 
865 0 0.823242 0.987305 0.0281219 0.0249939 
860 0 0.0424805 0.984375 0.0363159 0.03125 
841 0 0.185059 0.717773 0.03302 0.0432434 
836 0 0.561035 0.160156 0.0281219 0.0368347 
835 0 0.1875 0.853027 0.0351562 0.0437622 
810 0 0.407715 0.217529 0.0343628 0.0414124 
800 0 0.307373 0.195801 0.0271454 0.0333252 
790 0 0.801758 0.407715 0.0308533 0.0361938 
747 0 0.735352 0.157349 0.0300751 0.0394592 
729 0 0.713867 0.787598 0.03125 0.0375061 
724 0 0.506836 0.0332336 0.0265656 0.0343933 
712 0 0.221069 0.487549 0.0234375 0.0291595 
686 0 0.936035 0.206299 0.0367126 0.0499878 
619 0 0.578125 0.148926 0.0292969 0.0354309 
607 0 0.601562 0.208374 0.0304718 0.0416565 
546 0 0.704102 0.158936 0.0343628 0.0450439 
446 0 0.861816 0.408447 0.0296936 0.0377502 
338 0 0.474121 0.0552063 0.0265656 0.0395813 
302 0 0.35083 0.0750122 0.0265656 0.0328674 
264 0 0.261719 0.430176 0.0265656 0.0361938 
49 0 0.486816 0.618652 0.0316467 0.044281 
48 0 0.453125 0.476074 0.0367126 0.039856 
45 0 0.487549 0.861328 0.0347595 0.0437622 
42 0 0.570312 0.102112 0.0281219 0.0333252 
41 0 0.191406 0.256592 0.0315552 0.0410156 
40 0 0.21167 0.408447 0.0265656 0.0416565 
34 0 0.583496 0.119812 0.0324097 0.0392456 
32 0 0.205444 0.195801 0.0296936 0.0372314 
27 0 0.235596 0.564453 0.0318298 0.0458374 
26 0 0.129639 0.19519 0.0326233 0.0421753 
23 0 0.625 0.239624 0.0332031 0.0408936 
22 0 0.257812 0.272949 0.0343628 0.0416565 
21 0 0.0830688 0.802246 0.0301819 0.0375061 
18 0 0.82666 0.432373 0.0281219 0.0351562 
14 0 0.834961 0.785645 0.0359497 0.0458374 
7 0 0.708496 0.629395 0.0328064 0.0416565 
6 0 0.830566 0.869629 0.0296936 0.0395813 
5 0 0.851562 0.231567 0.0453186 0.0528564 
2 0 0.236694 0.857422 0.0328064 0.0447998 
1 0 0.631348 0.615723 0.0308533 0.0395813 
