211 0 0.307861 0.34375 0.0222626 0.0291595 
208 0 0.990723 0.791016 0.0187531 0.0343628 
198 0 0.834961 0.96582 0.0281219 0.0369873 
189 0 0.0124512 0.257324 0.0247345 0.0430908 
188 0 0.688477 0.602051 0.0300751 0.0411377 
132 0 0.636719 0.420898 0.0359497 0.0499878 
111 0 0.743652 0.757324 0.0277405 0.0354309 
109 0 0.630371 0.803223 0.0379028 0.0432434 
85 0 0.159424 0.393799 0.0311584 0.0377502 
62 0 0.239868 0.375977 0.0296936 0.04245 
51 0 0.563477 0.161011 0.0273438 0.0341187 
49 0 0.586914 0.497803 0.0332031 0.0414124 
48 0 0.495361 0.393799 0.0343628 0.0416565 
45 0 0.486816 0.866699 0.0296936 0.0375061 
44 0 0.567383 0.898926 0.0289001 0.0317688 
43 0 0.578125 0.151001 0.03125 0.0354919 
42 0 0.567871 0.102966 0.0296936 0.0361938 
41 0 0.219116 0.179688 0.0273438 0.0380249 
40 0 0.309326 0.3125 0.0281219 0.0375061 
39 0 0.770508 0.576172 0.0320435 0.0411377 
34 0 0.584473 0.122009 0.0320435 0.0406189 
32 0 0.289551 0.110229 0.0279236 0.0361938 
31 0 0.255371 0.49585 0.03125 0.0403748 
27 0 0.231201 0.576172 0.0279236 0.0421753 
26 0 0.132812 0.195801 0.0313416 0.0420532 
24 0 0.267578 0.420898 0.0316467 0.0375061 
23 0 0.666992 0.151733 0.0359497 0.0406189 
22 0 0.283691 0.217651 0.0328064 0.0395813 
21 0 0.083374 0.805176 0.0290527 0.0354309 
20 0 0.509277 0.731445 0.0418091 0.0515747 
18 0 0.828125 0.434326 0.0343628 0.0395813 
17 0 0.19165 0.844727 0.0325317 0.0395813 
16 0 0.31958 0.385254 0.0302734 0.0385437 
14 0 0.850586 0.75 0.0359497 0.0453186 
13 0 0.868652 0.408447 0.03125 0.0416565 
12 0 0.936035 0.210449 0.0406189 0.0583191 
7 0 0.708496 0.63623 0.0320435 0.0395813 
6 0 0.84668 0.841797 0.0335999 0.0390625 
5 0 0.853027 0.227051 0.0460815 0.0542908 
4 0 0.602539 0.212402 0.0328064 0.0458374 
3 0 0.772461 0.0718994 0.0328064 0.0396423 
2 0 0.242188 0.856445 0.03125 0.0421753 
1 0 0.646973 0.566895 0.03125 0.0401001 
