598 0 0.492188 0.0270233 0.0320435 0.0367737 
597 0 0.706055 0.442139 0.026947 0.035675 
596 0 0.256592 0.427246 0.0259705 0.0333252 
591 0 0.629883 0.803223 0.0351562 0.0458374 
588 0 0.98291 0.359375 0.0281219 0.0387878 
566 0 0.563477 0.161499 0.0296936 0.035553 
547 0 0.638184 0.421875 0.0371094 0.0437622 
546 0 0.754395 0.0693359 0.0320435 0.0366821 
514 0 0.0890503 0.962402 0.031311 0.0416565 
506 0 0.950195 0.921875 0.0343628 0.0354309 
446 0 0.757812 0.444092 0.0320435 0.0369873 
440 1 0.745117 0.0400085 0.0308533 0.0372925 
421 0 0.577148 0.150391 0.0328064 0.0385437 
338 0 0.486816 0.0385742 0.0296936 0.0395203 
308 0 0.825195 0.986328 0.0281219 0.0270844 
302 0 0.359619 0.0500183 0.0292969 0.0376892 
264 0 0.262695 0.440674 0.0308533 0.0354309 
257 0 0.719727 0.780273 0.0296936 0.0354309 
49 0 0.540039 0.580078 0.0335999 0.0432434 
48 0 0.467285 0.429199 0.0386658 0.0549622 
45 0 0.48584 0.864746 0.03125 0.0416565 
42 0 0.567871 0.104187 0.0296936 0.0375061 
41 0 0.310791 0.232422 0.0351562 0.0390625 
40 0 0.25 0.371826 0.0283203 0.0395813 
34 0 0.583008 0.121887 0.0343628 0.0434265 
32 0 0.243774 0.15625 0.0308533 0.0337219 
27 0 0.233643 0.577148 0.0296936 0.0416565 
26 0 0.130493 0.198975 0.0390625 0.0520935 
23 0 0.64209 0.229248 0.035553 0.0419312 
22 0 0.274902 0.231201 0.0318298 0.0375061 
21 0 0.0843506 0.804199 0.0281219 0.0369873 
20 0 0.490723 0.75 0.0406189 0.0473938 
18 0 0.82959 0.434814 0.0343628 0.04245 
17 0 0.192139 0.845703 0.0343628 0.0416565 
14 0 0.84375 0.755371 0.0343628 0.0479126 
13 0 0.864258 0.413574 0.0343628 0.0432434 
12 0 0.936035 0.208374 0.039856 0.0583191 
7 0 0.709473 0.632324 0.0320435 0.0395813 
6 0 0.837402 0.865723 0.0281219 0.0437622 
5 0 0.851562 0.235474 0.0406189 0.0499878 
4 0 0.601562 0.211426 0.03125 0.0395813 
3 0 0.760742 0.101135 0.03125 0.0360718 
2 0 0.239014 0.857422 0.0308533 0.0395813 
1 0 0.631836 0.608398 0.0308533 0.0411377 
