292 0 0.98291 0.825195 0.03125 0.0406189 
289 0 0.65625 0.924316 0.039856 0.0479126 
287 0 0.38623 0.0517578 0.0300751 0.0369873 
269 0 0.394043 0.0872803 0.0296936 0.035675 
268 0 0.0369873 0.379395 0.0334473 0.044281 
264 0 0.26416 0.4375 0.03125 0.0375061 
263 0 0.786621 0.905762 0.0281219 0.0416565 
257 0 0.730469 0.765625 0.0289001 0.0354309 
252 0 0.541504 0.984375 0.0359497 0.0302124 
238 0 0.0195007 0.74707 0.0296936 0.0437622 
236 0 0.201172 0.505859 0.0283203 0.0375061 
198 0 0.833008 0.975098 0.0289001 0.0375061 
132 0 0.637207 0.419678 0.0351562 0.0445251 
109 0 0.629883 0.805176 0.0359497 0.0421753 
49 0 0.57666 0.516113 0.03125 0.0387878 
48 0 0.489014 0.404053 0.0285187 0.0375061 
45 0 0.48291 0.864746 0.0375061 0.044281 
44 0 0.551758 0.936523 0.0281219 0.0328064 
43 0 0.578125 0.1521 0.0281219 0.0332031 
42 0 0.567871 0.102356 0.0296936 0.0378113 
41 0 0.220703 0.180298 0.0273438 0.0372314 
40 0 0.290527 0.323975 0.0279236 0.0395813 
39 0 0.787598 0.327148 0.0316467 0.0419312 
34 0 0.584473 0.119812 0.03125 0.0393372 
32 0 0.26709 0.125122 0.03125 0.0378113 
31 0 0.126831 0.253174 0.0298767 0.0384216 
27 0 0.235962 0.578125 0.03125 0.0437622 
26 0 0.132202 0.195801 0.0338745 0.0446472 
23 0 0.661133 0.17395 0.0347595 0.0397034 
22 0 0.282471 0.218384 0.033783 0.0406189 
21 0 0.0843506 0.806152 0.0285645 0.0375061 
20 0 0.501465 0.737305 0.0429688 0.0510559 
18 0 0.829102 0.434326 0.0328064 0.0395813 
17 0 0.192627 0.84375 0.0324097 0.0416565 
16 0 0.394043 0.467285 0.0343628 0.0419312 
14 0 0.852539 0.75 0.0359497 0.0458374 
13 0 0.865723 0.4104 0.03125 0.0416565 
12 0 0.936035 0.210327 0.0406189 0.0578003 
7 0 0.709473 0.633301 0.0308533 0.0385437 
6 0 0.842285 0.850098 0.0273438 0.0333252 
5 0 0.852539 0.227295 0.0453186 0.0535278 
4 0 0.601562 0.209839 0.03125 0.0386658 
3 0 0.772461 0.0760498 0.0328064 0.0404358 
2 0 0.241211 0.854004 0.0324097 0.0416565 
1 0 0.632812 0.578125 0.03125 0.0395813 
