619 0 0.578125 0.150024 0.03125 0.0375061 
618 0 0.541504 0.985352 0.0328064 0.0291595 
607 0 0.601562 0.211426 0.03125 0.0394592 
588 0 0.967285 0.391846 0.0296936 0.0369873 
547 0 0.638184 0.422852 0.0371094 0.0447998 
546 0 0.749023 0.0708618 0.0351562 0.0423889 
514 0 0.0890503 0.962402 0.03125 0.0416565 
506 0 0.944336 0.930176 0.0328064 0.0390625 
446 0 0.763672 0.373535 0.03125 0.0403748 
338 0 0.48584 0.0405579 0.0300751 0.0384521 
308 0 0.824219 0.987305 0.0265656 0.0260468 
302 0 0.358643 0.052124 0.0296936 0.0370483 
264 0 0.260986 0.4375 0.0316467 0.0375061 
257 0 0.719727 0.780273 0.0296936 0.0354309 
49 0 0.536133 0.584473 0.0335999 0.0432434 
48 0 0.465576 0.431885 0.0375061 0.0549622 
45 0 0.48584 0.86377 0.0324097 0.044281 
42 0 0.567871 0.103149 0.0285187 0.0352783 
41 0 0.308594 0.232056 0.03302 0.0397034 
40 0 0.246826 0.371826 0.0304718 0.0395813 
34 0 0.583008 0.12146 0.0328064 0.0411377 
32 0 0.241455 0.158325 0.0300751 0.0334778 
27 0 0.233643 0.576172 0.0296936 0.0421753 
26 0 0.130493 0.198975 0.0361328 0.0479126 
23 0 0.63916 0.2323 0.0343628 0.0397034 
22 0 0.273682 0.2323 0.0332031 0.0395813 
21 0 0.0836792 0.804688 0.0291443 0.0364685 
20 0 0.489014 0.751953 0.0414124 0.0458374 
18 0 0.829102 0.433594 0.0328064 0.0411377 
17 0 0.191772 0.845703 0.0348511 0.0416565 
14 0 0.84375 0.754395 0.0351562 0.0499878 
13 0 0.864746 0.414551 0.0328064 0.04245 
12 0 0.936035 0.209351 0.038269 0.0562439 
7 0 0.708496 0.631348 0.0324097 0.0416565 
6 0 0.834961 0.867676 0.0265656 0.0406189 
5 0 0.851562 0.236206 0.0406189 0.0485535 
3 0 0.760742 0.10144 0.0324097 0.039978 
2 0 0.237549 0.857422 0.0308533 0.0395813 
1 0 0.631836 0.610352 0.0328064 0.0416565 
