236 0 0.313965 0.415527 0.0261688 0.0330811 
228 0 0.709961 0.682129 0.0281219 0.0369873 
226 0 0.498535 0.013504 0.03125 0.0266724 
213 0 0.926758 0.931152 0.0304718 0.0380249 
211 0 0.307861 0.343018 0.0214844 0.0276031 
198 0 0.835938 0.96875 0.0281219 0.0375061 
132 0 0.635742 0.420898 0.0363159 0.049469 
109 0 0.628906 0.804199 0.035553 0.0426941 
85 0 0.0571289 0.277344 0.0299835 0.0391846 
49 0 0.584473 0.50293 0.0332031 0.0390625 
48 0 0.49292 0.397949 0.0324097 0.0406189 
45 0 0.486816 0.864746 0.0296936 0.0364685 
44 0 0.5625 0.90918 0.0285187 0.0322876 
43 0 0.578125 0.150024 0.03125 0.0375061 
42 0 0.567871 0.103149 0.0296936 0.0396423 
41 0 0.219482 0.177246 0.0265656 0.0361938 
40 0 0.303223 0.314697 0.0281219 0.0367126 
39 0 0.750977 0.518066 0.0328064 0.0408936 
34 0 0.584961 0.12262 0.0320435 0.0404968 
32 0 0.281982 0.115662 0.0294952 0.035553 
31 0 0.218018 0.413086 0.0289001 0.0377502 
27 0 0.235962 0.575195 0.0277405 0.0406189 
26 0 0.132812 0.195801 0.0320435 0.0416565 
24 0 0.268066 0.426758 0.0294952 0.0364685 
23 0 0.665527 0.1604 0.0371094 0.0423279 
22 0 0.283691 0.21875 0.0328064 0.0415344 
21 0 0.0836182 0.806152 0.0296936 0.0375061 
20 0 0.507812 0.72998 0.0418091 0.0520935 
18 0 0.828125 0.435303 0.0335999 0.0421753 
17 0 0.192749 0.844727 0.0317383 0.0395813 
16 0 0.300293 0.404053 0.0290985 0.0346375 
14 0 0.851562 0.748535 0.0359497 0.0458374 
13 0 0.868164 0.407715 0.0328064 0.0432434 
12 0 0.936035 0.204224 0.0375061 0.0552063 
7 0 0.709473 0.631836 0.03125 0.0385437 
6 0 0.846191 0.84375 0.0281219 0.0343628 
5 0 0.852539 0.228394 0.0453186 0.0535278 
4 0 0.600586 0.212158 0.0328064 0.0429688 
3 0 0.773438 0.0739746 0.0304718 0.0391235 
2 0 0.240967 0.85498 0.0314331 0.0416565 
1 0 0.634277 0.565918 0.0316467 0.0406189 
