287 0 0.419434 0.0577393 0.0339966 0.0413208 
281 0 0.498535 0.0144424 0.0273438 0.0289154 
269 0 0.363525 0.079895 0.0289001 0.0352478 
268 0 0.0382996 0.37915 0.0330505 0.0455627 
264 0 0.264648 0.436523 0.0324097 0.039856 
263 0 0.779785 0.859375 0.0300751 0.0380249 
257 0 0.735352 0.764648 0.0296936 0.0364685 
252 0 0.541504 0.985352 0.0339966 0.0291595 
244 0 0.983398 0.821777 0.0296936 0.0390625 
238 0 0.0202942 0.745605 0.0312195 0.0458374 
236 0 0.210938 0.486816 0.0319214 0.0411377 
198 0 0.833496 0.975098 0.0296936 0.0375061 
132 0 0.636719 0.420898 0.0359497 0.0458374 
109 0 0.628906 0.804199 0.0359497 0.0416565 
49 0 0.577148 0.513672 0.0328064 0.0395813 
48 0 0.490723 0.403076 0.0289001 0.039856 
45 0 0.483643 0.86377 0.0359497 0.0447998 
44 0 0.553223 0.933105 0.0289001 0.0307312 
43 0 0.578125 0.150269 0.0281219 0.0328064 
42 0 0.567871 0.103149 0.0300751 0.0394592 
41 0 0.218018 0.182861 0.0271454 0.0375061 
40 0 0.291504 0.322998 0.0292969 0.0414124 
39 0 0.776367 0.359619 0.0320435 0.0416565 
34 0 0.584473 0.119812 0.0316467 0.0395813 
32 0 0.268799 0.122253 0.0308533 0.038269 
31 0 0.150879 0.265137 0.0296936 0.0410156 
27 0 0.235962 0.578125 0.0308533 0.0437622 
26 0 0.13208 0.196899 0.0354614 0.046875 
23 0 0.661621 0.172974 0.0359497 0.0408936 
22 0 0.282715 0.217651 0.0343628 0.0432434 
21 0 0.0836182 0.806152 0.0296936 0.0375061 
20 0 0.50293 0.737305 0.0437622 0.0541687 
18 0 0.828125 0.43457 0.0320435 0.0390625 
17 0 0.192139 0.844727 0.03125 0.0390625 
16 0 0.380859 0.463135 0.03302 0.0434875 
14 0 0.851562 0.750977 0.0343628 0.0453186 
13 0 0.865723 0.4104 0.0304718 0.0416565 
12 0 0.936035 0.210449 0.0414124 0.058197 
7 0 0.708496 0.633301 0.0328064 0.0416565 
6 0 0.842773 0.850098 0.0265656 0.033844 
5 0 0.853027 0.229126 0.046875 0.0541687 
4 0 0.603027 0.213013 0.03125 0.0386658 
3 0 0.772461 0.0762939 0.0324097 0.0409241 
2 0 0.241455 0.854004 0.0324097 0.0416565 
1 0 0.632812 0.576172 0.03125 0.0390625 
