850 0 0.0423889 0.984375 0.0351562 0.03125 
845 0 0.105469 0.982422 0.0294952 0.0348816 
841 0 0.217163 0.780273 0.0318298 0.0447998 
840 0 0.628906 0.80127 0.035553 0.0401001 
836 0 0.5625 0.159424 0.0281219 0.035553 
835 0 0.191406 0.850586 0.0359497 0.046875 
834 0 0.823242 0.987305 0.0281219 0.0249939 
810 0 0.408691 0.217651 0.0357361 0.0437622 
800 0 0.307861 0.195068 0.0281219 0.0318909 
790 0 0.794922 0.327637 0.0304718 0.039856 
777 0 0.71582 0.943848 0.0308533 0.0395813 
747 0 0.73584 0.148682 0.0300751 0.0375671 
729 0 0.714844 0.788574 0.0285187 0.0348816 
724 0 0.507812 0.032196 0.0249939 0.0342407 
712 0 0.224609 0.482178 0.0259705 0.0315247 
686 0 0.93457 0.206299 0.0375061 0.0476685 
645 0 0.635742 0.419678 0.038269 0.0471497 
619 0 0.578125 0.148926 0.0281219 0.0354309 
607 0 0.601562 0.209351 0.0304718 0.0437622 
546 0 0.70459 0.152832 0.0324097 0.0412903 
446 0 0.86084 0.409424 0.0296936 0.038269 
338 0 0.474121 0.0542603 0.0265656 0.0378113 
302 0 0.353027 0.0718384 0.0273438 0.0317383 
264 0 0.260986 0.43335 0.0281219 0.0375061 
49 0 0.497559 0.614258 0.0316467 0.0447998 
48 0 0.45459 0.465088 0.0339966 0.0403748 
45 0 0.488281 0.862305 0.0316467 0.0416565 
42 0 0.571289 0.102112 0.0289001 0.0332642 
41 0 0.224609 0.212036 0.0314331 0.0363159 
40 0 0.218384 0.401123 0.0314331 0.0445251 
34 0 0.583496 0.121887 0.0320435 0.0390015 
32 0 0.208008 0.187134 0.0292053 0.0341187 
27 0 0.235107 0.567871 0.0328064 0.0479126 
26 0 0.129639 0.195801 0.0343628 0.0455627 
23 0 0.625 0.240601 0.0316467 0.0395813 
22 0 0.262207 0.263428 0.0349731 0.0437622 
21 0 0.0843506 0.803223 0.0315857 0.0395813 
18 0 0.82666 0.431152 0.03125 0.0375061 
14 0 0.838867 0.776855 0.0343628 0.0458374 
7 0 0.708496 0.629395 0.0328064 0.0416565 
6 0 0.832031 0.870605 0.0296936 0.0364685 
5 0 0.850586 0.232788 0.0421753 0.0467529 
2 0 0.236694 0.855957 0.0328064 0.0447998 
1 0 0.630371 0.615723 0.0296936 0.0401001 
