440 1 0.912598 0.244019 0.0328064 0.0375061 
434 0 0.28125 0.388184 0.0275421 0.0333252 
421 0 0.577148 0.153198 0.0289001 0.0343628 
402 0 0.312012 0.19165 0.03125 0.0368347 
371 0 0.53125 0.984375 0.0367126 0.03125 
348 0 0.0689087 0.27417 0.036438 0.0488281 
338 0 0.500977 0.0228424 0.0328064 0.0379333 
308 0 0.831055 0.983398 0.0281219 0.0333252 
302 0 0.366455 0.0288391 0.0335999 0.0391235 
264 0 0.260986 0.439697 0.0347595 0.0416565 
257 0 0.724121 0.772949 0.0300751 0.0375061 
236 0 0.0709839 0.579102 0.0328979 0.0401001 
49 0 0.563477 0.532715 0.0304718 0.0372314 
48 0 0.478027 0.413086 0.0375061 0.0492249 
45 0 0.486816 0.864746 0.0296936 0.0426941 
42 0 0.568848 0.103149 0.0289001 0.0354309 
41 0 0.270752 0.239014 0.033783 0.0391846 
40 0 0.272705 0.355225 0.0296936 0.0401001 
39 0 0.64209 0.0665283 0.0320435 0.0385437 
34 0 0.583496 0.12085 0.0316467 0.0375061 
32 0 0.247681 0.147583 0.0326233 0.0379639 
27 0 0.234985 0.578125 0.0316467 0.0437622 
26 0 0.129639 0.198975 0.0377808 0.0487061 
23 0 0.655273 0.193726 0.0351562 0.0412903 
22 0 0.283691 0.216919 0.0339966 0.0389404 
21 0 0.0836182 0.806152 0.0327148 0.0411377 
20 0 0.496094 0.745605 0.0421753 0.049469 
18 0 0.830566 0.435303 0.0328064 0.0416565 
17 0 0.192383 0.84668 0.0366211 0.046875 
14 0 0.84668 0.755371 0.0320435 0.0437622 
13 0 0.864258 0.413574 0.0335999 0.0437622 
12 0 0.936035 0.206543 0.0343628 0.0471497 
7 0 0.709473 0.633789 0.03125 0.0406189 
6 0 0.84082 0.859375 0.0281219 0.0395813 
5 0 0.851562 0.229858 0.0414124 0.049469 
4 0 0.602539 0.2146 0.0300751 0.0376282 
3 0 0.768555 0.0886841 0.03125 0.0400391 
2 0 0.239868 0.858398 0.0333862 0.0426941 
1 0 0.630859 0.594727 0.0351562 0.0453186 
