561 0 0.182861 0.94043 0.027832 0.0354309 
560 0 0.540527 0.984375 0.0339966 0.0307312 
555 0 0.629883 0.805176 0.0343628 0.0411377 
554 0 0.182251 0.941895 0.0288086 0.0369873 
552 0 0.00856018 0.785645 0.0169067 0.0328064 
546 0 0.753906 0.056427 0.0316467 0.0415955 
543 0 0.575195 0.11145 0.0343628 0.039978 
514 0 0.0898438 0.963379 0.0296936 0.0395813 
506 0 0.953125 0.912598 0.0335999 0.0359497 
446 0 0.699219 0.455322 0.0332031 0.0387878 
440 1 0.782715 0.0703125 0.0285187 0.0371094 
421 0 0.579102 0.151245 0.0296936 0.0342407 
338 0 0.492188 0.0323486 0.0320435 0.0395508 
308 0 0.827148 0.985352 0.0265656 0.0291595 
302 0 0.361816 0.046936 0.0328064 0.039856 
264 0 0.260986 0.440674 0.0308533 0.0354309 
257 0 0.721191 0.77832 0.0292969 0.033844 
49 0 0.544922 0.575195 0.0351562 0.0437622 
48 0 0.469482 0.425049 0.0402222 0.055481 
45 0 0.48584 0.86377 0.03125 0.0437622 
42 0 0.567871 0.103394 0.0296936 0.0354309 
41 0 0.301025 0.23938 0.035553 0.0414124 
40 0 0.254639 0.37085 0.0279236 0.0377502 
34 0 0.583496 0.121826 0.0335999 0.0404968 
32 0 0.243774 0.154175 0.03125 0.0337219 
27 0 0.233154 0.577148 0.0290985 0.0416565 
26 0 0.128906 0.198975 0.0390625 0.0520935 
23 0 0.645996 0.222656 0.0359497 0.0406189 
22 0 0.2771 0.227051 0.0324097 0.0379028 
21 0 0.0843506 0.806152 0.0281677 0.0375061 
20 0 0.494629 0.749023 0.0390625 0.049469 
18 0 0.82959 0.435303 0.0343628 0.0416565 
17 0 0.192139 0.845703 0.0342712 0.0416565 
14 0 0.845215 0.754395 0.0335999 0.0463562 
13 0 0.864258 0.413574 0.0343628 0.0437622 
12 0 0.936035 0.210083 0.0406189 0.0572815 
7 0 0.709473 0.632324 0.03125 0.0395813 
6 0 0.837402 0.86377 0.0281219 0.0416565 
5 0 0.852539 0.234863 0.0421753 0.0509033 
4 0 0.601562 0.212524 0.03125 0.0375061 
3 0 0.76416 0.10144 0.03125 0.0378113 
2 0 0.237549 0.858398 0.0310516 0.0416565 
1 0 0.629883 0.605957 0.0292969 0.0406189 
