514 0 0.0895996 0.963379 0.030365 0.0401001 
506 0 0.959473 0.901855 0.0343628 0.0375061 
446 0 0.6875 0.495361 0.0347595 0.044281 
440 1 0.828125 0.0986328 0.0335999 0.0406189 
421 0 0.57666 0.151855 0.0292969 0.0341187 
402 0 0.311035 0.192749 0.0349731 0.0432434 
338 0 0.498535 0.0249786 0.038269 0.0439758 
308 0 0.831055 0.984375 0.0273438 0.0322876 
302 0 0.363281 0.0406799 0.0332031 0.0438843 
264 0 0.260986 0.440674 0.03125 0.0395813 
257 0 0.722656 0.774902 0.0296936 0.0333252 
49 0 0.550781 0.564453 0.0332031 0.0416565 
48 0 0.471924 0.424072 0.0406189 0.0567627 
45 0 0.486816 0.864746 0.0300751 0.0416565 
42 0 0.568848 0.105774 0.0292969 0.0359497 
41 0 0.305908 0.24585 0.0380859 0.042572 
40 0 0.258545 0.367432 0.0306702 0.0411377 
34 0 0.583008 0.12085 0.0335999 0.0408936 
32 0 0.244141 0.154907 0.0318298 0.035553 
27 0 0.234375 0.577148 0.03125 0.0453186 
26 0 0.129639 0.199951 0.0380859 0.0533752 
23 0 0.652344 0.211548 0.0351562 0.0395813 
22 0 0.280762 0.224731 0.0349731 0.040741 
21 0 0.0836182 0.806152 0.0296936 0.0375061 
20 0 0.494629 0.750977 0.0414124 0.0479126 
18 0 0.831055 0.435303 0.0351562 0.0416565 
17 0 0.192749 0.84668 0.0351562 0.0437622 
14 0 0.846191 0.75293 0.0328064 0.0479126 
13 0 0.864258 0.413574 0.0343628 0.0437622 
12 0 0.936035 0.209351 0.0406189 0.0562439 
7 0 0.708496 0.633301 0.0328064 0.0416565 
6 0 0.838867 0.860352 0.0273438 0.0364685 
5 0 0.853027 0.231201 0.0429688 0.0541687 
4 0 0.601562 0.213501 0.0281219 0.0354309 
3 0 0.765625 0.0979004 0.0289001 0.038269 
2 0 0.238281 0.858398 0.0328064 0.0416565 
1 0 0.629395 0.60498 0.0289001 0.0369873 
