440 1 0.918945 0.231689 0.0289001 0.033844 
434 0 0.281006 0.389648 0.0273438 0.0322876 
428 0 0.972656 0.864746 0.0359497 0.0411377 
424 0 0.637695 0.421875 0.0386658 0.0479126 
421 0 0.57666 0.152954 0.0289001 0.0348816 
419 0 0.469482 0.468262 0.0328064 0.0492249 
417 0 0.621094 0.58252 0.0351562 0.0458374 
402 0 0.311768 0.189575 0.0328064 0.0376282 
371 0 0.532227 0.984375 0.0359497 0.0317688 
348 0 0.0662842 0.299561 0.0373535 0.0447998 
338 0 0.500977 0.0228424 0.0328064 0.0380554 
308 0 0.831055 0.983398 0.0281219 0.0333252 
302 0 0.365723 0.0281677 0.0339966 0.0394287 
264 0 0.260254 0.439697 0.035553 0.0416565 
257 0 0.725098 0.773926 0.0300751 0.0385437 
236 0 0.0736084 0.567871 0.0327148 0.0406189 
49 0 0.563965 0.53125 0.0304718 0.0377502 
48 0 0.478027 0.412598 0.0375061 0.0499878 
45 0 0.486816 0.864746 0.0316467 0.044281 
42 0 0.569336 0.103149 0.0296936 0.0354309 
41 0 0.270752 0.239624 0.0367126 0.0423279 
40 0 0.272705 0.354004 0.0296936 0.0406189 
39 0 0.647461 0.0720825 0.0316467 0.0374756 
34 0 0.583008 0.12085 0.0320435 0.0375061 
32 0 0.248779 0.146118 0.0318298 0.0371094 
27 0 0.235107 0.578125 0.0324097 0.0437622 
26 0 0.130493 0.199219 0.0393677 0.0514221 
23 0 0.65625 0.193359 0.0343628 0.0403748 
22 0 0.283691 0.217651 0.0351562 0.039978 
21 0 0.0836182 0.806152 0.0316772 0.0401001 
20 0 0.496094 0.743652 0.0421753 0.0499878 
18 0 0.830566 0.435303 0.0328064 0.0416565 
17 0 0.192505 0.84668 0.0365295 0.046875 
14 0 0.847656 0.754395 0.0328064 0.0447998 
13 0 0.864746 0.413574 0.0328064 0.0432434 
12 0 0.936035 0.204956 0.0335999 0.0446472 
7 0 0.709473 0.633301 0.03125 0.0406189 
6 0 0.84082 0.857422 0.0273438 0.0401001 
5 0 0.852539 0.229126 0.0421753 0.0501404 
4 0 0.602539 0.213745 0.0296936 0.0386658 
3 0 0.768555 0.088562 0.03125 0.039856 
2 0 0.239502 0.857422 0.0333862 0.0437622 
1 0 0.631836 0.59375 0.0343628 0.0432434 
