648 0 0.309326 0.192627 0.0281219 0.0387878 
645 0 0.638184 0.422119 0.0359497 0.044281 
619 0 0.578125 0.150024 0.03125 0.0375061 
607 0 0.601562 0.209351 0.03125 0.0391846 
588 0 0.972656 0.428711 0.03125 0.0408936 
546 0 0.744629 0.0726929 0.0359497 0.0425415 
514 0 0.0898438 0.962402 0.0296326 0.0375061 
506 0 0.943848 0.935547 0.0343628 0.0359497 
446 0 0.811035 0.409424 0.0339966 0.0385437 
338 0 0.484375 0.0415649 0.0285187 0.0383606 
308 0 0.823242 0.987305 0.0273438 0.0249939 
302 0 0.35791 0.0541992 0.03125 0.0374451 
264 0 0.260498 0.437744 0.0324097 0.0369873 
257 0 0.71875 0.782227 0.03125 0.0348816 
49 0 0.533691 0.589355 0.0324097 0.0416565 
48 0 0.463379 0.431152 0.0386658 0.0536499 
45 0 0.48584 0.86377 0.0308533 0.0421753 
42 0 0.569336 0.103149 0.0296936 0.035675 
41 0 0.312256 0.224976 0.0339966 0.0418091 
40 0 0.245361 0.37085 0.0281219 0.0380249 
34 0 0.583008 0.12085 0.0343628 0.0416565 
32 0 0.240601 0.16333 0.03125 0.0360718 
27 0 0.233643 0.576172 0.0296936 0.0437622 
26 0 0.129883 0.198975 0.0343628 0.0479126 
23 0 0.635742 0.235474 0.0367126 0.0415344 
22 0 0.273438 0.23584 0.0343628 0.039856 
21 0 0.0843506 0.805176 0.0281219 0.0354309 
20 0 0.489746 0.751953 0.0421753 0.0458374 
18 0 0.82959 0.436523 0.03125 0.0372314 
17 0 0.19165 0.845703 0.0351562 0.0416565 
14 0 0.842285 0.754395 0.0343628 0.0499878 
13 0 0.864746 0.413574 0.0328064 0.0395813 
12 0 0.936035 0.208374 0.0390625 0.0545654 
7 0 0.708496 0.631348 0.0328064 0.0416565 
6 0 0.834961 0.868652 0.0265656 0.0380249 
5 0 0.850586 0.236206 0.0421753 0.0472717 
3 0 0.758789 0.0988159 0.0320435 0.0387268 
2 0 0.236694 0.857422 0.0298767 0.0385437 
1 0 0.630371 0.610352 0.0328064 0.0416565 
