390 0 0.96875 0.272705 0.0304718 0.0421753 
389 0 0.578125 0.153076 0.0281219 0.0334778 
373 0 0.46875 0.473389 0.0351562 0.0455627 
371 0 0.535156 0.970703 0.0328064 0.033844 
369 0 0.972656 0.858398 0.0359497 0.044281 
348 0 0.178101 0.274414 0.0381775 0.0497437 
338 0 0.504883 0.0207214 0.0300751 0.036438 
308 0 0.831055 0.981445 0.0281219 0.0333252 
302 0 0.368652 0.0219421 0.0316467 0.0352783 
289 0 0.655273 0.928223 0.0410156 0.0515747 
264 0 0.260986 0.439697 0.0335999 0.0406189 
257 0 0.727539 0.773926 0.0304718 0.0354309 
236 0 0.117981 0.525879 0.0344849 0.0426941 
49 0 0.56543 0.537598 0.03125 0.038269 
48 0 0.479736 0.4104 0.0343628 0.0471497 
45 0 0.486816 0.865723 0.0324097 0.0437622 
42 0 0.569336 0.103149 0.0296936 0.0354309 
41 0 0.247314 0.199707 0.0361328 0.0423279 
40 0 0.276611 0.344727 0.0279236 0.0393372 
39 0 0.719727 0.104797 0.0328064 0.0409546 
34 0 0.583984 0.121643 0.0320435 0.0403748 
32 0 0.253662 0.140015 0.0308533 0.0377502 
27 0 0.235107 0.579102 0.0328064 0.0447998 
26 0 0.131226 0.198975 0.0375061 0.0481873 
23 0 0.657715 0.189575 0.0363159 0.0415344 
22 0 0.283691 0.219116 0.0328064 0.039856 
21 0 0.0836182 0.806641 0.0298767 0.0395813 
20 0 0.498535 0.742676 0.0429688 0.0505066 
18 0 0.82959 0.435303 0.0343628 0.0416565 
17 0 0.192993 0.845703 0.0359497 0.0458374 
16 0 0.540039 0.487549 0.0316467 0.0419312 
14 0 0.848633 0.754395 0.0343628 0.044281 
13 0 0.865723 0.413574 0.0343628 0.0437622 
12 0 0.936035 0.209351 0.0375061 0.0558472 
7 0 0.709473 0.634277 0.03125 0.0395813 
6 0 0.842285 0.85498 0.0281219 0.0401001 
5 0 0.852539 0.22876 0.0421753 0.0507812 
4 0 0.603027 0.213501 0.03125 0.039856 
3 0 0.770996 0.0853882 0.0296936 0.0366516 
2 0 0.239868 0.858398 0.0332031 0.0426941 
1 0 0.629883 0.587402 0.03125 0.0416565 
