785 0 0.824219 0.989746 0.0265656 0.0208282 
784 0 0.62793 0.802246 0.0343628 0.0375061 
777 0 0.834961 0.802246 0.0281219 0.0348816 
776 0 0.563477 0.161011 0.026947 0.0341187 
772 1 0.0834961 0.845703 0.0307159 0.0421753 
769 0 0.989258 0.410889 0.0226593 0.0476685 
747 0 0.751465 0.121887 0.0347595 0.0416565 
729 0 0.716309 0.785645 0.0273438 0.0333252 
724 0 0.508789 0.0301361 0.0265656 0.0358582 
712 0 0.231201 0.46875 0.0220642 0.0296936 
686 0 0.936035 0.206909 0.0375061 0.0515747 
676 0 0.173584 0.862305 0.03125 0.0385437 
645 0 0.637695 0.417725 0.038269 0.0479126 
619 0 0.578125 0.149292 0.0281219 0.0362549 
607 0 0.602539 0.209351 0.0296936 0.0437622 
546 0 0.714844 0.130249 0.0308533 0.0392456 
446 0 0.860352 0.4104 0.0296936 0.0375061 
338 0 0.476562 0.0531616 0.0273438 0.0395203 
302 0 0.355469 0.0696411 0.0294952 0.0349731 
264 0 0.260986 0.43335 0.0308533 0.038269 
49 0 0.510742 0.608398 0.0335999 0.0463562 
48 0 0.458496 0.450195 0.0363159 0.0479126 
45 0 0.487549 0.86377 0.0308533 0.0395813 
42 0 0.570312 0.102112 0.03125 0.0375061 
41 0 0.288574 0.210815 0.0339966 0.0401001 
40 0 0.227539 0.387451 0.0296936 0.0416565 
34 0 0.582031 0.12146 0.0328064 0.038269 
32 0 0.221924 0.172974 0.0289001 0.0333252 
27 0 0.235962 0.570801 0.03125 0.044281 
26 0 0.129639 0.196899 0.0343628 0.0473938 
23 0 0.625977 0.240601 0.0328064 0.0395813 
22 0 0.26709 0.25 0.0341797 0.0410156 
21 0 0.0843506 0.803223 0.0316467 0.0395813 
18 0 0.82666 0.432373 0.0335999 0.039856 
17 0 0.191406 0.84668 0.0335083 0.0406189 
14 0 0.833008 0.755371 0.03125 0.044281 
7 0 0.709473 0.630371 0.03125 0.0395813 
6 0 0.832031 0.87207 0.0265656 0.0354309 
5 0 0.851562 0.236572 0.0406189 0.0471497 
2 0 0.237549 0.857422 0.03125 0.0432434 
1 0 0.630371 0.616699 0.0296936 0.0385437 
