850 0 0.0437927 0.984375 0.0343933 0.0302124 
845 0 0.10614 0.978027 0.0324707 0.0395813 
841 0 0.213501 0.811523 0.0300751 0.0385437 
840 0 0.62793 0.80127 0.0343628 0.0401001 
836 0 0.5625 0.159424 0.0277405 0.0351562 
835 0 0.190674 0.848145 0.0344849 0.044281 
834 0 0.823242 0.987305 0.0281219 0.0249939 
810 0 0.407715 0.217651 0.0341797 0.0437622 
800 0 0.307129 0.194824 0.0271454 0.0316467 
790 0 0.756836 0.294434 0.0300751 0.0390625 
777 0 0.73291 0.93457 0.0300751 0.0364685 
747 0 0.737305 0.144897 0.0285187 0.0354309 
729 0 0.71582 0.787598 0.0281219 0.0333252 
724 0 0.507812 0.0312347 0.0249939 0.0332947 
712 0 0.224976 0.480225 0.0249939 0.0315247 
686 0 0.93457 0.205811 0.0375061 0.0489502 
645 0 0.636719 0.418701 0.0371094 0.0463562 
619 0 0.578125 0.148926 0.0281219 0.0354309 
607 0 0.602539 0.209351 0.0296936 0.0437622 
546 0 0.707031 0.150513 0.0328064 0.042572 
446 0 0.861816 0.409424 0.0296936 0.0354309 
338 0 0.475098 0.0541687 0.0249939 0.0374756 
302 0 0.354004 0.0708618 0.0261688 0.0331726 
264 0 0.260986 0.43335 0.0281219 0.0375061 
49 0 0.5 0.612305 0.0320435 0.0458374 
48 0 0.455566 0.464111 0.0328064 0.0403748 
45 0 0.487549 0.861328 0.03125 0.0401001 
42 0 0.571777 0.102722 0.0281219 0.0327454 
41 0 0.233765 0.206421 0.0300751 0.033844 
40 0 0.220703 0.399414 0.0318298 0.0445251 
34 0 0.583496 0.12085 0.0324097 0.0375061 
32 0 0.209351 0.185425 0.0282288 0.0330811 
27 0 0.235962 0.567871 0.03125 0.0479126 
26 0 0.12915 0.194946 0.033783 0.0447998 
23 0 0.625 0.240601 0.03125 0.0395813 
22 0 0.263184 0.263184 0.0351562 0.0444031 
21 0 0.0841064 0.803223 0.0317993 0.0395813 
18 0 0.82666 0.431152 0.03125 0.0375061 
14 0 0.841309 0.775879 0.0359497 0.044281 
7 0 0.708496 0.629395 0.0328064 0.0416565 
6 0 0.831055 0.87207 0.0281219 0.0390625 
5 0 0.851562 0.234375 0.0406189 0.0476685 
2 0 0.236694 0.857422 0.0328064 0.044281 
1 0 0.630371 0.615723 0.0296936 0.0395813 
