257 0 0.743164 0.755371 0.0343628 0.0426941 
252 0 0.541504 0.985352 0.0328064 0.0291595 
247 0 0.0400391 0.374756 0.0375671 0.0473938 
244 0 0.98584 0.80957 0.0281219 0.0364685 
238 0 0.0211182 0.739746 0.0301208 0.0416565 
236 0 0.251465 0.417725 0.0292969 0.035675 
226 0 0.496094 0.0156708 0.0308533 0.030777 
211 0 0.307861 0.344238 0.0228577 0.0278625 
198 0 0.835938 0.970703 0.0289001 0.0375061 
132 0 0.637695 0.419678 0.0367126 0.0484314 
109 0 0.629883 0.804688 0.0363159 0.0437622 
49 0 0.582031 0.507324 0.0328064 0.0390625 
48 0 0.492188 0.399902 0.03125 0.0416565 
45 0 0.48584 0.866699 0.03125 0.0354309 
44 0 0.55957 0.91748 0.0300751 0.0348816 
43 0 0.579102 0.150635 0.0296936 0.0369263 
42 0 0.567871 0.104431 0.0296936 0.0380249 
41 0 0.220337 0.177368 0.0275421 0.038147 
40 0 0.300781 0.319824 0.0300751 0.0393372 
39 0 0.770996 0.476074 0.0332031 0.0416565 
34 0 0.584473 0.121887 0.0316467 0.0432434 
32 0 0.274902 0.119812 0.03125 0.0388794 
31 0 0.18335 0.347412 0.0300751 0.0387878 
27 0 0.235107 0.578125 0.0296936 0.0437622 
26 0 0.132568 0.194824 0.033783 0.0446472 
24 0 0.266113 0.432861 0.028717 0.0341187 
23 0 0.665039 0.164551 0.0359497 0.0414124 
22 0 0.282715 0.218018 0.0343628 0.0430908 
21 0 0.0836182 0.806152 0.0296936 0.0375061 
20 0 0.506348 0.730957 0.0414124 0.0531311 
18 0 0.828125 0.435303 0.0343628 0.0414124 
17 0 0.192993 0.844727 0.032135 0.0395813 
16 0 0.311768 0.45459 0.0304718 0.0414124 
14 0 0.851562 0.75 0.0367126 0.0463562 
13 0 0.868164 0.407227 0.0328064 0.0434875 
12 0 0.936035 0.209351 0.0375061 0.0562439 
7 0 0.708496 0.633301 0.0296936 0.0375061 
6 0 0.845215 0.845703 0.0289001 0.0348816 
5 0 0.852539 0.229126 0.0453186 0.053772 
4 0 0.600586 0.211426 0.03125 0.0429688 
3 0 0.773438 0.0752563 0.0316467 0.040741 
2 0 0.240601 0.854004 0.0308533 0.0401001 
1 0 0.634277 0.571777 0.0308533 0.0406189 
