151 0 0.408691 0.218018 0.0394592 0.0532532 
148 0 0.98584 0.788574 0.0273438 0.0401001 
144 0 0.308105 0.342773 0.0226593 0.0270844 
138 0 0.836914 0.964355 0.0296936 0.0375061 
132 0 0.638184 0.419678 0.0339966 0.0447998 
112 0 0.635254 0.117859 0.0308533 0.0393372 
111 0 0.743652 0.749023 0.0265656 0.0333252 
109 0 0.628906 0.804199 0.0359497 0.0416565 
85 0 0.356689 0.518555 0.0318298 0.0401001 
76 0 0.729492 0.805176 0.0304718 0.0385437 
62 0 0.198975 0.27002 0.034668 0.0404968 
51 0 0.563477 0.1604 0.0273438 0.0333252 
49 0 0.587402 0.491211 0.0320435 0.0377502 
48 0 0.498535 0.390869 0.03125 0.0390625 
46 0 0.0161285 0.244263 0.0317688 0.0447998 
45 0 0.487549 0.864746 0.0281219 0.0375061 
44 0 0.573242 0.88623 0.0324097 0.033844 
43 0 0.578125 0.150024 0.0281219 0.0329285 
42 0 0.567383 0.102112 0.03125 0.0375061 
41 0 0.21521 0.154663 0.0283203 0.0368347 
40 0 0.311035 0.310303 0.0281219 0.0375061 
39 0 0.774902 0.668945 0.0324097 0.0385437 
34 0 0.584473 0.121887 0.03125 0.0395813 
32 0 0.299316 0.105225 0.0302734 0.0395813 
31 0 0.258301 0.545898 0.0300751 0.0369873 
29 0 0.0281219 0.729004 0.03125 0.0416565 
27 0 0.239014 0.578613 0.0289001 0.0447998 
26 0 0.132812 0.196167 0.0343628 0.0445251 
25 0 0.631836 0.492676 0.0261688 0.0372314 
24 0 0.271973 0.414551 0.03125 0.038269 
23 0 0.666504 0.138306 0.0335999 0.0412903 
22 0 0.282715 0.217529 0.0343628 0.0406189 
21 0 0.0828247 0.805176 0.0281219 0.0354309 
20 0 0.511719 0.725098 0.039856 0.0463562 
19 0 0.0890503 0.963867 0.0283203 0.0364685 
18 0 0.828125 0.43335 0.0343628 0.0411377 
17 0 0.191406 0.845703 0.0300751 0.0380249 
16 0 0.335938 0.294189 0.0328064 0.0411377 
14 0 0.854004 0.749023 0.0328064 0.0437622 
13 0 0.868652 0.408447 0.03125 0.0416565 
12 0 0.936035 0.209473 0.0414124 0.0557251 
7 0 0.708008 0.635254 0.03125 0.0380249 
6 0 0.847656 0.838379 0.0265656 0.0364685 
5 0 0.853027 0.228149 0.0460815 0.0562439 
4 0 0.602539 0.213135 0.0324097 0.0421753 
3 0 0.772461 0.0681152 0.0289001 0.0353394 
2 0 0.241943 0.856445 0.0296936 0.0390625 
1 0 0.645996 0.5625 0.0285187 0.0375061 
