276 0 0.49292 0.0199585 0.0332031 0.0368347 
273 0 0.657227 0.92627 0.039856 0.0499878 
269 0 0.324951 0.0699463 0.0267639 0.037262 
268 0 0.0379944 0.376465 0.0347595 0.0476685 
264 0 0.264404 0.438232 0.03302 0.0395813 
263 0 0.770996 0.837402 0.0300751 0.0395813 
257 0 0.73584 0.76416 0.0296936 0.0364685 
252 0 0.541992 0.985352 0.0335999 0.0291595 
244 0 0.984375 0.818848 0.0281219 0.0385437 
238 0 0.0210876 0.745605 0.0296326 0.0432434 
236 0 0.224609 0.45459 0.0326233 0.0403748 
198 0 0.834473 0.975098 0.0281219 0.0369873 
132 0 0.637695 0.419678 0.0367126 0.0473938 
109 0 0.628906 0.804199 0.0359497 0.0416565 
49 0 0.579102 0.510254 0.0328064 0.0403748 
48 0 0.491455 0.402588 0.0296936 0.0393372 
45 0 0.484375 0.86377 0.0343628 0.0437622 
44 0 0.555664 0.928223 0.0292969 0.03125 
43 0 0.578125 0.151001 0.0285187 0.0354309 
42 0 0.567871 0.103271 0.0304718 0.0390015 
41 0 0.219482 0.175293 0.0292969 0.0385437 
40 0 0.292969 0.322998 0.0292969 0.0406189 
39 0 0.766602 0.386475 0.0300751 0.039856 
34 0 0.583984 0.119812 0.0320435 0.0396423 
32 0 0.269531 0.120972 0.0294952 0.0364685 
31 0 0.153076 0.321777 0.03125 0.0361938 
27 0 0.234375 0.577148 0.03125 0.0458374 
26 0 0.13208 0.19519 0.0359497 0.0463562 
23 0 0.662598 0.171509 0.0347595 0.0403748 
22 0 0.282715 0.21875 0.0335999 0.0410156 
21 0 0.0836182 0.806152 0.0296936 0.0375061 
20 0 0.50293 0.736816 0.0437622 0.0552063 
18 0 0.829102 0.435059 0.0328064 0.0401001 
17 0 0.192139 0.84375 0.03125 0.0380249 
16 0 0.368408 0.44165 0.0314331 0.0419312 
14 0 0.851562 0.749023 0.0375061 0.0473938 
13 0 0.865723 0.4104 0.0320435 0.0419312 
12 0 0.936035 0.209351 0.039856 0.0565186 
7 0 0.708496 0.633301 0.0316467 0.0406189 
6 0 0.842773 0.850098 0.0265656 0.0343628 
5 0 0.853027 0.229126 0.046875 0.0544128 
4 0 0.603027 0.209473 0.0320435 0.0403748 
3 0 0.773438 0.0742188 0.03125 0.040741 
2 0 0.240601 0.854004 0.0314331 0.0416565 
1 0 0.632812 0.576172 0.03125 0.0395813 
