841 0 0.184326 0.8125 0.0257874 0.0354309 
840 0 0.62793 0.80127 0.0343628 0.0401001 
839 0 0.989746 0.412842 0.0203094 0.046875 
836 0 0.563965 0.160156 0.0249939 0.0334778 
835 0 0.192017 0.848145 0.0347595 0.0432434 
834 0 0.823242 0.987305 0.0281219 0.0239563 
810 0 0.408691 0.217651 0.0357361 0.0438843 
800 0 0.309326 0.195801 0.0271454 0.0325623 
792 0 0.0922852 0.963379 0.0344238 0.0437622 
790 0 0.777344 0.248657 0.0292969 0.0385437 
777 0 0.756836 0.906738 0.0292969 0.0375061 
747 0 0.741211 0.137207 0.0289001 0.0360718 
729 0 0.71582 0.787598 0.026947 0.0333252 
724 0 0.507812 0.03125 0.0249939 0.0332642 
712 0 0.227295 0.479248 0.0238342 0.029953 
686 0 0.935059 0.207275 0.0390625 0.0518188 
645 0 0.636719 0.418945 0.0386658 0.0473938 
619 0 0.578125 0.148926 0.0281219 0.0348206 
607 0 0.602539 0.208374 0.0296936 0.0416565 
546 0 0.709473 0.145874 0.0324097 0.0418701 
446 0 0.861816 0.4104 0.0296936 0.0369873 
338 0 0.47583 0.0531311 0.0265656 0.0395813 
302 0 0.355469 0.0697632 0.0265656 0.03125 
264 0 0.260986 0.434326 0.0281219 0.0359497 
49 0 0.503906 0.611328 0.0335999 0.0479126 
48 0 0.457031 0.462402 0.0332031 0.04245 
45 0 0.487549 0.861328 0.03125 0.0395813 
42 0 0.570312 0.102112 0.0281219 0.0333252 
41 0 0.253906 0.195312 0.0318298 0.0389404 
40 0 0.222656 0.396973 0.0298767 0.0429688 
34 0 0.583496 0.12085 0.0328064 0.038208 
32 0 0.21167 0.182983 0.0296936 0.0333252 
27 0 0.235962 0.568848 0.03125 0.0458374 
26 0 0.129639 0.195801 0.0343628 0.0458374 
23 0 0.625 0.240601 0.03125 0.0395813 
22 0 0.264893 0.258789 0.035553 0.046875 
21 0 0.0836182 0.803223 0.0328064 0.0395813 
18 0 0.82666 0.431152 0.03125 0.0375061 
14 0 0.841309 0.771973 0.0359497 0.0447998 
7 0 0.708496 0.630371 0.0328064 0.0406189 
6 0 0.832031 0.869629 0.0296936 0.0395813 
5 0 0.851562 0.234375 0.0414124 0.0479126 
2 0 0.238281 0.856445 0.0324097 0.0453186 
1 0 0.629883 0.615723 0.0292969 0.0401001 
