862 0 0.623535 0.015625 0.03125 0.031311 
860 0 0.0430298 0.984375 0.0361328 0.03125 
845 0 0.104675 0.985352 0.0301819 0.0291595 
841 0 0.196533 0.728027 0.0314331 0.0447998 
836 0 0.561035 0.161255 0.0281219 0.0361938 
835 0 0.192993 0.85498 0.0359497 0.046875 
810 0 0.407715 0.217651 0.0343628 0.0438843 
800 0 0.307861 0.197266 0.0281219 0.0341187 
790 0 0.794434 0.374268 0.0277405 0.0375061 
777 0 0.705566 0.964355 0.0328064 0.0421753 
747 0 0.734375 0.150024 0.03125 0.0375061 
729 0 0.71582 0.788574 0.0281219 0.0354309 
724 0 0.506836 0.0320129 0.0265656 0.0331421 
712 0 0.222412 0.484375 0.0253906 0.0317688 
686 0 0.935059 0.206299 0.0359497 0.0499878 
619 0 0.578125 0.148804 0.0281219 0.0343628 
607 0 0.601562 0.209106 0.0308533 0.0445251 
546 0 0.704102 0.15625 0.0335999 0.0416565 
446 0 0.86084 0.4104 0.0289001 0.0372314 
338 0 0.47583 0.0545349 0.026947 0.0383606 
302 0 0.352295 0.0718994 0.0265656 0.0314636 
264 0 0.260986 0.431885 0.0277405 0.0387878 
49 0 0.49292 0.615723 0.0328064 0.0437622 
48 0 0.45459 0.469727 0.035553 0.039856 
45 0 0.487549 0.861328 0.0316467 0.0395813 
42 0 0.570312 0.102112 0.0281219 0.0333252 
41 0 0.206665 0.231323 0.03302 0.0372314 
40 0 0.215576 0.403076 0.0279236 0.0429688 
34 0 0.584473 0.12085 0.03125 0.0377502 
32 0 0.207031 0.19165 0.0296936 0.0364685 
27 0 0.235107 0.564941 0.0328064 0.0499878 
26 0 0.129639 0.195801 0.0343628 0.0446472 
23 0 0.625 0.240601 0.03125 0.0395813 
22 0 0.259277 0.267822 0.0343628 0.0428467 
21 0 0.0842896 0.802246 0.0317993 0.0401001 
18 0 0.82666 0.431152 0.03125 0.0375061 
14 0 0.835938 0.780273 0.0343628 0.0437622 
7 0 0.708496 0.629395 0.0328064 0.0416565 
6 0 0.830566 0.868652 0.03125 0.0401001 
5 0 0.851562 0.231201 0.0429688 0.0502625 
2 0 0.236328 0.857422 0.0306702 0.0432434 
1 0 0.630371 0.616699 0.0296936 0.0411377 
