302 0 0.373535 0.0123978 0.0285187 0.0242004 
300 0 0.311035 0.188232 0.0281219 0.035675 
296 0 0.496094 0.0211029 0.0289001 0.0367432 
293 0 0.57666 0.105591 0.0375061 0.049408 
292 0 0.979492 0.833496 0.0304718 0.0375061 
289 0 0.65625 0.926758 0.0394592 0.0489502 
287 0 0.319092 0.108643 0.0318298 0.0395813 
264 0 0.262695 0.438477 0.0316467 0.0390625 
263 0 0.813965 0.981445 0.0281219 0.0359497 
257 0 0.729004 0.768555 0.0289001 0.0359497 
252 0 0.540527 0.985352 0.0351562 0.0291595 
238 0 0.0187225 0.751465 0.0282745 0.0426941 
236 0 0.167236 0.530762 0.0328979 0.0408936 
132 0 0.637695 0.421387 0.0367126 0.0481873 
109 0 0.628906 0.804199 0.0359497 0.0416565 
49 0 0.572266 0.522949 0.0335999 0.0406189 
48 0 0.488281 0.405273 0.0300751 0.0395813 
45 0 0.483643 0.866699 0.0390625 0.0458374 
44 0 0.546875 0.944824 0.0281219 0.0322876 
42 0 0.569336 0.102234 0.0289001 0.0364075 
41 0 0.222656 0.187988 0.0283203 0.0395813 
40 0 0.287598 0.328125 0.0277405 0.0395813 
39 0 0.760742 0.261963 0.0320435 0.0408936 
34 0 0.583496 0.120056 0.0332031 0.0406189 
32 0 0.260986 0.126099 0.0308533 0.0395203 
31 0 0.0681763 0.198364 0.0310059 0.0393372 
27 0 0.235962 0.579102 0.03125 0.0447998 
26 0 0.131226 0.198975 0.0344849 0.0445251 
23 0 0.661133 0.178589 0.0343628 0.0406189 
22 0 0.282715 0.218506 0.033783 0.039978 
21 0 0.0836182 0.805176 0.0296936 0.0380249 
20 0 0.498535 0.739746 0.0437622 0.0499878 
18 0 0.82959 0.434326 0.0335999 0.0401001 
17 0 0.192139 0.844727 0.0343628 0.0437622 
16 0 0.422363 0.424316 0.0343628 0.044281 
14 0 0.850586 0.751953 0.0359497 0.0447998 
13 0 0.865723 0.4104 0.0320435 0.0421753 
12 0 0.936035 0.210449 0.0406189 0.0578003 
7 0 0.708496 0.633301 0.0324097 0.0416565 
6 0 0.842773 0.853027 0.0265656 0.0354309 
5 0 0.852539 0.229126 0.0453186 0.0535278 
4 0 0.603027 0.214844 0.03125 0.0363159 
3 0 0.772461 0.078125 0.0328064 0.0395813 
2 0 0.240601 0.854004 0.03125 0.0426941 
1 0 0.632812 0.58252 0.03125 0.0395813 
