855 0 0.823242 0.98877 0.0273438 0.0244751 
850 0 0.0421753 0.984375 0.0372009 0.03125 
845 0 0.106262 0.984375 0.029541 0.03125 
841 0 0.205811 0.73877 0.0298767 0.0421753 
836 0 0.561035 0.1604 0.0281219 0.0376282 
835 0 0.192749 0.85498 0.0374146 0.0489502 
810 0 0.407715 0.217651 0.0349731 0.044281 
800 0 0.307861 0.195801 0.0281219 0.0332031 
790 0 0.803223 0.343018 0.0292969 0.0375061 
777 0 0.708008 0.943848 0.0316467 0.0401001 
747 0 0.735352 0.150024 0.0308533 0.0376892 
729 0 0.714844 0.787598 0.0285187 0.0333252 
724 0 0.506836 0.0333862 0.0265656 0.0332947 
712 0 0.223267 0.483398 0.0265656 0.0333252 
686 0 0.935059 0.205933 0.0359497 0.0477905 
619 0 0.577637 0.148926 0.0289001 0.0357971 
607 0 0.602539 0.208374 0.0304718 0.0453186 
546 0 0.705566 0.155151 0.0328064 0.042572 
446 0 0.861816 0.409912 0.0296936 0.0361938 
338 0 0.475098 0.0552063 0.0273438 0.0392761 
302 0 0.352295 0.0725708 0.0267639 0.0319214 
264 0 0.260254 0.432373 0.0289001 0.0395813 
49 0 0.494873 0.615723 0.0320435 0.0437622 
48 0 0.45459 0.467529 0.0343628 0.0411377 
45 0 0.487549 0.862305 0.03125 0.0416565 
42 0 0.570312 0.102112 0.0281219 0.0333252 
41 0 0.210938 0.219482 0.0314331 0.0365906 
40 0 0.216553 0.402588 0.0308533 0.0429688 
34 0 0.583496 0.12085 0.0324097 0.0378113 
32 0 0.208618 0.188599 0.0293884 0.0354309 
27 0 0.234741 0.566895 0.033783 0.0499878 
26 0 0.128906 0.195801 0.0332031 0.0426941 
23 0 0.625 0.240601 0.0320435 0.0395813 
22 0 0.260254 0.266602 0.0351562 0.0421753 
21 0 0.0836182 0.802246 0.0328674 0.0401001 
18 0 0.82666 0.431152 0.03125 0.0375061 
14 0 0.836914 0.77832 0.0359497 0.046875 
7 0 0.708496 0.629395 0.0328064 0.0416565 
6 0 0.830566 0.869629 0.0296936 0.0395813 
5 0 0.851562 0.231323 0.0437622 0.0487061 
2 0 0.236328 0.856445 0.03125 0.0426941 
1 0 0.630371 0.615723 0.0296936 0.0395813 
