777 0 0.854492 0.784668 0.0289001 0.0343628 
776 0 0.563965 0.160278 0.0257874 0.0335999 
772 1 0.0913086 0.907227 0.03302 0.0395813 
769 0 0.988281 0.412598 0.0234375 0.0460815 
764 0 0.62793 0.802246 0.0339966 0.0375061 
747 0 0.768555 0.0873413 0.0292969 0.0360718 
729 0 0.71582 0.784668 0.0281219 0.0343628 
724 0 0.508789 0.0285187 0.0265656 0.0369263 
712 0 0.232788 0.466553 0.0218811 0.0291595 
676 0 0.138062 0.854492 0.0300751 0.0406189 
645 0 0.636719 0.417725 0.0390625 0.0479126 
619 0 0.578125 0.148926 0.0281219 0.0354309 
607 0 0.602539 0.209106 0.0296936 0.0423279 
546 0 0.717773 0.129272 0.0304718 0.0375671 
446 0 0.860352 0.4104 0.0296936 0.0375061 
338 0 0.477783 0.052124 0.0273438 0.0376892 
308 0 0.823242 0.98877 0.0281219 0.0229187 
302 0 0.356201 0.067688 0.0281219 0.0354614 
264 0 0.261719 0.432373 0.0296936 0.0395813 
49 0 0.512695 0.607422 0.03125 0.0437622 
48 0 0.458496 0.447998 0.0359497 0.0489502 
45 0 0.488281 0.86377 0.0296936 0.0395813 
42 0 0.570312 0.102112 0.0300751 0.0350952 
41 0 0.291504 0.213989 0.0335999 0.039856 
40 0 0.227295 0.385986 0.0298767 0.0403748 
34 0 0.583008 0.12085 0.03125 0.0378113 
32 0 0.224976 0.171875 0.0316467 0.0352783 
27 0 0.236328 0.570801 0.0302734 0.0432434 
26 0 0.129639 0.196899 0.0343628 0.0438843 
23 0 0.626465 0.240601 0.0332031 0.0395813 
22 0 0.26709 0.247559 0.0343628 0.0403748 
21 0 0.0843506 0.803223 0.0338745 0.0401001 
18 0 0.827148 0.433838 0.0328064 0.0408936 
17 0 0.190796 0.84668 0.034668 0.0437622 
14 0 0.837402 0.754883 0.0320435 0.046875 
7 0 0.709473 0.630371 0.03125 0.0395813 
6 0 0.832031 0.87207 0.0265656 0.0354309 
5 0 0.852539 0.236328 0.0390625 0.0466003 
3 0 0.751465 0.115479 0.03125 0.0384827 
2 0 0.237671 0.857422 0.0316467 0.0453186 
1 0 0.630371 0.615723 0.0296936 0.0395813 
