567 0 0.198242 0.937012 0.0284119 0.0364685 
547 0 0.638184 0.421875 0.0379028 0.0445251 
546 0 0.756348 0.0604248 0.0320435 0.0387573 
514 0 0.0890503 0.962402 0.031311 0.0416565 
506 0 0.950195 0.919922 0.0343628 0.0348816 
446 0 0.74707 0.438232 0.03125 0.0354309 
440 1 0.768066 0.0266876 0.0316467 0.0390015 
421 0 0.578125 0.150024 0.03125 0.0372314 
338 0 0.487793 0.0375366 0.0304718 0.039917 
308 0 0.82666 0.986328 0.0273438 0.0270844 
302 0 0.360596 0.0488281 0.0302734 0.0387573 
264 0 0.261963 0.439697 0.0320435 0.0369873 
257 0 0.719727 0.779297 0.0285187 0.0333252 
49 0 0.541504 0.579102 0.0332031 0.0421753 
48 0 0.468018 0.429199 0.0390625 0.0544128 
45 0 0.48584 0.864746 0.03125 0.0416565 
42 0 0.567871 0.10376 0.0296936 0.0364075 
41 0 0.312256 0.235474 0.0379028 0.0412903 
40 0 0.251221 0.371338 0.028717 0.0385437 
34 0 0.583008 0.122498 0.0343628 0.0429077 
32 0 0.244507 0.15625 0.0304718 0.0341187 
27 0 0.233643 0.578125 0.0292969 0.0421753 
26 0 0.130005 0.198975 0.0386658 0.0523376 
23 0 0.643066 0.227173 0.035553 0.0414124 
22 0 0.275391 0.230591 0.0341797 0.038269 
21 0 0.0842896 0.804688 0.0285645 0.0364685 
20 0 0.49292 0.750977 0.0390625 0.046875 
18 0 0.829102 0.434326 0.0328064 0.0395813 
17 0 0.192139 0.845703 0.034668 0.0416565 
14 0 0.84375 0.754395 0.0320435 0.0458374 
13 0 0.864258 0.414062 0.0343628 0.0429688 
12 0 0.936035 0.208496 0.0390625 0.0588684 
7 0 0.709473 0.632324 0.0332031 0.0395813 
6 0 0.837402 0.865723 0.0273438 0.0437622 
5 0 0.851562 0.236206 0.0406189 0.0485535 
4 0 0.602539 0.212524 0.0296936 0.0376282 
3 0 0.761719 0.0998535 0.0308533 0.038269 
2 0 0.239014 0.857422 0.03125 0.0395813 
1 0 0.631348 0.608398 0.03125 0.0390625 
