686 0 0.936035 0.206543 0.0375061 0.0496216 
683 0 0.895996 0.418213 0.0296936 0.0408936 
676 0 0.140259 0.952148 0.0265656 0.0359497 
645 0 0.636719 0.418701 0.0359497 0.0458374 
619 0 0.579102 0.150024 0.0296936 0.0375061 
607 0 0.602539 0.210449 0.0304718 0.0416565 
588 0 0.927246 0.57373 0.0281219 0.0380249 
546 0 0.730469 0.0990601 0.0335999 0.039856 
514 0 0.0882568 0.962402 0.0297394 0.0375061 
446 0 0.864258 0.413574 0.03125 0.0414124 
338 0 0.481201 0.0479431 0.0281219 0.0372925 
308 0 0.823242 0.98877 0.0281219 0.0229187 
302 0 0.35791 0.0617065 0.0281219 0.0357666 
264 0 0.260986 0.4375 0.0308533 0.0375061 
257 0 0.71875 0.782227 0.03125 0.0354309 
49 0 0.524414 0.599609 0.0328064 0.0437622 
48 0 0.46167 0.442139 0.0363159 0.0502625 
45 0 0.486816 0.864746 0.0296936 0.0385437 
42 0 0.571289 0.104187 0.0296936 0.0374451 
41 0 0.310059 0.226562 0.0332031 0.0412903 
40 0 0.239014 0.378174 0.0281219 0.0395813 
34 0 0.583008 0.119812 0.0343628 0.0434265 
32 0 0.237549 0.177124 0.03125 0.0332031 
27 0 0.235107 0.575195 0.0296936 0.0416565 
26 0 0.130371 0.19812 0.0351562 0.0459595 
23 0 0.630371 0.238525 0.0324097 0.0395813 
22 0 0.270996 0.239624 0.0328064 0.0414124 
21 0 0.0838623 0.804199 0.0288544 0.0375061 
20 0 0.491455 0.755371 0.0402222 0.0447998 
18 0 0.825684 0.43335 0.0359497 0.0434875 
17 0 0.191406 0.845703 0.0328064 0.0416565 
14 0 0.84082 0.754395 0.0343628 0.0499878 
7 0 0.709473 0.630859 0.03125 0.0406189 
6 0 0.833496 0.873047 0.0265656 0.0375061 
5 0 0.851562 0.23645 0.0421753 0.0484314 
3 0 0.756836 0.104248 0.0296936 0.0375061 
2 0 0.237061 0.858398 0.0306702 0.0416565 
1 0 0.631348 0.611328 0.03125 0.0395813 
