702 0 0.247681 0.446289 0.026947 0.0346375 
701 0 0.990723 0.412598 0.0179749 0.0536499 
686 0 0.936035 0.208374 0.0375061 0.0502625 
683 0 0.90625 0.425781 0.0320435 0.0411377 
676 0 0.140625 0.950195 0.027832 0.0380249 
645 0 0.636719 0.418213 0.0359497 0.0466003 
619 0 0.578613 0.150024 0.0296936 0.0375061 
607 0 0.602539 0.210449 0.0304718 0.0416565 
588 0 0.918945 0.569336 0.03125 0.0385437 
546 0 0.730469 0.100037 0.0328064 0.038269 
514 0 0.0882568 0.962402 0.0296936 0.0375061 
446 0 0.864258 0.414551 0.0320435 0.0416565 
338 0 0.481201 0.0479126 0.0281219 0.0374451 
308 0 0.823242 0.98877 0.0281219 0.0229187 
302 0 0.35791 0.0621643 0.0281219 0.0361938 
264 0 0.260986 0.438232 0.03125 0.0380249 
257 0 0.717773 0.782227 0.0308533 0.0354309 
49 0 0.523438 0.600098 0.0320435 0.0426941 
48 0 0.462402 0.442139 0.0379028 0.0513 
45 0 0.487549 0.864258 0.0304718 0.0385437 
42 0 0.568848 0.103149 0.0285187 0.0357971 
41 0 0.307861 0.224121 0.0316467 0.0401001 
40 0 0.237671 0.378418 0.0289001 0.0401001 
34 0 0.583496 0.12085 0.0328064 0.0419312 
32 0 0.237549 0.17627 0.03125 0.0339966 
27 0 0.235107 0.575195 0.0296936 0.0416565 
26 0 0.131104 0.197876 0.034668 0.0454407 
23 0 0.630371 0.239624 0.0328064 0.0408936 
22 0 0.27002 0.240601 0.0322266 0.039856 
21 0 0.0841675 0.804199 0.0302277 0.0375061 
20 0 0.491455 0.757324 0.0414124 0.044281 
18 0 0.82666 0.43335 0.0343628 0.0426941 
17 0 0.191406 0.845703 0.0328064 0.0416565 
14 0 0.84082 0.755371 0.0335999 0.049469 
7 0 0.709473 0.630371 0.03125 0.0395813 
6 0 0.833496 0.873047 0.0265656 0.0380249 
5 0 0.851562 0.237061 0.0406189 0.0463562 
3 0 0.756836 0.104858 0.0296936 0.0380249 
2 0 0.237061 0.858398 0.0306702 0.0416565 
1 0 0.631348 0.612305 0.03125 0.0401001 
