561 0 0.182739 0.94043 0.0277405 0.0359497 
560 0 0.541504 0.985352 0.0328064 0.0302124 
557 0 0.567383 0.160156 0.0292969 0.0342407 
555 0 0.629883 0.804199 0.0343628 0.0416565 
554 0 0.181396 0.94043 0.0290985 0.0359497 
552 0 0.00856018 0.785645 0.016922 0.0333252 
546 0 0.754883 0.056366 0.03125 0.041626 
543 0 0.575195 0.11145 0.0343628 0.0401001 
514 0 0.0898438 0.963379 0.0296936 0.0395813 
506 0 0.954102 0.911621 0.0328064 0.0359497 
446 0 0.693848 0.452637 0.0320435 0.038269 
440 1 0.78418 0.0656128 0.0292969 0.0369873 
421 0 0.579102 0.1521 0.0300751 0.033844 
338 0 0.492188 0.0323486 0.0324097 0.0395813 
308 0 0.828125 0.985352 0.0265656 0.0291595 
302 0 0.361816 0.046936 0.0328064 0.0399475 
264 0 0.260986 0.440674 0.0306702 0.0354309 
257 0 0.721191 0.776855 0.0292969 0.0333252 
49 0 0.544434 0.575195 0.035553 0.0447998 
48 0 0.470215 0.425293 0.0406189 0.0557251 
45 0 0.48584 0.86377 0.03125 0.0437622 
42 0 0.567871 0.103943 0.0296936 0.0354309 
41 0 0.301514 0.240845 0.0351562 0.0421753 
40 0 0.254639 0.370605 0.0279236 0.0380249 
34 0 0.583496 0.121887 0.0335999 0.0409546 
32 0 0.243774 0.154175 0.03125 0.0339966 
27 0 0.233643 0.577148 0.0296936 0.0421753 
26 0 0.128906 0.198975 0.0390625 0.0520935 
23 0 0.645996 0.221924 0.0359497 0.0402222 
22 0 0.276855 0.227173 0.0324097 0.0380249 
21 0 0.0843506 0.806152 0.0281677 0.0375061 
20 0 0.494629 0.748047 0.0394592 0.0499878 
18 0 0.82959 0.435303 0.0343628 0.0416565 
17 0 0.192139 0.845703 0.0340881 0.0416565 
14 0 0.845215 0.754395 0.0335999 0.0463562 
13 0 0.864258 0.413574 0.0343628 0.0437622 
12 0 0.936035 0.209351 0.039856 0.0569153 
7 0 0.709473 0.632324 0.03125 0.0395813 
6 0 0.837402 0.86377 0.0273438 0.0411377 
5 0 0.852539 0.234131 0.0421753 0.0510559 
4 0 0.601562 0.212524 0.0308533 0.0375061 
3 0 0.76416 0.0999756 0.0308533 0.0379639 
2 0 0.237915 0.858398 0.0310516 0.0416565 
1 0 0.628906 0.606445 0.0296936 0.0411377 
