479 0 0.768555 0.0250397 0.0339966 0.0410767 
475 0 0.469482 0.467285 0.0328064 0.0487061 
474 0 0.967285 0.875 0.0351562 0.0385437 
467 0 0.309326 0.806152 0.0277405 0.0333252 
446 0 0.652344 0.545898 0.0300751 0.0416565 
444 0 0.0135269 0.771973 0.0239716 0.0380249 
440 1 0.884277 0.194214 0.0304718 0.040741 
434 0 0.279297 0.397461 0.0240173 0.0320435 
421 0 0.578125 0.153198 0.0289001 0.033844 
402 0 0.314697 0.190552 0.0371094 0.04245 
338 0 0.498535 0.0239716 0.0339966 0.0396118 
308 0 0.831055 0.983398 0.0281219 0.0333252 
302 0 0.365723 0.0316467 0.0339966 0.0401611 
264 0 0.260986 0.44043 0.0343628 0.0426941 
257 0 0.723633 0.774902 0.03125 0.0369873 
49 0 0.556152 0.545898 0.0320435 0.0421753 
48 0 0.476562 0.414551 0.0359497 0.0458374 
45 0 0.487549 0.865723 0.0308533 0.0421753 
42 0 0.569336 0.103149 0.0289001 0.0354309 
41 0 0.290527 0.253174 0.0351562 0.039978 
40 0 0.269531 0.361816 0.0294952 0.0421753 
39 0 0.598145 0.0497437 0.0320435 0.0364685 
34 0 0.584473 0.121887 0.03125 0.0395813 
32 0 0.244507 0.154175 0.0324097 0.038147 
27 0 0.235107 0.577148 0.0328064 0.0447998 
26 0 0.12915 0.198975 0.0391541 0.0522156 
23 0 0.655273 0.19873 0.0363159 0.0438843 
22 0 0.283691 0.21875 0.0359497 0.0418091 
21 0 0.0828247 0.805176 0.03125 0.0395813 
20 0 0.496094 0.74707 0.0421753 0.0484314 
18 0 0.82959 0.436523 0.0320435 0.0401001 
17 0 0.192993 0.84668 0.0359497 0.0447998 
14 0 0.84668 0.754883 0.0328064 0.0447998 
13 0 0.864258 0.412598 0.0343628 0.0416565 
12 0 0.93457 0.208496 0.0367126 0.0510559 
7 0 0.709473 0.632324 0.03125 0.0390625 
6 0 0.84082 0.859375 0.0281219 0.0395813 
5 0 0.853027 0.228394 0.0429688 0.0493469 
4 0 0.602539 0.2146 0.0296936 0.0375061 
3 0 0.768066 0.0916748 0.0316467 0.0401001 
2 0 0.239868 0.857422 0.0328064 0.0395813 
1 0 0.630371 0.601074 0.0304718 0.0395813 
