369 0 0.972656 0.852051 0.0390625 0.0499878 
362 0 0.310059 0.19165 0.0332031 0.0384216 
348 0 0.236328 0.265137 0.038269 0.0457153 
344 0 0.629883 0.804199 0.0371094 0.0416565 
338 0 0.503906 0.0197906 0.0296936 0.0353394 
308 0 0.830566 0.97998 0.0296936 0.0354309 
302 0 0.371826 0.0197449 0.0285187 0.0323181 
289 0 0.65625 0.928223 0.0433655 0.0526123 
264 0 0.26123 0.439697 0.033783 0.0416565 
257 0 0.726562 0.772461 0.0308533 0.0364685 
236 0 0.136841 0.52832 0.0345764 0.044281 
132 0 0.638184 0.421875 0.0390625 0.0473938 
49 0 0.567383 0.533203 0.03125 0.0380249 
48 0 0.479736 0.409912 0.0351562 0.0487061 
45 0 0.486328 0.865723 0.0335999 0.0437622 
42 0 0.569336 0.103149 0.0296936 0.0354309 
41 0 0.239868 0.195312 0.0296936 0.039978 
40 0 0.280518 0.340576 0.0290985 0.0403748 
39 0 0.735352 0.13208 0.0324097 0.0396423 
34 0 0.583496 0.120911 0.0328064 0.0386658 
32 0 0.257812 0.133179 0.0318298 0.0387268 
27 0 0.235596 0.579102 0.0318298 0.0458374 
26 0 0.130493 0.198853 0.0367126 0.0473938 
23 0 0.657715 0.186401 0.035553 0.0403748 
22 0 0.286377 0.218018 0.0353394 0.0384216 
21 0 0.0838623 0.805176 0.0306091 0.0401001 
20 0 0.497559 0.741699 0.0429688 0.0499878 
18 0 0.829102 0.434814 0.0328064 0.04245 
17 0 0.192261 0.84668 0.0349731 0.0437622 
16 0 0.506836 0.471924 0.0343628 0.0426941 
14 0 0.849121 0.754395 0.0328064 0.0458374 
13 0 0.864746 0.412598 0.0328064 0.0416565 
12 0 0.935059 0.210205 0.0390625 0.0535278 
7 0 0.709473 0.633301 0.03125 0.0375061 
6 0 0.842285 0.85498 0.0281219 0.0375061 
5 0 0.852539 0.229126 0.0421753 0.0507812 
4 0 0.603027 0.213501 0.03125 0.0403748 
3 0 0.770996 0.0831909 0.0316467 0.0383911 
2 0 0.239014 0.859375 0.0343628 0.0437622 
1 0 0.629883 0.585449 0.03125 0.0416565 
