724 0 0.506348 0.0259857 0.0249939 0.0355835 
723 0 0.563477 0.161499 0.0265656 0.0352783 
712 0 0.241455 0.453125 0.0228577 0.0270844 
686 0 0.936523 0.208374 0.0390625 0.053894 
676 0 0.141968 0.941895 0.0275421 0.0375061 
645 0 0.635742 0.418701 0.0379028 0.0463562 
619 0 0.578125 0.150024 0.0285187 0.0374451 
607 0 0.602539 0.210449 0.0300751 0.0416565 
588 0 0.902344 0.625977 0.03125 0.0375061 
546 0 0.725098 0.110046 0.0335999 0.0384216 
514 0 0.0882568 0.962402 0.0294495 0.0375061 
446 0 0.859375 0.411377 0.0304718 0.0390625 
338 0 0.480469 0.0489502 0.0265656 0.035553 
308 0 0.823242 0.98877 0.0281219 0.0229187 
302 0 0.356201 0.0635376 0.0281219 0.0354614 
264 0 0.260254 0.435303 0.0296936 0.0346375 
257 0 0.716309 0.783203 0.0285187 0.033844 
49 0 0.518555 0.60498 0.0324097 0.044281 
48 0 0.460938 0.442627 0.0347595 0.0476685 
45 0 0.487549 0.86377 0.0308533 0.0385437 
42 0 0.569336 0.102966 0.0300751 0.0365295 
41 0 0.307129 0.216553 0.03125 0.039856 
40 0 0.233643 0.379883 0.0298767 0.0411377 
34 0 0.583008 0.119812 0.0324097 0.0395813 
32 0 0.235107 0.176514 0.0298767 0.0337219 
27 0 0.235596 0.57373 0.0290985 0.0411377 
26 0 0.130493 0.197754 0.0328064 0.0421753 
23 0 0.62793 0.239502 0.03125 0.038269 
22 0 0.268555 0.242676 0.0320435 0.0395813 
21 0 0.0843506 0.803223 0.0282288 0.0369873 
20 0 0.489014 0.759277 0.0375061 0.0437622 
18 0 0.82666 0.43335 0.0343628 0.0411377 
17 0 0.191406 0.848145 0.0328979 0.0411377 
14 0 0.838379 0.75293 0.0328064 0.0479126 
7 0 0.709473 0.630371 0.03125 0.0395813 
6 0 0.833008 0.870605 0.0281219 0.0375061 
5 0 0.850586 0.233276 0.0421753 0.0498657 
3 0 0.756348 0.109009 0.0308533 0.0388794 
2 0 0.236694 0.858398 0.0300751 0.0421753 
1 0 0.631348 0.61377 0.0292969 0.0395813 
