491 0 0.410889 0.216675 0.0404358 0.0546875 
490 0 0.469482 0.467529 0.0347595 0.0479126 
488 0 0.309814 0.808105 0.0251923 0.0333252 
486 0 0.768066 0.0289764 0.0328064 0.0405579 
446 0 0.660645 0.523926 0.0335999 0.0445251 
444 0 0.0132828 0.770996 0.023407 0.0385437 
440 1 0.875977 0.175537 0.0296936 0.035553 
434 0 0.278076 0.398926 0.0226593 0.0309906 
421 0 0.578125 0.153809 0.0281219 0.0346375 
402 0 0.313232 0.190918 0.0396423 0.0441284 
338 0 0.499268 0.0239563 0.0359497 0.0396423 
308 0 0.831055 0.983398 0.0281219 0.0333252 
302 0 0.365479 0.0327454 0.0343628 0.0406189 
264 0 0.260986 0.440186 0.0343628 0.0429688 
257 0 0.724121 0.774902 0.0316467 0.0375061 
49 0 0.557129 0.549805 0.0320435 0.0411377 
48 0 0.474121 0.414062 0.0371094 0.0476685 
45 0 0.486816 0.864746 0.0296936 0.0426941 
42 0 0.569336 0.10321 0.0296936 0.035675 
41 0 0.294434 0.24585 0.035553 0.0402222 
40 0 0.266357 0.358398 0.0298767 0.0416565 
39 0 0.571777 0.029007 0.0324097 0.0387878 
34 0 0.583496 0.12085 0.0328064 0.0416565 
32 0 0.24353 0.153076 0.0339966 0.0395813 
27 0 0.234741 0.578125 0.0314331 0.0437622 
26 0 0.12915 0.199951 0.0403442 0.0533752 
23 0 0.655273 0.198975 0.0359497 0.0441284 
22 0 0.283691 0.216675 0.0351562 0.0408936 
21 0 0.0828247 0.807129 0.0313416 0.0395813 
20 0 0.496094 0.745605 0.0421753 0.0499878 
18 0 0.830566 0.435303 0.0328064 0.0416565 
17 0 0.192505 0.845703 0.0345764 0.0426941 
14 0 0.847656 0.755371 0.0328064 0.0447998 
13 0 0.864258 0.412598 0.0343628 0.0416565 
12 0 0.935059 0.210449 0.0390625 0.0544128 
7 0 0.709473 0.633301 0.03125 0.0416565 
6 0 0.839844 0.860352 0.0265656 0.0375061 
5 0 0.854004 0.231079 0.0421753 0.0497437 
4 0 0.601562 0.213501 0.0308533 0.0387878 
3 0 0.768555 0.09375 0.0320435 0.0412903 
2 0 0.239868 0.858398 0.0328064 0.0406189 
1 0 0.629883 0.602051 0.0316467 0.0406189 
