520 0 0.76416 0.0384521 0.03125 0.0410767 
518 0 0.576172 0.111572 0.0343628 0.0393982 
517 0 0.410889 0.217651 0.0418091 0.0559998 
514 0 0.0898438 0.963379 0.0298309 0.0395813 
506 0 0.960938 0.893555 0.0320435 0.0359497 
502 0 0.469238 0.470215 0.0343628 0.0481873 
446 0 0.65332 0.496338 0.0328064 0.0419312 
444 0 0.0109024 0.774902 0.0219421 0.0375061 
440 1 0.853027 0.12561 0.0320435 0.0418091 
421 0 0.57666 0.154175 0.0281219 0.033844 
402 0 0.310059 0.192749 0.0326233 0.0394592 
338 0 0.499268 0.0239563 0.0390625 0.0438232 
308 0 0.831055 0.983398 0.0281219 0.0333252 
302 0 0.364502 0.0375366 0.0341797 0.0419312 
264 0 0.260986 0.440186 0.0343628 0.04245 
257 0 0.724121 0.773926 0.0296936 0.0343628 
49 0 0.552246 0.561523 0.0328064 0.0421753 
48 0 0.472656 0.415039 0.042572 0.0572815 
45 0 0.486816 0.864746 0.0296936 0.0416565 
42 0 0.569336 0.104187 0.0285187 0.033844 
41 0 0.300293 0.244995 0.0379028 0.0426941 
40 0 0.261719 0.364502 0.0324097 0.0414124 
34 0 0.583496 0.121094 0.0328064 0.0405579 
32 0 0.243774 0.154175 0.03125 0.0369873 
27 0 0.234375 0.578125 0.03125 0.0437622 
26 0 0.128906 0.199951 0.0390625 0.0541687 
23 0 0.653809 0.205933 0.0328064 0.0387878 
22 0 0.281982 0.2229 0.0332031 0.0408936 
21 0 0.0836182 0.806152 0.0325317 0.0401001 
20 0 0.494629 0.748047 0.0421753 0.0499878 
18 0 0.82959 0.435303 0.0335999 0.0414124 
17 0 0.192993 0.84668 0.0359497 0.0437622 
14 0 0.84668 0.755371 0.03125 0.0437622 
13 0 0.864746 0.412842 0.0328064 0.0421753 
12 0 0.936035 0.210205 0.0406189 0.056366 
7 0 0.709961 0.633301 0.0296936 0.0375061 
6 0 0.838867 0.860352 0.0273438 0.0375061 
5 0 0.853027 0.230713 0.0437622 0.0502625 
4 0 0.601562 0.213501 0.0289001 0.0359497 
3 0 0.76709 0.0958252 0.0285187 0.0375061 
2 0 0.238647 0.857422 0.0322266 0.0411377 
1 0 0.630371 0.604004 0.0304718 0.0411377 
