240 0 0.0888062 0.964355 0.0307617 0.0375061 
238 0 0.0210876 0.736328 0.0298767 0.0426941 
236 0 0.314697 0.418701 0.0253906 0.0335999 
228 0 0.706055 0.69043 0.026947 0.0369873 
226 0 0.498535 0.0135193 0.0308533 0.0267029 
213 0 0.93457 0.916016 0.0304718 0.0385437 
211 0 0.307129 0.344727 0.0210876 0.0278625 
198 0 0.835938 0.96875 0.0281219 0.0375061 
132 0 0.635742 0.419678 0.0351562 0.0489502 
109 0 0.629883 0.804199 0.0367126 0.0421753 
85 0 0.0560608 0.252441 0.0293884 0.0384216 
49 0 0.584473 0.50293 0.0343628 0.0395813 
48 0 0.49292 0.397949 0.0324097 0.0414124 
45 0 0.486816 0.864746 0.0296936 0.0359497 
44 0 0.563477 0.911133 0.0289001 0.03125 
43 0 0.578125 0.150879 0.03125 0.0364685 
42 0 0.567871 0.102966 0.0316467 0.039917 
41 0 0.220337 0.17395 0.0275421 0.035553 
40 0 0.302734 0.315186 0.0279236 0.0372314 
39 0 0.761719 0.515137 0.0324097 0.0406189 
34 0 0.584961 0.121765 0.0328064 0.0403748 
32 0 0.28125 0.116638 0.0289001 0.0341187 
31 0 0.225952 0.400146 0.0300751 0.0406189 
27 0 0.235962 0.577148 0.0281219 0.0401001 
26 0 0.132812 0.195801 0.0318298 0.0421753 
24 0 0.267334 0.428955 0.0300751 0.0364685 
23 0 0.665527 0.160522 0.0375061 0.0421753 
22 0 0.282959 0.21814 0.0328064 0.0411377 
21 0 0.0836182 0.806152 0.0296936 0.0375061 
20 0 0.507812 0.72998 0.0414124 0.0520935 
18 0 0.828125 0.435059 0.0335999 0.0426941 
17 0 0.192993 0.844727 0.0324097 0.0395813 
16 0 0.300537 0.4021 0.0285187 0.0343628 
14 0 0.851562 0.749512 0.0359497 0.0458374 
13 0 0.868164 0.407227 0.0328064 0.0434875 
7 0 0.709473 0.631836 0.0304718 0.0375061 
6 0 0.845215 0.844727 0.0281219 0.0348816 
5 0 0.853027 0.229858 0.0460815 0.0533752 
4 0 0.600586 0.213745 0.0328064 0.042572 
3 0 0.773438 0.0739746 0.03125 0.0394592 
2 0 0.240845 0.856445 0.0308533 0.0411377 
1 0 0.635254 0.568359 0.0308533 0.0406189 
