281 0 0.494629 0.0166626 0.0296936 0.0334778 
269 0 0.354004 0.0795288 0.0298767 0.0369568 
268 0 0.0372925 0.37793 0.0340881 0.0463562 
264 0 0.264893 0.435303 0.0326233 0.0385437 
263 0 0.756348 0.853027 0.0281219 0.0385437 
257 0 0.73584 0.765625 0.0289001 0.0354309 
252 0 0.541992 0.985352 0.0343628 0.0291595 
244 0 0.984375 0.819824 0.0289001 0.0395813 
238 0 0.0210571 0.744629 0.0297089 0.0437622 
236 0 0.201904 0.459961 0.0318298 0.0401001 
198 0 0.833496 0.975098 0.0296936 0.0375061 
132 0 0.637695 0.42041 0.0343628 0.0471497 
109 0 0.628906 0.804199 0.0363159 0.0416565 
49 0 0.578125 0.51123 0.0332031 0.039856 
48 0 0.491699 0.404053 0.0304718 0.0411377 
45 0 0.483643 0.862305 0.0351562 0.0458374 
44 0 0.555664 0.931152 0.0296936 0.0322876 
43 0 0.578125 0.150024 0.0281219 0.0335999 
42 0 0.567871 0.103149 0.0296936 0.0393982 
41 0 0.221069 0.175293 0.0273438 0.0365906 
40 0 0.293457 0.32251 0.0289001 0.0408936 
39 0 0.779785 0.376465 0.0308533 0.0406189 
34 0 0.584473 0.119812 0.03125 0.0395813 
32 0 0.269287 0.122925 0.0304718 0.0377502 
31 0 0.139648 0.296631 0.0299835 0.0385437 
27 0 0.234375 0.576172 0.03125 0.0437622 
26 0 0.132812 0.196655 0.0349731 0.044281 
23 0 0.662598 0.171875 0.0343628 0.0397034 
22 0 0.282715 0.218018 0.0343628 0.0410156 
21 0 0.0836182 0.806152 0.0296936 0.0375061 
20 0 0.50293 0.737305 0.0437622 0.0552063 
18 0 0.829102 0.434326 0.0328064 0.0401001 
17 0 0.192139 0.84375 0.03125 0.0375061 
16 0 0.377686 0.428223 0.0357361 0.0421753 
14 0 0.851562 0.75 0.0375061 0.0473938 
13 0 0.865723 0.4104 0.03125 0.0416565 
12 0 0.936035 0.209351 0.0406189 0.0562439 
7 0 0.708496 0.634277 0.0328064 0.0406189 
6 0 0.842773 0.848145 0.0265656 0.033844 
5 0 0.853027 0.229126 0.0460815 0.0541687 
4 0 0.601562 0.213013 0.03125 0.0402222 
3 0 0.773438 0.0760498 0.0316467 0.0401001 
2 0 0.242188 0.854004 0.0310516 0.0411377 
1 0 0.632812 0.576172 0.0308533 0.0395813 
