264 0 0.266357 0.4375 0.0328064 0.0419312 
263 0 0.744629 0.808105 0.0273438 0.0359497 
257 0 0.735352 0.762207 0.0273438 0.0343628 
252 0 0.541504 0.985352 0.0359497 0.0296936 
247 0 0.0384827 0.375977 0.0360107 0.0473938 
244 0 0.985352 0.813477 0.0296936 0.0395813 
238 0 0.0210876 0.742676 0.0296631 0.0432434 
236 0 0.252686 0.476074 0.0318298 0.039856 
226 0 0.494629 0.0145187 0.0316467 0.028717 
198 0 0.834961 0.97168 0.0296936 0.0380249 
132 0 0.637695 0.419678 0.035553 0.0479126 
109 0 0.628906 0.804199 0.0359497 0.0416565 
49 0 0.57959 0.508789 0.03125 0.0380249 
48 0 0.492188 0.403076 0.03125 0.0434875 
45 0 0.485107 0.864746 0.0324097 0.0406189 
44 0 0.557617 0.922852 0.0304718 0.0348816 
43 0 0.578125 0.150024 0.0308533 0.0372314 
42 0 0.566406 0.104309 0.03125 0.0402222 
41 0 0.219482 0.176514 0.0289001 0.0386658 
40 0 0.296143 0.319824 0.0294952 0.0395813 
39 0 0.78125 0.437012 0.0324097 0.0401001 
34 0 0.583496 0.12085 0.0328064 0.0416565 
32 0 0.273438 0.120178 0.0310516 0.0385437 
31 0 0.175171 0.333252 0.0323181 0.038269 
27 0 0.234375 0.576172 0.0308533 0.0426941 
26 0 0.132568 0.194824 0.0335999 0.0437622 
23 0 0.664062 0.168213 0.0347595 0.0402222 
22 0 0.282715 0.217651 0.0343628 0.04245 
21 0 0.0836182 0.805176 0.0296936 0.0380249 
20 0 0.504883 0.734375 0.0414124 0.0520935 
18 0 0.828125 0.434326 0.0328064 0.0406189 
17 0 0.192139 0.844727 0.0316467 0.0395813 
16 0 0.347168 0.433838 0.0343628 0.0426941 
14 0 0.851562 0.75 0.0359497 0.0458374 
13 0 0.867188 0.409424 0.03125 0.0437622 
12 0 0.936035 0.209106 0.0406189 0.0575562 
7 0 0.708496 0.631348 0.0320435 0.0401001 
6 0 0.84375 0.84668 0.0281219 0.0354309 
5 0 0.853027 0.229126 0.0453186 0.0541687 
4 0 0.602539 0.210938 0.0328064 0.0419312 
3 0 0.773438 0.0739746 0.03125 0.0400391 
2 0 0.240601 0.854004 0.0308533 0.0416565 
1 0 0.633789 0.572754 0.0308533 0.0416565 
