514 0 0.0898438 0.963379 0.0294495 0.0395813 
512 0 0.63916 0.421875 0.0363159 0.044281 
506 0 0.961914 0.892578 0.0328064 0.0364685 
502 0 0.46875 0.467773 0.0347595 0.0487061 
446 0 0.651367 0.499023 0.0347595 0.0466003 
444 0 0.0109253 0.774902 0.0224304 0.0375061 
440 1 0.842285 0.138306 0.0304718 0.0420532 
421 0 0.57666 0.153076 0.0281219 0.0350342 
402 0 0.309326 0.192505 0.0324097 0.0391846 
338 0 0.498535 0.0240021 0.0375061 0.043457 
308 0 0.831055 0.983398 0.0281219 0.0333252 
302 0 0.364014 0.0375671 0.0343628 0.0419617 
264 0 0.260986 0.440918 0.0343628 0.0421753 
257 0 0.724121 0.774902 0.0304718 0.0343628 
49 0 0.552246 0.560547 0.0332031 0.0421753 
48 0 0.472656 0.416748 0.0421753 0.0572815 
45 0 0.486816 0.864746 0.0296936 0.0406189 
42 0 0.568848 0.103149 0.0289001 0.0354309 
41 0 0.300049 0.248169 0.0365295 0.0421753 
40 0 0.262451 0.364014 0.03125 0.0403748 
34 0 0.583496 0.121643 0.0324097 0.0397644 
32 0 0.243774 0.153076 0.0316467 0.0363159 
27 0 0.234375 0.578125 0.03125 0.0437622 
26 0 0.128906 0.200073 0.0389709 0.053894 
23 0 0.655273 0.204712 0.0328064 0.0391846 
22 0 0.282715 0.221924 0.0347595 0.0397034 
21 0 0.0841064 0.806152 0.03125 0.0401001 
20 0 0.493652 0.748047 0.0414124 0.0499878 
18 0 0.830566 0.435303 0.0328064 0.0416565 
17 0 0.192993 0.84668 0.0359497 0.0437622 
14 0 0.84668 0.755371 0.03125 0.0437622 
13 0 0.864746 0.412598 0.0328064 0.0416565 
12 0 0.936035 0.209595 0.0421753 0.058197 
7 0 0.709473 0.633301 0.0296936 0.0375061 
6 0 0.839844 0.860352 0.0265656 0.0375061 
5 0 0.853027 0.22998 0.0437622 0.0535278 
4 0 0.601562 0.213135 0.0292969 0.0367126 
3 0 0.766602 0.0958252 0.0296936 0.0375671 
2 0 0.238281 0.858398 0.0328064 0.0416565 
1 0 0.631348 0.606445 0.03125 0.0421753 
