434 0 0.281982 0.387451 0.0265656 0.0289001 
428 0 0.973633 0.86377 0.0375061 0.0447998 
424 0 0.638184 0.421143 0.0390625 0.0510559 
421 0 0.577148 0.153076 0.0292969 0.035553 
419 0 0.469971 0.468262 0.0335999 0.0479126 
417 0 0.609375 0.557129 0.0308533 0.0421753 
402 0 0.311035 0.189575 0.0318298 0.0375061 
371 0 0.529785 0.983398 0.0335999 0.033844 
348 0 0.0845947 0.278076 0.038147 0.0471497 
338 0 0.500977 0.0229187 0.0328064 0.0379028 
308 0 0.831055 0.983398 0.0281219 0.0333252 
302 0 0.366455 0.0271301 0.0328064 0.0376587 
264 0 0.260254 0.438477 0.0335999 0.0406189 
257 0 0.725098 0.773926 0.0281219 0.0354309 
236 0 0.0732422 0.537598 0.0348206 0.0387878 
49 0 0.56543 0.529785 0.03125 0.0403748 
48 0 0.478027 0.412598 0.0375061 0.0479126 
45 0 0.486816 0.865723 0.0296936 0.0432434 
42 0 0.568848 0.103149 0.0289001 0.0354309 
41 0 0.262451 0.228638 0.0341797 0.0423279 
40 0 0.273438 0.353027 0.0285187 0.0395813 
39 0 0.65918 0.0799561 0.0316467 0.0369568 
34 0 0.583496 0.121155 0.0316467 0.0384216 
32 0 0.249268 0.145874 0.0328064 0.0379639 
27 0 0.235107 0.577148 0.0304718 0.0426941 
26 0 0.129639 0.198975 0.0379028 0.0485535 
23 0 0.655762 0.193481 0.0351562 0.0419312 
22 0 0.284668 0.219849 0.0347595 0.0403748 
21 0 0.0838013 0.805176 0.0302734 0.0395813 
20 0 0.498047 0.745605 0.0429688 0.0499878 
18 0 0.830566 0.435303 0.0328064 0.0416565 
17 0 0.192993 0.845703 0.0359497 0.0453186 
14 0 0.84668 0.755371 0.0320435 0.0437622 
13 0 0.864258 0.412598 0.0335999 0.04245 
12 0 0.93457 0.212402 0.038269 0.0552063 
7 0 0.709473 0.633301 0.03125 0.0375061 
6 0 0.84082 0.857422 0.0273438 0.0395813 
5 0 0.853027 0.22998 0.0429688 0.0509033 
4 0 0.603027 0.213501 0.03125 0.0395813 
3 0 0.768555 0.0889282 0.0308533 0.0380859 
2 0 0.239868 0.857422 0.0328064 0.0395813 
1 0 0.62793 0.59375 0.0320435 0.0426941 
