644 0 0.541992 0.985352 0.03125 0.0291595 
607 0 0.601562 0.210083 0.03125 0.0390625 
588 0 0.973633 0.413574 0.0304718 0.0390625 
546 0 0.744629 0.0719604 0.0347595 0.0424805 
514 0 0.0897217 0.963379 0.0292511 0.0390625 
506 0 0.943848 0.933105 0.0335999 0.0375061 
446 0 0.797852 0.408936 0.0316467 0.0390625 
338 0 0.484375 0.0404968 0.0285187 0.0386658 
308 0 0.824219 0.987305 0.0265656 0.0249939 
302 0 0.35791 0.0541077 0.03125 0.0374146 
264 0 0.261719 0.438477 0.0328064 0.0385437 
257 0 0.719238 0.78125 0.0304718 0.0348816 
49 0 0.533691 0.588379 0.0332031 0.0421753 
48 0 0.460938 0.428467 0.0371094 0.0510559 
45 0 0.48584 0.864746 0.03125 0.0416565 
42 0 0.569336 0.103149 0.0296936 0.0354919 
41 0 0.310059 0.227295 0.0332031 0.042572 
40 0 0.245361 0.372314 0.028717 0.0387878 
34 0 0.583008 0.12085 0.0343628 0.0417175 
32 0 0.240601 0.161621 0.03125 0.0351562 
27 0 0.233643 0.576172 0.0296936 0.0437622 
26 0 0.130493 0.198975 0.0357361 0.0477905 
23 0 0.638184 0.234375 0.035553 0.0402222 
22 0 0.273438 0.234375 0.0343628 0.0395813 
21 0 0.0843506 0.805176 0.0281219 0.0354309 
20 0 0.489014 0.751953 0.0414124 0.0458374 
18 0 0.829102 0.434326 0.0328064 0.0403748 
17 0 0.192139 0.845703 0.0343628 0.0416565 
14 0 0.842285 0.754395 0.0343628 0.0489502 
13 0 0.864746 0.413574 0.0328064 0.0395813 
12 0 0.936035 0.208374 0.0375061 0.0545654 
7 0 0.709473 0.631348 0.03125 0.0416565 
6 0 0.834961 0.869141 0.0265656 0.0395813 
5 0 0.851562 0.235474 0.0406189 0.0480347 
3 0 0.757812 0.098938 0.0316467 0.0372314 
2 0 0.236694 0.857422 0.0296936 0.0380249 
1 0 0.630859 0.610352 0.0320435 0.0416565 
