199 0 0.308594 0.344238 0.0207062 0.026825 
198 0 0.835938 0.966797 0.0281219 0.0369873 
189 0 0.0127792 0.255127 0.0260925 0.0430908 
188 0 0.685059 0.567871 0.0296936 0.0390625 
132 0 0.638184 0.420654 0.035553 0.0484314 
112 0 0.585938 0.0720215 0.0308533 0.0361328 
111 0 0.743164 0.757324 0.0289001 0.0354309 
109 0 0.629883 0.804199 0.0375061 0.044281 
85 0 0.17981 0.409424 0.0300751 0.0385437 
62 0 0.251709 0.36084 0.0300751 0.0380249 
51 0 0.563965 0.160645 0.0281219 0.033844 
49 0 0.586914 0.497559 0.0328064 0.0401001 
48 0 0.496094 0.393555 0.0328064 0.0401001 
45 0 0.486816 0.865234 0.0296936 0.0385437 
44 0 0.568848 0.896973 0.0308533 0.0354309 
43 0 0.578125 0.151001 0.0308533 0.0354309 
42 0 0.567383 0.103149 0.0281219 0.035553 
41 0 0.220337 0.171875 0.0275421 0.0359497 
40 0 0.309814 0.311035 0.0283203 0.0377502 
39 0 0.772461 0.586426 0.0339966 0.0411377 
34 0 0.584473 0.122131 0.03125 0.0401001 
32 0 0.291504 0.109375 0.0275421 0.0354919 
31 0 0.246094 0.499512 0.0314331 0.0390625 
27 0 0.232666 0.575195 0.0281219 0.0416565 
26 0 0.132812 0.195801 0.0314331 0.0418091 
24 0 0.269043 0.417725 0.0300751 0.0359497 
23 0 0.666504 0.151733 0.0347595 0.0397644 
22 0 0.282715 0.217651 0.03125 0.0395813 
21 0 0.0828247 0.805176 0.0282745 0.0354309 
20 0 0.510254 0.729004 0.0421753 0.0499878 
18 0 0.828125 0.434326 0.0343628 0.0395813 
17 0 0.191406 0.844727 0.0328064 0.0395813 
16 0 0.323242 0.37915 0.03125 0.0387878 
14 0 0.853027 0.74707 0.0343628 0.0437622 
13 0 0.868652 0.408447 0.03125 0.0416565 
12 0 0.936035 0.209351 0.0406189 0.0562439 
7 0 0.708008 0.63623 0.0316467 0.0395813 
6 0 0.84375 0.842773 0.0296936 0.0380249 
5 0 0.853027 0.228149 0.046875 0.0562439 
4 0 0.602539 0.213501 0.0328064 0.0440063 
3 0 0.772461 0.0715942 0.0324097 0.0395203 
2 0 0.242554 0.856445 0.0306702 0.0416565 
1 0 0.646973 0.56543 0.0300751 0.0385437 
