246 0 0.0883179 0.964355 0.0299835 0.0375061 
244 0 0.987305 0.804199 0.0242157 0.0385437 
238 0 0.0211029 0.737305 0.0294189 0.0416565 
236 0 0.288574 0.422607 0.0300751 0.0359497 
228 0 0.734375 0.69873 0.0324097 0.0411377 
226 0 0.498047 0.0142136 0.03125 0.0274963 
211 0 0.307373 0.34375 0.021286 0.0283813 
198 0 0.835938 0.96875 0.0281219 0.0375061 
132 0 0.636719 0.420898 0.0359497 0.0499878 
109 0 0.629883 0.804199 0.0343628 0.0426941 
49 0 0.584473 0.505371 0.0343628 0.039856 
48 0 0.49292 0.39917 0.0328064 0.0401001 
45 0 0.486816 0.865723 0.0300751 0.0354309 
44 0 0.562012 0.913574 0.0296936 0.0343628 
43 0 0.578125 0.151855 0.03125 0.0350342 
42 0 0.567871 0.103149 0.0320435 0.0397034 
41 0 0.220703 0.177612 0.0271454 0.0386658 
40 0 0.300781 0.31665 0.0289001 0.0372314 
39 0 0.76709 0.502441 0.0324097 0.044281 
34 0 0.584961 0.122253 0.0328064 0.0404358 
32 0 0.279785 0.116882 0.0289001 0.0371094 
31 0 0.198242 0.393555 0.0292969 0.0333252 
27 0 0.234375 0.578125 0.0285187 0.0395813 
26 0 0.133545 0.194946 0.0326233 0.0426941 
24 0 0.26709 0.429688 0.0304718 0.0367126 
23 0 0.665527 0.161499 0.0359497 0.0410156 
22 0 0.281982 0.217896 0.0333862 0.0408936 
21 0 0.0836792 0.805176 0.0294495 0.0364685 
20 0 0.507812 0.72998 0.0406189 0.0520935 
18 0 0.829102 0.434326 0.0328064 0.0403748 
17 0 0.192139 0.84375 0.03125 0.0375061 
16 0 0.311523 0.394775 0.0300751 0.0367126 
14 0 0.851562 0.75 0.0343628 0.0458374 
13 0 0.868164 0.408447 0.0328064 0.0421753 
12 0 0.936035 0.209351 0.0406189 0.0575562 
7 0 0.708008 0.634766 0.0304718 0.0395813 
6 0 0.845215 0.844727 0.0296936 0.0359497 
5 0 0.853027 0.229126 0.0453186 0.0541687 
4 0 0.601562 0.212891 0.0324097 0.0393372 
3 0 0.773438 0.0739746 0.03125 0.0398254 
2 0 0.241455 0.856445 0.0296936 0.0385437 
1 0 0.635254 0.569824 0.0300751 0.0406189 
