845 0 0.101379 0.969727 0.0354614 0.0421753 
842 0 0.626465 0.0156555 0.0285187 0.0313416 
841 0 0.189575 0.805664 0.028717 0.0406189 
840 0 0.62793 0.802246 0.0343628 0.0416565 
836 0 0.5625 0.1604 0.026947 0.0333252 
835 0 0.191162 0.848145 0.0344849 0.0426941 
834 0 0.823242 0.987305 0.0273438 0.0249939 
810 0 0.408691 0.216919 0.035553 0.0451965 
800 0 0.308105 0.195801 0.0279236 0.0326843 
790 0 0.786621 0.244141 0.0324097 0.0390625 
777 0 0.744629 0.915527 0.0316467 0.0401001 
747 0 0.741211 0.13855 0.0292969 0.0353394 
729 0 0.716309 0.787598 0.0265656 0.0333252 
724 0 0.507812 0.03125 0.0249939 0.0332642 
712 0 0.22583 0.479736 0.0236359 0.0304718 
686 0 0.935059 0.206299 0.0375061 0.0502625 
645 0 0.637695 0.418701 0.0371094 0.0463562 
619 0 0.578125 0.148926 0.0281219 0.0354309 
607 0 0.602539 0.209351 0.0308533 0.0437622 
546 0 0.708984 0.146851 0.0320435 0.0411987 
446 0 0.861816 0.4104 0.0296936 0.0375061 
338 0 0.47583 0.0531616 0.0265656 0.0390015 
302 0 0.354004 0.0697632 0.0261688 0.0311584 
264 0 0.260986 0.434326 0.0281219 0.0354309 
49 0 0.502441 0.612305 0.0335999 0.0458374 
48 0 0.456299 0.464111 0.0343628 0.0408936 
45 0 0.487549 0.861328 0.03125 0.0395813 
42 0 0.570312 0.102112 0.026947 0.0333252 
41 0 0.245361 0.198486 0.0314331 0.0380249 
40 0 0.221924 0.398926 0.03125 0.0440063 
34 0 0.583496 0.12085 0.0328064 0.0375061 
32 0 0.210327 0.18335 0.0288086 0.0333252 
27 0 0.235962 0.567871 0.03125 0.0479126 
26 0 0.129639 0.195801 0.0341797 0.0455627 
23 0 0.625 0.240601 0.0324097 0.0395813 
22 0 0.264893 0.262451 0.0359497 0.0462341 
21 0 0.0843506 0.803223 0.0316772 0.0395813 
18 0 0.82666 0.431152 0.0320435 0.0375061 
14 0 0.842285 0.772461 0.0335999 0.0416565 
7 0 0.708496 0.629883 0.0328064 0.0426941 
6 0 0.831055 0.869629 0.0296936 0.0380249 
5 0 0.851562 0.234375 0.0406189 0.0479126 
2 0 0.236694 0.857422 0.0328064 0.0437622 
1 0 0.630371 0.615723 0.0296936 0.0401001 
