483 0 0.629883 0.804199 0.0332031 0.0406189 
482 0 0.57666 0.11145 0.035553 0.039978 
467 0 0.308594 0.807129 0.0275421 0.0354309 
446 0 0.661621 0.537109 0.0292969 0.0426941 
444 0 0.0132675 0.771973 0.0235138 0.0390625 
440 1 0.895996 0.167969 0.0328064 0.0418091 
434 0 0.278076 0.396973 0.0246124 0.0315247 
421 0 0.579102 0.153687 0.0273438 0.0335999 
402 0 0.311768 0.190918 0.0363159 0.040741 
338 0 0.498535 0.0239563 0.0343628 0.0396423 
308 0 0.831055 0.983398 0.0281219 0.0333252 
302 0 0.365967 0.0313721 0.03302 0.0391235 
264 0 0.260986 0.439697 0.0343628 0.04245 
257 0 0.723633 0.774902 0.03125 0.0375061 
49 0 0.557617 0.547852 0.03125 0.0401001 
48 0 0.47583 0.413574 0.0359497 0.04245 
45 0 0.487549 0.865723 0.03125 0.0432434 
42 0 0.568848 0.104126 0.0289001 0.0351562 
41 0 0.291504 0.24939 0.0332031 0.0387878 
40 0 0.269287 0.358398 0.0300751 0.0414124 
39 0 0.584961 0.0429077 0.03125 0.0371704 
34 0 0.583496 0.121094 0.0335999 0.0411377 
32 0 0.244385 0.153198 0.0332031 0.0385437 
27 0 0.234741 0.578125 0.0314331 0.0437622 
26 0 0.129639 0.199951 0.0381775 0.0502625 
23 0 0.655273 0.197876 0.0359497 0.0423279 
22 0 0.282715 0.217651 0.0343628 0.039856 
21 0 0.0828247 0.807129 0.03125 0.0390625 
20 0 0.496094 0.744629 0.0421753 0.0520935 
18 0 0.830566 0.435303 0.0328064 0.0416565 
17 0 0.192993 0.84668 0.0359497 0.0437622 
14 0 0.847656 0.754395 0.0328064 0.0458374 
13 0 0.864258 0.412598 0.0343628 0.0421753 
12 0 0.935059 0.209106 0.0375061 0.0533752 
7 0 0.709473 0.633301 0.03125 0.0395813 
6 0 0.839844 0.860352 0.0265656 0.0390625 
5 0 0.853027 0.229126 0.0421753 0.0497437 
4 0 0.602539 0.213623 0.0296936 0.0364685 
3 0 0.768066 0.0928345 0.0328064 0.039978 
2 0 0.239868 0.85791 0.0328064 0.0406189 
1 0 0.628906 0.600098 0.0308533 0.0390625 
