406 0 0.409668 0.216675 0.0411987 0.0544128 
403 0 0.654785 0.927246 0.0410156 0.0515747 
402 0 0.311035 0.190186 0.0308533 0.0372314 
396 0 0.775879 0.0125351 0.0324097 0.0244751 
394 0 0.63916 0.420898 0.0394592 0.0518188 
390 0 0.95166 0.263916 0.0343628 0.0440063 
373 0 0.46875 0.466553 0.0332031 0.0473938 
371 0 0.533691 0.976074 0.0328064 0.0348816 
348 0 0.135986 0.277344 0.0384827 0.0488281 
338 0 0.503418 0.0220184 0.0304718 0.0358276 
308 0 0.831055 0.981445 0.0281219 0.0333252 
302 0 0.36792 0.0229187 0.0328064 0.0368347 
264 0 0.260254 0.438477 0.0357361 0.0437622 
257 0 0.725586 0.773926 0.0296936 0.0354309 
236 0 0.107544 0.530273 0.0362854 0.0411377 
49 0 0.563965 0.541016 0.035553 0.04245 
48 0 0.478027 0.410889 0.0375061 0.0502625 
45 0 0.48584 0.866699 0.0335999 0.0447998 
42 0 0.569336 0.103149 0.0296936 0.0354309 
41 0 0.256104 0.214355 0.0351562 0.044281 
40 0 0.276611 0.3479 0.0304718 0.0411377 
39 0 0.693848 0.0926514 0.0316467 0.0421753 
34 0 0.584473 0.120972 0.03125 0.0383606 
32 0 0.251465 0.142822 0.0341797 0.0391235 
27 0 0.235107 0.578125 0.0328064 0.0453186 
26 0 0.130493 0.199219 0.0392456 0.0532532 
23 0 0.65625 0.190674 0.0375061 0.0430908 
22 0 0.284912 0.219116 0.0351562 0.04245 
21 0 0.0843506 0.805176 0.0308075 0.0395813 
20 0 0.496826 0.743652 0.0437622 0.0505066 
18 0 0.82959 0.435303 0.0343628 0.0416565 
17 0 0.192505 0.845703 0.0365295 0.0458374 
14 0 0.848633 0.755371 0.0343628 0.0447998 
13 0 0.864258 0.412598 0.0335999 0.0421753 
12 0 0.936035 0.209473 0.039856 0.0552063 
7 0 0.709473 0.633301 0.03125 0.0401001 
6 0 0.841309 0.857422 0.0265656 0.0380249 
5 0 0.853027 0.22937 0.0429688 0.0513 
4 0 0.602539 0.213501 0.0320435 0.0397034 
3 0 0.770508 0.0875244 0.03125 0.0369263 
2 0 0.240601 0.858398 0.0316467 0.0426941 
1 0 0.62793 0.589355 0.03125 0.0416565 
