293 0 0.575684 0.106262 0.0390625 0.0498657 
292 0 0.981934 0.826172 0.0296936 0.0385437 
289 0 0.657715 0.924805 0.0406189 0.0473938 
287 0 0.360596 0.04245 0.0316467 0.0360413 
269 0 0.42041 0.109619 0.0308533 0.0376892 
268 0 0.0374146 0.379883 0.0323792 0.0437622 
264 0 0.264893 0.438477 0.0306702 0.0369873 
263 0 0.782227 0.919922 0.0292969 0.0385437 
257 0 0.729492 0.767578 0.0304718 0.0354309 
252 0 0.541504 0.985352 0.0359497 0.0307312 
238 0 0.019516 0.748047 0.0296631 0.0432434 
236 0 0.197754 0.513184 0.0294952 0.038269 
198 0 0.833008 0.975098 0.0281219 0.0375061 
132 0 0.637695 0.420654 0.0351562 0.0458374 
109 0 0.628906 0.804199 0.0359497 0.0416565 
49 0 0.575195 0.516602 0.0324097 0.0385437 
48 0 0.489014 0.404053 0.0281219 0.0375061 
45 0 0.483643 0.864746 0.0390625 0.0458374 
44 0 0.549805 0.939453 0.0289001 0.033844 
43 0 0.577148 0.151123 0.0265656 0.0320435 
42 0 0.567871 0.103271 0.0296936 0.0360718 
41 0 0.222412 0.175171 0.0296936 0.0375061 
40 0 0.289795 0.323975 0.026947 0.0395813 
39 0 0.774414 0.303711 0.0304718 0.039856 
34 0 0.583008 0.119812 0.0308533 0.0395813 
32 0 0.266357 0.125 0.0302734 0.0376892 
31 0 0.117188 0.233643 0.0297852 0.0371094 
27 0 0.235107 0.578125 0.0306702 0.0437622 
26 0 0.13147 0.197754 0.0340881 0.0447998 
23 0 0.660645 0.17395 0.0351562 0.0395813 
22 0 0.281982 0.217651 0.0332031 0.0397034 
21 0 0.0836182 0.806152 0.0294495 0.0375061 
20 0 0.500977 0.73877 0.0445251 0.0520935 
18 0 0.829102 0.434326 0.0328064 0.039856 
17 0 0.192993 0.84375 0.0328064 0.0416565 
16 0 0.396729 0.471924 0.035553 0.0429688 
14 0 0.850586 0.75 0.0359497 0.0473938 
13 0 0.865723 0.4104 0.03125 0.0416565 
12 0 0.935059 0.209595 0.0390625 0.0565186 
7 0 0.708496 0.634277 0.0316467 0.0385437 
6 0 0.842285 0.852051 0.0281219 0.0348816 
5 0 0.852539 0.229004 0.0453186 0.0531311 
4 0 0.602539 0.212891 0.0296936 0.0364685 
3 0 0.772461 0.078125 0.0328064 0.0403442 
2 0 0.241455 0.854004 0.0328064 0.0416565 
1 0 0.632812 0.578125 0.03125 0.0395813 
