172 0 0.836914 0.964355 0.0296936 0.0375061 
171 0 0.983398 0.866211 0.0265656 0.0354309 
148 0 0.989258 0.787598 0.0218811 0.0380249 
132 0 0.635742 0.419434 0.0343628 0.0447998 
112 0 0.615723 0.083313 0.0316467 0.0401611 
111 0 0.743164 0.754395 0.0265656 0.033844 
109 0 0.630371 0.804199 0.0363159 0.0416565 
85 0 0.272705 0.481689 0.0306702 0.0375061 
76 0 0.777344 0.838379 0.0296936 0.0369873 
62 0 0.205688 0.318848 0.0299835 0.0385437 
51 0 0.563477 0.160156 0.0277405 0.033844 
49 0 0.586914 0.49585 0.0316467 0.0406189 
48 0 0.497559 0.390869 0.0328064 0.0380249 
45 0 0.486816 0.864746 0.0296936 0.0359497 
44 0 0.571289 0.889648 0.0292969 0.0333252 
43 0 0.578125 0.151001 0.0304718 0.0351562 
42 0 0.567383 0.103149 0.0281219 0.0354309 
41 0 0.216431 0.165894 0.0279236 0.0376282 
40 0 0.310059 0.310303 0.026947 0.0375061 
39 0 0.789062 0.635254 0.0339966 0.0390625 
34 0 0.585938 0.122498 0.0308533 0.0403137 
32 0 0.29541 0.105591 0.0285187 0.0367126 
31 0 0.258301 0.547363 0.03125 0.0403748 
29 0 0.0292053 0.73291 0.0287628 0.0395813 
27 0 0.236694 0.571777 0.0289001 0.0395813 
26 0 0.13208 0.196045 0.0328064 0.0446472 
25 0 0.668945 0.52002 0.0289001 0.0367126 
24 0 0.270996 0.418701 0.0296936 0.0372314 
23 0 0.665527 0.146973 0.0343628 0.0401001 
22 0 0.282715 0.217651 0.0333862 0.0397034 
21 0 0.0828247 0.805176 0.0281219 0.0354309 
20 0 0.510254 0.727539 0.0414124 0.0489502 
19 0 0.0891724 0.963379 0.0304718 0.0385437 
18 0 0.828125 0.43335 0.0328064 0.0416565 
17 0 0.19165 0.844727 0.0318298 0.0395813 
16 0 0.365234 0.339844 0.0290985 0.0359497 
14 0 0.853027 0.749023 0.0343628 0.0437622 
13 0 0.869629 0.408447 0.0296936 0.0416565 
12 0 0.936035 0.208618 0.0406189 0.0544128 
7 0 0.708496 0.638672 0.0296936 0.0385437 
6 0 0.847656 0.838379 0.0265656 0.0354309 
5 0 0.852539 0.228271 0.0453186 0.0559998 
4 0 0.602539 0.212769 0.0316467 0.039978 
3 0 0.770996 0.0695801 0.0296936 0.0348816 
2 0 0.242188 0.856445 0.0304718 0.0416565 
1 0 0.646973 0.561523 0.0285187 0.0364685 
