729 0 0.716309 0.78418 0.0296936 0.0354309 
728 0 0.194702 0.945312 0.034668 0.0479126 
724 0 0.506348 0.0260468 0.0249939 0.0353394 
712 0 0.237549 0.459473 0.0222626 0.0270844 
686 0 0.936523 0.207886 0.0359497 0.0518188 
676 0 0.142822 0.928223 0.0300751 0.0411377 
645 0 0.636719 0.418701 0.038269 0.0458374 
619 0 0.579102 0.151001 0.0296936 0.0358582 
607 0 0.602539 0.209351 0.0289001 0.0395813 
588 0 0.882812 0.678711 0.0296936 0.0385437 
546 0 0.720215 0.115356 0.0316467 0.0380859 
514 0 0.0890503 0.961426 0.03125 0.0385437 
446 0 0.858398 0.4104 0.0296936 0.0375061 
338 0 0.479004 0.0501709 0.0265656 0.0361328 
308 0 0.823242 0.98877 0.0281219 0.0229187 
302 0 0.355469 0.0656738 0.0289001 0.0354919 
264 0 0.260986 0.434326 0.0285187 0.0354309 
49 0 0.516602 0.606445 0.0328064 0.0432434 
48 0 0.459473 0.442627 0.0343628 0.044281 
45 0 0.488281 0.86377 0.0300751 0.0385437 
42 0 0.569336 0.101746 0.0296936 0.0365906 
41 0 0.300781 0.220215 0.0333862 0.039856 
40 0 0.232056 0.382324 0.0298767 0.039856 
34 0 0.583008 0.12085 0.0320435 0.0375061 
32 0 0.232056 0.171875 0.0296936 0.0350342 
27 0 0.235962 0.572754 0.0281219 0.0416565 
26 0 0.130493 0.197144 0.0328064 0.0423279 
23 0 0.627441 0.239624 0.0328064 0.0375061 
22 0 0.268066 0.243774 0.0328064 0.0376282 
21 0 0.0843506 0.804199 0.03125 0.0375061 
18 0 0.828125 0.43335 0.0343628 0.0395813 
17 0 0.190674 0.848145 0.0340881 0.0411377 
14 0 0.838867 0.754395 0.0335999 0.0489502 
7 0 0.709473 0.630371 0.03125 0.0395813 
6 0 0.833008 0.87207 0.0257874 0.0354309 
5 0 0.851562 0.236084 0.0429688 0.0505066 
3 0 0.754883 0.11145 0.0308533 0.0393372 
2 0 0.237549 0.857422 0.03125 0.0437622 
1 0 0.630371 0.614746 0.0296936 0.0390625 
