517 0 0.410156 0.217651 0.0421753 0.0562439 
514 0 0.0899048 0.963379 0.0295868 0.0395813 
512 0 0.638184 0.421875 0.0363159 0.0440063 
506 0 0.961914 0.892578 0.0328064 0.0359497 
502 0 0.468262 0.469238 0.0351562 0.0487061 
446 0 0.65332 0.496338 0.0351562 0.0466003 
444 0 0.0109024 0.774902 0.0222626 0.0375061 
440 1 0.84375 0.134766 0.03125 0.0419312 
421 0 0.57666 0.153076 0.0281219 0.0351562 
402 0 0.309326 0.192627 0.0320435 0.0393372 
338 0 0.498779 0.0239716 0.038269 0.0435791 
308 0 0.831055 0.983398 0.0281219 0.0333252 
302 0 0.364014 0.0368958 0.0343628 0.04245 
264 0 0.260986 0.440186 0.0343628 0.0421753 
257 0 0.724121 0.774902 0.0304718 0.0343628 
49 0 0.551758 0.561523 0.0335999 0.0421753 
48 0 0.471924 0.415283 0.042572 0.0578003 
45 0 0.486816 0.864746 0.0296936 0.0406189 
42 0 0.568848 0.103149 0.0289001 0.0354309 
41 0 0.300049 0.247925 0.0369263 0.0420532 
40 0 0.262451 0.364502 0.03125 0.0408936 
34 0 0.583496 0.121826 0.0324097 0.0397034 
32 0 0.243774 0.153076 0.0316467 0.0359497 
27 0 0.234375 0.578125 0.03125 0.0437622 
26 0 0.128906 0.199951 0.0390625 0.0540466 
23 0 0.655273 0.2052 0.0328064 0.0391846 
22 0 0.282715 0.221924 0.0347595 0.0397034 
21 0 0.0838013 0.807129 0.0316772 0.0401001 
20 0 0.494629 0.748047 0.0418091 0.0499878 
18 0 0.830566 0.435303 0.0328064 0.0416565 
17 0 0.192993 0.84668 0.0359497 0.0437622 
14 0 0.84668 0.755371 0.03125 0.0437622 
13 0 0.864746 0.412598 0.0328064 0.0416565 
12 0 0.936035 0.209351 0.0421753 0.0576782 
7 0 0.709961 0.633301 0.0292969 0.0375061 
6 0 0.839844 0.860352 0.0265656 0.0375061 
5 0 0.853027 0.22937 0.0437622 0.0526123 
4 0 0.602539 0.213379 0.0292969 0.0364685 
3 0 0.766602 0.0958252 0.0296936 0.0375061 
2 0 0.238281 0.858398 0.0328064 0.0416565 
1 0 0.631348 0.606445 0.03125 0.0421753 
