437 0 0.0146866 0.770996 0.0262451 0.0411377 
436 0 0.654785 0.928223 0.0406189 0.0520935 
428 0 0.973633 0.862305 0.0367126 0.0426941 
424 0 0.638184 0.421875 0.0390625 0.0487061 
421 0 0.577148 0.152466 0.0289001 0.0348816 
419 0 0.469482 0.46875 0.0332031 0.0481873 
417 0 0.613281 0.577148 0.0324097 0.0447998 
402 0 0.311523 0.189575 0.0320435 0.0375061 
371 0 0.532227 0.983398 0.0351562 0.0333252 
348 0 0.0808716 0.298096 0.0368652 0.0463562 
338 0 0.500977 0.0220032 0.0328064 0.0386047 
308 0 0.831055 0.983398 0.0281219 0.0333252 
302 0 0.365967 0.0278015 0.0333862 0.038208 
264 0 0.260254 0.439697 0.0339966 0.0408936 
257 0 0.725586 0.773926 0.0292969 0.0354309 
236 0 0.0680542 0.546387 0.0327759 0.0372314 
49 0 0.564941 0.530762 0.0304718 0.0380249 
48 0 0.478027 0.412354 0.0375061 0.0489502 
45 0 0.48584 0.865723 0.0304718 0.0432434 
42 0 0.568848 0.103149 0.0285187 0.0354309 
41 0 0.267578 0.229858 0.0376892 0.0437622 
40 0 0.272949 0.353027 0.028717 0.0395813 
39 0 0.653809 0.0760498 0.0332031 0.0380859 
34 0 0.583496 0.12085 0.03125 0.0377502 
32 0 0.249023 0.145874 0.0316467 0.0376282 
27 0 0.234375 0.578125 0.0306702 0.0437622 
26 0 0.129883 0.198975 0.0388794 0.0506592 
23 0 0.655273 0.192993 0.0359497 0.040741 
22 0 0.283936 0.21875 0.0349731 0.0411377 
21 0 0.0843506 0.805176 0.0309601 0.0395813 
20 0 0.496094 0.743652 0.0429688 0.0499878 
18 0 0.82959 0.436523 0.0320435 0.0408936 
17 0 0.193604 0.845703 0.036438 0.0458374 
14 0 0.84668 0.755371 0.0320435 0.0437622 
13 0 0.864746 0.412598 0.0328064 0.0421753 
12 0 0.929688 0.209839 0.0375061 0.0515747 
7 0 0.709473 0.634277 0.03125 0.0380249 
6 0 0.841309 0.857422 0.0265656 0.0395813 
5 0 0.852539 0.229248 0.0421753 0.0507812 
4 0 0.602539 0.2146 0.0304718 0.0387878 
3 0 0.768555 0.0895996 0.0316467 0.0406799 
2 0 0.239868 0.85791 0.0328064 0.0416565 
1 0 0.629883 0.593262 0.0308533 0.0395813 
