645 0 0.638184 0.421875 0.0367126 0.0440063 
619 0 0.578125 0.150024 0.03125 0.0375061 
607 0 0.601562 0.209473 0.03125 0.0387878 
588 0 0.975098 0.42334 0.0320435 0.0408936 
546 0 0.744629 0.0718384 0.0359497 0.043335 
514 0 0.0899048 0.962402 0.0295868 0.0385437 
506 0 0.943848 0.93457 0.0335999 0.0359497 
446 0 0.806152 0.411865 0.0335999 0.0387878 
338 0 0.484375 0.0405884 0.0285187 0.0391235 
308 0 0.824219 0.987305 0.0265656 0.0249939 
302 0 0.35791 0.0541992 0.03125 0.0374451 
264 0 0.261719 0.437988 0.0328064 0.0372314 
49 0 0.532715 0.588379 0.0324097 0.0411377 
48 0 0.463379 0.431152 0.038269 0.0531311 
45 0 0.486816 0.86377 0.0304718 0.0411377 
42 0 0.569336 0.103271 0.0296936 0.0358582 
41 0 0.310547 0.224976 0.0333862 0.0418091 
40 0 0.245361 0.371338 0.0283203 0.0387878 
34 0 0.583008 0.12085 0.0343628 0.0416565 
32 0 0.240601 0.162231 0.03125 0.0359497 
27 0 0.233643 0.576172 0.0296936 0.0437622 
26 0 0.129761 0.198975 0.0351562 0.0479126 
23 0 0.635742 0.235474 0.0363159 0.0412903 
22 0 0.273438 0.234497 0.0343628 0.0401001 
21 0 0.0843506 0.805176 0.0281219 0.0354309 
20 0 0.489746 0.751953 0.0418091 0.0458374 
18 0 0.82959 0.435303 0.0320435 0.0387878 
17 0 0.191406 0.845703 0.0350647 0.0416565 
14 0 0.842285 0.754395 0.0343628 0.0499878 
13 0 0.864746 0.413574 0.0328064 0.0395813 
12 0 0.936523 0.208618 0.0390625 0.0548096 
7 0 0.708496 0.631348 0.0328064 0.0416565 
6 0 0.834961 0.868652 0.0265656 0.0375061 
5 0 0.850098 0.237061 0.0414124 0.0466003 
3 0 0.757812 0.0985107 0.03125 0.0380249 
2 0 0.237061 0.856934 0.0302734 0.0385437 
1 0 0.630371 0.611328 0.0328064 0.0411377 
