686 0 0.936035 0.206787 0.0375061 0.0501404 
683 0 0.896973 0.411865 0.0289001 0.0393372 
676 0 0.139893 0.954102 0.0272522 0.0380249 
645 0 0.636719 0.418701 0.0359497 0.0460815 
619 0 0.579102 0.150024 0.0296936 0.0375061 
607 0 0.602539 0.210449 0.0304718 0.0416565 
588 0 0.931152 0.568848 0.0289001 0.0380249 
546 0 0.730469 0.0990601 0.0339966 0.0402222 
514 0 0.0882568 0.962402 0.0298309 0.0375061 
446 0 0.864258 0.413818 0.03125 0.0411377 
338 0 0.481201 0.0479431 0.0281219 0.0371704 
308 0 0.823242 0.98877 0.0281219 0.0229187 
302 0 0.35791 0.0615234 0.0281219 0.0354614 
264 0 0.261475 0.4375 0.0304718 0.0375061 
257 0 0.71875 0.782227 0.0308533 0.0354309 
49 0 0.524414 0.599121 0.0324097 0.0437622 
48 0 0.462158 0.442383 0.0367126 0.0499878 
45 0 0.486816 0.86377 0.0296936 0.0395813 
42 0 0.571289 0.104187 0.0296936 0.037384 
41 0 0.310547 0.224976 0.0332031 0.0408936 
40 0 0.239014 0.378174 0.0281219 0.0395813 
34 0 0.583008 0.119934 0.0339966 0.0429688 
32 0 0.237549 0.177124 0.03125 0.0332031 
27 0 0.235107 0.575195 0.0296936 0.0416565 
26 0 0.129639 0.197876 0.0343628 0.0453186 
23 0 0.630859 0.238525 0.0320435 0.0395813 
22 0 0.270996 0.239624 0.0324097 0.0411377 
21 0 0.0843506 0.804199 0.0287628 0.0375061 
20 0 0.490723 0.756348 0.0406189 0.0458374 
18 0 0.825684 0.432373 0.0359497 0.0426941 
17 0 0.191406 0.845703 0.0328064 0.0416565 
14 0 0.84082 0.754395 0.0343628 0.0499878 
7 0 0.709473 0.631348 0.03125 0.0406189 
6 0 0.833496 0.873047 0.0265656 0.0375061 
5 0 0.851562 0.236206 0.0414124 0.0488281 
3 0 0.756836 0.104187 0.0296936 0.0375671 
2 0 0.237549 0.858398 0.0306702 0.0416565 
1 0 0.631348 0.611328 0.03125 0.0395813 
