877 0 0.637695 0.414551 0.0375061 0.0499878 
870 0 0.622559 0.0166779 0.0308533 0.0334167 
867 0 0.62793 0.802246 0.0343628 0.0406189 
865 0 0.823242 0.987305 0.0281219 0.0249939 
860 0 0.0423889 0.984375 0.0354614 0.03125 
841 0 0.196289 0.711426 0.032135 0.0421753 
836 0 0.561035 0.159668 0.0281219 0.0361938 
835 0 0.190186 0.854004 0.0352478 0.0458374 
810 0 0.407715 0.217651 0.0341797 0.0404968 
800 0 0.307129 0.196655 0.026947 0.0326843 
790 0 0.796875 0.394531 0.03125 0.0385437 
747 0 0.735352 0.15625 0.0292969 0.0371094 
729 0 0.713867 0.787598 0.0304718 0.0375061 
724 0 0.506836 0.0324097 0.0265656 0.0340881 
712 0 0.221069 0.486572 0.0238342 0.0304718 
686 0 0.935059 0.206299 0.0359497 0.0497437 
619 0 0.578125 0.148926 0.0289001 0.035675 
607 0 0.602539 0.209351 0.0296936 0.0433655 
546 0 0.704102 0.158325 0.0332031 0.0420532 
446 0 0.861816 0.4104 0.0296936 0.0377502 
338 0 0.475098 0.0552368 0.026947 0.0395203 
302 0 0.35083 0.0736694 0.026947 0.0321045 
264 0 0.261475 0.431152 0.0277405 0.0375061 
49 0 0.489014 0.618164 0.03125 0.0437622 
48 0 0.453857 0.473877 0.0359497 0.0395813 
45 0 0.487549 0.861328 0.0343628 0.0432434 
42 0 0.569336 0.102112 0.0265656 0.0333252 
41 0 0.202393 0.247681 0.0300751 0.0404968 
40 0 0.212524 0.40625 0.0272522 0.0416565 
34 0 0.584473 0.12085 0.03125 0.0375061 
32 0 0.205444 0.194824 0.0300751 0.0354309 
27 0 0.235107 0.56543 0.0328064 0.0479126 
26 0 0.129639 0.195801 0.0315552 0.0419312 
23 0 0.624023 0.240601 0.0324097 0.0394592 
22 0 0.257812 0.272705 0.0345764 0.0415344 
21 0 0.0843506 0.802246 0.03125 0.0390625 
18 0 0.825684 0.431885 0.0296936 0.0361938 
14 0 0.834961 0.783203 0.0359497 0.0453186 
7 0 0.708496 0.629395 0.0328064 0.0416565 
6 0 0.831055 0.868652 0.03125 0.0411377 
5 0 0.851562 0.231201 0.0437622 0.0503845 
2 0 0.237305 0.856445 0.0320435 0.0426941 
1 0 0.631836 0.615723 0.0292969 0.0395813 
