724 0 0.505371 0.0253906 0.0253906 0.0358582 
723 0 0.564453 0.161499 0.0265656 0.0352783 
712 0 0.240601 0.456299 0.0242157 0.0286407 
686 0 0.936035 0.206543 0.0375061 0.0514221 
676 0 0.143555 0.932129 0.0297852 0.0390625 
645 0 0.63623 0.418701 0.0367126 0.0458374 
619 0 0.578125 0.149902 0.0281219 0.0371704 
607 0 0.602539 0.209351 0.0296936 0.0401001 
588 0 0.901367 0.640625 0.0304718 0.0395813 
546 0 0.723633 0.111206 0.0324097 0.0369873 
514 0 0.0882568 0.962402 0.0298309 0.0375061 
446 0 0.858398 0.4104 0.0296936 0.0377502 
338 0 0.479736 0.0489502 0.0265656 0.0352173 
308 0 0.823242 0.98877 0.0281219 0.0229187 
302 0 0.356201 0.0645752 0.0281219 0.0358276 
264 0 0.260986 0.435303 0.0310516 0.0369873 
257 0 0.717285 0.783203 0.0281219 0.0333252 
49 0 0.518066 0.60498 0.0328064 0.0437622 
48 0 0.460205 0.442627 0.035553 0.0481873 
45 0 0.487549 0.86377 0.03125 0.0395813 
42 0 0.569336 0.102112 0.0300751 0.0372925 
41 0 0.303955 0.220703 0.0326233 0.0406189 
40 0 0.233643 0.380127 0.0296936 0.039856 
34 0 0.583008 0.119751 0.03125 0.0389404 
32 0 0.235107 0.175049 0.0300751 0.0335999 
27 0 0.235107 0.572754 0.0296936 0.0416565 
26 0 0.130493 0.196899 0.0328064 0.0434875 
23 0 0.627441 0.239624 0.0320435 0.0377502 
22 0 0.268066 0.242676 0.0324097 0.0394592 
21 0 0.0836182 0.804199 0.0293427 0.0369873 
20 0 0.488281 0.759277 0.0379028 0.0437622 
18 0 0.82666 0.43335 0.0335999 0.0416565 
17 0 0.190674 0.84668 0.0340881 0.0437622 
14 0 0.838867 0.75293 0.0335999 0.0479126 
7 0 0.709473 0.630371 0.03125 0.0395813 
6 0 0.833008 0.87207 0.0281219 0.0380249 
5 0 0.850586 0.234009 0.0421753 0.0492249 
3 0 0.755371 0.110413 0.0304718 0.0384827 
2 0 0.237549 0.857422 0.0304718 0.0437622 
1 0 0.631348 0.61377 0.0289001 0.0395813 
