547 0 0.638672 0.422852 0.0367126 0.0466003 
546 0 0.757812 0.0501099 0.0343628 0.0455017 
543 0 0.575195 0.11145 0.0343628 0.0395203 
539 0 0.564941 0.161499 0.0296936 0.0361938 
514 0 0.0890503 0.962402 0.031311 0.0416565 
506 0 0.957031 0.90625 0.0328064 0.0375061 
446 0 0.686035 0.480469 0.0324097 0.044281 
440 1 0.796875 0.0959473 0.0292969 0.0368347 
421 0 0.577148 0.153076 0.0304718 0.0354309 
402 0 0.311035 0.193604 0.0341797 0.0426941 
338 0 0.495361 0.0290985 0.0359497 0.0427856 
308 0 0.829102 0.985352 0.0265656 0.0302124 
302 0 0.362549 0.0434875 0.0316467 0.0407104 
264 0 0.260986 0.439697 0.03125 0.0380249 
257 0 0.722656 0.775879 0.0296936 0.0354309 
49 0 0.545898 0.569824 0.0371094 0.0437622 
48 0 0.471924 0.425781 0.0402222 0.0567627 
45 0 0.486816 0.864746 0.0296936 0.0416565 
42 0 0.567871 0.104797 0.0296936 0.0368347 
41 0 0.302246 0.23877 0.038269 0.0441284 
40 0 0.25708 0.368652 0.0296936 0.0377502 
34 0 0.583496 0.122925 0.0335999 0.0419312 
32 0 0.243774 0.1521 0.0318298 0.0379028 
27 0 0.232788 0.578125 0.0306702 0.0432434 
26 0 0.128906 0.199951 0.0393677 0.0541687 
23 0 0.647949 0.218018 0.0359497 0.0403748 
22 0 0.278564 0.226074 0.0333862 0.0395813 
21 0 0.0843506 0.805176 0.0314026 0.0395813 
20 0 0.493652 0.749023 0.0414124 0.0479126 
18 0 0.82959 0.435303 0.0335999 0.0416565 
17 0 0.192139 0.84668 0.0344849 0.0437622 
14 0 0.845215 0.75293 0.0343628 0.0479126 
13 0 0.864258 0.413574 0.0335999 0.0437622 
12 0 0.936035 0.210083 0.039856 0.0570374 
7 0 0.708496 0.633301 0.0328064 0.0421753 
6 0 0.838379 0.861328 0.0265656 0.0364685 
5 0 0.853027 0.233887 0.0414124 0.0488281 
4 0 0.601562 0.212036 0.0289001 0.035675 
3 0 0.76416 0.0985718 0.0289001 0.0364685 
2 0 0.238281 0.858398 0.0332031 0.0432434 
1 0 0.628418 0.607422 0.0304718 0.0390625 
