512 0 0.638184 0.422852 0.0359497 0.0455627 
511 0 0.410889 0.217651 0.0406189 0.0565186 
509 0 0.532227 0.0137558 0.0296936 0.0298767 
506 0 0.963379 0.890625 0.0359497 0.0380249 
502 0 0.469482 0.465576 0.0328064 0.0489502 
486 0 0.765625 0.0345154 0.03125 0.039917 
446 0 0.659668 0.505371 0.0304718 0.039856 
444 0 0.011673 0.773926 0.0230865 0.0354309 
440 1 0.855469 0.146851 0.0296936 0.0376282 
421 0 0.575684 0.155151 0.0304718 0.0359497 
402 0 0.309814 0.191528 0.03302 0.0406189 
338 0 0.498535 0.0239563 0.0375061 0.0433655 
308 0 0.831055 0.983398 0.0281219 0.0333252 
302 0 0.364746 0.0365295 0.0351562 0.0433044 
264 0 0.260254 0.441162 0.0339966 0.0414124 
257 0 0.723633 0.774902 0.03125 0.0369873 
49 0 0.553711 0.558105 0.0347595 0.0426941 
48 0 0.473389 0.416748 0.0406189 0.0572815 
45 0 0.487549 0.865723 0.0289001 0.0395813 
42 0 0.569336 0.103149 0.0285187 0.0350952 
41 0 0.305176 0.251221 0.0349731 0.037384 
40 0 0.262939 0.363037 0.0298767 0.0408936 
34 0 0.584473 0.121887 0.03125 0.0395813 
32 0 0.243774 0.153931 0.0324097 0.0389404 
27 0 0.235107 0.578125 0.0328064 0.0437622 
26 0 0.12915 0.199951 0.0402222 0.0541687 
23 0 0.65625 0.202881 0.0343628 0.0412903 
22 0 0.283203 0.222046 0.0353394 0.0437622 
21 0 0.083313 0.807129 0.0309143 0.0395813 
20 0 0.494629 0.74707 0.0433655 0.0520935 
18 0 0.830566 0.435303 0.0328064 0.0416565 
17 0 0.192993 0.84668 0.0359497 0.0437622 
14 0 0.84668 0.755371 0.0320435 0.0437622 
13 0 0.864746 0.412598 0.0328064 0.0416565 
12 0 0.936035 0.210571 0.0414124 0.0578003 
7 0 0.709473 0.634277 0.03125 0.0406189 
6 0 0.839844 0.859375 0.0265656 0.0395813 
5 0 0.854004 0.228394 0.0421753 0.0503845 
4 0 0.601562 0.213623 0.0304718 0.0361938 
3 0 0.76709 0.0958252 0.0300751 0.0374451 
2 0 0.238647 0.858398 0.033783 0.0416565 
1 0 0.631836 0.60498 0.0300751 0.0401001 
