882 0 0.483643 0.76123 0.0421753 0.046875 
881 0 0.637695 0.417236 0.0371094 0.0502625 
870 0 0.622559 0.0166626 0.0304718 0.0335999 
867 0 0.62793 0.80127 0.0343628 0.0406189 
865 0 0.823242 0.987305 0.0281219 0.0249939 
841 0 0.178467 0.711914 0.0323181 0.0426941 
836 0 0.561035 0.1604 0.0281219 0.0375061 
835 0 0.188599 0.853027 0.0341797 0.0437622 
810 0 0.407715 0.216675 0.0345764 0.0418091 
800 0 0.307373 0.196533 0.0267639 0.033844 
790 0 0.806152 0.415527 0.0320435 0.039856 
747 0 0.734375 0.159058 0.0300751 0.038269 
729 0 0.714844 0.787598 0.0304718 0.0375061 
724 0 0.506348 0.0324097 0.0257874 0.0325623 
712 0 0.220947 0.488525 0.0234375 0.0309906 
686 0 0.936035 0.206299 0.0375061 0.0499878 
619 0 0.577148 0.148315 0.0296936 0.0348816 
607 0 0.602051 0.208374 0.0304718 0.0416565 
546 0 0.703125 0.159424 0.0339966 0.0438843 
446 0 0.861816 0.409424 0.0296936 0.0393372 
338 0 0.474121 0.0541687 0.0265656 0.038269 
302 0 0.350098 0.0750122 0.0257874 0.0332947 
264 0 0.261719 0.429688 0.0265656 0.0367126 
49 0 0.48584 0.618652 0.03125 0.0458374 
48 0 0.453125 0.477051 0.0375061 0.0416565 
45 0 0.487549 0.861328 0.0343628 0.0437622 
42 0 0.569336 0.101013 0.0273438 0.0352783 
41 0 0.193604 0.265137 0.0307617 0.0419312 
40 0 0.21167 0.409912 0.0272522 0.0429688 
34 0 0.583496 0.119812 0.0328064 0.0393982 
32 0 0.204712 0.196655 0.03125 0.038147 
27 0 0.235107 0.564453 0.0328064 0.0458374 
26 0 0.129639 0.195801 0.0340881 0.0421753 
23 0 0.625 0.239624 0.0335999 0.0416565 
22 0 0.257324 0.273926 0.0347595 0.0436096 
21 0 0.0836182 0.802246 0.0300293 0.0375061 
18 0 0.827148 0.43335 0.0265656 0.0333252 
14 0 0.834961 0.786621 0.0359497 0.0447998 
7 0 0.708008 0.629395 0.0316467 0.0416565 
6 0 0.830566 0.869629 0.0296936 0.0395813 
5 0 0.851562 0.231201 0.046875 0.0535278 
2 0 0.235962 0.856934 0.03125 0.0426941 
1 0 0.630859 0.616211 0.0304718 0.0406189 
