85 0 0.59082 0.580078 0.0320435 0.0401001 
76 0 0.628906 0.805176 0.0347595 0.0426941 
75 0 0.0453186 0.362549 0.0349731 0.04245 
67 0 0.988281 0.774902 0.0234375 0.0364685 
62 0 0.122681 0.25708 0.0341797 0.0404968 
53 0 0.584473 0.829102 0.0320435 0.0364685 
51 0 0.563965 0.161499 0.0281219 0.0346375 
49 0 0.585938 0.487061 0.0343628 0.0414124 
48 0 0.500977 0.386475 0.0296936 0.035675 
47 0 0.743164 0.744629 0.0273438 0.0354309 
46 0 0.0158386 0.228271 0.0323792 0.0432434 
45 0 0.486816 0.865723 0.0296936 0.0395813 
44 0 0.584473 0.879395 0.0316467 0.0354309 
43 0 0.578125 0.150269 0.0285187 0.0337219 
42 0 0.567383 0.101929 0.03125 0.0380249 
41 0 0.199585 0.137451 0.0286102 0.0405579 
40 0 0.314941 0.30835 0.0265656 0.0380249 
39 0 0.743164 0.77002 0.0281219 0.0343628 
38 0 0.0919189 0.49585 0.0327148 0.0434875 
37 0 0.94043 0.749023 0.0304718 0.0380249 
34 0 0.584961 0.122925 0.0300751 0.0376892 
32 0 0.30542 0.101685 0.0273438 0.0360107 
31 0 0.328857 0.662598 0.0314331 0.0426941 
29 0 0.0281982 0.728027 0.032074 0.0437622 
27 0 0.239014 0.578125 0.0285187 0.0411377 
26 0 0.133423 0.194824 0.03125 0.0437622 
25 0 0.618652 0.3479 0.0292969 0.0406189 
24 0 0.272705 0.413574 0.0306702 0.0390625 
23 0 0.666992 0.143188 0.038269 0.0440063 
22 0 0.281982 0.216675 0.0332031 0.0411377 
21 0 0.0836182 0.805176 0.0294952 0.0354309 
20 0 0.511719 0.72168 0.0394592 0.0479126 
19 0 0.0890503 0.963379 0.0310059 0.0395813 
18 0 0.828125 0.43335 0.0343628 0.0419312 
17 0 0.19165 0.844727 0.0305634 0.0364685 
16 0 0.391846 0.196655 0.0273438 0.0352783 
14 0 0.854004 0.749023 0.0328064 0.0437622 
13 0 0.868652 0.408447 0.03125 0.0416565 
12 0 0.935059 0.20813 0.0390625 0.053009 
9 0 0.636719 0.420898 0.0328064 0.0458374 
8 0 0.836914 0.963379 0.0296936 0.0395813 
7 0 0.707031 0.639648 0.0296936 0.0375061 
6 0 0.847656 0.836426 0.0265656 0.0369873 
5 0 0.853027 0.227051 0.046875 0.0544128 
4 0 0.602539 0.211426 0.0339966 0.0440063 
3 0 0.772461 0.0646362 0.0304718 0.0380859 
2 0 0.242798 0.854492 0.0300751 0.0385437 
1 0 0.646484 0.5625 0.0281219 0.0348816 
