810 0 0.408691 0.214844 0.0361328 0.0475159 
804 0 0.629883 0.0135574 0.0292969 0.0272064 
800 0 0.307861 0.194824 0.0249939 0.0316467 
792 0 0.086731 0.962402 0.0361328 0.046875 
790 0 0.791992 0.157837 0.0304718 0.0365906 
777 0 0.791016 0.859375 0.0304718 0.0375061 
769 0 0.989258 0.413086 0.0218811 0.0445251 
747 0 0.744629 0.13147 0.0292969 0.0365295 
729 0 0.716309 0.787598 0.0265656 0.0333252 
724 0 0.508789 0.0307159 0.0265656 0.0351868 
712 0 0.229248 0.475098 0.0224609 0.0291595 
686 0 0.936523 0.20813 0.0390625 0.0527344 
676 0 0.188599 0.853027 0.0415955 0.0505066 
645 0 0.637695 0.420898 0.0347595 0.0458374 
619 0 0.578125 0.148926 0.0281219 0.0354309 
607 0 0.600586 0.210449 0.0300751 0.0416565 
546 0 0.712402 0.140625 0.03125 0.0405579 
446 0 0.861816 0.409424 0.0296936 0.0354309 
338 0 0.476562 0.0527954 0.0281219 0.0388489 
302 0 0.354736 0.0697632 0.0285187 0.0354309 
264 0 0.260986 0.43335 0.0281219 0.0375061 
49 0 0.507812 0.609375 0.0343628 0.0479126 
48 0 0.457031 0.457275 0.0332031 0.0437622 
45 0 0.487549 0.862305 0.03125 0.0416565 
42 0 0.571289 0.102112 0.0296936 0.0335999 
41 0 0.280762 0.197876 0.0314331 0.0401001 
40 0 0.225342 0.39209 0.0294952 0.04245 
34 0 0.583008 0.121826 0.0343628 0.0386658 
32 0 0.216064 0.176025 0.0318298 0.0350342 
27 0 0.235962 0.569824 0.0308533 0.0437622 
26 0 0.129639 0.196045 0.0345764 0.0472717 
23 0 0.625977 0.240601 0.0328064 0.0395813 
22 0 0.26709 0.25415 0.0335999 0.0458374 
21 0 0.0843506 0.803223 0.0316467 0.0395813 
18 0 0.82666 0.431152 0.03125 0.0375061 
14 0 0.831055 0.763672 0.0335999 0.0453186 
7 0 0.708496 0.631348 0.0328064 0.0411377 
6 0 0.833008 0.869629 0.0281219 0.0385437 
5 0 0.851562 0.234375 0.0414124 0.0516968 
2 0 0.237549 0.857422 0.03125 0.044281 
1 0 0.630371 0.615723 0.0296936 0.0395813 
