213 0 0.89209 0.875977 0.0289001 0.0380249 
211 0 0.307861 0.34375 0.0224609 0.0286407 
198 0 0.835938 0.967773 0.0281219 0.0390625 
189 0 0.01091 0.260498 0.0219421 0.0415344 
188 0 0.717773 0.626953 0.03125 0.0385437 
132 0 0.636719 0.421875 0.035553 0.0476685 
112 0 0.610352 0.0169067 0.0296936 0.0365601 
111 0 0.742188 0.757812 0.0257874 0.0343628 
109 0 0.629883 0.805176 0.0343628 0.0426941 
85 0 0.10791 0.333252 0.0302277 0.0387878 
62 0 0.275879 0.382324 0.0306702 0.0390625 
49 0 0.584961 0.500977 0.0328064 0.0395813 
48 0 0.494141 0.396973 0.03125 0.0403748 
45 0 0.486816 0.865723 0.0296936 0.0354309 
44 0 0.56543 0.904297 0.0281219 0.0302124 
43 0 0.578125 0.150024 0.03125 0.0379639 
42 0 0.567871 0.104614 0.0316467 0.039978 
41 0 0.219482 0.179321 0.026947 0.0372314 
40 0 0.306641 0.314697 0.0275421 0.0375061 
39 0 0.762695 0.55127 0.0328064 0.0401001 
34 0 0.583496 0.121216 0.0316467 0.0421753 
32 0 0.2854 0.112915 0.0285187 0.0360107 
31 0 0.240479 0.448486 0.0339966 0.0414124 
27 0 0.237549 0.57373 0.0283203 0.0395813 
26 0 0.133301 0.19519 0.0324097 0.04245 
24 0 0.266357 0.424561 0.0324097 0.0414124 
23 0 0.666992 0.15625 0.0351562 0.0418091 
22 0 0.283203 0.217651 0.033783 0.039856 
21 0 0.0836182 0.805176 0.0297394 0.0395813 
20 0 0.507812 0.72998 0.0406189 0.0520935 
18 0 0.828125 0.434326 0.0343628 0.0426941 
17 0 0.192139 0.844727 0.03125 0.0395813 
16 0 0.307617 0.393311 0.0304718 0.0390625 
14 0 0.850586 0.748047 0.0359497 0.0458374 
13 0 0.868164 0.409424 0.0328064 0.0437622 
12 0 0.936035 0.208374 0.0406189 0.0589905 
7 0 0.709473 0.63623 0.0292969 0.0375061 
6 0 0.847656 0.841797 0.0281219 0.0348816 
5 0 0.853027 0.229126 0.0445251 0.0541687 
4 0 0.599609 0.210938 0.0320435 0.042572 
3 0 0.773438 0.0739746 0.0300751 0.0391541 
2 0 0.242188 0.856934 0.03125 0.0426941 
1 0 0.63916 0.56543 0.0300751 0.0395813 
