292 0 0.98291 0.825195 0.03125 0.0411377 
289 0 0.65625 0.923828 0.0402222 0.0479126 
287 0 0.385986 0.0556946 0.0298767 0.0374451 
269 0 0.392578 0.0919189 0.0290985 0.0351562 
268 0 0.0368042 0.37915 0.0332642 0.0434875 
264 0 0.26416 0.4375 0.03125 0.0375061 
263 0 0.787598 0.909668 0.0281219 0.0416565 
257 0 0.730469 0.766113 0.0292969 0.0343628 
252 0 0.541504 0.984375 0.0359497 0.0307312 
238 0 0.0195007 0.74707 0.0296936 0.0437622 
236 0 0.200806 0.508301 0.0288086 0.0375061 
198 0 0.833008 0.975098 0.0281219 0.0375061 
132 0 0.636719 0.419678 0.035553 0.0453186 
109 0 0.629395 0.805176 0.0359497 0.0426941 
49 0 0.575684 0.515137 0.0316467 0.038269 
48 0 0.489014 0.404053 0.0285187 0.0375061 
45 0 0.48291 0.86377 0.0375061 0.044281 
44 0 0.551758 0.936523 0.0281219 0.0322876 
43 0 0.578125 0.1521 0.0281219 0.0332031 
42 0 0.567871 0.102173 0.0296936 0.0377502 
41 0 0.220459 0.18103 0.0277405 0.037384 
40 0 0.290283 0.324707 0.0275421 0.0390625 
39 0 0.785645 0.324463 0.0304718 0.0414124 
34 0 0.584473 0.119812 0.03125 0.0393982 
32 0 0.266602 0.125732 0.0316467 0.0383606 
31 0 0.129517 0.251709 0.0302734 0.0394592 
27 0 0.235962 0.578125 0.03125 0.0437622 
26 0 0.13208 0.195801 0.0344849 0.0450439 
23 0 0.661133 0.17395 0.0343628 0.0397034 
22 0 0.282715 0.218628 0.0341797 0.0408936 
21 0 0.0843506 0.806152 0.0284729 0.0375061 
20 0 0.501465 0.737793 0.0433655 0.0510559 
18 0 0.829102 0.434326 0.0328064 0.0395813 
17 0 0.192383 0.84375 0.032135 0.0416565 
16 0 0.394043 0.466064 0.0343628 0.0414124 
14 0 0.852539 0.75 0.0359497 0.0458374 
13 0 0.865723 0.4104 0.03125 0.0416565 
12 0 0.936035 0.210449 0.0406189 0.0579529 
7 0 0.708496 0.633301 0.0308533 0.0385437 
6 0 0.842285 0.850098 0.0273438 0.0333252 
5 0 0.852539 0.227051 0.0453186 0.053772 
4 0 0.600586 0.20813 0.03125 0.0389404 
3 0 0.772461 0.0760498 0.0328064 0.0401917 
2 0 0.241455 0.854004 0.0326233 0.0416565 
1 0 0.631836 0.577148 0.0308533 0.0390625 
