296 0 0.500977 0.0197449 0.0296936 0.0358276 
293 0 0.577148 0.106262 0.0390625 0.0499878 
292 0 0.981934 0.827148 0.0296936 0.0375061 
289 0 0.657715 0.92627 0.0406189 0.0479126 
287 0 0.354248 0.0745239 0.03125 0.037262 
269 0 0.420654 0.0596924 0.0304718 0.0393677 
264 0 0.263428 0.437988 0.0316467 0.038269 
263 0 0.796387 0.942383 0.0304718 0.0385437 
257 0 0.72998 0.766602 0.0296936 0.0364685 
252 0 0.541504 0.984375 0.0363159 0.03125 
238 0 0.0195312 0.749023 0.0296936 0.0437622 
236 0 0.205322 0.517578 0.0296936 0.0393372 
198 0 0.833496 0.975098 0.0281219 0.0375061 
132 0 0.637207 0.420898 0.0351562 0.0458374 
109 0 0.628906 0.804199 0.0359497 0.0421753 
49 0 0.575195 0.519043 0.0320435 0.0380249 
48 0 0.489746 0.405029 0.0285187 0.0380249 
45 0 0.483643 0.865723 0.0390625 0.046875 
44 0 0.549316 0.939453 0.0300751 0.0333252 
42 0 0.567871 0.103149 0.0292969 0.0354309 
41 0 0.223877 0.179932 0.028717 0.038269 
40 0 0.289062 0.325928 0.0277405 0.0387878 
39 0 0.786133 0.294189 0.0332031 0.04245 
34 0 0.583496 0.119812 0.0324097 0.0395813 
32 0 0.265625 0.125732 0.0310516 0.038147 
31 0 0.104187 0.252197 0.028656 0.0332031 
27 0 0.235352 0.577148 0.0300751 0.0421753 
26 0 0.13208 0.197876 0.033783 0.0457153 
23 0 0.661133 0.17395 0.0367126 0.0395813 
22 0 0.281982 0.217651 0.03302 0.0395813 
21 0 0.0836182 0.806152 0.0295868 0.0375061 
20 0 0.500977 0.737305 0.0449219 0.0536499 
18 0 0.829102 0.43457 0.0328064 0.0411377 
17 0 0.192993 0.84375 0.0328064 0.0416565 
16 0 0.400879 0.464111 0.0361328 0.0429688 
14 0 0.850586 0.75 0.0359497 0.0458374 
13 0 0.865723 0.4104 0.03125 0.0414124 
12 0 0.936035 0.209595 0.0406189 0.0569153 
7 0 0.708008 0.633789 0.0328064 0.0416565 
6 0 0.842285 0.852051 0.0249939 0.0333252 
5 0 0.852539 0.228149 0.0453186 0.0520935 
4 0 0.603027 0.2146 0.03125 0.0371094 
3 0 0.772461 0.0774536 0.0328064 0.0402222 
2 0 0.240601 0.854004 0.0322266 0.0416565 
1 0 0.632812 0.580078 0.03125 0.0395813 
