870 0 0.622559 0.0166626 0.0292969 0.0332336 
867 0 0.62793 0.80127 0.0343628 0.0411377 
865 0 0.822754 0.987305 0.0265656 0.0249939 
860 0 0.0426636 0.984375 0.0349426 0.03125 
841 0 0.194092 0.712402 0.0319214 0.0453186 
836 0 0.561035 0.159424 0.0281219 0.0345154 
835 0 0.192993 0.85498 0.0359497 0.0479126 
810 0 0.407715 0.217651 0.033783 0.0432434 
800 0 0.307129 0.196899 0.0267639 0.0339966 
790 0 0.783203 0.394531 0.0289001 0.0380249 
747 0 0.735352 0.155151 0.0273438 0.0352783 
729 0 0.714844 0.788574 0.0296936 0.0354309 
724 0 0.506836 0.0333252 0.0265656 0.0327454 
712 0 0.221924 0.486572 0.0246124 0.0309906 
686 0 0.935059 0.206299 0.0359497 0.0497437 
619 0 0.577148 0.147949 0.0285187 0.0335388 
607 0 0.602539 0.209229 0.0292969 0.0434875 
546 0 0.70459 0.157349 0.03125 0.0394592 
446 0 0.861816 0.409912 0.0296936 0.0387878 
338 0 0.474121 0.0548401 0.0265656 0.0380859 
302 0 0.351562 0.0731812 0.0275421 0.0329285 
264 0 0.260986 0.431152 0.0281219 0.0375061 
49 0 0.489014 0.616699 0.03125 0.0416565 
48 0 0.45459 0.472168 0.0375061 0.0401001 
45 0 0.486816 0.861328 0.0335999 0.0426941 
42 0 0.569336 0.102112 0.0273438 0.0333252 
41 0 0.197998 0.247192 0.0318298 0.0394592 
40 0 0.213257 0.40625 0.0266571 0.0416565 
34 0 0.583984 0.120728 0.0304718 0.0380249 
32 0 0.206299 0.194824 0.0311584 0.035553 
27 0 0.235107 0.564453 0.0328064 0.049469 
26 0 0.128906 0.195923 0.0328979 0.04245 
23 0 0.624023 0.239624 0.0324097 0.0377502 
22 0 0.258545 0.270752 0.035553 0.0416565 
21 0 0.0843506 0.802246 0.0319214 0.0411377 
18 0 0.827148 0.432373 0.0296936 0.0354309 
14 0 0.834961 0.78418 0.0359497 0.0437622 
7 0 0.708008 0.629395 0.0324097 0.0416565 
6 0 0.831055 0.869629 0.03125 0.0401001 
5 0 0.850586 0.231689 0.0421753 0.0489502 
2 0 0.235962 0.857422 0.0316467 0.0437622 
1 0 0.631836 0.615723 0.0296936 0.0395813 
