612 2 0.0124969 0.725586 0.0253906 0.0375061 
610 0 0.252441 0.431152 0.0240173 0.0328064 
609 0 0.49292 0.0297089 0.0316467 0.0385132 
607 0 0.601562 0.212036 0.03125 0.0384216 
599 0 0.575195 0.11145 0.0343628 0.0404358 
588 0 0.98291 0.384033 0.0296936 0.0375061 
547 0 0.637695 0.421387 0.0375061 0.0445251 
546 0 0.75 0.0687256 0.0328064 0.0426941 
514 0 0.0890503 0.963379 0.031311 0.0437622 
506 0 0.946777 0.927246 0.0343628 0.0375061 
446 0 0.756348 0.38916 0.0296936 0.0393372 
338 0 0.487549 0.0385742 0.0304718 0.0393372 
308 0 0.825195 0.986328 0.0281219 0.0270844 
302 0 0.358643 0.0529175 0.028717 0.0352783 
264 0 0.26123 0.4375 0.0316467 0.0369873 
257 0 0.71875 0.780273 0.0304718 0.0354309 
49 0 0.536621 0.584473 0.0328064 0.0437622 
48 0 0.467285 0.430664 0.0371094 0.0531311 
45 0 0.485107 0.864258 0.0316467 0.0426941 
42 0 0.568848 0.104187 0.0281219 0.0333252 
41 0 0.312012 0.228638 0.0332031 0.0401001 
40 0 0.247681 0.37085 0.0298767 0.0411377 
34 0 0.583008 0.12146 0.0339966 0.04245 
32 0 0.242188 0.157349 0.0308533 0.0348816 
27 0 0.233643 0.578125 0.0292969 0.0421753 
26 0 0.130493 0.199951 0.0359497 0.0496216 
23 0 0.639648 0.232056 0.0351562 0.0410156 
22 0 0.27417 0.2323 0.0324097 0.0390625 
21 0 0.0836182 0.806152 0.029541 0.0369873 
20 0 0.490234 0.751953 0.0414124 0.0458374 
18 0 0.82959 0.434326 0.0335999 0.0408936 
17 0 0.192139 0.845703 0.034668 0.0416565 
14 0 0.84375 0.754395 0.0351562 0.0499878 
13 0 0.864258 0.413574 0.0335999 0.0437622 
12 0 0.936523 0.208618 0.0390625 0.056366 
7 0 0.709473 0.631348 0.0324097 0.0416565 
6 0 0.835938 0.866699 0.0265656 0.0416565 
5 0 0.851562 0.235229 0.0414124 0.049469 
3 0 0.760742 0.0999756 0.03125 0.0375061 
2 0 0.237549 0.857422 0.0306702 0.0395813 
1 0 0.631836 0.610352 0.0324097 0.0416565 
