308 0 0.833008 0.977051 0.0273438 0.033844 
302 0 0.372314 0.0121307 0.0283203 0.02388 
300 0 0.311768 0.189575 0.0292969 0.0367126 
296 0 0.495361 0.021225 0.0285187 0.0361328 
292 0 0.979492 0.835449 0.03125 0.0380249 
289 0 0.655273 0.927246 0.0402222 0.0489502 
287 0 0.308105 0.118225 0.0320435 0.0397644 
264 0 0.261719 0.438477 0.0320435 0.0395813 
263 0 0.803223 0.981445 0.0289001 0.0359497 
257 0 0.728027 0.769043 0.0292969 0.0354309 
252 0 0.541016 0.985352 0.0351562 0.0291595 
238 0 0.0187378 0.75293 0.0281525 0.0432434 
236 0 0.168335 0.524414 0.0319214 0.0408936 
132 0 0.637695 0.420898 0.0359497 0.046875 
109 0 0.628906 0.804199 0.0359497 0.0416565 
49 0 0.571777 0.523926 0.0343628 0.0403748 
48 0 0.488281 0.405273 0.0296936 0.039856 
45 0 0.483643 0.866699 0.0390625 0.0458374 
44 0 0.546875 0.944824 0.0281219 0.03125 
42 0 0.569336 0.102112 0.0296936 0.0371094 
41 0 0.22583 0.182251 0.0292969 0.0394592 
40 0 0.287598 0.330322 0.0281219 0.039856 
39 0 0.756836 0.249756 0.03125 0.038147 
34 0 0.583496 0.119812 0.0324097 0.039856 
32 0 0.260254 0.126099 0.0298767 0.0391846 
31 0 0.0858154 0.187744 0.0303192 0.039856 
27 0 0.235718 0.579102 0.0316467 0.0458374 
26 0 0.13147 0.198975 0.0340881 0.0441284 
23 0 0.661133 0.179199 0.0343628 0.0412903 
22 0 0.282715 0.21875 0.0339966 0.0410156 
21 0 0.0836182 0.806152 0.0296936 0.0390625 
20 0 0.498535 0.739746 0.0437622 0.0499878 
18 0 0.82959 0.435303 0.0343628 0.0411377 
17 0 0.192261 0.844727 0.0341797 0.0437622 
16 0 0.426514 0.422363 0.0339966 0.04245 
14 0 0.850098 0.750977 0.0351562 0.0437622 
13 0 0.865723 0.4104 0.03125 0.0416565 
12 0 0.936523 0.21106 0.0390625 0.0559998 
7 0 0.708496 0.634277 0.0328064 0.0411377 
6 0 0.84375 0.853027 0.0257874 0.0354309 
5 0 0.853027 0.228516 0.0445251 0.0533752 
4 0 0.602539 0.2146 0.0304718 0.0372314 
3 0 0.772461 0.078125 0.0328064 0.0395813 
2 0 0.240967 0.853027 0.0306702 0.0406189 
1 0 0.631836 0.58252 0.0304718 0.0395813 
