354 0 0.0164032 0.760254 0.0265656 0.0385437 
352 0 0.578125 0.152954 0.0289001 0.0359497 
348 0 0.255371 0.242676 0.0308533 0.0386658 
338 0 0.503906 0.0197906 0.0304718 0.0353394 
330 0 0.309326 0.193726 0.0306702 0.0363159 
308 0 0.831055 0.979004 0.0289001 0.0375061 
302 0 0.373535 0.0166931 0.0281219 0.0292816 
289 0 0.657227 0.927246 0.0421753 0.0499878 
264 0 0.261719 0.438477 0.0328064 0.0393372 
257 0 0.725586 0.772949 0.0296936 0.033844 
252 0 0.541504 0.986328 0.0335999 0.0270844 
236 0 0.142822 0.534668 0.0319214 0.0387878 
132 0 0.637695 0.421875 0.039856 0.0484314 
49 0 0.568848 0.530273 0.0316467 0.0395813 
48 0 0.480469 0.40918 0.0359497 0.0484314 
45 0 0.486816 0.865723 0.0320435 0.0437622 
42 0 0.569336 0.10376 0.0296936 0.0360107 
41 0 0.238037 0.188721 0.0289001 0.0380249 
40 0 0.282715 0.337402 0.0281219 0.0375061 
39 0 0.733398 0.154053 0.0308533 0.0387878 
34 0 0.583496 0.12085 0.0332031 0.0418701 
32 0 0.263184 0.131592 0.0304718 0.0390015 
27 0 0.235107 0.578125 0.0320435 0.044281 
26 0 0.130127 0.19873 0.0369263 0.0449219 
23 0 0.658691 0.185425 0.0359497 0.0416565 
22 0 0.283691 0.218506 0.0353394 0.042572 
21 0 0.0838013 0.805176 0.0299835 0.0395813 
20 0 0.496826 0.739258 0.0437622 0.0520935 
18 0 0.829102 0.434326 0.0328064 0.0426941 
17 0 0.192139 0.845703 0.0343628 0.0416565 
16 0 0.467285 0.502441 0.0332031 0.0447998 
14 0 0.849121 0.754395 0.0359497 0.0458374 
13 0 0.864746 0.412598 0.0328064 0.0421753 
12 0 0.936035 0.210449 0.0375061 0.0544128 
7 0 0.709473 0.633789 0.03125 0.0385437 
6 0 0.842285 0.854004 0.0281219 0.0375061 
5 0 0.851562 0.22937 0.0437622 0.0536499 
4 0 0.602539 0.2146 0.0328064 0.0416565 
3 0 0.771973 0.0823364 0.0320435 0.0397339 
2 0 0.239868 0.858398 0.0332031 0.0421753 
1 0 0.630371 0.585449 0.0328064 0.0416565 
