659 0 0.56543 0.1604 0.0277405 0.0332031 
645 0 0.638184 0.421387 0.0359497 0.0453186 
619 0 0.578125 0.150146 0.03125 0.0372314 
607 0 0.601562 0.211426 0.03125 0.0395813 
588 0 0.964844 0.454102 0.03125 0.0387878 
546 0 0.743652 0.0802002 0.0332031 0.0401917 
514 0 0.0893555 0.963379 0.0301208 0.0395813 
506 0 0.942383 0.939453 0.03125 0.0375061 
446 0 0.820312 0.405029 0.0328064 0.0401001 
338 0 0.484375 0.0426331 0.0281219 0.0386963 
308 0 0.822754 0.987305 0.0265656 0.0249939 
302 0 0.357422 0.0559387 0.028717 0.0365601 
264 0 0.259766 0.4375 0.0333862 0.0380249 
257 0 0.717773 0.78125 0.0292969 0.033844 
49 0 0.532227 0.591309 0.0300751 0.0406189 
48 0 0.457764 0.429199 0.0375061 0.0505066 
45 0 0.486816 0.86377 0.0296936 0.0406189 
42 0 0.569336 0.103149 0.0296936 0.0357361 
41 0 0.316406 0.223999 0.03302 0.039978 
40 0 0.243774 0.372803 0.0277405 0.0377502 
34 0 0.583008 0.121094 0.0343628 0.0421143 
32 0 0.238281 0.167847 0.0289001 0.033844 
27 0 0.234009 0.576172 0.0290985 0.0437622 
26 0 0.131104 0.198975 0.0348511 0.0479126 
23 0 0.635254 0.235474 0.0359497 0.0416565 
22 0 0.27417 0.23645 0.0328064 0.0395813 
21 0 0.0843506 0.805176 0.0281677 0.0354309 
20 0 0.491455 0.751465 0.0410156 0.046875 
18 0 0.82959 0.43457 0.03125 0.0380249 
17 0 0.191406 0.845703 0.0332947 0.0416565 
14 0 0.842285 0.754395 0.0343628 0.0489502 
13 0 0.864258 0.413574 0.0320435 0.0395813 
12 0 0.936035 0.208374 0.0390625 0.0546875 
7 0 0.708496 0.631348 0.0328064 0.0416565 
6 0 0.834473 0.869141 0.0257874 0.0385437 
5 0 0.851562 0.23645 0.0421753 0.0516968 
3 0 0.759277 0.100708 0.03125 0.0354309 
2 0 0.237915 0.857422 0.0290985 0.0395813 
1 0 0.629883 0.611328 0.03125 0.0395813 
