686 0 0.936035 0.20752 0.0375061 0.0516968 
683 0 0.879883 0.347168 0.0335999 0.0390625 
676 0 0.149048 0.962402 0.0277405 0.0375061 
645 0 0.636719 0.418701 0.035553 0.0460815 
619 0 0.579102 0.150024 0.0308533 0.0375061 
607 0 0.603027 0.210449 0.03125 0.0420532 
588 0 0.919434 0.524414 0.0359497 0.0447998 
546 0 0.73291 0.0946655 0.0343628 0.0439453 
514 0 0.0882568 0.962402 0.0293427 0.0375061 
446 0 0.865723 0.414551 0.0335999 0.04245 
338 0 0.481934 0.046936 0.0296936 0.0393982 
308 0 0.823242 0.98877 0.0281219 0.0229187 
302 0 0.35791 0.0604858 0.0281219 0.0372314 
264 0 0.261719 0.4375 0.0296936 0.0375061 
257 0 0.71875 0.781738 0.03125 0.0364685 
49 0 0.526367 0.598145 0.0324097 0.0421753 
48 0 0.463623 0.442139 0.0406189 0.0591125 
45 0 0.486816 0.86377 0.0304718 0.0395813 
42 0 0.570312 0.102478 0.0308533 0.0388794 
41 0 0.311035 0.22583 0.0322266 0.0401001 
40 0 0.240601 0.377197 0.0283203 0.0411377 
34 0 0.583008 0.119812 0.0343628 0.0434875 
32 0 0.236938 0.175171 0.0304718 0.033844 
27 0 0.235107 0.575195 0.0296936 0.0437622 
26 0 0.130005 0.197876 0.0349731 0.0458374 
23 0 0.631836 0.238525 0.0332031 0.0429688 
22 0 0.270996 0.238525 0.0332031 0.039978 
21 0 0.0844116 0.805176 0.0284119 0.0354309 
20 0 0.490723 0.754395 0.0418091 0.0463562 
18 0 0.827148 0.434326 0.0328064 0.0390625 
17 0 0.191406 0.845703 0.0328064 0.0416565 
14 0 0.841309 0.753418 0.0343628 0.0489502 
7 0 0.709473 0.630371 0.03125 0.0395813 
6 0 0.833496 0.873047 0.0265656 0.0375061 
5 0 0.851562 0.235474 0.0437622 0.0501404 
3 0 0.757812 0.103149 0.03125 0.0395203 
2 0 0.238281 0.858398 0.0300751 0.0416565 
1 0 0.630371 0.611328 0.0296936 0.0385437 
