845 0 0.105469 0.984375 0.0293427 0.03125 
841 0 0.201538 0.737305 0.0302734 0.0416565 
836 0 0.561035 0.160645 0.0277405 0.0372314 
835 0 0.192993 0.85498 0.0363159 0.0479126 
810 0 0.407715 0.217041 0.0345764 0.0432434 
800 0 0.307129 0.196411 0.0277405 0.0345154 
790 0 0.79541 0.350342 0.0296936 0.0385437 
777 0 0.707031 0.951172 0.0308533 0.0390625 
747 0 0.734375 0.150024 0.03125 0.0376282 
729 0 0.715332 0.787598 0.0281219 0.0333252 
724 0 0.506836 0.0333557 0.0265656 0.0333252 
712 0 0.223389 0.483398 0.0261688 0.0333252 
686 0 0.935059 0.206299 0.0359497 0.049469 
619 0 0.578125 0.148193 0.0289001 0.0366516 
607 0 0.601074 0.209106 0.0296936 0.0447998 
546 0 0.705566 0.154175 0.0328064 0.0419312 
446 0 0.86084 0.409424 0.0289001 0.0361938 
338 0 0.475098 0.0544128 0.0273438 0.0386353 
302 0 0.352295 0.0718994 0.0265656 0.0314331 
264 0 0.260254 0.432373 0.0275421 0.0385437 
49 0 0.493652 0.615723 0.0320435 0.0416565 
48 0 0.453857 0.467529 0.0351562 0.0406189 
45 0 0.487549 0.862305 0.03125 0.0416565 
42 0 0.570312 0.102112 0.0281219 0.0333252 
41 0 0.212158 0.220947 0.0308533 0.0354309 
40 0 0.216064 0.4021 0.0294952 0.0421753 
34 0 0.583496 0.119934 0.0328064 0.0385437 
32 0 0.207764 0.188599 0.0288086 0.0350342 
27 0 0.235107 0.566895 0.0333862 0.0505066 
26 0 0.128906 0.195801 0.0328979 0.0421753 
23 0 0.625 0.240601 0.0328064 0.0395813 
22 0 0.259766 0.266602 0.0353394 0.0421753 
21 0 0.0836182 0.802246 0.0328674 0.0416565 
18 0 0.82666 0.431152 0.03125 0.0375061 
14 0 0.836914 0.779297 0.0359497 0.0458374 
7 0 0.708496 0.629395 0.0328064 0.0416565 
6 0 0.831055 0.869629 0.0289001 0.0395813 
5 0 0.851562 0.231567 0.0437622 0.0492249 
2 0 0.236572 0.85498 0.0304718 0.0432434 
1 0 0.631348 0.615723 0.0289001 0.0395813 
