821 0 0.195312 0.852051 0.041687 0.0526123 
820 0 0.483887 0.76123 0.0390625 0.0437622 
810 0 0.408691 0.217529 0.0359497 0.0445251 
804 0 0.629883 0.0135422 0.0292969 0.0272522 
800 0 0.307861 0.195068 0.0261688 0.0321655 
792 0 0.0858154 0.961426 0.0332642 0.0437622 
790 0 0.768066 0.210205 0.0265656 0.0357971 
777 0 0.786621 0.89209 0.0292969 0.0395813 
747 0 0.743164 0.132568 0.0308533 0.0371704 
729 0 0.716309 0.788574 0.0242157 0.0322876 
724 0 0.508789 0.0322876 0.0265656 0.0354309 
712 0 0.228271 0.475098 0.0230408 0.0291595 
686 0 0.936035 0.206543 0.0375061 0.0528564 
645 0 0.637695 0.419678 0.0375061 0.0473938 
619 0 0.578125 0.148926 0.0281219 0.0354309 
607 0 0.600586 0.209717 0.0296936 0.0411377 
546 0 0.712402 0.143799 0.0320435 0.0423889 
446 0 0.86084 0.4104 0.0289001 0.0375061 
338 0 0.476562 0.0531311 0.0281219 0.0395813 
302 0 0.35498 0.0697632 0.0275421 0.0354309 
264 0 0.260986 0.43335 0.0277405 0.0375061 
49 0 0.506348 0.610352 0.0343628 0.0479126 
48 0 0.457031 0.460449 0.0328064 0.0447998 
45 0 0.487549 0.861328 0.03125 0.0401001 
42 0 0.570312 0.102112 0.0292969 0.0333252 
41 0 0.271484 0.197998 0.0310516 0.0403748 
40 0 0.224976 0.393555 0.0281219 0.0426941 
34 0 0.583496 0.121887 0.0332031 0.0395813 
32 0 0.214111 0.177612 0.0306702 0.0342407 
27 0 0.236694 0.569824 0.0296936 0.0437622 
26 0 0.12915 0.196899 0.0348511 0.0471497 
23 0 0.625977 0.240601 0.0328064 0.0395813 
22 0 0.265625 0.256348 0.0343628 0.0458374 
21 0 0.0848389 0.802246 0.0306702 0.0390625 
18 0 0.82666 0.431152 0.03125 0.0375061 
14 0 0.841309 0.767578 0.0328064 0.0385437 
7 0 0.708496 0.631348 0.0328064 0.0416565 
6 0 0.833008 0.869629 0.0281219 0.0390625 
5 0 0.851562 0.235107 0.0406189 0.0471497 
2 0 0.237549 0.856445 0.0290985 0.0426941 
1 0 0.630371 0.615723 0.0296936 0.0411377 
