710 0 0.629883 0.804199 0.0343628 0.0375061 
686 0 0.936035 0.207397 0.0375061 0.0489502 
683 0 0.914062 0.407227 0.03125 0.0408936 
676 0 0.139893 0.953125 0.0267639 0.0359497 
645 0 0.636719 0.418701 0.0359497 0.0463562 
619 0 0.579102 0.14917 0.0300751 0.0368347 
607 0 0.602051 0.210449 0.0304718 0.0414124 
588 0 0.90625 0.567383 0.0328064 0.0395813 
546 0 0.729492 0.101196 0.0339966 0.0394592 
514 0 0.0883179 0.962402 0.0293884 0.0375061 
446 0 0.861816 0.414062 0.0328064 0.0408936 
338 0 0.481201 0.0479126 0.0281219 0.0374451 
308 0 0.823242 0.98877 0.0281219 0.0229187 
302 0 0.357178 0.062561 0.0285187 0.0371704 
264 0 0.260986 0.4375 0.03125 0.0377502 
257 0 0.71875 0.78125 0.0304718 0.033844 
49 0 0.522461 0.601074 0.0320435 0.0437622 
48 0 0.462402 0.44165 0.0375061 0.0510559 
45 0 0.487549 0.86377 0.03125 0.0395813 
42 0 0.571289 0.103394 0.0292969 0.0376892 
41 0 0.309814 0.221436 0.0328064 0.0403748 
40 0 0.237549 0.378174 0.0283203 0.0395813 
34 0 0.583008 0.119812 0.0335999 0.0429688 
32 0 0.237549 0.177002 0.03125 0.0341187 
27 0 0.235107 0.57373 0.0290985 0.0426941 
26 0 0.131104 0.198853 0.0345764 0.0445251 
23 0 0.629883 0.239624 0.0335999 0.0415344 
22 0 0.269043 0.239624 0.0322266 0.0384216 
21 0 0.0843506 0.804199 0.0288086 0.0375061 
20 0 0.490723 0.756348 0.0406189 0.0426941 
18 0 0.827148 0.43335 0.0359497 0.0416565 
17 0 0.191406 0.845703 0.0328064 0.0416565 
14 0 0.84082 0.754395 0.0335999 0.049469 
7 0 0.709961 0.631348 0.0308533 0.0390625 
6 0 0.833496 0.873047 0.0265656 0.0375061 
5 0 0.851562 0.236694 0.0406189 0.0469971 
3 0 0.756348 0.105286 0.03125 0.0393372 
2 0 0.236694 0.858398 0.0300751 0.0416565 
1 0 0.631836 0.611816 0.0304718 0.0406189 
