850 0 0.0428772 0.984375 0.0359497 0.03125 
845 0 0.106262 0.983398 0.0306702 0.0333252 
841 0 0.205811 0.745605 0.0309601 0.0447998 
840 0 0.62793 0.80127 0.0343628 0.0395813 
836 0 0.561035 0.1604 0.0277405 0.0376282 
835 0 0.192993 0.85498 0.0386658 0.0505066 
810 0 0.408691 0.216675 0.0359497 0.0451965 
800 0 0.307861 0.195801 0.0281219 0.0326843 
790 0 0.803711 0.325928 0.03125 0.0377502 
777 0 0.713379 0.933105 0.0308533 0.0380249 
747 0 0.735352 0.149658 0.0304718 0.0385437 
729 0 0.714844 0.787598 0.0277405 0.0333252 
724 0 0.506836 0.0326843 0.0265656 0.0331116 
712 0 0.224243 0.483398 0.0265656 0.0328064 
686 0 0.936035 0.206543 0.0367126 0.0460815 
619 0 0.577637 0.148315 0.0289001 0.0362549 
607 0 0.601562 0.209351 0.0300751 0.0440063 
546 0 0.705566 0.154175 0.0328064 0.0418091 
446 0 0.86084 0.409424 0.0304718 0.0372314 
338 0 0.474121 0.0548401 0.0265656 0.0380859 
302 0 0.352539 0.0717163 0.0277405 0.0321655 
264 0 0.260986 0.432373 0.0281219 0.0395813 
49 0 0.495361 0.615723 0.0332031 0.0447998 
48 0 0.45459 0.466553 0.0343628 0.0416565 
45 0 0.487549 0.862305 0.03125 0.0416565 
42 0 0.570312 0.102112 0.0281219 0.0333252 
41 0 0.216064 0.221313 0.0310516 0.0360718 
40 0 0.217041 0.402832 0.0308533 0.0426941 
34 0 0.583984 0.119507 0.0320435 0.0390625 
32 0 0.207764 0.188599 0.0284119 0.0350342 
27 0 0.235107 0.566895 0.0345764 0.0499878 
26 0 0.129639 0.195801 0.0341797 0.0446472 
23 0 0.625977 0.240601 0.0324097 0.0395813 
22 0 0.260498 0.265625 0.0353394 0.0437622 
21 0 0.0836182 0.802246 0.0327759 0.0411377 
18 0 0.82666 0.431152 0.03125 0.0375061 
14 0 0.837402 0.77832 0.0343628 0.0447998 
7 0 0.708496 0.629395 0.0328064 0.0426941 
6 0 0.831055 0.869629 0.0289001 0.0385437 
5 0 0.850098 0.231201 0.0437622 0.0469971 
2 0 0.237061 0.856445 0.0314331 0.0453186 
1 0 0.630371 0.615723 0.0296936 0.0395813 
