397 0 0.284424 0.380127 0.0249939 0.0276031 
396 0 0.77832 0.0114594 0.0324097 0.0228119 
394 0 0.639648 0.419678 0.0390625 0.0520935 
390 0 0.938965 0.276367 0.0343628 0.0432434 
373 0 0.469482 0.468018 0.0332031 0.049469 
371 0 0.533691 0.975098 0.0335999 0.0359497 
369 0 0.972656 0.859375 0.0375061 0.0453186 
348 0 0.144409 0.296387 0.0380859 0.0487061 
338 0 0.503906 0.0209656 0.0304718 0.0346375 
308 0 0.831055 0.981445 0.0281219 0.0333252 
302 0 0.367676 0.0218811 0.0322266 0.035614 
264 0 0.260986 0.438965 0.0345764 0.04245 
257 0 0.725586 0.773926 0.0296936 0.0354309 
236 0 0.120483 0.522461 0.0375977 0.0484314 
49 0 0.564941 0.538574 0.0308533 0.0390625 
48 0 0.478027 0.411377 0.0367126 0.049469 
45 0 0.486816 0.865723 0.0328064 0.0437622 
42 0 0.569336 0.103149 0.0296936 0.0354309 
41 0 0.25293 0.208252 0.0351562 0.04245 
40 0 0.276611 0.347656 0.0285187 0.0390625 
39 0 0.692383 0.103271 0.0304718 0.038147 
34 0 0.584473 0.119934 0.0320435 0.0406799 
32 0 0.251953 0.141724 0.0314331 0.0376282 
27 0 0.235107 0.579102 0.0328064 0.0453186 
26 0 0.130493 0.198975 0.0390625 0.0518188 
23 0 0.65625 0.190308 0.0367126 0.04245 
22 0 0.283691 0.219849 0.0349731 0.0428467 
21 0 0.0836182 0.805176 0.0297852 0.0395813 
20 0 0.498535 0.744629 0.042572 0.0489502 
18 0 0.82959 0.435303 0.0343628 0.0416565 
17 0 0.192993 0.845703 0.0359497 0.0453186 
16 0 0.548828 0.527832 0.03125 0.0416565 
14 0 0.848633 0.754395 0.0335999 0.0458374 
13 0 0.865723 0.413086 0.0335999 0.0429688 
12 0 0.936035 0.210449 0.0375061 0.0544128 
7 0 0.709473 0.634277 0.03125 0.0395813 
6 0 0.841309 0.856445 0.0265656 0.0390625 
5 0 0.853027 0.229858 0.0437622 0.0515747 
4 0 0.603027 0.213623 0.03125 0.0403748 
3 0 0.770996 0.0864868 0.0300751 0.0353394 
2 0 0.240234 0.859375 0.0322266 0.0437622 
1 0 0.628906 0.589355 0.0328064 0.0416565 
