738 0 0.72168 0.0193176 0.0332031 0.0331726 
737 0 0.922852 0.976074 0.0328064 0.0395813 
729 0 0.716309 0.78418 0.0296936 0.0354309 
728 0 0.181396 0.945801 0.0333862 0.0453186 
724 0 0.506836 0.0260468 0.0253906 0.0353394 
712 0 0.237549 0.459473 0.0222626 0.0270844 
686 0 0.936035 0.207275 0.0367126 0.0520935 
676 0 0.143921 0.928223 0.030365 0.0406189 
645 0 0.635742 0.417725 0.038269 0.046875 
619 0 0.579102 0.151001 0.0296936 0.035614 
607 0 0.602539 0.209351 0.0289001 0.0395813 
588 0 0.87207 0.67627 0.0304718 0.0369873 
546 0 0.720215 0.116821 0.03125 0.0378113 
514 0 0.0890503 0.961914 0.03125 0.0385437 
446 0 0.858398 0.4104 0.0296936 0.0375061 
338 0 0.479004 0.0507202 0.0265656 0.0363159 
308 0 0.823242 0.98877 0.0281219 0.0229187 
302 0 0.355469 0.0656128 0.0294952 0.0353699 
264 0 0.26123 0.434326 0.028717 0.0354309 
49 0 0.516602 0.606445 0.0328064 0.0416565 
48 0 0.459473 0.442627 0.0363159 0.0458374 
45 0 0.488281 0.86377 0.0296936 0.0395813 
42 0 0.569336 0.10144 0.0296936 0.0366516 
41 0 0.300781 0.21521 0.0322266 0.0401001 
40 0 0.232056 0.382324 0.0296936 0.0395813 
34 0 0.583496 0.12085 0.0328064 0.0374451 
32 0 0.232056 0.171875 0.0296936 0.0352783 
27 0 0.235962 0.572754 0.0281219 0.0416565 
26 0 0.130249 0.196899 0.0331116 0.0432434 
23 0 0.627441 0.239868 0.0328064 0.0380249 
22 0 0.268066 0.243774 0.0328064 0.0375061 
21 0 0.0843506 0.804199 0.03125 0.0375061 
18 0 0.82666 0.43335 0.0343628 0.0411377 
17 0 0.191406 0.84668 0.0332031 0.0406189 
14 0 0.838867 0.75293 0.0335999 0.0479126 
7 0 0.709473 0.630371 0.03125 0.0395813 
6 0 0.833008 0.87207 0.0257874 0.0354309 
5 0 0.852539 0.234375 0.0421753 0.0514221 
3 0 0.753906 0.11145 0.0308533 0.0383606 
2 0 0.237549 0.857422 0.03125 0.0437622 
1 0 0.630371 0.614746 0.0296936 0.0395813 
