289 0 0.657227 0.924805 0.0394592 0.0463562 
287 0 0.396973 0.0269165 0.0322266 0.0367737 
269 0 0.376953 0.0615845 0.0300751 0.0366211 
268 0 0.0376892 0.378906 0.03302 0.0463562 
264 0 0.265625 0.438477 0.0308533 0.0387878 
263 0 0.791016 0.885254 0.0304718 0.0395813 
257 0 0.731445 0.764648 0.0292969 0.0348816 
252 0 0.541992 0.985352 0.0343628 0.0291595 
244 0 0.98291 0.82373 0.03125 0.0390625 
238 0 0.0195007 0.74707 0.0299988 0.0437622 
236 0 0.200195 0.498535 0.0305634 0.0390625 
198 0 0.833496 0.974609 0.0265656 0.0364685 
132 0 0.637207 0.420898 0.0351562 0.0458374 
109 0 0.628906 0.804199 0.0359497 0.0416565 
49 0 0.577148 0.513672 0.0328064 0.0395813 
48 0 0.489746 0.404053 0.0296936 0.038269 
45 0 0.483643 0.86377 0.0359497 0.0437622 
44 0 0.551758 0.93457 0.026947 0.03125 
43 0 0.578125 0.150269 0.0281219 0.0335999 
42 0 0.567871 0.102173 0.0296936 0.037384 
41 0 0.220337 0.176025 0.0279236 0.0360718 
40 0 0.290527 0.323975 0.0281219 0.0403748 
39 0 0.775879 0.343018 0.0316467 0.0411377 
34 0 0.584473 0.120056 0.0308533 0.0391235 
32 0 0.26709 0.124939 0.0314331 0.038147 
31 0 0.124207 0.2771 0.030365 0.035675 
27 0 0.235962 0.578125 0.03125 0.0437622 
26 0 0.132812 0.195801 0.0343628 0.0454407 
23 0 0.661621 0.173706 0.0351562 0.0410156 
22 0 0.282715 0.21875 0.0343628 0.0419312 
21 0 0.0836182 0.806152 0.0296936 0.0375061 
20 0 0.502441 0.737305 0.0421753 0.0526123 
18 0 0.829102 0.434326 0.0328064 0.0390625 
17 0 0.192139 0.84375 0.03125 0.0406189 
16 0 0.394287 0.469971 0.0339966 0.0421753 
14 0 0.851562 0.750977 0.0359497 0.0447998 
13 0 0.865723 0.4104 0.03125 0.0416565 
12 0 0.936035 0.210327 0.0406189 0.0575562 
7 0 0.708008 0.633301 0.0308533 0.0385437 
6 0 0.842773 0.850098 0.0265656 0.0333252 
5 0 0.853027 0.228516 0.0460815 0.0536499 
4 0 0.602539 0.213257 0.0316467 0.0387878 
3 0 0.772461 0.0770874 0.0328064 0.0415955 
2 0 0.241455 0.854004 0.0324097 0.0416565 
1 0 0.632812 0.577637 0.03125 0.0385437 
