490 0 0.469482 0.468262 0.0339966 0.0481873 
488 0 0.309082 0.808105 0.025589 0.0333252 
486 0 0.768066 0.0293274 0.0328064 0.0411987 
446 0 0.665039 0.520996 0.0324097 0.0419312 
444 0 0.0132828 0.771973 0.023407 0.0390625 
440 1 0.870117 0.17688 0.0289001 0.0345154 
421 0 0.579102 0.154175 0.0273438 0.0339966 
402 0 0.311768 0.190674 0.0380859 0.0420532 
338 0 0.5 0.0239563 0.0367126 0.0408325 
308 0 0.831055 0.983398 0.0281219 0.0333252 
302 0 0.365723 0.0326233 0.0343628 0.0405884 
264 0 0.260986 0.439941 0.0343628 0.0426941 
257 0 0.723633 0.774902 0.0316467 0.0375061 
49 0 0.557129 0.550293 0.0324097 0.0408936 
48 0 0.475098 0.414795 0.0363159 0.0473938 
45 0 0.487549 0.865234 0.0300751 0.0426941 
42 0 0.569336 0.103149 0.0296936 0.035614 
41 0 0.297363 0.247437 0.0357361 0.0406189 
40 0 0.266357 0.358398 0.0298767 0.0416565 
39 0 0.564453 0.0343323 0.0328064 0.0391846 
34 0 0.583496 0.121765 0.0328064 0.0406189 
32 0 0.24353 0.153076 0.0339966 0.0395813 
27 0 0.234741 0.578125 0.0318298 0.0437622 
26 0 0.12915 0.199951 0.0409241 0.0536499 
23 0 0.655273 0.199829 0.0359497 0.0429688 
22 0 0.283203 0.217285 0.0361328 0.0419312 
21 0 0.0830078 0.807129 0.0315857 0.0395813 
20 0 0.496826 0.74707 0.042572 0.0510559 
18 0 0.830566 0.435303 0.0328064 0.0416565 
17 0 0.192993 0.84668 0.0352478 0.0432434 
14 0 0.847656 0.755371 0.0328064 0.0447998 
13 0 0.864258 0.412598 0.0335999 0.0416565 
12 0 0.936035 0.210205 0.0406189 0.053894 
7 0 0.709473 0.633301 0.03125 0.0416565 
6 0 0.839844 0.860352 0.0265656 0.0375061 
5 0 0.854004 0.231201 0.0421753 0.0498657 
4 0 0.601562 0.213501 0.03125 0.0391846 
3 0 0.768555 0.0944824 0.0320435 0.0408936 
2 0 0.239868 0.858398 0.0328064 0.0411377 
1 0 0.628906 0.602539 0.0304718 0.0395813 
