874 0 0.678711 0.97998 0.0316467 0.0359497 
870 0 0.623535 0.0166626 0.0304718 0.0333862 
867 0 0.62793 0.80127 0.0339966 0.0401001 
865 0 0.823242 0.987305 0.0273438 0.0249939 
860 0 0.0429688 0.984375 0.0355225 0.03125 
841 0 0.196045 0.711426 0.0322266 0.044281 
836 0 0.561035 0.159668 0.0281219 0.0357971 
835 0 0.192017 0.85498 0.0359497 0.0479126 
810 0 0.407715 0.216797 0.0343628 0.04245 
800 0 0.307861 0.196899 0.0273438 0.0348816 
790 0 0.787598 0.394287 0.0300751 0.0377502 
747 0 0.734375 0.15625 0.0273438 0.0363159 
729 0 0.714844 0.788574 0.0296936 0.0354309 
724 0 0.506836 0.0333862 0.0265656 0.0331116 
712 0 0.221924 0.486572 0.0249939 0.0307312 
686 0 0.935059 0.206299 0.0359497 0.0496216 
619 0 0.579102 0.148071 0.0292969 0.0357361 
607 0 0.602539 0.209351 0.0292969 0.0433655 
546 0 0.704102 0.157349 0.0316467 0.0395813 
446 0 0.861816 0.4104 0.0296936 0.0380249 
338 0 0.474121 0.0552368 0.0265656 0.0390015 
302 0 0.351562 0.072937 0.0279236 0.0331726 
264 0 0.260986 0.431152 0.0281219 0.0375061 
49 0 0.488281 0.616699 0.0304718 0.0416565 
48 0 0.453857 0.473877 0.0367126 0.039856 
45 0 0.486816 0.861816 0.0332031 0.0426941 
42 0 0.569336 0.102112 0.026947 0.0333252 
41 0 0.200195 0.246094 0.03125 0.040741 
40 0 0.213257 0.406738 0.0265656 0.0408936 
34 0 0.584473 0.12085 0.0308533 0.0376892 
32 0 0.206299 0.194946 0.03125 0.035675 
27 0 0.235107 0.56543 0.0328064 0.0489502 
26 0 0.128906 0.196899 0.0328064 0.0432434 
23 0 0.624023 0.240601 0.0328064 0.0389404 
22 0 0.258301 0.270752 0.0353394 0.0416565 
21 0 0.0843506 0.802734 0.0314331 0.0406189 
18 0 0.827148 0.431396 0.0296936 0.0364685 
14 0 0.834961 0.783203 0.0359497 0.0453186 
7 0 0.708496 0.629395 0.0328064 0.0416565 
6 0 0.831055 0.869629 0.0304718 0.0395813 
5 0 0.850586 0.231567 0.0437622 0.0493469 
2 0 0.236328 0.856934 0.0318298 0.0447998 
1 0 0.631836 0.615723 0.0296936 0.0395813 
