350 0 0.540039 0.958496 0.0289001 0.0333252 
349 0 0.975098 0.845703 0.0343628 0.0426941 
348 0 0.252441 0.222412 0.0304718 0.0359497 
344 0 0.628906 0.804199 0.035553 0.0416565 
338 0 0.503906 0.0198059 0.0308533 0.0353699 
330 0 0.310059 0.192749 0.0306702 0.0363159 
308 0 0.831055 0.979004 0.0281219 0.0375061 
302 0 0.373047 0.0167389 0.0283203 0.0292969 
289 0 0.657227 0.927246 0.0421753 0.0499878 
264 0 0.261719 0.438477 0.0332031 0.039856 
257 0 0.727539 0.772949 0.0296936 0.0333252 
252 0 0.541992 0.986328 0.0343628 0.0281219 
236 0 0.146973 0.533691 0.0335999 0.0393372 
132 0 0.637695 0.421875 0.0394592 0.0479126 
49 0 0.568848 0.530273 0.0328064 0.0401001 
48 0 0.480469 0.40625 0.0359497 0.0458374 
45 0 0.486816 0.865723 0.0296936 0.0432434 
42 0 0.568848 0.103149 0.0300751 0.035553 
41 0 0.235962 0.192139 0.028717 0.0391846 
40 0 0.282715 0.337402 0.0279236 0.038269 
39 0 0.741211 0.155762 0.0308533 0.0389404 
34 0 0.584961 0.12085 0.0332031 0.0414124 
32 0 0.262939 0.132324 0.0322266 0.039978 
31 0 0.0386047 0.0889893 0.0290527 0.0343628 
27 0 0.235596 0.578125 0.0306702 0.0437622 
26 0 0.129883 0.198853 0.0362244 0.0447998 
23 0 0.658691 0.185425 0.0363159 0.0418091 
22 0 0.282959 0.220825 0.0347595 0.0412903 
21 0 0.0836182 0.805176 0.0296936 0.0395813 
20 0 0.496826 0.73877 0.0445251 0.0526123 
18 0 0.829102 0.435303 0.0328064 0.0416565 
17 0 0.192139 0.845703 0.0343628 0.0416565 
16 0 0.459473 0.486572 0.0324097 0.0434875 
14 0 0.849121 0.754395 0.0359497 0.0458374 
13 0 0.864746 0.411865 0.0328064 0.0429688 
12 0 0.936523 0.209595 0.0390625 0.055603 
7 0 0.709473 0.633301 0.03125 0.0385437 
6 0 0.842285 0.854004 0.0281219 0.0375061 
5 0 0.852539 0.229126 0.0437622 0.0541687 
4 0 0.602539 0.2146 0.0332031 0.0416565 
3 0 0.771973 0.0822144 0.0324097 0.0403748 
2 0 0.239014 0.858398 0.033783 0.0416565 
1 0 0.630371 0.585449 0.0332031 0.0411377 
