247 0 0.0380249 0.373535 0.0366516 0.0455627 
244 0 0.987305 0.806152 0.0242157 0.0359497 
238 0 0.0218048 0.73877 0.0303192 0.0426941 
236 0 0.280762 0.409424 0.0310516 0.0361938 
228 0 0.737793 0.719727 0.0296936 0.0401001 
226 0 0.497559 0.0146103 0.0324097 0.0287018 
211 0 0.307373 0.342773 0.021286 0.0278625 
198 0 0.835938 0.969727 0.0281219 0.0364685 
132 0 0.636719 0.420898 0.0359497 0.0499878 
109 0 0.629883 0.804199 0.0343628 0.0421753 
49 0 0.583496 0.505371 0.0339966 0.0395813 
48 0 0.492188 0.398926 0.0324097 0.0395813 
45 0 0.486816 0.865723 0.0300751 0.0354309 
44 0 0.561523 0.913574 0.0296936 0.0348816 
43 0 0.578125 0.151001 0.03125 0.0352783 
42 0 0.567871 0.10376 0.0320435 0.0391235 
41 0 0.219971 0.18042 0.0271454 0.0377502 
40 0 0.300781 0.317383 0.028717 0.0369873 
39 0 0.771973 0.506836 0.0343628 0.0458374 
34 0 0.584961 0.122498 0.0328064 0.0403748 
32 0 0.277832 0.117737 0.0294952 0.0361328 
31 0 0.18689 0.404053 0.0300751 0.0330811 
27 0 0.234375 0.577148 0.0283203 0.0421753 
26 0 0.132446 0.195679 0.0331116 0.0445251 
24 0 0.26709 0.430176 0.03125 0.0380249 
23 0 0.665527 0.161499 0.0351562 0.0402222 
22 0 0.283203 0.217896 0.0333862 0.0403748 
21 0 0.0836182 0.806152 0.0296936 0.0369873 
20 0 0.507812 0.731445 0.0406189 0.0510559 
18 0 0.829102 0.434326 0.0328064 0.0406189 
17 0 0.192505 0.844727 0.0318298 0.0385437 
16 0 0.313721 0.405762 0.0294952 0.0380249 
14 0 0.851562 0.75 0.0351562 0.0458374 
13 0 0.868164 0.408936 0.0328064 0.04245 
12 0 0.936035 0.209595 0.0406189 0.0579529 
7 0 0.709473 0.633301 0.0308533 0.0385437 
6 0 0.844727 0.844727 0.0296936 0.0354309 
5 0 0.854004 0.229126 0.0453186 0.0541687 
4 0 0.602051 0.212524 0.0328064 0.0408936 
3 0 0.773438 0.0739746 0.03125 0.0396729 
2 0 0.241455 0.85498 0.0296936 0.0390625 
1 0 0.635254 0.570312 0.0296936 0.0406189 
