390 0 0.967285 0.270752 0.0328064 0.0423279 
389 0 0.578125 0.154175 0.0277405 0.0332031 
388 0 0.285889 0.375977 0.0265656 0.0289001 
373 0 0.46875 0.473389 0.0351562 0.0450439 
371 0 0.535156 0.97168 0.0328064 0.0343628 
369 0 0.972656 0.85791 0.0359497 0.0447998 
348 0 0.176392 0.26709 0.0405273 0.0527344 
338 0 0.503906 0.0205841 0.0296936 0.036499 
308 0 0.831055 0.981445 0.0281219 0.0333252 
302 0 0.368652 0.0219116 0.0314331 0.0354309 
289 0 0.655273 0.927734 0.0414124 0.0510559 
264 0 0.26123 0.438477 0.0335999 0.0403748 
257 0 0.727539 0.773926 0.0300751 0.0348816 
236 0 0.118286 0.525879 0.0345764 0.0445251 
49 0 0.56543 0.537598 0.03125 0.0375061 
48 0 0.479736 0.4104 0.0343628 0.0466003 
45 0 0.486816 0.865723 0.0328064 0.0437622 
42 0 0.569336 0.103149 0.0296936 0.0354309 
41 0 0.247681 0.198975 0.0359497 0.0441284 
40 0 0.276611 0.344727 0.0279236 0.0395813 
39 0 0.712891 0.106689 0.0343628 0.0418091 
34 0 0.583496 0.121887 0.0324097 0.039917 
32 0 0.253418 0.140381 0.0308533 0.038208 
27 0 0.235107 0.579102 0.0328064 0.0453186 
26 0 0.131226 0.199585 0.0375977 0.0487061 
23 0 0.657715 0.189697 0.0367126 0.0416565 
22 0 0.283691 0.218506 0.03302 0.0390625 
21 0 0.0836182 0.806152 0.0297852 0.0401001 
20 0 0.497559 0.741699 0.042572 0.0505066 
18 0 0.82959 0.435303 0.0343628 0.0416565 
17 0 0.192993 0.845703 0.0359497 0.0458374 
16 0 0.539551 0.494385 0.03125 0.0406189 
14 0 0.848633 0.754395 0.0328064 0.0426941 
13 0 0.865723 0.413574 0.0343628 0.0437622 
12 0 0.936035 0.209351 0.0375061 0.0559998 
7 0 0.709473 0.634277 0.03125 0.0395813 
6 0 0.842285 0.85498 0.0281219 0.0395813 
5 0 0.852539 0.229126 0.0421753 0.0503845 
4 0 0.603027 0.213501 0.03125 0.039856 
3 0 0.770508 0.0855103 0.0304718 0.0369873 
2 0 0.239868 0.857422 0.0328064 0.0421753 
1 0 0.629883 0.587402 0.03125 0.0416565 
