62 0 0.0651245 0.190796 0.0301208 0.039856 
56 0 0.660645 0.919922 0.0359497 0.0432434 
55 0 0.717773 0.98877 0.0273438 0.0239563 
53 0 0.462402 0.780762 0.0316467 0.0385437 
51 0 0.563965 0.158691 0.026947 0.0346375 
49 0 0.588379 0.484375 0.0320435 0.0395813 
48 0 0.502441 0.385498 0.0304718 0.0369873 
47 0 0.746094 0.741699 0.0289001 0.0364685 
46 0 0.0204315 0.22229 0.0350037 0.0450439 
45 0 0.488281 0.865723 0.0304718 0.0395813 
44 0 0.585938 0.87207 0.0347595 0.0395813 
43 0 0.577637 0.150146 0.0289001 0.0340576 
42 0 0.567383 0.103149 0.0316467 0.0400391 
41 0 0.188232 0.112915 0.03125 0.0390625 
40 0 0.317139 0.305176 0.0249939 0.0395813 
39 0 0.730469 0.84375 0.0332031 0.0421753 
38 0 0.173462 0.615723 0.0308533 0.0380249 
37 0 0.879883 0.663086 0.0304718 0.0385437 
36 0 0.65332 0.95459 0.0335999 0.0416565 
34 0 0.585938 0.121887 0.03125 0.0393372 
33 0 0.81543 0.630371 0.03125 0.0390625 
32 0 0.311035 0.0947876 0.0281219 0.0396423 
31 0 0.377197 0.757324 0.0328064 0.0421753 
29 0 0.0296631 0.726074 0.0310516 0.0437622 
27 0 0.239014 0.579102 0.0308533 0.0421753 
26 0 0.133057 0.193726 0.0333862 0.0459595 
25 0 0.548828 0.238281 0.0296936 0.0375061 
24 0 0.27417 0.412598 0.0296936 0.0375061 
23 0 0.676758 0.191284 0.0320435 0.0426941 
22 0 0.283691 0.217651 0.0328064 0.0394592 
21 0 0.0836182 0.804199 0.0295868 0.0375061 
20 0 0.514648 0.71875 0.0421753 0.0499878 
19 0 0.0890503 0.963379 0.0317993 0.0395813 
18 0 0.827148 0.432373 0.0328064 0.0437622 
17 0 0.191406 0.84375 0.0295868 0.0375061 
16 0 0.431152 0.0985718 0.0324097 0.0387268 
15 0 0.0463867 0.358398 0.0335083 0.0416565 
14 0 0.854004 0.748047 0.0343628 0.0458374 
13 0 0.868652 0.407227 0.0304718 0.0411377 
12 0 0.936035 0.208374 0.039856 0.0545654 
11 0 0.736816 0.0726318 0.0308533 0.0391235 
10 0 0.67334 0.132324 0.0351562 0.0403137 
9 0 0.636719 0.419678 0.0359497 0.0479126 
8 0 0.837402 0.962402 0.0304718 0.0380249 
7 0 0.708008 0.639648 0.0281219 0.0375061 
6 0 0.846191 0.837402 0.0296936 0.0375061 
5 0 0.853027 0.227295 0.046875 0.0552063 
4 0 0.602539 0.210449 0.0328064 0.0466003 
3 0 0.770508 0.0635376 0.0296936 0.0384216 
2 0 0.242188 0.851074 0.0304718 0.0406189 
1 0 0.646973 0.5625 0.0289001 0.0375061 
