440 1 0.916992 0.235107 0.0304718 0.0352783 
434 0 0.280762 0.390381 0.0273438 0.0333252 
428 0 0.973633 0.864746 0.0367126 0.0416565 
424 0 0.637695 0.421875 0.038269 0.0479126 
421 0 0.577148 0.152344 0.0281219 0.0345154 
419 0 0.469482 0.467773 0.0328064 0.0487061 
402 0 0.311768 0.189575 0.0328064 0.0375061 
371 0 0.53125 0.984375 0.035553 0.0317688 
348 0 0.0656738 0.295898 0.0378723 0.0460815 
338 0 0.500977 0.0229034 0.0328064 0.0379333 
308 0 0.831055 0.983398 0.0281219 0.0333252 
302 0 0.365723 0.028183 0.0341797 0.0395203 
264 0 0.260254 0.439697 0.035553 0.0416565 
257 0 0.725586 0.773926 0.0300751 0.0385437 
236 0 0.0748901 0.570801 0.0328064 0.0411377 
49 0 0.563477 0.531738 0.0308533 0.038269 
48 0 0.478027 0.412598 0.0375061 0.0499878 
45 0 0.487061 0.865723 0.03125 0.044281 
42 0 0.569336 0.103149 0.0296936 0.0354309 
41 0 0.271729 0.241089 0.0363159 0.0410156 
40 0 0.272705 0.354248 0.0296936 0.0408936 
39 0 0.645996 0.0718994 0.0320435 0.0380249 
34 0 0.583496 0.12085 0.03125 0.0375061 
32 0 0.249023 0.145996 0.0320435 0.0372314 
27 0 0.235107 0.578125 0.0324097 0.0437622 
26 0 0.130493 0.198975 0.0392456 0.0516968 
23 0 0.65625 0.192993 0.0343628 0.0401001 
22 0 0.283691 0.217651 0.035553 0.0397034 
21 0 0.0836182 0.806152 0.0320435 0.0406189 
20 0 0.496094 0.744629 0.0421753 0.049469 
18 0 0.830566 0.435303 0.0328064 0.0416565 
17 0 0.192261 0.84668 0.0369263 0.046875 
14 0 0.847656 0.754395 0.0328064 0.0447998 
13 0 0.864258 0.413574 0.0335999 0.0432434 
12 0 0.936035 0.205688 0.0335999 0.0449219 
7 0 0.709473 0.633301 0.03125 0.0406189 
6 0 0.84082 0.858398 0.0273438 0.0401001 
5 0 0.852539 0.229126 0.0421753 0.0499878 
4 0 0.602539 0.214355 0.0296936 0.038269 
3 0 0.768555 0.0891724 0.03125 0.0403137 
2 0 0.239014 0.857422 0.0335999 0.0437622 
1 0 0.628906 0.592773 0.0367126 0.0463562 
