686 0 0.936035 0.208374 0.038269 0.0509033 
683 0 0.868652 0.349365 0.03125 0.039856 
676 0 0.144287 0.967285 0.0304718 0.0385437 
645 0 0.63623 0.418701 0.0343628 0.0453186 
619 0 0.579102 0.150024 0.0308533 0.0375671 
607 0 0.602539 0.210449 0.03125 0.0416565 
588 0 0.922852 0.528809 0.0359497 0.0440063 
546 0 0.73291 0.0928345 0.0351562 0.0437622 
514 0 0.088562 0.962402 0.0285645 0.0375061 
446 0 0.867188 0.414062 0.0320435 0.0406189 
338 0 0.481934 0.0463867 0.0285187 0.0389404 
308 0 0.823242 0.98877 0.0281219 0.0229187 
302 0 0.35791 0.059967 0.0285187 0.0366821 
264 0 0.261719 0.4375 0.0300751 0.0372314 
257 0 0.71875 0.78125 0.0304718 0.0354309 
49 0 0.526367 0.598145 0.0324097 0.0432434 
48 0 0.463623 0.44165 0.0406189 0.0570374 
45 0 0.486328 0.86377 0.03125 0.0395813 
42 0 0.571289 0.103455 0.0304718 0.0387878 
41 0 0.311279 0.224487 0.0341797 0.0408936 
40 0 0.240967 0.376709 0.0289001 0.0401001 
34 0 0.583008 0.120178 0.0339966 0.0427856 
32 0 0.237061 0.175415 0.0306702 0.0343628 
27 0 0.235107 0.575195 0.0296936 0.044281 
26 0 0.129639 0.197876 0.0341797 0.0458374 
23 0 0.631836 0.238159 0.0339966 0.0411377 
22 0 0.271484 0.23938 0.033783 0.0404968 
21 0 0.0848389 0.804199 0.0285645 0.0359497 
20 0 0.491455 0.754395 0.0421753 0.046875 
18 0 0.828125 0.435303 0.0320435 0.0377502 
17 0 0.191406 0.845703 0.0328064 0.0401001 
14 0 0.841309 0.754395 0.0328064 0.0484314 
7 0 0.709473 0.630371 0.03125 0.0411377 
6 0 0.833496 0.872559 0.0265656 0.0375061 
5 0 0.852539 0.234375 0.0421753 0.0507812 
3 0 0.757812 0.103149 0.0324097 0.0395203 
2 0 0.237305 0.858398 0.0296936 0.0416565 
1 0 0.630371 0.610352 0.0285187 0.0375061 
