559 0 0.990723 0.40918 0.0187531 0.0552063 
557 0 0.564941 0.161499 0.0304718 0.035675 
555 0 0.629883 0.804199 0.0347595 0.0416565 
554 0 0.182007 0.939453 0.0293884 0.0364685 
552 0 0.00858307 0.78418 0.0174255 0.0343628 
547 0 0.63916 0.421875 0.0375061 0.0479126 
546 0 0.755371 0.0549927 0.0320435 0.0422668 
543 0 0.575195 0.110962 0.0347595 0.042511 
514 0 0.0898438 0.963379 0.0296936 0.0395813 
506 0 0.955566 0.910645 0.0328064 0.0348816 
446 0 0.682129 0.452148 0.0296936 0.0406189 
440 1 0.796875 0.0522156 0.0308533 0.0402527 
421 0 0.578125 0.151489 0.03125 0.0354309 
402 0 0.309326 0.192749 0.0316467 0.0395813 
338 0 0.491699 0.0323792 0.0320435 0.0397644 
308 0 0.828125 0.984863 0.0273438 0.0302124 
302 0 0.361816 0.0458984 0.03302 0.0414124 
264 0 0.260498 0.440674 0.0302734 0.0354309 
257 0 0.72168 0.776855 0.0281219 0.0333252 
49 0 0.54541 0.573242 0.0347595 0.0426941 
48 0 0.470215 0.426025 0.039856 0.0562439 
45 0 0.48584 0.86377 0.03125 0.0437622 
42 0 0.567871 0.104492 0.0296936 0.0364685 
41 0 0.302734 0.240601 0.0361328 0.0440063 
40 0 0.255371 0.369385 0.0273438 0.0367126 
34 0 0.583008 0.122131 0.0339966 0.0433044 
32 0 0.243774 0.153076 0.03125 0.0359497 
27 0 0.233643 0.578125 0.0292969 0.0421753 
26 0 0.129395 0.198975 0.0386658 0.0524597 
23 0 0.646484 0.220825 0.0359497 0.0412903 
22 0 0.277344 0.228149 0.03302 0.0386658 
21 0 0.0843506 0.806152 0.0285645 0.0375061 
20 0 0.494629 0.748047 0.0390625 0.049469 
18 0 0.82959 0.435303 0.0335999 0.0416565 
17 0 0.192139 0.845703 0.0340881 0.0416565 
14 0 0.845215 0.755371 0.0335999 0.046875 
13 0 0.864258 0.413574 0.0343628 0.0437622 
12 0 0.936035 0.210205 0.0406189 0.0575562 
7 0 0.709473 0.632324 0.03125 0.0395813 
6 0 0.838379 0.862793 0.0265656 0.0406189 
5 0 0.851562 0.234375 0.0429688 0.0518188 
4 0 0.601562 0.212402 0.03125 0.0375061 
3 0 0.76416 0.0999756 0.0308533 0.0388794 
2 0 0.237671 0.858398 0.0324097 0.0416565 
1 0 0.628906 0.606445 0.0285187 0.0385437 
