679 0 0.309326 0.190552 0.0277405 0.035675 
677 0 0.563477 0.161499 0.0292969 0.0351562 
676 0 0.142212 0.983398 0.0310516 0.0322876 
645 0 0.637207 0.419678 0.0335999 0.0437622 
619 0 0.578125 0.150024 0.03125 0.0375061 
607 0 0.601562 0.210205 0.03125 0.0404968 
588 0 0.941406 0.521973 0.0343628 0.0429688 
546 0 0.733887 0.0897217 0.0351562 0.0415344 
514 0 0.0890503 0.962402 0.0281219 0.0375061 
506 0 0.938965 0.947754 0.03125 0.0354309 
446 0 0.859375 0.406738 0.0343628 0.0460815 
338 0 0.48291 0.0457458 0.0281219 0.0385437 
308 0 0.822754 0.98877 0.0265656 0.0229187 
302 0 0.35791 0.0584106 0.03125 0.0377502 
264 0 0.26123 0.437988 0.0318298 0.038269 
257 0 0.717773 0.782227 0.0308533 0.0354309 
49 0 0.52832 0.595703 0.0316467 0.0416565 
48 0 0.460938 0.436035 0.0394592 0.0575562 
45 0 0.48584 0.86377 0.03125 0.0426941 
42 0 0.569336 0.103149 0.0296936 0.0385437 
41 0 0.309326 0.223022 0.0341797 0.0408936 
40 0 0.241821 0.375 0.028717 0.0406189 
34 0 0.583008 0.119812 0.0343628 0.0433044 
32 0 0.237549 0.17395 0.03125 0.0350342 
27 0 0.235107 0.576172 0.0296936 0.0437622 
26 0 0.129639 0.197876 0.0338745 0.0454407 
23 0 0.632812 0.237549 0.0347595 0.0416565 
22 0 0.271973 0.238525 0.0335999 0.039978 
21 0 0.0843506 0.805176 0.0281219 0.0354309 
20 0 0.491455 0.75293 0.0421753 0.049469 
18 0 0.829102 0.43335 0.0328064 0.0411377 
17 0 0.191406 0.844727 0.0328064 0.0395813 
14 0 0.842285 0.754395 0.0328064 0.046875 
12 0 0.936035 0.208374 0.0406189 0.0541687 
7 0 0.709473 0.631348 0.03125 0.0416565 
6 0 0.834473 0.870605 0.0249939 0.0375061 
5 0 0.851562 0.234131 0.0437622 0.0515747 
3 0 0.758789 0.10144 0.0328064 0.0384827 
2 0 0.236694 0.858398 0.0300751 0.0416565 
1 0 0.630859 0.610352 0.0289001 0.0375061 
