308 0 0.833008 0.977051 0.0281219 0.0328064 
302 0 0.375977 0.0124741 0.0285187 0.0249176 
300 0 0.312012 0.190063 0.03125 0.0360718 
289 0 0.657227 0.92627 0.0410156 0.0479126 
287 0 0.303467 0.147705 0.03302 0.0404968 
264 0 0.262451 0.4375 0.03125 0.038269 
257 0 0.728027 0.77002 0.0285187 0.0354309 
252 0 0.541504 0.985352 0.0359497 0.0291595 
238 0 0.0187531 0.754395 0.0280762 0.0416565 
236 0 0.16333 0.525879 0.0317383 0.039856 
132 0 0.638184 0.421875 0.0379028 0.0479126 
109 0 0.629883 0.804199 0.035553 0.0416565 
49 0 0.571289 0.523926 0.0332031 0.0395813 
48 0 0.487793 0.405273 0.0304718 0.0395813 
45 0 0.483887 0.867188 0.038269 0.0479126 
44 0 0.54541 0.947754 0.0281219 0.0322876 
42 0 0.569336 0.102966 0.0296936 0.0364685 
41 0 0.227295 0.188843 0.0273438 0.0403748 
40 0 0.285889 0.330566 0.0281219 0.0401001 
39 0 0.75293 0.236694 0.03125 0.0394592 
34 0 0.584473 0.12085 0.0332031 0.0413513 
32 0 0.259766 0.126099 0.0306702 0.0395813 
31 0 0.0606079 0.171875 0.0288849 0.0345154 
27 0 0.235107 0.579102 0.0318298 0.0447998 
26 0 0.130615 0.199097 0.03302 0.0434875 
23 0 0.661621 0.179199 0.0359497 0.0416565 
22 0 0.282715 0.21875 0.0324097 0.0391846 
21 0 0.0836182 0.806152 0.0296936 0.0375061 
20 0 0.498535 0.740723 0.0437622 0.0515747 
18 0 0.82959 0.435303 0.0320435 0.0408936 
17 0 0.192139 0.844727 0.0343628 0.0437622 
16 0 0.427734 0.413086 0.0320435 0.0440063 
14 0 0.850098 0.750977 0.0335999 0.0437622 
13 0 0.865723 0.411377 0.03125 0.0395813 
12 0 0.936523 0.209595 0.0390625 0.055603 
7 0 0.709473 0.634277 0.0320435 0.0395813 
6 0 0.842773 0.854004 0.0265656 0.0364685 
5 0 0.853027 0.229126 0.0437622 0.0541687 
4 0 0.602539 0.215576 0.0296936 0.035675 
3 0 0.771973 0.0792236 0.03125 0.0376587 
2 0 0.240601 0.854004 0.03125 0.0416565 
1 0 0.631348 0.58252 0.0300751 0.0380249 
