785 0 0.823242 0.98877 0.0273438 0.0229187 
784 0 0.62793 0.802246 0.0343628 0.0380249 
782 0 0.631836 0.0125275 0.0304718 0.0247192 
777 0 0.838867 0.791504 0.0289001 0.0333252 
776 0 0.5625 0.161499 0.0273438 0.035553 
772 1 0.0849609 0.875977 0.0317993 0.0432434 
769 0 0.989258 0.412598 0.0210876 0.046875 
747 0 0.763184 0.115601 0.0285187 0.0364075 
729 0 0.71582 0.785645 0.0281219 0.033844 
724 0 0.508789 0.0298462 0.0265656 0.0369263 
712 0 0.232056 0.467285 0.0232391 0.029953 
686 0 0.936035 0.205688 0.0367126 0.0516968 
676 0 0.158813 0.850586 0.0300751 0.0375061 
645 0 0.636719 0.418457 0.0390625 0.049469 
619 0 0.578125 0.148926 0.0281219 0.0354309 
607 0 0.602539 0.209351 0.0296936 0.0434875 
546 0 0.71582 0.12915 0.03125 0.0372314 
514 0 0.0890503 0.963379 0.0312042 0.0395813 
446 0 0.860352 0.4104 0.0296936 0.0375061 
338 0 0.477295 0.0524597 0.0273438 0.0386658 
302 0 0.355469 0.0697632 0.0290985 0.0353394 
264 0 0.260986 0.43335 0.0308533 0.0380249 
49 0 0.511719 0.607422 0.0328064 0.046875 
48 0 0.458496 0.44873 0.0379028 0.0484314 
45 0 0.487549 0.86377 0.0304718 0.0395813 
42 0 0.570312 0.102112 0.03125 0.0375061 
41 0 0.289551 0.20813 0.0339966 0.0426941 
40 0 0.226562 0.387451 0.0304718 0.0416565 
34 0 0.582031 0.12146 0.0328064 0.038269 
32 0 0.2229 0.172729 0.0308533 0.0343628 
27 0 0.235962 0.569824 0.03125 0.0437622 
26 0 0.129639 0.196899 0.0343628 0.044281 
23 0 0.627441 0.240601 0.0332031 0.0395813 
22 0 0.26709 0.248901 0.0343628 0.0395813 
21 0 0.0845947 0.803223 0.0326233 0.0395813 
18 0 0.828125 0.432373 0.0335999 0.0401001 
17 0 0.191406 0.848145 0.0332947 0.0421753 
14 0 0.834473 0.754395 0.0296936 0.044281 
7 0 0.709473 0.630371 0.03125 0.0395813 
6 0 0.832031 0.87207 0.0265656 0.0354309 
5 0 0.851562 0.236816 0.0406189 0.046875 
3 0 0.749023 0.115479 0.0324097 0.0397644 
2 0 0.237549 0.857422 0.03125 0.044281 
1 0 0.631348 0.615723 0.0292969 0.0390625 
