772 1 0.10968 0.899414 0.03125 0.0385437 
769 0 0.989258 0.411865 0.0218811 0.0471497 
764 0 0.62793 0.802246 0.0339966 0.0375061 
747 0 0.759277 0.0758057 0.0296936 0.03479 
729 0 0.716309 0.785645 0.0273438 0.0333252 
724 0 0.508789 0.0292053 0.0265656 0.0372925 
712 0 0.232788 0.465576 0.0222626 0.0289001 
686 0 0.936523 0.206543 0.0359497 0.0533752 
676 0 0.134399 0.864258 0.0305634 0.0406189 
645 0 0.635742 0.417725 0.038269 0.0479126 
619 0 0.578125 0.148926 0.0281219 0.0352783 
607 0 0.602539 0.210449 0.0300751 0.0416565 
546 0 0.717285 0.128052 0.03125 0.0389404 
514 0 0.0896606 0.962402 0.03302 0.0421753 
446 0 0.860352 0.4104 0.0296936 0.0375061 
338 0 0.477295 0.0519714 0.0277405 0.0379639 
308 0 0.824219 0.98877 0.0265656 0.0223999 
302 0 0.356201 0.0679932 0.0279236 0.0359802 
264 0 0.261719 0.432373 0.0294952 0.0390625 
49 0 0.512695 0.607422 0.03125 0.0437622 
48 0 0.458496 0.447754 0.0359497 0.0479126 
45 0 0.488281 0.862305 0.0296936 0.0385437 
42 0 0.569336 0.102783 0.0296936 0.0342407 
41 0 0.294434 0.207031 0.0332031 0.0433655 
40 0 0.227783 0.38623 0.0300751 0.0401001 
34 0 0.583008 0.12146 0.0320435 0.0384827 
32 0 0.225342 0.172729 0.0322266 0.0343628 
27 0 0.236572 0.571777 0.0308533 0.0437622 
26 0 0.129639 0.197021 0.0343628 0.0445251 
23 0 0.626465 0.240601 0.0324097 0.0395813 
22 0 0.26709 0.247925 0.0347595 0.040741 
21 0 0.0848389 0.803223 0.0331421 0.0395813 
18 0 0.828125 0.434326 0.0335999 0.0395813 
17 0 0.191528 0.848145 0.033783 0.0426941 
14 0 0.836914 0.757324 0.0343628 0.049469 
7 0 0.709473 0.630371 0.03125 0.0395813 
6 0 0.833008 0.87207 0.0257874 0.0354309 
5 0 0.852539 0.23645 0.0390625 0.0475159 
3 0 0.751465 0.114563 0.03125 0.0376892 
2 0 0.237915 0.856445 0.0322266 0.0458374 
1 0 0.630371 0.615723 0.0296936 0.0395813 
