857 0 0.638184 0.414551 0.038269 0.0505066 
855 0 0.824219 0.98877 0.0265656 0.0229187 
845 0 0.105469 0.984375 0.0293427 0.03125 
841 0 0.201416 0.733398 0.030365 0.0421753 
836 0 0.561035 0.1604 0.0281219 0.037384 
835 0 0.192261 0.85498 0.0369263 0.0479126 
810 0 0.408203 0.216797 0.0349731 0.0445251 
800 0 0.307861 0.196899 0.0279236 0.0347595 
790 0 0.790527 0.352539 0.0296936 0.0385437 
777 0 0.708008 0.955078 0.0304718 0.0390625 
747 0 0.734375 0.150024 0.03125 0.0376282 
729 0 0.71582 0.787598 0.0281219 0.0333252 
724 0 0.506836 0.0331116 0.0265656 0.0328674 
712 0 0.223389 0.483398 0.0253906 0.0333252 
686 0 0.936035 0.206299 0.0367126 0.0497437 
619 0 0.578125 0.148682 0.0281219 0.0354919 
607 0 0.601562 0.209351 0.0300751 0.044281 
546 0 0.705566 0.154907 0.0328064 0.0423279 
446 0 0.86084 0.409424 0.0289001 0.0359497 
338 0 0.47583 0.0541687 0.0261688 0.0379333 
302 0 0.352295 0.0718994 0.0265656 0.03125 
264 0 0.260254 0.432861 0.0273438 0.0377502 
49 0 0.493652 0.615723 0.03125 0.0406189 
48 0 0.454346 0.468262 0.0351562 0.0403748 
45 0 0.486816 0.862305 0.0316467 0.0416565 
42 0 0.570312 0.102112 0.0281219 0.0333252 
41 0 0.213623 0.224609 0.0302734 0.0361938 
40 0 0.216431 0.403076 0.028717 0.0414124 
34 0 0.583496 0.119812 0.0324097 0.0391235 
32 0 0.207764 0.188599 0.0285187 0.0352783 
27 0 0.235107 0.566895 0.0332031 0.0499878 
26 0 0.129639 0.195801 0.033783 0.0419312 
23 0 0.625 0.240601 0.0320435 0.0395813 
22 0 0.259277 0.266602 0.0349731 0.0416565 
21 0 0.0836182 0.802246 0.0328064 0.0416565 
18 0 0.82666 0.431152 0.03125 0.0375061 
14 0 0.836914 0.779297 0.0359497 0.0458374 
7 0 0.708496 0.629395 0.0328064 0.0416565 
6 0 0.830566 0.869629 0.0296936 0.0395813 
5 0 0.851562 0.231201 0.0437622 0.0497437 
2 0 0.235962 0.856445 0.0308533 0.044281 
1 0 0.630859 0.615723 0.0289001 0.0395813 
