266 0 0.978027 0.861328 0.0289001 0.0354309 
264 0 0.265625 0.436768 0.0326233 0.0426941 
263 0 0.74707 0.808105 0.0281219 0.0359497 
257 0 0.735352 0.762695 0.026947 0.033844 
252 0 0.541504 0.984375 0.0359497 0.0307312 
247 0 0.038269 0.377197 0.0360718 0.0466003 
244 0 0.985352 0.813477 0.0296936 0.0395813 
238 0 0.0210876 0.742676 0.0296326 0.0437622 
236 0 0.248413 0.472168 0.0322266 0.0385437 
226 0 0.495361 0.0145645 0.0328064 0.0289459 
198 0 0.834961 0.97168 0.0296936 0.0385437 
132 0 0.637695 0.420166 0.0351562 0.0484314 
109 0 0.628906 0.804199 0.0359497 0.0416565 
49 0 0.57959 0.508301 0.03125 0.0377502 
48 0 0.492188 0.402588 0.03125 0.0429688 
45 0 0.48584 0.864746 0.0328064 0.0406189 
44 0 0.557617 0.923828 0.0308533 0.0348816 
43 0 0.578125 0.150024 0.03125 0.0372925 
42 0 0.566406 0.104187 0.0320435 0.0409546 
41 0 0.219482 0.176025 0.0292969 0.0390625 
40 0 0.296143 0.320801 0.0294952 0.0403748 
39 0 0.779785 0.430664 0.0320435 0.0403748 
34 0 0.583496 0.12085 0.0328064 0.0416565 
32 0 0.273438 0.12085 0.0310516 0.0380859 
31 0 0.178467 0.33374 0.0323181 0.0380249 
27 0 0.234375 0.576172 0.0310516 0.0437622 
26 0 0.132812 0.194824 0.0339966 0.0437622 
23 0 0.664062 0.168701 0.0343628 0.0390625 
22 0 0.282715 0.218018 0.0343628 0.0426941 
21 0 0.0836182 0.806152 0.0296936 0.0380249 
20 0 0.504395 0.735352 0.0421753 0.0531311 
18 0 0.828125 0.434326 0.03125 0.0401001 
17 0 0.192383 0.84375 0.0317383 0.0406189 
16 0 0.346191 0.429688 0.0341797 0.0437622 
14 0 0.851562 0.75 0.0351562 0.0458374 
13 0 0.867188 0.409424 0.03125 0.0437622 
12 0 0.936035 0.209351 0.039856 0.0570374 
7 0 0.708984 0.632324 0.03125 0.0401001 
6 0 0.84375 0.84668 0.0281219 0.0354309 
5 0 0.853027 0.229126 0.0445251 0.0541687 
4 0 0.602539 0.21228 0.0328064 0.0418091 
3 0 0.773438 0.0739136 0.03125 0.0398254 
2 0 0.240601 0.854004 0.03125 0.0416565 
1 0 0.633789 0.572754 0.0304718 0.0416565 
