741 0 0.920898 0.977051 0.0328064 0.0380249 
740 0 0.26709 0.887695 0.0251923 0.0302124 
739 0 0.487549 0.759277 0.0394592 0.044281 
729 0 0.716309 0.78418 0.0289001 0.0354309 
724 0 0.506836 0.0260468 0.0261688 0.0353394 
712 0 0.235962 0.460205 0.0216827 0.0276031 
686 0 0.9375 0.207397 0.038269 0.0528564 
676 0 0.145508 0.927734 0.0301819 0.0375061 
645 0 0.636719 0.419434 0.0386658 0.0479126 
619 0 0.578125 0.150146 0.0289001 0.0362549 
607 0 0.602539 0.210449 0.0296936 0.0410156 
588 0 0.85791 0.69043 0.0304718 0.0369873 
546 0 0.719727 0.119934 0.0304718 0.0354919 
514 0 0.0890503 0.962402 0.0306091 0.0375061 
446 0 0.859375 0.4104 0.03125 0.0375061 
338 0 0.479004 0.0510559 0.0265656 0.0353699 
308 0 0.823242 0.98877 0.0281219 0.0229187 
302 0 0.355469 0.0665894 0.0296936 0.0364075 
264 0 0.261719 0.433594 0.0289001 0.0359497 
49 0 0.515625 0.606445 0.0320435 0.0447998 
48 0 0.460205 0.443848 0.038269 0.0487061 
45 0 0.487793 0.86377 0.0304718 0.0395813 
42 0 0.569336 0.102112 0.0296936 0.0362549 
41 0 0.302002 0.217041 0.0320435 0.0387878 
40 0 0.231201 0.383301 0.0283203 0.039856 
34 0 0.583496 0.12085 0.0328064 0.0374451 
32 0 0.229736 0.171875 0.0308533 0.035675 
27 0 0.235962 0.571777 0.0281219 0.0437622 
26 0 0.130493 0.197876 0.0328979 0.0419312 
23 0 0.627441 0.240601 0.0328064 0.0394592 
22 0 0.268066 0.244751 0.0328064 0.0380249 
21 0 0.0845947 0.804199 0.0310059 0.0375061 
18 0 0.82666 0.432861 0.0335999 0.0408936 
17 0 0.191406 0.84668 0.0327148 0.0395813 
14 0 0.838379 0.75293 0.0328064 0.0479126 
7 0 0.709473 0.630371 0.03125 0.0395813 
6 0 0.833008 0.87207 0.0249939 0.0354309 
5 0 0.851562 0.236206 0.0406189 0.0513 
3 0 0.753906 0.111877 0.0296936 0.0364075 
2 0 0.237549 0.857422 0.03125 0.0432434 
1 0 0.630371 0.615723 0.0296936 0.0390625 
