344 0 0.630371 0.804199 0.0351562 0.0416565 
338 0 0.504883 0.0198212 0.03125 0.0354309 
330 0 0.310059 0.190918 0.0304718 0.0377502 
308 0 0.831055 0.978027 0.0281219 0.0354309 
302 0 0.372314 0.0167694 0.028717 0.0292816 
289 0 0.657227 0.927246 0.0421753 0.0499878 
264 0 0.26123 0.4375 0.0333862 0.0408936 
257 0 0.727051 0.772949 0.0304718 0.0343628 
252 0 0.541992 0.985352 0.0343628 0.0291595 
236 0 0.154907 0.52832 0.0338745 0.0434875 
132 0 0.638184 0.421875 0.0390625 0.0479126 
49 0 0.569336 0.52832 0.0328064 0.0395813 
48 0 0.480469 0.40625 0.0359497 0.0463562 
45 0 0.487549 0.865723 0.0300751 0.0421753 
42 0 0.567871 0.103516 0.0300751 0.0364075 
41 0 0.237549 0.185913 0.03125 0.039978 
40 0 0.283691 0.336426 0.0265656 0.0385437 
39 0 0.750977 0.160156 0.0328064 0.0418091 
34 0 0.583496 0.12085 0.0328064 0.0414124 
32 0 0.262207 0.130981 0.0304718 0.0386658 
31 0 0.0601501 0.092041 0.0290222 0.0406189 
27 0 0.235962 0.578125 0.03125 0.0453186 
26 0 0.130493 0.198975 0.0359497 0.0449219 
23 0 0.658691 0.185547 0.0359497 0.0416565 
22 0 0.282715 0.221191 0.0349731 0.0419312 
21 0 0.0836182 0.805176 0.0296936 0.0395813 
20 0 0.497559 0.740723 0.0445251 0.0526123 
18 0 0.829102 0.435303 0.0328064 0.0416565 
17 0 0.192139 0.845703 0.0342712 0.0416565 
16 0 0.467529 0.47998 0.0351562 0.046875 
14 0 0.850098 0.754395 0.0351562 0.0458374 
13 0 0.865723 0.413574 0.0335999 0.0437622 
12 0 0.936035 0.210449 0.039856 0.0579529 
7 0 0.709473 0.632812 0.03125 0.0395813 
6 0 0.842285 0.854004 0.0281219 0.0375061 
5 0 0.851562 0.229126 0.0445251 0.0541687 
4 0 0.602539 0.2146 0.0328064 0.0411377 
3 0 0.770996 0.0812988 0.0332031 0.0414429 
2 0 0.239868 0.857422 0.0328064 0.0437622 
1 0 0.630371 0.585449 0.0328064 0.0416565 
