800 0 0.308105 0.194824 0.0271454 0.0354309 
799 0 0.62793 0.802246 0.0320435 0.0364685 
792 0 0.086731 0.960449 0.0336304 0.0426941 
790 0 0.76416 0.159912 0.0300751 0.035675 
785 0 0.824219 0.98877 0.0265656 0.0229187 
777 0 0.820312 0.83252 0.0296936 0.0364685 
776 0 0.563477 0.161499 0.026947 0.0354309 
772 1 0.0631714 0.811523 0.0339966 0.044281 
769 0 0.989746 0.412598 0.0203094 0.0458374 
747 0 0.746094 0.127075 0.0292969 0.0374451 
729 0 0.716309 0.787598 0.0265656 0.0328064 
724 0 0.508789 0.03125 0.0265656 0.0375061 
712 0 0.230713 0.4729 0.0222626 0.0289001 
686 0 0.936035 0.206787 0.0367126 0.051178 
676 0 0.176147 0.844238 0.0315552 0.0406189 
645 0 0.637695 0.418701 0.0371094 0.0458374 
619 0 0.578125 0.149902 0.0281219 0.0367126 
607 0 0.602539 0.209351 0.0296936 0.0437622 
546 0 0.714844 0.137085 0.0320435 0.0421143 
446 0 0.86084 0.4104 0.0281219 0.0375061 
338 0 0.477295 0.0531311 0.0273438 0.0394592 
302 0 0.356201 0.0697632 0.0283203 0.0353699 
264 0 0.26123 0.432373 0.0290985 0.039856 
49 0 0.509277 0.608398 0.0343628 0.0489502 
48 0 0.457764 0.455322 0.0343628 0.0440063 
45 0 0.487549 0.862793 0.0308533 0.0385437 
42 0 0.571289 0.102112 0.0296936 0.0375061 
41 0 0.283936 0.204468 0.0326233 0.0415344 
40 0 0.226562 0.389648 0.0314331 0.0414124 
34 0 0.582031 0.12085 0.0328064 0.0375061 
32 0 0.218994 0.17395 0.0300751 0.0352783 
27 0 0.235962 0.570801 0.03125 0.0458374 
26 0 0.129639 0.196899 0.0343628 0.0467529 
23 0 0.626465 0.241577 0.0343628 0.0406189 
22 0 0.266357 0.252197 0.0332031 0.0415344 
21 0 0.0849609 0.803223 0.0324707 0.0401001 
18 0 0.825684 0.431885 0.0328064 0.0387878 
17 0 0.191772 0.84668 0.0325317 0.0421753 
14 0 0.828125 0.757324 0.0320435 0.0421753 
7 0 0.709473 0.630371 0.03125 0.0395813 
6 0 0.832031 0.873047 0.0265656 0.0348816 
5 0 0.851562 0.23645 0.0406189 0.0477905 
2 0 0.237549 0.856445 0.03125 0.0458374 
1 0 0.630371 0.616699 0.0296936 0.0411377 
