316 0 0.296387 0.36084 0.0228577 0.0276031 
308 0 0.832031 0.978027 0.0296936 0.0348816 
302 0 0.374512 0.0114441 0.0277405 0.0234985 
300 0 0.311768 0.189575 0.0324097 0.0368347 
289 0 0.65625 0.92627 0.0410156 0.0484314 
287 0 0.294434 0.14563 0.0339966 0.0404358 
264 0 0.262451 0.4375 0.03125 0.0377502 
257 0 0.728027 0.771973 0.0281219 0.0348816 
252 0 0.541504 0.986328 0.0359497 0.0286407 
238 0 0.0187531 0.754395 0.0280762 0.0416565 
236 0 0.162354 0.528809 0.0318298 0.0403748 
132 0 0.637695 0.421875 0.0379028 0.0479126 
109 0 0.628906 0.804199 0.0359497 0.0416565 
49 0 0.570312 0.523926 0.0339966 0.0395813 
48 0 0.487549 0.405273 0.0308533 0.0395813 
45 0 0.48291 0.868164 0.039856 0.0489502 
44 0 0.544434 0.949707 0.0292969 0.0333252 
42 0 0.569336 0.103149 0.0296936 0.0357361 
41 0 0.227783 0.186279 0.0275421 0.0387878 
40 0 0.285889 0.330322 0.0281219 0.0395813 
39 0 0.761719 0.228394 0.0308533 0.0393372 
34 0 0.583496 0.120178 0.0328064 0.0409546 
32 0 0.257812 0.126709 0.0310516 0.0390015 
31 0 0.057312 0.153687 0.0308075 0.0391846 
27 0 0.235107 0.579102 0.0326233 0.0458374 
26 0 0.131226 0.198975 0.0335999 0.0437622 
23 0 0.661133 0.179199 0.0359497 0.0416565 
22 0 0.282715 0.218994 0.0316467 0.0385437 
21 0 0.0836182 0.806152 0.0296936 0.0375061 
20 0 0.498535 0.739746 0.0437622 0.0510559 
18 0 0.828125 0.434326 0.0320435 0.0403748 
17 0 0.192749 0.844727 0.0335999 0.0421753 
16 0 0.424316 0.409912 0.0316467 0.0432434 
14 0 0.850098 0.751953 0.0335999 0.044281 
13 0 0.865723 0.411377 0.03125 0.0401001 
12 0 0.936523 0.209595 0.0390625 0.0562439 
7 0 0.708496 0.633301 0.0324097 0.0401001 
6 0 0.842285 0.853027 0.0257874 0.0364685 
5 0 0.853027 0.229126 0.0437622 0.0541687 
4 0 0.603027 0.214966 0.0308533 0.0359497 
3 0 0.771973 0.0791626 0.03125 0.0374756 
2 0 0.240601 0.854004 0.03125 0.0416565 
1 0 0.631348 0.58252 0.0304718 0.0395813 
