773 0 0.612305 0.828125 0.0351562 0.0432434 
772 1 0.109741 0.890625 0.031311 0.0369873 
769 0 0.989258 0.412598 0.0203094 0.0460815 
764 0 0.628418 0.802246 0.0335999 0.0380249 
747 0 0.759277 0.079834 0.0292969 0.0350647 
729 0 0.71582 0.785645 0.0281219 0.0333252 
724 0 0.508789 0.0292053 0.0265656 0.0369263 
712 0 0.233643 0.465576 0.0228577 0.0304718 
686 0 0.936035 0.206787 0.0367126 0.053009 
676 0 0.135986 0.869629 0.0305634 0.0395813 
645 0 0.635742 0.417725 0.0394592 0.0479126 
619 0 0.579102 0.150757 0.0289001 0.0353394 
607 0 0.602539 0.210449 0.0296936 0.0416565 
546 0 0.717285 0.127563 0.0308533 0.0386658 
514 0 0.0891113 0.963379 0.0340881 0.0432434 
446 0 0.860352 0.4104 0.0296936 0.0375061 
338 0 0.478027 0.0518494 0.0281219 0.0378113 
302 0 0.356201 0.067749 0.0281219 0.0357666 
264 0 0.261719 0.432373 0.0296936 0.038269 
49 0 0.512695 0.607422 0.03125 0.0437622 
48 0 0.458496 0.44751 0.0359497 0.0487061 
45 0 0.488281 0.86377 0.0296936 0.0390625 
42 0 0.569336 0.102966 0.0300751 0.0343018 
41 0 0.294434 0.209106 0.0335999 0.0428467 
40 0 0.228882 0.386475 0.0296936 0.039856 
34 0 0.583496 0.121948 0.0328064 0.0386658 
32 0 0.22583 0.171875 0.0324097 0.0354309 
27 0 0.235962 0.571777 0.03125 0.044281 
26 0 0.129639 0.197266 0.0343628 0.0450439 
23 0 0.626465 0.240601 0.0324097 0.0395813 
22 0 0.26709 0.246826 0.0347595 0.0401001 
21 0 0.0845947 0.803223 0.0337524 0.0395813 
18 0 0.827148 0.434326 0.0328064 0.0395813 
17 0 0.191162 0.84668 0.0351562 0.0437622 
14 0 0.835938 0.759277 0.0343628 0.049469 
7 0 0.709473 0.631348 0.03125 0.0401001 
6 0 0.832031 0.87207 0.0265656 0.0354309 
5 0 0.852539 0.23645 0.0390625 0.0479126 
3 0 0.751465 0.114563 0.0316467 0.0379639 
2 0 0.238281 0.856445 0.0328064 0.0458374 
1 0 0.630371 0.614746 0.0292969 0.0390625 
