728 0 0.203369 0.97998 0.0347595 0.0333252 
724 0 0.505371 0.025116 0.0257874 0.0366821 
723 0 0.563477 0.161499 0.0265656 0.0352783 
712 0 0.239502 0.45752 0.0240173 0.0281219 
686 0 0.936523 0.207275 0.0390625 0.0516968 
683 0 0.983398 0.387939 0.03125 0.0395813 
676 0 0.141357 0.930176 0.0296936 0.0401001 
645 0 0.635742 0.418701 0.0375061 0.0455627 
619 0 0.577148 0.150024 0.0285187 0.0374451 
607 0 0.602539 0.209351 0.0296936 0.0395813 
588 0 0.884277 0.635254 0.0343628 0.0432434 
546 0 0.723145 0.111389 0.0328064 0.0384216 
514 0 0.088562 0.962891 0.0306702 0.0385437 
446 0 0.858398 0.4104 0.0296936 0.0375061 
338 0 0.479736 0.0499878 0.0265656 0.034668 
308 0 0.823242 0.98877 0.0281219 0.0229187 
302 0 0.356201 0.0635376 0.0281219 0.0355835 
264 0 0.260742 0.435303 0.0308533 0.0375061 
49 0 0.51709 0.60498 0.0332031 0.0463562 
48 0 0.460205 0.442871 0.0363159 0.0484314 
45 0 0.487549 0.86377 0.03125 0.0395813 
42 0 0.569336 0.102112 0.0296936 0.0375061 
41 0 0.302246 0.219849 0.0324097 0.040741 
40 0 0.233643 0.381104 0.0296936 0.0401001 
34 0 0.583496 0.120728 0.0328064 0.0384827 
32 0 0.234009 0.17395 0.0290985 0.0320435 
27 0 0.235107 0.572754 0.0296936 0.0416565 
26 0 0.130493 0.196899 0.0328064 0.0436096 
23 0 0.627441 0.238892 0.0328064 0.0380249 
22 0 0.268066 0.243042 0.0326233 0.038269 
21 0 0.0843506 0.805176 0.0308533 0.0380249 
20 0 0.486328 0.758301 0.038269 0.0437622 
18 0 0.825684 0.433105 0.0328064 0.0411377 
17 0 0.191284 0.84668 0.0333862 0.0432434 
14 0 0.838867 0.75293 0.0343628 0.0484314 
7 0 0.709473 0.631348 0.03125 0.0401001 
6 0 0.833008 0.870605 0.0281219 0.0375061 
5 0 0.851562 0.234131 0.0437622 0.0488281 
3 0 0.755371 0.111206 0.0296936 0.038208 
2 0 0.237549 0.858398 0.0314331 0.0426941 
1 0 0.630371 0.61377 0.0289001 0.0395813 
