801 0 0.487549 0.76123 0.0379028 0.0426941 
800 0 0.30835 0.194824 0.026947 0.0354309 
799 0 0.62793 0.802246 0.0328064 0.0369873 
792 0 0.0872192 0.960449 0.0339355 0.0426941 
790 0 0.76709 0.157959 0.0308533 0.0361938 
785 0 0.824219 0.98877 0.0265656 0.0229187 
777 0 0.817383 0.830566 0.0289001 0.0364685 
776 0 0.563477 0.161499 0.026947 0.0354309 
772 1 0.0592651 0.808105 0.0337219 0.0437622 
769 0 0.989746 0.412598 0.0203094 0.0458374 
747 0 0.745117 0.127319 0.0296936 0.0375671 
729 0 0.716309 0.787598 0.0265656 0.0333252 
724 0 0.508789 0.03125 0.0265656 0.0375061 
712 0 0.230469 0.4729 0.0224609 0.0289001 
686 0 0.936035 0.207031 0.0375061 0.0514221 
676 0 0.176514 0.843262 0.0314331 0.0406189 
645 0 0.637695 0.418701 0.0375061 0.0458374 
619 0 0.578125 0.150024 0.0281219 0.0369873 
607 0 0.602539 0.210083 0.0296936 0.0432434 
546 0 0.714355 0.137451 0.0328064 0.0432434 
446 0 0.86084 0.4104 0.0281219 0.0375061 
338 0 0.477295 0.0531616 0.0273438 0.0395203 
302 0 0.356201 0.0697632 0.0281219 0.0353699 
264 0 0.261475 0.432373 0.0292969 0.0395813 
49 0 0.509277 0.608398 0.0343628 0.049469 
48 0 0.457764 0.455322 0.0343628 0.0440063 
45 0 0.487549 0.86377 0.03125 0.0385437 
42 0 0.571289 0.10144 0.0296936 0.0369263 
41 0 0.283691 0.202881 0.0326233 0.0415344 
40 0 0.226196 0.389648 0.0318298 0.0416565 
34 0 0.583008 0.12085 0.0324097 0.0375061 
32 0 0.21875 0.17395 0.0304718 0.0352783 
27 0 0.235962 0.570801 0.03125 0.0458374 
26 0 0.129639 0.196899 0.0343628 0.0471497 
23 0 0.626465 0.241699 0.0343628 0.0408936 
22 0 0.266357 0.252197 0.0328064 0.0415344 
21 0 0.085083 0.803711 0.0325623 0.0406189 
18 0 0.825684 0.432129 0.0328064 0.0390625 
17 0 0.19104 0.84668 0.0328979 0.0426941 
14 0 0.828125 0.757324 0.0320435 0.0426941 
7 0 0.709473 0.630371 0.03125 0.0395813 
6 0 0.832031 0.87207 0.0265656 0.0348816 
5 0 0.851562 0.23645 0.0406189 0.0477905 
2 0 0.237549 0.856445 0.03125 0.0458374 
1 0 0.630371 0.616211 0.0296936 0.0406189 
