479 0 0.768555 0.0257874 0.0347595 0.0426941 
467 0 0.309326 0.807129 0.0281219 0.0343628 
446 0 0.65918 0.536621 0.0328064 0.0440063 
444 0 0.0132294 0.771973 0.0236664 0.0385437 
440 1 0.898438 0.179443 0.0320435 0.0404968 
421 0 0.578125 0.153076 0.0281219 0.0351562 
402 0 0.312256 0.191528 0.0363159 0.0416565 
338 0 0.498535 0.0239563 0.0351562 0.0396423 
308 0 0.831055 0.983398 0.0281219 0.0333252 
302 0 0.366211 0.0319214 0.0339966 0.0408936 
264 0 0.260986 0.44043 0.0343628 0.0432434 
257 0 0.723633 0.774902 0.03125 0.0375061 
49 0 0.557617 0.547363 0.0320435 0.0416565 
48 0 0.47583 0.414551 0.0359497 0.0458374 
45 0 0.487061 0.865723 0.0304718 0.0421753 
42 0 0.569336 0.104187 0.0296936 0.0372925 
41 0 0.291504 0.249512 0.0328064 0.0389404 
40 0 0.269531 0.360352 0.0296936 0.0416565 
39 0 0.584473 0.0556946 0.0296936 0.0348206 
34 0 0.584473 0.120789 0.0339966 0.0412903 
32 0 0.244507 0.154175 0.0328064 0.0376282 
27 0 0.235107 0.578125 0.0328064 0.0437622 
26 0 0.129395 0.199951 0.0386658 0.0505066 
23 0 0.655273 0.198853 0.0359497 0.0434875 
22 0 0.283203 0.217651 0.0341797 0.0402222 
21 0 0.0828247 0.806152 0.03125 0.0390625 
20 0 0.495605 0.744629 0.0429688 0.0510559 
18 0 0.82959 0.435303 0.0328064 0.0411377 
17 0 0.192993 0.84668 0.0359497 0.0437622 
14 0 0.847656 0.754395 0.0328064 0.0458374 
13 0 0.864258 0.413086 0.0343628 0.04245 
12 0 0.935059 0.209229 0.0359497 0.0510559 
7 0 0.709473 0.633301 0.03125 0.0401001 
6 0 0.84082 0.860352 0.0273438 0.0390625 
5 0 0.853027 0.229004 0.0437622 0.0492249 
4 0 0.602539 0.2146 0.0300751 0.0375061 
3 0 0.768555 0.0927734 0.0316467 0.0397034 
2 0 0.239868 0.858398 0.0332031 0.0401001 
1 0 0.629883 0.600098 0.03125 0.0401001 
