855 0 0.823242 0.987305 0.0281219 0.0249939 
850 0 0.0422974 0.984375 0.0368042 0.03125 
845 0 0.106079 0.983887 0.0296326 0.0322876 
841 0 0.208252 0.740234 0.0302734 0.0426941 
840 0 0.62793 0.80127 0.0343628 0.0395813 
836 0 0.561035 0.1604 0.0281219 0.0376282 
835 0 0.192993 0.85498 0.0381775 0.0505066 
810 0 0.407715 0.217529 0.035553 0.0445251 
800 0 0.307861 0.195801 0.0281219 0.0330811 
790 0 0.804688 0.335938 0.0292969 0.0375061 
777 0 0.709961 0.938965 0.0316467 0.0385437 
747 0 0.735352 0.149902 0.0296936 0.0379639 
729 0 0.714844 0.787598 0.0277405 0.0333252 
724 0 0.506836 0.0333557 0.0265656 0.0332642 
712 0 0.224243 0.483398 0.0265656 0.0330811 
686 0 0.935059 0.205811 0.0359497 0.046875 
619 0 0.578125 0.148682 0.0285187 0.0361938 
607 0 0.601562 0.208496 0.0304718 0.0447998 
546 0 0.705566 0.154175 0.0328064 0.0418091 
446 0 0.861816 0.409424 0.0296936 0.0359497 
338 0 0.475098 0.0552368 0.026947 0.0390015 
302 0 0.352295 0.0718994 0.026947 0.0316162 
264 0 0.260986 0.432373 0.0281219 0.0395813 
49 0 0.494629 0.615723 0.0328064 0.0437622 
48 0 0.45459 0.466553 0.0343628 0.0416565 
45 0 0.487549 0.862305 0.03125 0.0416565 
42 0 0.570312 0.102112 0.0281219 0.0333252 
41 0 0.212524 0.218872 0.0318298 0.0369873 
40 0 0.217163 0.403076 0.0310516 0.0432434 
34 0 0.583008 0.120056 0.0320435 0.0380249 
32 0 0.208618 0.188599 0.0292969 0.0352783 
27 0 0.235107 0.566895 0.033783 0.0499878 
26 0 0.129028 0.196045 0.0335999 0.0437622 
23 0 0.625 0.240601 0.0320435 0.0395813 
22 0 0.260742 0.266602 0.0351562 0.0428467 
21 0 0.0836182 0.802246 0.0328674 0.0406189 
18 0 0.82666 0.431152 0.03125 0.0375061 
14 0 0.836914 0.77832 0.0359497 0.0463562 
7 0 0.708496 0.629395 0.0328064 0.0416565 
6 0 0.830566 0.869629 0.0296936 0.0395813 
5 0 0.851562 0.2323 0.0437622 0.0475159 
2 0 0.237061 0.856934 0.0318298 0.0437622 
1 0 0.630371 0.615723 0.0296936 0.0395813 
