867 0 0.62793 0.80127 0.0343628 0.0395813 
860 0 0.0422058 0.984375 0.0359802 0.03125 
845 0 0.103333 0.985352 0.0317993 0.0291595 
841 0 0.193604 0.71582 0.0313416 0.0432434 
836 0 0.561035 0.161499 0.0281219 0.0354309 
835 0 0.192139 0.854004 0.0350647 0.046875 
810 0 0.407715 0.217651 0.0343628 0.0438843 
800 0 0.307129 0.196899 0.0265656 0.0348816 
790 0 0.779297 0.368652 0.03125 0.0393372 
777 0 0.70459 0.977539 0.0332031 0.0406189 
747 0 0.735352 0.151123 0.0296936 0.0358582 
729 0 0.714844 0.786621 0.0296936 0.0343628 
724 0 0.506836 0.03125 0.0265656 0.0330811 
712 0 0.222656 0.484375 0.0242157 0.03125 
686 0 0.935059 0.206299 0.0359497 0.0498657 
619 0 0.578125 0.147949 0.0281219 0.0333862 
607 0 0.602539 0.209106 0.0296936 0.0433655 
546 0 0.704102 0.155396 0.0328064 0.0403748 
446 0 0.86084 0.4104 0.0289001 0.0375061 
338 0 0.475098 0.0541687 0.0257874 0.0375061 
302 0 0.352295 0.072937 0.0265656 0.0328369 
264 0 0.260254 0.431152 0.0275421 0.0375061 
49 0 0.490723 0.616699 0.0320435 0.0411377 
48 0 0.455566 0.471924 0.0367126 0.0401001 
45 0 0.487549 0.861328 0.03125 0.0395813 
42 0 0.570312 0.10144 0.0281219 0.033905 
41 0 0.207397 0.23645 0.0306702 0.0394592 
40 0 0.214111 0.405518 0.0285187 0.0432434 
34 0 0.584473 0.12085 0.03125 0.0372314 
32 0 0.206299 0.192505 0.0286102 0.0348816 
27 0 0.234375 0.56543 0.0320435 0.0489502 
26 0 0.128906 0.195801 0.0333862 0.0429688 
23 0 0.625 0.240234 0.0316467 0.0387878 
22 0 0.259277 0.269531 0.0347595 0.0423279 
21 0 0.0842896 0.80127 0.0320435 0.0406189 
18 0 0.827148 0.432373 0.0296936 0.0354309 
14 0 0.835938 0.779785 0.0351562 0.0447998 
7 0 0.708496 0.629395 0.0328064 0.0416565 
6 0 0.831055 0.869629 0.03125 0.0401001 
5 0 0.850586 0.2323 0.0437622 0.0483093 
2 0 0.235962 0.857422 0.03125 0.0432434 
1 0 0.631348 0.615723 0.0281219 0.0395813 
