753 0 0.611816 0.828125 0.0359497 0.0437622 
749 0 0.487549 0.760254 0.0402222 0.0453186 
747 0 0.744629 0.069458 0.0265656 0.0361633 
744 0 0.265137 0.891602 0.028717 0.0302124 
741 0 0.92041 0.982422 0.03125 0.0328064 
729 0 0.71582 0.78418 0.0281219 0.0354309 
728 0 0.13208 0.922852 0.0317383 0.0421753 
724 0 0.507812 0.0281372 0.0249939 0.0353699 
712 0 0.234375 0.460449 0.0218811 0.0257874 
686 0 0.936035 0.207275 0.0375061 0.0523376 
676 0 0.177734 0.926758 0.0318298 0.0437622 
645 0 0.635742 0.418213 0.0371094 0.0466003 
619 0 0.578125 0.151001 0.0300751 0.0354309 
607 0 0.602539 0.210205 0.0296936 0.04245 
588 0 0.84375 0.71875 0.0304718 0.0406189 
546 0 0.719727 0.123047 0.0296936 0.0367737 
514 0 0.0896606 0.962402 0.0326233 0.0421753 
446 0 0.860352 0.4104 0.0296936 0.0375061 
338 0 0.479004 0.0510559 0.0265656 0.0354309 
308 0 0.823242 0.98877 0.0281219 0.0229187 
302 0 0.355469 0.067688 0.0296936 0.0353699 
264 0 0.261719 0.43335 0.0296936 0.038269 
49 0 0.51416 0.606445 0.03125 0.0458374 
48 0 0.459473 0.445801 0.0375061 0.049469 
45 0 0.488281 0.86377 0.0296936 0.0390625 
42 0 0.570312 0.101013 0.0304718 0.035614 
41 0 0.297363 0.21521 0.0351562 0.0390625 
40 0 0.228882 0.384277 0.0316467 0.0416565 
34 0 0.583496 0.12085 0.0324097 0.0375061 
32 0 0.227295 0.171875 0.0324097 0.035675 
27 0 0.235596 0.571777 0.0302734 0.0437622 
26 0 0.129639 0.197144 0.0342712 0.0451965 
23 0 0.627441 0.240601 0.0324097 0.0395813 
22 0 0.26709 0.244751 0.0343628 0.0395813 
21 0 0.0848389 0.803223 0.0328064 0.0401001 
18 0 0.827148 0.43335 0.0328064 0.0411377 
17 0 0.190674 0.84668 0.0343628 0.0437622 
14 0 0.838379 0.755859 0.0328064 0.0437622 
7 0 0.709961 0.630371 0.0324097 0.0395813 
6 0 0.833008 0.87207 0.0249939 0.0354309 
5 0 0.851562 0.23645 0.0406189 0.0479126 
3 0 0.752441 0.114502 0.0300751 0.0376282 
2 0 0.237305 0.857422 0.0316467 0.0437622 
1 0 0.631348 0.615723 0.0285187 0.0390625 
