855 0 0.824219 0.98877 0.0265656 0.0229187 
845 0 0.105469 0.984375 0.0294495 0.03125 
841 0 0.202393 0.73877 0.0299835 0.0421753 
836 0 0.561523 0.161255 0.0277405 0.0371094 
835 0 0.192993 0.85498 0.0366211 0.0484314 
810 0 0.407715 0.217651 0.0345764 0.0438843 
800 0 0.307861 0.197021 0.0281219 0.0348816 
790 0 0.796875 0.348877 0.0292969 0.0387878 
777 0 0.707031 0.949707 0.03125 0.0395813 
747 0 0.734375 0.150024 0.03125 0.0376282 
729 0 0.714844 0.787598 0.0281219 0.0333252 
724 0 0.506836 0.0333862 0.0265656 0.0332947 
712 0 0.223633 0.483398 0.0265656 0.0333252 
686 0 0.935059 0.206299 0.0359497 0.0492249 
619 0 0.577637 0.148682 0.0289001 0.0363159 
607 0 0.602051 0.208618 0.0296936 0.0451965 
546 0 0.705566 0.154175 0.0328064 0.0420532 
446 0 0.86084 0.409912 0.0289001 0.0367126 
338 0 0.475098 0.0550232 0.0281219 0.039093 
302 0 0.352295 0.0719604 0.0265656 0.0315247 
264 0 0.26001 0.432373 0.0277405 0.0395813 
49 0 0.493652 0.615723 0.0324097 0.0426941 
48 0 0.453857 0.467041 0.0347595 0.0411377 
45 0 0.487549 0.862305 0.03125 0.0416565 
42 0 0.570312 0.102112 0.0281219 0.0333252 
41 0 0.210571 0.219238 0.03125 0.035553 
40 0 0.216431 0.4021 0.0300751 0.0421753 
34 0 0.583496 0.120178 0.0328064 0.038208 
32 0 0.208252 0.188232 0.0290985 0.0350342 
27 0 0.234985 0.566895 0.0335999 0.0505066 
26 0 0.128906 0.195801 0.0328979 0.0423279 
23 0 0.625 0.240601 0.0320435 0.0395813 
22 0 0.260254 0.266357 0.035553 0.0421753 
21 0 0.0836182 0.802246 0.0328674 0.0416565 
18 0 0.82666 0.431152 0.03125 0.0375061 
14 0 0.836914 0.779297 0.0359497 0.0463562 
7 0 0.708496 0.629395 0.0328064 0.0416565 
6 0 0.831055 0.869629 0.0289001 0.0395813 
5 0 0.851562 0.231934 0.0437622 0.0489502 
2 0 0.236084 0.855957 0.0308533 0.0426941 
1 0 0.631348 0.615723 0.0289001 0.0395813 
