659 0 0.56543 0.161377 0.0289001 0.0354309 
645 0 0.638184 0.422363 0.0359497 0.0445251 
619 0 0.578125 0.150024 0.03125 0.0375061 
607 0 0.600586 0.209595 0.0320435 0.0393372 
588 0 0.944336 0.436768 0.0328064 0.0406189 
546 0 0.745117 0.0758057 0.0339966 0.0423889 
514 0 0.0898438 0.962402 0.0296936 0.0375061 
506 0 0.942383 0.938477 0.0335999 0.0390625 
446 0 0.814941 0.411377 0.0347595 0.039856 
338 0 0.484375 0.0429993 0.0281219 0.0370483 
308 0 0.823242 0.987305 0.0273438 0.0249939 
302 0 0.357422 0.0561829 0.0294952 0.0379333 
264 0 0.260986 0.438232 0.033783 0.0385437 
257 0 0.717773 0.78125 0.0292969 0.0333252 
49 0 0.532715 0.589355 0.03125 0.0416565 
48 0 0.459473 0.429199 0.038269 0.0510559 
45 0 0.486816 0.86377 0.0296936 0.0406189 
42 0 0.569336 0.10376 0.0308533 0.0374451 
41 0 0.313232 0.22522 0.0328064 0.0416565 
40 0 0.244507 0.371338 0.0271454 0.0377502 
34 0 0.583008 0.12085 0.0343628 0.0416565 
32 0 0.239014 0.165649 0.03125 0.035553 
27 0 0.233643 0.576172 0.0296936 0.0437622 
26 0 0.130493 0.198975 0.0354614 0.0479126 
23 0 0.635254 0.235474 0.0363159 0.0416565 
22 0 0.273438 0.23645 0.0343628 0.0395813 
21 0 0.0843506 0.804688 0.0279846 0.0343628 
20 0 0.490723 0.751953 0.0414124 0.046875 
18 0 0.82959 0.436523 0.0320435 0.0361938 
17 0 0.192139 0.845703 0.0341797 0.0416565 
14 0 0.842285 0.75293 0.0343628 0.0484314 
13 0 0.864746 0.413574 0.0328064 0.0395813 
12 0 0.936035 0.209229 0.0406189 0.0557251 
7 0 0.709473 0.631348 0.0339966 0.0416565 
6 0 0.834473 0.869629 0.0249939 0.0395813 
5 0 0.851562 0.235107 0.0429688 0.0505066 
3 0 0.759277 0.0996704 0.03125 0.0364685 
2 0 0.236694 0.857422 0.0296936 0.0395813 
1 0 0.630371 0.609863 0.0328064 0.0406189 
