506 0 0.964844 0.88623 0.0359497 0.0395813 
504 0 0.575684 0.111694 0.0339966 0.0383606 
502 0 0.469482 0.467773 0.0332031 0.0479126 
486 0 0.765625 0.032959 0.0320435 0.0413818 
446 0 0.665039 0.505859 0.0308533 0.0403748 
444 0 0.0124741 0.772949 0.0221252 0.0375061 
440 1 0.875 0.131104 0.0296936 0.0401001 
421 0 0.577148 0.153076 0.0296936 0.0351562 
402 0 0.311279 0.190674 0.0339966 0.0395813 
338 0 0.499268 0.023819 0.0367126 0.0411682 
308 0 0.831055 0.983398 0.0281219 0.0333252 
302 0 0.364746 0.0354919 0.0328064 0.041687 
264 0 0.260986 0.44165 0.0343628 0.0416565 
257 0 0.723633 0.775879 0.03125 0.0354309 
49 0 0.554688 0.557129 0.0339966 0.0432434 
48 0 0.473389 0.414551 0.0379028 0.0507812 
45 0 0.486816 0.864746 0.0296936 0.0416565 
42 0 0.568848 0.104187 0.026947 0.0334778 
41 0 0.299316 0.246704 0.0359497 0.0375061 
40 0 0.263184 0.361572 0.0292969 0.0393372 
34 0 0.584473 0.121887 0.03125 0.0397644 
32 0 0.243164 0.153564 0.0324097 0.0385437 
27 0 0.235596 0.578125 0.0322266 0.0437622 
26 0 0.129639 0.199951 0.0401306 0.0541687 
23 0 0.65625 0.20105 0.0343628 0.042572 
22 0 0.282959 0.219849 0.0339966 0.0432434 
21 0 0.0828857 0.807129 0.0314026 0.0395813 
20 0 0.494629 0.749023 0.0421753 0.0520935 
18 0 0.830566 0.436035 0.0328064 0.0408936 
17 0 0.192993 0.84668 0.0356445 0.0432434 
14 0 0.84668 0.755371 0.03125 0.0437622 
13 0 0.864258 0.412598 0.0335999 0.0416565 
12 0 0.93457 0.20752 0.039856 0.0553284 
7 0 0.709473 0.633301 0.0316467 0.0406189 
6 0 0.839844 0.859375 0.0265656 0.0380249 
5 0 0.853027 0.230225 0.0429688 0.0487061 
4 0 0.602539 0.213501 0.0296936 0.0368347 
3 0 0.768066 0.0955811 0.0304718 0.0375671 
2 0 0.239868 0.857422 0.0332031 0.0395813 
1 0 0.629883 0.604004 0.0300751 0.0411377 
