741 0 0.922852 0.977051 0.0328064 0.0390625 
740 0 0.266602 0.88623 0.0257874 0.0322876 
739 0 0.487793 0.759277 0.0390625 0.0453186 
729 0 0.716309 0.78418 0.0296936 0.0354309 
728 0 0.153687 0.958008 0.0295868 0.0385437 
724 0 0.506836 0.0260468 0.0265656 0.0354309 
712 0 0.235596 0.459961 0.021286 0.0273438 
686 0 0.9375 0.208374 0.038269 0.0536499 
676 0 0.144531 0.927246 0.0305634 0.0385437 
645 0 0.637207 0.419678 0.038269 0.0471497 
619 0 0.579102 0.151001 0.0296936 0.0354309 
607 0 0.602539 0.209595 0.0296936 0.0406189 
588 0 0.85791 0.68457 0.03125 0.0375061 
546 0 0.719727 0.119141 0.0304718 0.035614 
514 0 0.0890503 0.962402 0.0312042 0.0375061 
446 0 0.859375 0.4104 0.03125 0.0375061 
338 0 0.479004 0.0510559 0.0265656 0.0353699 
308 0 0.823242 0.98877 0.0281219 0.0229187 
302 0 0.355469 0.0656128 0.0292969 0.0354309 
264 0 0.260986 0.434326 0.0281219 0.0354309 
49 0 0.516602 0.606445 0.0324097 0.0437622 
48 0 0.459473 0.442627 0.0375061 0.0473938 
45 0 0.487549 0.86377 0.03125 0.0395813 
42 0 0.569336 0.101807 0.0296936 0.0352173 
41 0 0.30249 0.214111 0.0304718 0.0386658 
40 0 0.231201 0.383545 0.0285187 0.0390625 
34 0 0.583496 0.12085 0.0328064 0.0372314 
32 0 0.230103 0.172241 0.0302734 0.0359497 
27 0 0.235962 0.571777 0.0281219 0.0426941 
26 0 0.130371 0.197876 0.03302 0.0423279 
23 0 0.627441 0.240601 0.0328064 0.0393372 
22 0 0.268066 0.244507 0.0332031 0.0368347 
21 0 0.0843506 0.804199 0.03125 0.0375061 
18 0 0.82666 0.43335 0.0343628 0.0416565 
17 0 0.191406 0.84668 0.0325317 0.0395813 
14 0 0.838379 0.754395 0.0328064 0.0473938 
7 0 0.709473 0.630371 0.03125 0.0395813 
6 0 0.833008 0.87207 0.0257874 0.0354309 
5 0 0.851562 0.236084 0.0414124 0.0513 
3 0 0.753906 0.112183 0.0296936 0.0364685 
2 0 0.237549 0.857422 0.03125 0.0437622 
1 0 0.630371 0.615723 0.0296936 0.0395813 
