474 0 0.967773 0.873047 0.0359497 0.0416565 
467 0 0.309326 0.807129 0.0275421 0.0354309 
466 0 0.629883 0.804199 0.0351562 0.0426941 
446 0 0.65625 0.550293 0.0308533 0.0414124 
444 0 0.0140381 0.771973 0.0246582 0.0395813 
440 1 0.886719 0.206543 0.03125 0.0365906 
434 0 0.279541 0.394287 0.0253906 0.0304718 
421 0 0.57666 0.154175 0.0292969 0.0359497 
402 0 0.311523 0.190674 0.0320435 0.0393372 
338 0 0.499512 0.0239868 0.0335999 0.0391846 
308 0 0.831055 0.983398 0.0281219 0.0333252 
302 0 0.365723 0.0310211 0.0343628 0.0383606 
264 0 0.260986 0.439697 0.0343628 0.0416565 
257 0 0.724121 0.773926 0.0300751 0.0354309 
49 0 0.558594 0.544922 0.0324097 0.0411377 
48 0 0.476562 0.413574 0.0351562 0.0463562 
45 0 0.487061 0.865723 0.0304718 0.0437622 
42 0 0.569336 0.103149 0.0296936 0.0354309 
41 0 0.280518 0.240723 0.0347595 0.0361938 
40 0 0.270264 0.360352 0.0279236 0.0377502 
39 0 0.612793 0.0517273 0.0343628 0.0410767 
34 0 0.583496 0.121887 0.0316467 0.0395203 
32 0 0.245361 0.151855 0.0310516 0.0357971 
27 0 0.235107 0.578125 0.0324097 0.0437622 
26 0 0.129639 0.199951 0.0375061 0.0492249 
23 0 0.657227 0.196899 0.0363159 0.0437622 
22 0 0.282715 0.216675 0.0357361 0.0377502 
21 0 0.0828857 0.805176 0.0315552 0.0401001 
20 0 0.496094 0.745605 0.0421753 0.0499878 
18 0 0.82959 0.435303 0.0335999 0.0416565 
17 0 0.192139 0.84668 0.0375061 0.0473938 
14 0 0.84668 0.754395 0.0335999 0.044281 
13 0 0.864746 0.412598 0.0328064 0.0416565 
12 0 0.935059 0.208496 0.0359497 0.0510559 
7 0 0.709473 0.634277 0.03125 0.0406189 
6 0 0.84082 0.859375 0.0273438 0.0395813 
5 0 0.852539 0.229126 0.0421753 0.0496216 
4 0 0.603027 0.2146 0.03125 0.0387878 
3 0 0.768555 0.0916748 0.03125 0.0411377 
2 0 0.239868 0.857422 0.0328064 0.0401001 
1 0 0.629883 0.598145 0.0328064 0.0406189 
