824 0 0.989258 0.413086 0.0218811 0.0471497 
821 0 0.201782 0.852051 0.0391541 0.0463562 
804 0 0.629395 0.0146103 0.0289001 0.0291901 
800 0 0.307129 0.194824 0.0265656 0.03125 
792 0 0.0894775 0.966797 0.0334473 0.0411377 
790 0 0.760254 0.219482 0.0300751 0.038269 
777 0 0.774902 0.904297 0.0308533 0.0401001 
747 0 0.743164 0.135132 0.0296936 0.0360107 
729 0 0.716309 0.788574 0.0253906 0.03125 
724 0 0.508789 0.0322876 0.0265656 0.0354309 
712 0 0.227295 0.476074 0.0236359 0.0294342 
686 0 0.936035 0.206299 0.0375061 0.0526123 
645 0 0.636719 0.42041 0.038269 0.0481873 
619 0 0.578125 0.148926 0.0281219 0.0354309 
607 0 0.600586 0.208374 0.0296936 0.040741 
546 0 0.712402 0.143799 0.0308533 0.0416565 
446 0 0.86084 0.4104 0.03125 0.0375061 
338 0 0.476562 0.0531311 0.0281219 0.0395813 
302 0 0.354736 0.0698853 0.0281219 0.0348511 
264 0 0.260986 0.43335 0.0277405 0.0375061 
49 0 0.505371 0.610352 0.0335999 0.0458374 
48 0 0.457031 0.46167 0.0328064 0.0432434 
45 0 0.487549 0.861328 0.03125 0.0401001 
42 0 0.571289 0.102722 0.0296936 0.0341797 
41 0 0.265137 0.197754 0.0320435 0.0395813 
40 0 0.224243 0.393799 0.0296936 0.0416565 
34 0 0.583496 0.122681 0.0328064 0.0387268 
32 0 0.214111 0.179199 0.03125 0.033844 
27 0 0.236694 0.568848 0.0296936 0.0447998 
26 0 0.128906 0.196045 0.0357361 0.046875 
23 0 0.625977 0.238525 0.0328064 0.0391846 
22 0 0.265625 0.256348 0.0341797 0.0458374 
21 0 0.0841675 0.802246 0.030365 0.0375061 
18 0 0.82666 0.431152 0.03125 0.0375061 
14 0 0.841309 0.768555 0.0328064 0.0416565 
7 0 0.708496 0.631348 0.0328064 0.0416565 
6 0 0.832031 0.869629 0.0296936 0.0395813 
5 0 0.852539 0.235107 0.0421753 0.0506592 
2 0 0.238037 0.857422 0.0292969 0.0432434 
1 0 0.630371 0.615723 0.0296936 0.0411377 
