715 0 0.564941 0.162476 0.0265656 0.0330811 
712 0 0.245361 0.449707 0.0249939 0.03125 
710 0 0.629883 0.803223 0.0343628 0.0395813 
686 0 0.936035 0.209351 0.038269 0.0509033 
683 0 0.933594 0.372314 0.0343628 0.04245 
676 0 0.142944 0.946777 0.0270538 0.0380249 
645 0 0.63623 0.418945 0.0367126 0.0463562 
619 0 0.577148 0.149536 0.0300751 0.0371094 
607 0 0.602539 0.209351 0.0296936 0.039978 
588 0 0.911133 0.588379 0.0296936 0.0380249 
546 0 0.728516 0.103271 0.0335999 0.0397644 
514 0 0.0882568 0.962402 0.0296936 0.0375061 
446 0 0.85791 0.410156 0.0320435 0.0401001 
338 0 0.481201 0.0479126 0.0281219 0.0375061 
308 0 0.823242 0.98877 0.0281219 0.0229187 
302 0 0.357666 0.0625 0.0289001 0.0374756 
264 0 0.262207 0.436523 0.0289001 0.0361938 
257 0 0.717773 0.782227 0.0296936 0.0328064 
49 0 0.521973 0.604004 0.0335999 0.0447998 
48 0 0.460938 0.441162 0.035553 0.0471497 
45 0 0.487061 0.86377 0.03125 0.0395813 
42 0 0.568848 0.102844 0.0292969 0.0380249 
41 0 0.307861 0.223999 0.0320435 0.039978 
40 0 0.237061 0.37915 0.0302734 0.0411377 
34 0 0.583496 0.120483 0.0328064 0.0410156 
32 0 0.237549 0.17627 0.03125 0.0342407 
27 0 0.235962 0.572754 0.0285187 0.0421753 
26 0 0.130249 0.19873 0.0336914 0.0446472 
23 0 0.628906 0.240601 0.0328064 0.0395813 
22 0 0.269531 0.240356 0.0328064 0.0389404 
21 0 0.0843506 0.804199 0.0283661 0.0375061 
20 0 0.489746 0.757324 0.0394592 0.0426941 
18 0 0.82666 0.43335 0.0343628 0.0416565 
17 0 0.191406 0.845703 0.0328064 0.0416565 
14 0 0.839844 0.754395 0.0343628 0.0499878 
7 0 0.709473 0.630371 0.0304718 0.0385437 
6 0 0.833496 0.873047 0.0265656 0.0375061 
5 0 0.851562 0.236572 0.039856 0.046875 
3 0 0.756348 0.107056 0.0316467 0.0409546 
2 0 0.236694 0.858398 0.0296936 0.0416565 
1 0 0.631836 0.612793 0.0296936 0.0395813 
