570 0 0.260254 0.422852 0.0257874 0.0302124 
569 0 0.987305 0.32251 0.0210876 0.0387878 
567 0 0.199829 0.935547 0.0280304 0.0375061 
566 0 0.563477 0.162231 0.0289001 0.0360718 
563 0 0.309082 0.193726 0.0304718 0.0371094 
561 0 0.181885 0.941895 0.0288086 0.0364685 
547 0 0.638184 0.422119 0.038269 0.0447998 
546 0 0.75293 0.0523071 0.0363159 0.0410767 
543 0 0.575195 0.1073 0.0347595 0.046936 
514 0 0.0891724 0.963379 0.0314331 0.0406189 
446 0 0.710449 0.432129 0.0351562 0.049469 
440 1 0.776367 0.0508118 0.0316467 0.0372925 
421 0 0.578125 0.150879 0.03125 0.0361328 
338 0 0.489746 0.0385742 0.0300751 0.0403137 
308 0 0.82666 0.986328 0.0281219 0.0286407 
302 0 0.361816 0.0479431 0.0328064 0.0417175 
264 0 0.261719 0.44165 0.0306702 0.0372314 
257 0 0.720215 0.779297 0.0292969 0.0333252 
49 0 0.543945 0.577637 0.0339966 0.0426941 
48 0 0.469482 0.426514 0.0390625 0.0528564 
45 0 0.48584 0.86377 0.03125 0.0432434 
42 0 0.567871 0.104492 0.0296936 0.0347595 
41 0 0.305176 0.238281 0.0369263 0.0428467 
40 0 0.252441 0.368652 0.0290985 0.0372314 
34 0 0.583008 0.121887 0.0343628 0.0437622 
32 0 0.243774 0.155151 0.03125 0.0352783 
27 0 0.233643 0.578125 0.0296936 0.0432434 
26 0 0.130371 0.199219 0.0386658 0.053009 
23 0 0.644531 0.224854 0.0359497 0.0419312 
22 0 0.277344 0.230713 0.0333862 0.0371094 
21 0 0.0842896 0.806152 0.028717 0.0375061 
20 0 0.493652 0.75 0.0406189 0.0458374 
18 0 0.829102 0.434326 0.0328064 0.0401001 
17 0 0.191406 0.84668 0.0356445 0.0426941 
14 0 0.844727 0.754395 0.0328064 0.0458374 
13 0 0.864746 0.414551 0.0328064 0.0421753 
12 0 0.936523 0.208374 0.0390625 0.0583191 
7 0 0.708496 0.632324 0.0328064 0.0395813 
6 0 0.837402 0.864746 0.0273438 0.0416565 
5 0 0.852539 0.235107 0.0421753 0.0514221 
4 0 0.602539 0.212402 0.03125 0.0385437 
3 0 0.762695 0.098999 0.0324097 0.0375061 
2 0 0.237549 0.859375 0.0308533 0.0395813 
1 0 0.630371 0.608398 0.0296936 0.0375061 
