358 0 0.468018 0.477539 0.0328064 0.0440063 
355 0 0.0299377 0.0720215 0.0321655 0.040863 
350 0 0.539062 0.961426 0.0285187 0.033844 
348 0 0.264893 0.261719 0.0302734 0.0389404 
344 0 0.628906 0.804199 0.0359497 0.0416565 
338 0 0.503906 0.0198059 0.0296936 0.0353088 
308 0 0.831055 0.97998 0.0281219 0.0369873 
302 0 0.373535 0.0174866 0.0285187 0.0301666 
289 0 0.657227 0.927246 0.0421753 0.0499878 
264 0 0.261475 0.4375 0.0332031 0.0403748 
257 0 0.726562 0.772949 0.0289001 0.0333252 
236 0 0.143311 0.53125 0.0335083 0.0416565 
132 0 0.637695 0.421875 0.039856 0.0479126 
49 0 0.568848 0.530273 0.03125 0.0395813 
48 0 0.480469 0.408691 0.035553 0.0484314 
45 0 0.48584 0.865723 0.0320435 0.0437622 
42 0 0.569336 0.103149 0.0296936 0.035614 
41 0 0.239014 0.186768 0.0304718 0.0389404 
40 0 0.281982 0.337402 0.0273438 0.0375061 
39 0 0.733398 0.149902 0.0308533 0.0391235 
34 0 0.583496 0.12146 0.0328064 0.0411377 
32 0 0.262451 0.131958 0.0306702 0.0386658 
27 0 0.235596 0.578125 0.0310516 0.0437622 
26 0 0.129639 0.198975 0.0372925 0.0464783 
23 0 0.658691 0.185425 0.0359497 0.0416565 
22 0 0.282715 0.21875 0.0349731 0.0420532 
21 0 0.0836182 0.805176 0.0298309 0.0395813 
20 0 0.497559 0.740723 0.0445251 0.0520935 
18 0 0.829102 0.434814 0.0328064 0.0429688 
17 0 0.192139 0.845703 0.0343628 0.0416565 
16 0 0.473145 0.504395 0.0320435 0.0419312 
14 0 0.849121 0.75293 0.0343628 0.0453186 
13 0 0.864746 0.413086 0.0328064 0.0429688 
12 0 0.936035 0.210449 0.038269 0.0549622 
7 0 0.709473 0.634277 0.03125 0.0395813 
6 0 0.842285 0.854004 0.0289001 0.0380249 
5 0 0.851562 0.229126 0.0429688 0.053894 
4 0 0.602539 0.2146 0.0328064 0.0416565 
3 0 0.770996 0.0822754 0.0324097 0.0396423 
2 0 0.239014 0.858398 0.033783 0.0437622 
1 0 0.629883 0.585449 0.0320435 0.0416565 
