850 0 0.0419617 0.984375 0.0358887 0.03125 
845 0 0.106262 0.983398 0.030426 0.0333252 
841 0 0.217529 0.758301 0.0326233 0.0453186 
840 0 0.62793 0.802246 0.0343628 0.0411377 
835 0 0.193848 0.855957 0.0376892 0.0499878 
834 0 0.823242 0.987305 0.0273438 0.0249939 
810 0 0.408691 0.217651 0.0359497 0.0446472 
800 0 0.308105 0.195801 0.0277405 0.0330811 
790 0 0.795898 0.324463 0.03125 0.0393372 
777 0 0.713867 0.94873 0.0316467 0.0401001 
747 0 0.735352 0.147705 0.0304718 0.0386658 
729 0 0.714844 0.787598 0.0296936 0.0333252 
724 0 0.507812 0.0316467 0.0253906 0.0346985 
712 0 0.223877 0.482178 0.0244141 0.03125 
686 0 0.93457 0.206177 0.0375061 0.0458374 
619 0 0.577637 0.14856 0.0289001 0.0364075 
607 0 0.601562 0.208496 0.0308533 0.0447998 
546 0 0.705566 0.154175 0.0328064 0.0420532 
446 0 0.86084 0.4104 0.0304718 0.0375061 
338 0 0.475098 0.0541687 0.0261688 0.0375061 
302 0 0.353027 0.0715942 0.0281219 0.0317078 
264 0 0.260986 0.43335 0.0281219 0.0375061 
49 0 0.496826 0.614746 0.03125 0.044281 
48 0 0.453857 0.465576 0.0332031 0.0403748 
45 0 0.487549 0.862305 0.03125 0.0416565 
42 0 0.570312 0.102112 0.0285187 0.0333252 
41 0 0.22583 0.220581 0.0302734 0.0363159 
40 0 0.218018 0.4021 0.0300751 0.0426941 
34 0 0.584473 0.119324 0.0324097 0.0379028 
32 0 0.208618 0.1875 0.0293884 0.0330811 
27 0 0.234375 0.566895 0.033783 0.0489502 
26 0 0.12915 0.195801 0.0339966 0.0426941 
23 0 0.625 0.240601 0.0316467 0.0395813 
22 0 0.261475 0.265625 0.035553 0.0432434 
21 0 0.0838623 0.802246 0.0319824 0.0401001 
18 0 0.82666 0.431152 0.03125 0.0375061 
14 0 0.838867 0.776855 0.0351562 0.0447998 
7 0 0.708496 0.629395 0.0324097 0.0416565 
6 0 0.831055 0.87207 0.0281219 0.0354309 
5 0 0.851562 0.2323 0.0437622 0.0475159 
2 0 0.236938 0.85498 0.0316467 0.044281 
1 0 0.630371 0.615723 0.0296936 0.0395813 
