841 0 0.18457 0.814453 0.0262756 0.0354309 
840 0 0.62793 0.802246 0.0343628 0.0406189 
839 0 0.989258 0.413574 0.0210876 0.0473938 
836 0 0.563965 0.15979 0.0253906 0.0335999 
835 0 0.192017 0.848145 0.0351562 0.0432434 
834 0 0.823242 0.987305 0.0273438 0.0239563 
810 0 0.408691 0.217896 0.0353394 0.0440063 
800 0 0.309082 0.195801 0.0267639 0.0321655 
792 0 0.0922852 0.963379 0.0344238 0.0437622 
790 0 0.777344 0.247192 0.0300751 0.0380249 
777 0 0.757324 0.904297 0.0296936 0.0375061 
747 0 0.741211 0.136475 0.0285187 0.035553 
729 0 0.716309 0.787598 0.0265656 0.0333252 
724 0 0.507812 0.03125 0.0249939 0.0332947 
712 0 0.227295 0.479248 0.0238342 0.0302124 
686 0 0.935059 0.207275 0.0390625 0.0516968 
645 0 0.636719 0.419678 0.038269 0.0479126 
619 0 0.578125 0.149048 0.0281219 0.0346375 
607 0 0.602539 0.208374 0.0296936 0.0416565 
546 0 0.709961 0.145874 0.0328064 0.0420532 
446 0 0.861816 0.4104 0.0296936 0.0369873 
338 0 0.47583 0.0531311 0.0265656 0.0395813 
302 0 0.355469 0.0697632 0.0265656 0.03125 
264 0 0.260986 0.434326 0.0281219 0.0361938 
49 0 0.503906 0.611328 0.0339966 0.0479126 
48 0 0.457031 0.461914 0.0332031 0.0429688 
45 0 0.487549 0.861328 0.03125 0.0395813 
42 0 0.570312 0.102112 0.0277405 0.0333252 
41 0 0.254639 0.194824 0.0314331 0.0395813 
40 0 0.222656 0.396729 0.0298767 0.0426941 
34 0 0.583496 0.120972 0.0328064 0.0385437 
32 0 0.21167 0.182129 0.0297852 0.0333252 
27 0 0.235962 0.568848 0.03125 0.0458374 
26 0 0.129639 0.195801 0.0343628 0.0458374 
23 0 0.625 0.240601 0.03125 0.0395813 
22 0 0.264893 0.259766 0.035553 0.0471497 
21 0 0.0836182 0.803223 0.0328064 0.0395813 
18 0 0.82666 0.431152 0.03125 0.0375061 
14 0 0.841309 0.771973 0.0359497 0.044281 
7 0 0.708496 0.630371 0.0328064 0.0411377 
6 0 0.832031 0.869629 0.0296936 0.0395813 
5 0 0.851562 0.234375 0.0406189 0.0480347 
2 0 0.238281 0.856445 0.0322266 0.0447998 
1 0 0.630371 0.615723 0.0296936 0.0401001 
