151 0 0.407471 0.218506 0.0390625 0.0510559 
148 0 0.98584 0.789551 0.0273438 0.0385437 
138 0 0.836914 0.964355 0.0296936 0.0375061 
132 0 0.638184 0.419678 0.0324097 0.0437622 
112 0 0.620605 0.105347 0.0320435 0.0371704 
111 0 0.743164 0.750977 0.0265656 0.033844 
109 0 0.628906 0.803223 0.0351562 0.0395813 
85 0 0.327148 0.506836 0.0316467 0.0375061 
76 0 0.745605 0.812988 0.0289001 0.0364685 
62 0 0.203491 0.290771 0.0319214 0.0385437 
51 0 0.563477 0.1604 0.0265656 0.0334778 
49 0 0.587402 0.492188 0.03125 0.0387878 
48 0 0.498535 0.391602 0.03125 0.0380249 
46 0 0.0149994 0.246826 0.0302429 0.0438843 
45 0 0.487549 0.864746 0.0281219 0.0369873 
44 0 0.573242 0.887695 0.03125 0.0333252 
43 0 0.577148 0.150024 0.0292969 0.0335388 
42 0 0.567383 0.102844 0.0292969 0.0365906 
41 0 0.21521 0.164795 0.0271454 0.0385437 
40 0 0.311035 0.310303 0.0265656 0.0375061 
39 0 0.769531 0.652832 0.0292969 0.0385437 
34 0 0.584473 0.121887 0.03125 0.0395813 
32 0 0.297607 0.106262 0.0298767 0.0376892 
31 0 0.251465 0.567383 0.0263672 0.0343628 
29 0 0.0286407 0.731445 0.0307159 0.0421753 
27 0 0.236694 0.579102 0.0277405 0.0380249 
26 0 0.132202 0.196899 0.0336914 0.0437622 
25 0 0.644531 0.503418 0.0289001 0.0343628 
24 0 0.271973 0.414551 0.0310516 0.0375061 
23 0 0.667969 0.138672 0.0332031 0.0391235 
22 0 0.282715 0.216675 0.0339966 0.0412903 
21 0 0.0828247 0.805176 0.0281219 0.0354309 
20 0 0.510742 0.726074 0.039856 0.0479126 
19 0 0.0890503 0.963379 0.030426 0.0385437 
18 0 0.828125 0.434326 0.03125 0.0395813 
17 0 0.191528 0.844727 0.0322266 0.0395813 
16 0 0.356689 0.319336 0.0306702 0.0380249 
14 0 0.854004 0.748047 0.0328064 0.0426941 
13 0 0.869629 0.408447 0.0296936 0.0416565 
12 0 0.936035 0.209595 0.0406189 0.0546875 
7 0 0.708008 0.635254 0.0308533 0.0375061 
6 0 0.847656 0.837402 0.0265656 0.0343628 
5 0 0.853027 0.228149 0.0460815 0.0562439 
4 0 0.601562 0.213379 0.0320435 0.0414124 
3 0 0.774414 0.0734253 0.0292969 0.0359497 
2 0 0.241821 0.857422 0.0294952 0.0401001 
1 0 0.646973 0.5625 0.0281219 0.0348816 
