567 0 0.198486 0.935547 0.0292969 0.0380249 
566 0 0.563965 0.162476 0.0281219 0.0334778 
563 0 0.30957 0.191895 0.0296936 0.0371094 
547 0 0.638184 0.422852 0.0379028 0.0458374 
546 0 0.755371 0.0572205 0.0328064 0.0401001 
514 0 0.0890503 0.962402 0.031311 0.0416565 
506 0 0.95166 0.918945 0.0335999 0.0343628 
446 0 0.726074 0.426025 0.0335999 0.0403748 
440 1 0.777832 0.0279236 0.0296936 0.040741 
421 0 0.578125 0.150757 0.03125 0.0359497 
338 0 0.488281 0.0366516 0.0296936 0.0396423 
308 0 0.82666 0.986328 0.0273438 0.0270844 
264 0 0.26123 0.440674 0.0314331 0.0367126 
257 0 0.720215 0.779297 0.0281219 0.0333252 
49 0 0.54248 0.579102 0.0335999 0.0432434 
48 0 0.46875 0.427979 0.0390625 0.0557251 
45 0 0.48584 0.864746 0.03125 0.0416565 
42 0 0.567871 0.103516 0.0296936 0.0365295 
41 0 0.30957 0.237183 0.038269 0.0419312 
40 0 0.251465 0.37085 0.0283203 0.0375061 
34 0 0.583008 0.121887 0.0343628 0.04245 
32 0 0.243896 0.155151 0.0316467 0.0354309 
27 0 0.233643 0.577637 0.0292969 0.0426941 
26 0 0.130493 0.199829 0.0389709 0.0531311 
23 0 0.643066 0.226074 0.0351562 0.0402222 
22 0 0.276611 0.231201 0.033783 0.0377502 
21 0 0.0838623 0.806152 0.0285645 0.0375061 
20 0 0.49292 0.75 0.0390625 0.0458374 
18 0 0.829102 0.434326 0.0328064 0.0395813 
17 0 0.191528 0.845703 0.0353394 0.0416565 
14 0 0.84375 0.755371 0.0320435 0.046875 
13 0 0.864746 0.413574 0.0328064 0.0429688 
12 0 0.936035 0.206299 0.038269 0.0576782 
7 0 0.708496 0.632324 0.0328064 0.0401001 
6 0 0.836914 0.865723 0.0265656 0.0432434 
5 0 0.851562 0.235718 0.0406189 0.0485535 
4 0 0.602539 0.212524 0.0296936 0.038147 
3 0 0.761719 0.0994873 0.0300751 0.0380859 
2 0 0.239014 0.858398 0.0310516 0.0406189 
1 0 0.631348 0.608398 0.0300751 0.0369873 
