570 0 0.259277 0.421631 0.0267639 0.0317688 
566 0 0.563965 0.161621 0.0285187 0.0354309 
563 0 0.308594 0.193115 0.0300751 0.0369873 
561 0 0.181274 0.941895 0.027832 0.0359497 
555 0 0.628906 0.804199 0.0347595 0.0416565 
547 0 0.638184 0.422119 0.0390625 0.0447998 
546 0 0.753906 0.0522766 0.035553 0.0412903 
543 0 0.575195 0.108215 0.0351562 0.0459595 
514 0 0.0898438 0.962402 0.0315857 0.0416565 
446 0 0.712402 0.440186 0.0375061 0.0497437 
440 1 0.771973 0.0558472 0.0320435 0.0378723 
421 0 0.578125 0.150391 0.03125 0.0367737 
338 0 0.489746 0.0375977 0.0304718 0.0410156 
308 0 0.82666 0.985352 0.0265656 0.0291595 
302 0 0.361816 0.0479431 0.0328064 0.0417175 
264 0 0.260986 0.44165 0.0314331 0.0369873 
257 0 0.721191 0.779297 0.0296936 0.0333252 
49 0 0.543945 0.577148 0.0343628 0.0426941 
48 0 0.469482 0.427002 0.0390625 0.0531311 
45 0 0.48584 0.86377 0.03125 0.0437622 
42 0 0.567871 0.104797 0.0296936 0.0352783 
41 0 0.305908 0.237549 0.0369263 0.0420532 
40 0 0.252441 0.369629 0.0285187 0.0369873 
34 0 0.583008 0.121887 0.0343628 0.0437622 
32 0 0.243774 0.155151 0.03125 0.0352783 
27 0 0.233643 0.578125 0.0296936 0.0437622 
26 0 0.129639 0.199585 0.038269 0.0528564 
23 0 0.644531 0.223755 0.0363159 0.0421753 
22 0 0.276855 0.231323 0.033783 0.0377502 
21 0 0.0836182 0.806152 0.0292969 0.0380249 
20 0 0.493652 0.75 0.0402222 0.046875 
18 0 0.82959 0.434326 0.0335999 0.0403748 
17 0 0.191406 0.84668 0.0352478 0.0426941 
14 0 0.844727 0.754395 0.0328064 0.0458374 
13 0 0.864746 0.414551 0.0328064 0.0426941 
12 0 0.936035 0.208374 0.0390625 0.0583191 
7 0 0.708496 0.632324 0.0328064 0.0395813 
6 0 0.837402 0.864746 0.0273438 0.0416565 
5 0 0.852539 0.234375 0.0421753 0.0520935 
4 0 0.603027 0.211426 0.0324097 0.0393372 
3 0 0.763184 0.100159 0.0324097 0.0377502 
2 0 0.237549 0.859375 0.0306702 0.0390625 
1 0 0.630371 0.608398 0.0292969 0.0375061 
