134 0 0.758301 0.0246124 0.03125 0.035614 
133 0 0.614258 0.827148 0.0347595 0.0421753 
132 0 0.634277 0.418213 0.0273438 0.0393372 
125 0 0.0439453 0.361572 0.0335083 0.0426941 
112 0 0.631348 0.167114 0.0304718 0.0369873 
111 0 0.743652 0.749023 0.0292969 0.0354309 
109 0 0.628418 0.805176 0.0343628 0.0390625 
85 0 0.446777 0.554199 0.0328064 0.0390625 
76 0 0.680664 0.818359 0.0292969 0.0364685 
62 0 0.166504 0.26416 0.0308533 0.038147 
51 0 0.5625 0.1604 0.0281219 0.0335999 
49 0 0.588379 0.48999 0.0335999 0.0395813 
48 0 0.499268 0.388428 0.0304718 0.0367126 
46 0 0.0149307 0.237793 0.0305481 0.0423279 
45 0 0.487549 0.864746 0.0281219 0.0375061 
44 0 0.575684 0.883301 0.0304718 0.033844 
43 0 0.578125 0.150879 0.0281219 0.0320435 
42 0 0.566895 0.102173 0.0304718 0.0380249 
41 0 0.205688 0.14917 0.0270538 0.0379639 
40 0 0.3125 0.30835 0.0281219 0.0377502 
39 0 0.768066 0.699707 0.03125 0.0395813 
37 0 0.97168 0.802246 0.0304718 0.0380249 
34 0 0.584473 0.121521 0.03125 0.040741 
32 0 0.300781 0.104248 0.0298767 0.0377502 
31 0 0.285889 0.581055 0.0322266 0.0411377 
29 0 0.0281525 0.729004 0.0310974 0.0416565 
27 0 0.238647 0.578125 0.0294952 0.0447998 
26 0 0.132324 0.195923 0.0339966 0.0460815 
25 0 0.623535 0.438232 0.0277405 0.0385437 
24 0 0.272705 0.414307 0.0296936 0.0369873 
23 0 0.666016 0.135498 0.0335999 0.0385437 
22 0 0.282715 0.216675 0.0343628 0.0416565 
21 0 0.0828247 0.805176 0.0281219 0.0354309 
20 0 0.512695 0.725098 0.039856 0.0447998 
19 0 0.0897217 0.963379 0.0301208 0.0395813 
18 0 0.828125 0.434326 0.03125 0.039856 
17 0 0.192139 0.844727 0.03125 0.0369873 
16 0 0.362549 0.264648 0.0285187 0.0390625 
14 0 0.853027 0.75 0.03125 0.0416565 
13 0 0.868652 0.408447 0.03125 0.0416565 
12 0 0.93457 0.208374 0.0421753 0.0542908 
7 0 0.707031 0.638184 0.0296936 0.0385437 
6 0 0.84668 0.838379 0.0273438 0.0354309 
5 0 0.852539 0.228149 0.0453186 0.0559998 
4 0 0.601562 0.212524 0.03125 0.0419312 
3 0 0.771973 0.0699463 0.0285187 0.0357971 
2 0 0.242188 0.854004 0.0290985 0.0390625 
1 0 0.645996 0.5625 0.0273438 0.0375061 
