247 0 0.0390015 0.373291 0.0357056 0.0437622 
246 0 0.088501 0.964355 0.0301208 0.0375061 
244 0 0.988281 0.805176 0.0234375 0.0364685 
238 0 0.0210876 0.73877 0.0294952 0.0426941 
236 0 0.283936 0.415527 0.0306702 0.0367126 
228 0 0.737305 0.711426 0.0308533 0.0411377 
226 0 0.497559 0.0145645 0.0320435 0.0282898 
211 0 0.307861 0.34375 0.0214844 0.0286407 
198 0 0.835938 0.969727 0.0281219 0.0369873 
132 0 0.636719 0.420898 0.0359497 0.0499878 
109 0 0.629883 0.804199 0.0343628 0.0421753 
49 0 0.583496 0.505371 0.0339966 0.0395813 
48 0 0.49292 0.398926 0.0328064 0.039856 
45 0 0.487061 0.865723 0.0304718 0.0354309 
44 0 0.561523 0.913574 0.0296936 0.0343628 
43 0 0.578125 0.151123 0.03125 0.0351562 
42 0 0.567871 0.103149 0.0328064 0.0396423 
41 0 0.219482 0.181763 0.0267639 0.0386658 
40 0 0.300781 0.31665 0.0294952 0.0375061 
39 0 0.768555 0.502441 0.0332031 0.044281 
34 0 0.584961 0.121887 0.0328064 0.0400391 
32 0 0.279053 0.117432 0.0289001 0.0367737 
31 0 0.193115 0.400146 0.0295868 0.033844 
27 0 0.234375 0.578125 0.0285187 0.0416565 
26 0 0.133545 0.194824 0.0327148 0.0432434 
24 0 0.26709 0.43042 0.0308533 0.0364685 
23 0 0.665527 0.161743 0.035553 0.040741 
22 0 0.282715 0.218628 0.033783 0.0411377 
21 0 0.0836182 0.806152 0.0295868 0.0369873 
20 0 0.507812 0.72998 0.0406189 0.0520935 
18 0 0.829102 0.434326 0.0328064 0.0411377 
17 0 0.192749 0.844727 0.0317383 0.0385437 
16 0 0.314941 0.399414 0.0302734 0.0367126 
14 0 0.851562 0.75 0.0343628 0.0458374 
13 0 0.868164 0.408936 0.0328064 0.04245 
12 0 0.936035 0.210205 0.0406189 0.0575562 
7 0 0.708008 0.633301 0.03125 0.0385437 
6 0 0.845215 0.844727 0.0281219 0.0354309 
5 0 0.854004 0.229126 0.0453186 0.0541687 
4 0 0.602539 0.212769 0.0324097 0.0401001 
3 0 0.773438 0.0739746 0.03125 0.0397034 
2 0 0.241455 0.855957 0.0296936 0.0385437 
1 0 0.635254 0.570801 0.0300751 0.0411377 
