648 0 0.309326 0.188232 0.0246124 0.0352783 
645 0 0.638184 0.422119 0.0359497 0.044281 
619 0 0.578125 0.150024 0.03125 0.0375061 
607 0 0.601562 0.209717 0.03125 0.038269 
588 0 0.945312 0.424561 0.03125 0.0375061 
546 0 0.745117 0.0748291 0.0347595 0.0423279 
514 0 0.0898438 0.962402 0.0296326 0.0380249 
506 0 0.942871 0.936523 0.0328064 0.0395813 
446 0 0.8125 0.407227 0.0339966 0.0387878 
338 0 0.484375 0.0424194 0.0281219 0.0363159 
308 0 0.823242 0.987305 0.0281219 0.0249939 
302 0 0.357666 0.0558472 0.0304718 0.036499 
264 0 0.261719 0.4375 0.0333862 0.0375061 
257 0 0.717773 0.78125 0.0296936 0.0333252 
49 0 0.532715 0.589355 0.03125 0.0416565 
48 0 0.46167 0.430176 0.0402222 0.0533752 
45 0 0.48584 0.862305 0.03125 0.0421753 
42 0 0.569336 0.104309 0.0308533 0.0367126 
41 0 0.313965 0.224976 0.03302 0.040741 
40 0 0.244873 0.37085 0.0279236 0.0375061 
34 0 0.583008 0.12085 0.0343628 0.0416565 
32 0 0.239014 0.165771 0.0310516 0.035675 
27 0 0.233643 0.575195 0.0296936 0.0432434 
26 0 0.129883 0.198975 0.034668 0.0476685 
23 0 0.635742 0.235474 0.0375061 0.0416565 
22 0 0.273438 0.23645 0.0345764 0.0397034 
21 0 0.0843506 0.804199 0.0281219 0.0348816 
20 0 0.489746 0.750977 0.0421753 0.0463562 
18 0 0.82959 0.435303 0.0320435 0.0369873 
17 0 0.192139 0.845703 0.0343628 0.0416565 
14 0 0.842285 0.754395 0.0343628 0.0499878 
13 0 0.864746 0.413574 0.0328064 0.0395813 
12 0 0.936035 0.209351 0.0390625 0.0550842 
7 0 0.708984 0.631348 0.0328064 0.0416565 
6 0 0.834961 0.869629 0.0265656 0.0390625 
5 0 0.851562 0.236206 0.0429688 0.0497437 
3 0 0.759277 0.0996094 0.03125 0.0362549 
2 0 0.236694 0.857422 0.0296936 0.0395813 
1 0 0.629883 0.609375 0.0320435 0.0401001 
