764 0 0.628906 0.802246 0.0351562 0.0380249 
747 0 0.731934 0.0791016 0.0273438 0.0393677 
741 0 0.918945 0.984375 0.03125 0.03125 
729 0 0.716309 0.785645 0.0265656 0.0333252 
728 0 0.133301 0.911133 0.0353394 0.0416565 
724 0 0.507812 0.0281219 0.0249939 0.0353394 
712 0 0.233643 0.4646 0.0222626 0.0273438 
686 0 0.936523 0.206543 0.0375061 0.0514221 
676 0 0.134521 0.893555 0.0322266 0.0390625 
645 0 0.63623 0.419189 0.038269 0.0481873 
619 0 0.578125 0.148926 0.0281219 0.0352783 
607 0 0.602539 0.210449 0.0296936 0.0416565 
588 0 0.854492 0.754883 0.0320435 0.0416565 
546 0 0.717773 0.126099 0.0300751 0.0360718 
514 0 0.0882568 0.962402 0.0331116 0.0416565 
446 0 0.860352 0.4104 0.0296936 0.0375061 
338 0 0.478027 0.0512695 0.0281219 0.0365295 
308 0 0.823242 0.98877 0.0281219 0.0229187 
302 0 0.356201 0.067688 0.0281219 0.0355835 
264 0 0.261475 0.432617 0.0289001 0.0369873 
49 0 0.513184 0.60498 0.0300751 0.0447998 
48 0 0.458496 0.446777 0.0371094 0.0487061 
45 0 0.488281 0.86377 0.0296936 0.0395813 
42 0 0.570312 0.102112 0.0292969 0.0333252 
41 0 0.29541 0.216431 0.0339966 0.0391846 
40 0 0.228882 0.38623 0.0302734 0.0406189 
34 0 0.584473 0.122803 0.03125 0.0369263 
32 0 0.226562 0.171875 0.0316467 0.0354309 
27 0 0.235596 0.571777 0.0302734 0.044281 
26 0 0.129639 0.196899 0.0343628 0.0441284 
23 0 0.627441 0.240601 0.0328064 0.0395813 
22 0 0.26709 0.246826 0.0343628 0.039978 
21 0 0.0843506 0.803223 0.0335999 0.0411377 
18 0 0.827148 0.43335 0.0328064 0.0411377 
17 0 0.189819 0.848145 0.0359497 0.0453186 
14 0 0.836914 0.75293 0.0328064 0.0458374 
7 0 0.709961 0.631348 0.0328064 0.0411377 
6 0 0.832031 0.87207 0.0265656 0.0354309 
5 0 0.851562 0.237183 0.0406189 0.046875 
3 0 0.752441 0.114685 0.0296936 0.0371094 
2 0 0.237549 0.856445 0.0314331 0.0447998 
1 0 0.630859 0.615723 0.0296936 0.0395813 
