302 0 0.372559 0.0114517 0.0259705 0.0230255 
300 0 0.311035 0.188721 0.0283203 0.0359497 
296 0 0.497559 0.0218048 0.0292969 0.0361938 
293 0 0.57666 0.106262 0.0375061 0.0498657 
292 0 0.980469 0.83252 0.0296936 0.0390625 
289 0 0.655273 0.92627 0.0402222 0.0489502 
287 0 0.317627 0.0806885 0.03302 0.0374146 
264 0 0.262939 0.438232 0.0306702 0.0385437 
263 0 0.81543 0.968262 0.0281219 0.0395813 
257 0 0.729492 0.767578 0.0285187 0.0359497 
252 0 0.541504 0.985352 0.0359497 0.0291595 
238 0 0.0193481 0.750977 0.0290833 0.0426941 
236 0 0.173462 0.524414 0.0335083 0.0411377 
132 0 0.636719 0.421631 0.0359497 0.0473938 
109 0 0.628906 0.804199 0.0359497 0.0416565 
49 0 0.573242 0.521973 0.0316467 0.0393372 
48 0 0.48877 0.405273 0.0289001 0.0395813 
45 0 0.483887 0.866699 0.038269 0.0463562 
44 0 0.54834 0.943848 0.0281219 0.0328064 
42 0 0.568848 0.103149 0.0281219 0.035553 
41 0 0.225342 0.186401 0.0283203 0.0391846 
40 0 0.289062 0.328125 0.0275421 0.0387878 
39 0 0.777344 0.26416 0.0335999 0.0416565 
34 0 0.583496 0.119812 0.0328064 0.0397644 
32 0 0.262451 0.126221 0.0304718 0.0387878 
31 0 0.0809937 0.209595 0.030365 0.0389404 
27 0 0.234741 0.579102 0.0302734 0.044281 
26 0 0.13208 0.197998 0.0339966 0.0447998 
23 0 0.661621 0.177368 0.035553 0.040741 
22 0 0.282715 0.217651 0.0335999 0.039856 
21 0 0.0836182 0.806152 0.0296936 0.0375061 
20 0 0.499268 0.73877 0.042572 0.0479126 
18 0 0.82959 0.434326 0.0335999 0.0416565 
17 0 0.192505 0.844727 0.0333862 0.0421753 
16 0 0.414062 0.431396 0.0302734 0.0416565 
14 0 0.850586 0.750977 0.0359497 0.0437622 
13 0 0.865723 0.4104 0.0335999 0.0416565 
12 0 0.936035 0.210327 0.0406189 0.0572815 
7 0 0.709473 0.634277 0.0320435 0.0411377 
6 0 0.842773 0.853027 0.0265656 0.0343628 
5 0 0.852539 0.22876 0.0453186 0.0531311 
4 0 0.604004 0.215332 0.0296936 0.0363159 
3 0 0.772461 0.078125 0.0328064 0.0394592 
2 0 0.240967 0.853027 0.0318298 0.0437622 
1 0 0.632812 0.580078 0.0308533 0.0385437 
