85 0 0.682617 0.594238 0.0296936 0.0385437 
76 0 0.629883 0.805176 0.0343628 0.0395813 
75 0 0.0455627 0.360352 0.0354614 0.0421753 
67 0 0.986816 0.772949 0.0265656 0.0385437 
62 0 0.0698242 0.254395 0.032074 0.0428467 
53 0 0.538574 0.776855 0.0328064 0.0401001 
51 0 0.563965 0.1604 0.0285187 0.0341187 
49 0 0.586426 0.486572 0.0320435 0.039856 
48 0 0.500977 0.38501 0.0300751 0.0367126 
47 0 0.744629 0.741699 0.0265656 0.0322876 
46 0 0.0192261 0.223999 0.03479 0.0467529 
45 0 0.487793 0.866211 0.03125 0.0375061 
44 0 0.584473 0.875 0.03125 0.0375061 
43 0 0.578125 0.151001 0.0296936 0.0351562 
42 0 0.567383 0.100647 0.0304718 0.0383606 
41 0 0.195923 0.126343 0.0292053 0.039856 
40 0 0.314941 0.305664 0.0265656 0.0403748 
39 0 0.740723 0.804199 0.0300751 0.0395813 
38 0 0.119141 0.524414 0.0331116 0.0421753 
37 0 0.926758 0.700195 0.0304718 0.0369873 
34 0 0.584961 0.121887 0.0300751 0.0395813 
32 0 0.307861 0.0986938 0.0279236 0.0369263 
31 0 0.354004 0.728516 0.0326233 0.0426941 
29 0 0.0296326 0.727051 0.0317383 0.0426941 
27 0 0.239014 0.578125 0.0285187 0.0416565 
26 0 0.133545 0.194824 0.0332947 0.0445251 
25 0 0.600586 0.293213 0.0324097 0.0419312 
24 0 0.272949 0.413574 0.0306702 0.0395813 
23 0 0.698242 0.167358 0.0332031 0.0414124 
22 0 0.282715 0.217651 0.0343628 0.0395813 
21 0 0.0838013 0.805176 0.0292969 0.0354309 
20 0 0.511719 0.719727 0.0390625 0.046875 
19 0 0.0890503 0.963379 0.0310516 0.0395813 
18 0 0.827148 0.432373 0.0328064 0.0426941 
17 0 0.191528 0.844727 0.0302734 0.0369873 
16 0 0.417236 0.164062 0.0253906 0.0345154 
14 0 0.854492 0.748047 0.0335999 0.0458374 
13 0 0.869629 0.408447 0.0296936 0.0416565 
12 0 0.935059 0.207642 0.0390625 0.0505066 
10 0 0.672852 0.132324 0.0359497 0.039917 
9 0 0.635742 0.420898 0.0343628 0.0463562 
8 0 0.836914 0.963379 0.0296936 0.0385437 
7 0 0.708008 0.639648 0.0285187 0.0380249 
6 0 0.84668 0.837402 0.0289001 0.0375061 
5 0 0.853027 0.227051 0.0460815 0.053894 
4 0 0.602539 0.21106 0.0332031 0.0455627 
3 0 0.770996 0.0639038 0.0292969 0.0380249 
2 0 0.24292 0.853027 0.0300751 0.0395813 
1 0 0.645996 0.5625 0.0296936 0.0375061 
