539 0 0.567383 0.1604 0.0304718 0.037384 
514 0 0.0892334 0.963379 0.0310516 0.0395813 
506 0 0.958008 0.904297 0.0335999 0.0369873 
446 0 0.705078 0.503418 0.0335999 0.04245 
440 1 0.814941 0.0875244 0.0296936 0.0369263 
421 0 0.578125 0.153076 0.0300751 0.0354309 
402 0 0.309814 0.192749 0.0322266 0.0432434 
338 0 0.496094 0.0283051 0.0363159 0.043396 
308 0 0.82959 0.984375 0.0281219 0.0322876 
302 0 0.362305 0.0423889 0.0328064 0.0414734 
264 0 0.260986 0.441406 0.03125 0.0380249 
257 0 0.722656 0.775879 0.0296936 0.033844 
49 0 0.547852 0.569824 0.0359497 0.0437622 
48 0 0.470703 0.424561 0.039856 0.0570374 
45 0 0.486816 0.864746 0.0300751 0.0421753 
42 0 0.567871 0.104309 0.0300751 0.0375671 
41 0 0.304443 0.246826 0.0359497 0.0433655 
40 0 0.25708 0.368652 0.0298767 0.0385437 
34 0 0.583496 0.122803 0.0335999 0.0426331 
32 0 0.243164 0.153442 0.0320435 0.0375061 
27 0 0.233643 0.578125 0.0300751 0.0437622 
26 0 0.12915 0.199951 0.0400391 0.0544128 
23 0 0.649902 0.216675 0.035553 0.0387878 
22 0 0.279785 0.226074 0.0345764 0.039978 
21 0 0.0841064 0.805664 0.0305176 0.0385437 
20 0 0.494629 0.748047 0.0414124 0.0489502 
18 0 0.82959 0.435303 0.0351562 0.0421753 
17 0 0.192627 0.84668 0.0356445 0.044281 
14 0 0.846191 0.75293 0.0328064 0.0479126 
13 0 0.864258 0.413574 0.0343628 0.0437622 
12 0 0.936523 0.209351 0.0390625 0.0572815 
7 0 0.708496 0.632324 0.0328064 0.0421753 
6 0 0.838379 0.861328 0.0265656 0.0369873 
5 0 0.852539 0.233032 0.0406189 0.051178 
4 0 0.600586 0.211426 0.0296936 0.0354309 
3 0 0.765137 0.0979004 0.0289001 0.0375061 
2 0 0.238281 0.858398 0.03302 0.0426941 
1 0 0.629883 0.60498 0.0304718 0.0390625 
