476 0 0.575684 0.110229 0.0351562 0.0391846 
475 0 0.469482 0.467773 0.0328064 0.0484314 
474 0 0.967285 0.874023 0.0351562 0.0401001 
467 0 0.308594 0.806152 0.0271454 0.0333252 
446 0 0.657227 0.547363 0.0296936 0.0414124 
444 0 0.0132599 0.770996 0.0234833 0.0375061 
440 1 0.881348 0.204346 0.0320435 0.039856 
434 0 0.279053 0.394775 0.0242157 0.03125 
421 0 0.577148 0.154175 0.0296936 0.0345154 
402 0 0.313232 0.189819 0.0353394 0.0404968 
338 0 0.5 0.0239716 0.0343628 0.0396118 
308 0 0.831055 0.983398 0.0281219 0.0333252 
302 0 0.365723 0.0314941 0.033783 0.0394897 
264 0 0.260986 0.44043 0.0343628 0.0421753 
257 0 0.723633 0.774902 0.0300751 0.0359497 
49 0 0.557129 0.545898 0.0328064 0.0416565 
48 0 0.477295 0.414551 0.0351562 0.0455627 
45 0 0.487549 0.864746 0.03125 0.0416565 
42 0 0.568848 0.103149 0.0281219 0.0354309 
41 0 0.287842 0.249512 0.0371094 0.0401001 
40 0 0.269531 0.362549 0.0290985 0.0401001 
39 0 0.606934 0.0371399 0.0316467 0.0383606 
34 0 0.584473 0.121887 0.0320435 0.0395813 
32 0 0.244507 0.152832 0.0318298 0.038147 
27 0 0.235107 0.577637 0.0328064 0.0447998 
26 0 0.128906 0.199707 0.0385742 0.0515747 
23 0 0.655273 0.19873 0.0359497 0.0437622 
22 0 0.283691 0.217651 0.0361328 0.0412903 
21 0 0.0828247 0.805176 0.031311 0.0395813 
20 0 0.496094 0.74707 0.0421753 0.049469 
18 0 0.830566 0.436279 0.0328064 0.0406189 
17 0 0.192993 0.84668 0.0362244 0.0453186 
14 0 0.84668 0.754883 0.0335999 0.0447998 
13 0 0.864258 0.412598 0.0335999 0.0416565 
12 0 0.935059 0.209351 0.0375061 0.0519409 
7 0 0.709473 0.633301 0.03125 0.0406189 
6 0 0.84082 0.859375 0.0281219 0.0395813 
5 0 0.853027 0.229126 0.0429688 0.0499878 
4 0 0.603027 0.2146 0.0300751 0.0376282 
3 0 0.768555 0.0914307 0.03125 0.0392456 
2 0 0.239868 0.857422 0.0328064 0.0395813 
1 0 0.629883 0.600098 0.03125 0.0385437 
