161 0 0.0173035 0.630371 0.0272675 0.0390625 
151 0 0.408203 0.217407 0.038269 0.051178 
148 0 0.986816 0.787598 0.0265656 0.0390625 
138 0 0.836914 0.964355 0.0296936 0.0375061 
132 0 0.637695 0.419189 0.0335999 0.0455627 
112 0 0.612305 0.114868 0.0320435 0.0353394 
111 0 0.743652 0.751953 0.026947 0.0348816 
109 0 0.628906 0.804199 0.0359497 0.0401001 
85 0 0.32666 0.480225 0.0322266 0.0406189 
76 0 0.743164 0.827148 0.0289001 0.0375061 
62 0 0.205688 0.295898 0.0307617 0.0387878 
51 0 0.563477 0.1604 0.0273438 0.0333252 
49 0 0.587402 0.491699 0.03125 0.038269 
48 0 0.499268 0.391357 0.0316467 0.0380249 
46 0 0.0140533 0.245972 0.0289307 0.04245 
45 0 0.487549 0.865723 0.0281219 0.0364685 
44 0 0.573242 0.887695 0.03125 0.0333252 
43 0 0.577148 0.150024 0.0296936 0.0333862 
42 0 0.567383 0.102234 0.0289001 0.0368347 
41 0 0.214111 0.166626 0.0259705 0.0386658 
40 0 0.311768 0.310303 0.0263672 0.0375061 
39 0 0.765625 0.647461 0.0285187 0.0385437 
34 0 0.584473 0.122192 0.0308533 0.0402222 
32 0 0.297119 0.105347 0.0300751 0.0385437 
31 0 0.248413 0.572266 0.0267639 0.0343628 
29 0 0.0289307 0.72998 0.0300751 0.0411377 
27 0 0.234375 0.578125 0.0271454 0.0369873 
26 0 0.132812 0.196899 0.0340881 0.0437622 
25 0 0.647461 0.510254 0.0289001 0.0354309 
24 0 0.271973 0.414551 0.03125 0.0375061 
23 0 0.667969 0.138306 0.0328064 0.0397644 
22 0 0.282715 0.216675 0.0343628 0.0414124 
21 0 0.0828247 0.805176 0.0281219 0.0354309 
20 0 0.510742 0.726074 0.0406189 0.0479126 
19 0 0.0897217 0.964355 0.0299835 0.0380249 
18 0 0.828125 0.433838 0.03125 0.0403748 
17 0 0.191406 0.844727 0.0325317 0.0395813 
16 0 0.358887 0.325439 0.0302734 0.038269 
14 0 0.854004 0.749023 0.0328064 0.0432434 
13 0 0.869629 0.408447 0.0296936 0.0416565 
12 0 0.936035 0.209351 0.0406189 0.053894 
7 0 0.708008 0.63623 0.0308533 0.0385437 
6 0 0.847656 0.837402 0.0265656 0.0333252 
5 0 0.852539 0.228149 0.0453186 0.0562439 
4 0 0.602539 0.212524 0.0320435 0.0415344 
3 0 0.773438 0.0722656 0.0292969 0.0359802 
2 0 0.241455 0.85498 0.0296936 0.0390625 
1 0 0.646973 0.561523 0.0281219 0.0359497 
