555 0 0.629883 0.804199 0.0343628 0.0416565 
554 0 0.181519 0.938477 0.0285187 0.0354309 
552 0 0.00933838 0.78418 0.0184021 0.0354309 
547 0 0.63916 0.422363 0.0367126 0.0473938 
546 0 0.756836 0.052948 0.0328064 0.0429077 
543 0 0.57666 0.114258 0.0339966 0.039978 
514 0 0.0898438 0.963379 0.0298309 0.0395813 
506 0 0.956055 0.908203 0.0320435 0.0348816 
446 0 0.682617 0.465576 0.0324097 0.0408936 
440 1 0.801758 0.067627 0.0296936 0.0396118 
421 0 0.577148 0.152222 0.0300751 0.0343628 
402 0 0.309082 0.192749 0.0341797 0.0403748 
338 0 0.49292 0.0320435 0.0339966 0.0411987 
308 0 0.829102 0.984375 0.0265656 0.0302124 
302 0 0.362549 0.0456238 0.0339966 0.0411377 
264 0 0.260986 0.440186 0.03125 0.0367126 
257 0 0.72168 0.776855 0.0289001 0.0333252 
49 0 0.545898 0.571777 0.0359497 0.0437622 
48 0 0.470215 0.426025 0.0402222 0.0565186 
45 0 0.486816 0.864746 0.0296936 0.0416565 
42 0 0.569336 0.106262 0.0296936 0.0367126 
41 0 0.306152 0.240356 0.0388794 0.0451965 
40 0 0.255859 0.368652 0.028717 0.0375061 
34 0 0.583008 0.121887 0.0335999 0.0429688 
32 0 0.243774 0.154175 0.0318298 0.038269 
27 0 0.233643 0.578125 0.0296936 0.0421753 
26 0 0.128906 0.199341 0.0391541 0.0536499 
23 0 0.647461 0.218994 0.0359497 0.0412903 
22 0 0.277588 0.227051 0.0339966 0.0385437 
21 0 0.0836182 0.806152 0.0299377 0.0380249 
20 0 0.494141 0.749023 0.039856 0.0479126 
18 0 0.82959 0.435303 0.0343628 0.0416565 
17 0 0.192139 0.84668 0.0339966 0.0421753 
14 0 0.846191 0.754395 0.0328064 0.0458374 
13 0 0.864746 0.413574 0.0328064 0.0437622 
12 0 0.936035 0.209351 0.0406189 0.0566406 
7 0 0.708984 0.632324 0.0320435 0.0395813 
6 0 0.838379 0.861328 0.0265656 0.0395813 
5 0 0.851562 0.235474 0.0414124 0.0503845 
4 0 0.601562 0.211182 0.03125 0.037384 
3 0 0.764648 0.0990601 0.0304718 0.0371094 
2 0 0.238281 0.858398 0.0328064 0.0416565 
1 0 0.62793 0.606445 0.0281219 0.0390625 
