741 0 0.921875 0.978027 0.0343628 0.0395813 
729 0 0.716309 0.78418 0.0273438 0.0354309 
728 0 0.16626 0.9375 0.0288086 0.0364685 
724 0 0.506836 0.0271149 0.0265656 0.0369263 
712 0 0.235962 0.461426 0.0216827 0.0270844 
686 0 0.936523 0.207275 0.0359497 0.0523376 
676 0 0.14917 0.927246 0.0298767 0.0359497 
645 0 0.636719 0.418701 0.0367126 0.046875 
619 0 0.579102 0.148926 0.0289001 0.035675 
607 0 0.602539 0.210449 0.0296936 0.0415344 
588 0 0.864258 0.694336 0.0289001 0.0364685 
546 0 0.719727 0.119934 0.0296936 0.0353394 
514 0 0.0890503 0.962402 0.0310516 0.0375061 
446 0 0.859375 0.4104 0.0304718 0.0375061 
338 0 0.479004 0.0510559 0.0265656 0.0353699 
308 0 0.823242 0.98877 0.0281219 0.0229187 
302 0 0.355469 0.0667114 0.0296936 0.0363464 
264 0 0.260986 0.433838 0.0285187 0.0361938 
49 0 0.515625 0.60498 0.03125 0.044281 
48 0 0.459473 0.443848 0.0386658 0.049469 
45 0 0.488281 0.86377 0.0304718 0.0395813 
42 0 0.569336 0.102112 0.0296936 0.0371094 
41 0 0.300049 0.220581 0.0335999 0.0385437 
40 0 0.232056 0.384277 0.0290985 0.0395813 
34 0 0.583496 0.12085 0.0328064 0.0374451 
32 0 0.229736 0.171875 0.0310516 0.035553 
27 0 0.235718 0.571777 0.0285187 0.0437622 
26 0 0.130493 0.197876 0.0328064 0.0416565 
23 0 0.627441 0.240601 0.0328064 0.0395813 
22 0 0.268066 0.244507 0.0328064 0.038147 
21 0 0.0836792 0.803223 0.030426 0.0369873 
18 0 0.827148 0.432373 0.0328064 0.0401001 
17 0 0.191406 0.84668 0.0328064 0.0395813 
14 0 0.838379 0.754395 0.0328064 0.0473938 
7 0 0.709473 0.630371 0.03125 0.0395813 
6 0 0.833008 0.87207 0.0249939 0.0354309 
5 0 0.851562 0.235718 0.0406189 0.0509033 
3 0 0.75293 0.111694 0.0292969 0.0360718 
2 0 0.237549 0.857422 0.03125 0.044281 
1 0 0.630371 0.614746 0.0296936 0.0385437 
