434 0 0.281738 0.387451 0.026947 0.0289001 
424 0 0.638184 0.419678 0.0390625 0.0520935 
421 0 0.57666 0.153076 0.0289001 0.0354309 
419 0 0.469482 0.471436 0.0351562 0.0476685 
417 0 0.614258 0.537109 0.0320435 0.0408936 
402 0 0.311768 0.189575 0.0326233 0.0375061 
390 0 0.936523 0.22644 0.0359497 0.0434875 
371 0 0.530273 0.982422 0.0332031 0.0343628 
348 0 0.0924683 0.272217 0.0373535 0.0496216 
338 0 0.499268 0.0226593 0.0324097 0.0384216 
308 0 0.831055 0.983398 0.0281219 0.0333252 
302 0 0.366455 0.0271606 0.0328064 0.0377197 
264 0 0.260498 0.439697 0.0345764 0.0416565 
257 0 0.725098 0.773926 0.0289001 0.0354309 
236 0 0.0799561 0.534668 0.0358887 0.0426941 
49 0 0.56543 0.530273 0.0328064 0.04245 
48 0 0.478027 0.412598 0.0375061 0.0499878 
45 0 0.486816 0.865723 0.0300751 0.0437622 
42 0 0.569336 0.103149 0.0296936 0.0354309 
41 0 0.261963 0.22937 0.0343628 0.0419312 
40 0 0.273682 0.353027 0.0292969 0.0395813 
39 0 0.666504 0.0684814 0.0308533 0.0369263 
34 0 0.584473 0.121765 0.0316467 0.0387268 
32 0 0.25 0.14563 0.0328064 0.0389404 
27 0 0.234375 0.578125 0.03125 0.0437622 
26 0 0.130493 0.199341 0.0383911 0.0489502 
23 0 0.65625 0.192749 0.035553 0.0437622 
22 0 0.284668 0.218994 0.0347595 0.0416565 
21 0 0.0838013 0.805176 0.030365 0.0395813 
20 0 0.498535 0.744629 0.0429688 0.0505066 
18 0 0.830566 0.435791 0.0328064 0.0421753 
17 0 0.192993 0.84668 0.0359497 0.0453186 
14 0 0.84668 0.755371 0.03125 0.044281 
13 0 0.864258 0.411865 0.0343628 0.0434875 
12 0 0.93457 0.206543 0.0367126 0.0501404 
7 0 0.709473 0.632812 0.03125 0.0385437 
6 0 0.84082 0.857422 0.0273438 0.0395813 
5 0 0.853027 0.22937 0.0429688 0.0509033 
4 0 0.603027 0.213501 0.0304718 0.0395813 
3 0 0.769531 0.0896606 0.0308533 0.0376282 
2 0 0.239868 0.857422 0.0328064 0.0401001 
1 0 0.62793 0.593262 0.0332031 0.0437622 
