326 0 0.57666 0.106384 0.038269 0.0503235 
325 0 0.0891113 0.96582 0.0311584 0.0395813 
308 0 0.832031 0.977051 0.0296936 0.0364685 
302 0 0.374512 0.013588 0.0290985 0.0270233 
289 0 0.657227 0.927246 0.0421753 0.049469 
287 0 0.291748 0.193237 0.0322266 0.0401001 
264 0 0.261719 0.438477 0.0328064 0.0390625 
257 0 0.728027 0.770996 0.0304718 0.0364685 
252 0 0.540527 0.986328 0.0375061 0.0286407 
236 0 0.161133 0.526367 0.0301819 0.0390625 
132 0 0.638184 0.421631 0.038269 0.049469 
49 0 0.570312 0.526855 0.0335999 0.0401001 
48 0 0.48584 0.404053 0.0332031 0.0411377 
45 0 0.486816 0.865234 0.0332031 0.0447998 
42 0 0.569336 0.103149 0.0296936 0.0354309 
41 0 0.228516 0.191406 0.0296936 0.0433655 
40 0 0.283691 0.335693 0.0267639 0.0364685 
39 0 0.757812 0.19873 0.0320435 0.0386658 
34 0 0.584473 0.12085 0.0339966 0.0416565 
32 0 0.266113 0.133301 0.0324097 0.0403137 
31 0 0.0572815 0.133179 0.0298157 0.0372925 
27 0 0.235107 0.579102 0.0328064 0.0447998 
26 0 0.131226 0.198975 0.0340881 0.0440063 
23 0 0.661133 0.182007 0.0375061 0.0423279 
22 0 0.282227 0.220825 0.0324097 0.038269 
21 0 0.0836182 0.806152 0.0296936 0.0375061 
20 0 0.497559 0.740723 0.0421753 0.0515747 
18 0 0.829102 0.434326 0.0328064 0.0395813 
17 0 0.192139 0.844727 0.0340881 0.0421753 
16 0 0.460449 0.456299 0.0367126 0.0497437 
14 0 0.850098 0.75293 0.0367126 0.0479126 
13 0 0.865723 0.412598 0.03125 0.0416565 
12 0 0.936035 0.210449 0.039856 0.0579529 
7 0 0.708496 0.633301 0.0328064 0.0416565 
6 0 0.842773 0.854004 0.0265656 0.0348816 
5 0 0.853027 0.229126 0.0437622 0.0541687 
4 0 0.603027 0.215454 0.03125 0.038269 
3 0 0.771973 0.0802612 0.03125 0.0393677 
2 0 0.239868 0.856445 0.0320435 0.0416565 
1 0 0.630371 0.583496 0.0324097 0.0416565 
