476 0 0.575684 0.111206 0.035553 0.0408936 
474 0 0.96875 0.874023 0.0351562 0.0406189 
467 0 0.309326 0.806152 0.0275421 0.033844 
466 0 0.629883 0.803223 0.0367126 0.044281 
446 0 0.658691 0.548828 0.0296936 0.0414124 
444 0 0.0132599 0.770996 0.0236206 0.0375061 
440 1 0.881836 0.208984 0.03125 0.0375061 
434 0 0.278809 0.394775 0.0242157 0.0315247 
421 0 0.577148 0.153076 0.0296936 0.035553 
402 0 0.312012 0.190308 0.0345764 0.0401001 
338 0 0.5 0.0239716 0.0335999 0.0395508 
308 0 0.831055 0.983398 0.0281219 0.0333252 
302 0 0.364746 0.0310059 0.0332031 0.0382996 
264 0 0.260986 0.439697 0.0339966 0.0416565 
257 0 0.724121 0.773926 0.0300751 0.0354309 
49 0 0.557129 0.545898 0.0324097 0.0419312 
48 0 0.477295 0.414551 0.0347595 0.0455627 
45 0 0.487549 0.864746 0.03125 0.0426941 
42 0 0.568848 0.103149 0.0289001 0.0354309 
41 0 0.285889 0.246094 0.0369263 0.0379028 
40 0 0.269775 0.361572 0.0285187 0.0387878 
39 0 0.611816 0.0364685 0.0324097 0.0395203 
34 0 0.583984 0.121887 0.0320435 0.0395813 
32 0 0.244141 0.152832 0.0314331 0.0377502 
27 0 0.235107 0.577148 0.0328064 0.0447998 
26 0 0.129639 0.199951 0.0379028 0.0498657 
23 0 0.655273 0.19812 0.0359497 0.0429688 
22 0 0.283691 0.217407 0.0359497 0.0391846 
21 0 0.0828247 0.805176 0.0313416 0.0395813 
20 0 0.496094 0.745605 0.0421753 0.0505066 
18 0 0.82959 0.436523 0.0320435 0.0403748 
17 0 0.192993 0.845703 0.0363159 0.0458374 
14 0 0.847656 0.754395 0.0328064 0.0458374 
13 0 0.864746 0.412598 0.0328064 0.0416565 
12 0 0.935059 0.209595 0.0375061 0.0520935 
7 0 0.709473 0.633301 0.03125 0.0390625 
6 0 0.84082 0.859375 0.0273438 0.0395813 
5 0 0.852539 0.229126 0.0421753 0.0499878 
4 0 0.602539 0.2146 0.0296936 0.0377502 
3 0 0.768555 0.0924072 0.03125 0.0389404 
2 0 0.239868 0.857422 0.0326233 0.0395813 
1 0 0.629883 0.599121 0.0320435 0.0395813 
