199 0 0.307861 0.344482 0.0222626 0.0302124 
198 0 0.835938 0.966797 0.03125 0.0385437 
195 0 0.0406189 0.983398 0.0310516 0.0307312 
191 0 0.0431519 0.366211 0.0369568 0.0476685 
189 0 0.0132675 0.254395 0.0262909 0.0419312 
188 0 0.680664 0.581055 0.0300751 0.0401001 
132 0 0.636719 0.419678 0.0359497 0.0479126 
112 0 0.59082 0.0637817 0.03125 0.0371094 
111 0 0.743164 0.756348 0.0296936 0.0364685 
109 0 0.630371 0.804199 0.0386658 0.0458374 
85 0 0.181885 0.431885 0.0297852 0.0346375 
76 0 0.837402 0.830078 0.0328064 0.0406189 
62 0 0.242432 0.352295 0.0296936 0.0390625 
51 0 0.563965 0.160645 0.0273438 0.0341187 
49 0 0.586914 0.496826 0.0324097 0.0395813 
48 0 0.496094 0.392822 0.0328064 0.0395813 
45 0 0.486816 0.865723 0.0296936 0.0395813 
44 0 0.568848 0.896973 0.0300751 0.0354309 
43 0 0.577148 0.151001 0.0308533 0.0354309 
42 0 0.568848 0.101929 0.0292969 0.0359497 
41 0 0.21936 0.174194 0.0265656 0.0368347 
40 0 0.310059 0.311523 0.028717 0.0390625 
39 0 0.766602 0.595215 0.0332031 0.0426941 
34 0 0.584961 0.121887 0.03125 0.039917 
32 0 0.292236 0.109436 0.0279236 0.0350342 
31 0 0.241211 0.498535 0.0304718 0.0393372 
27 0 0.232666 0.575195 0.0281219 0.0416565 
26 0 0.132812 0.196045 0.0320435 0.0421753 
24 0 0.269531 0.419189 0.0296936 0.0367126 
23 0 0.666016 0.151001 0.0335999 0.0391846 
22 0 0.282715 0.217651 0.03125 0.0393372 
21 0 0.083313 0.806152 0.0281219 0.0359497 
20 0 0.510254 0.729004 0.0418091 0.0505066 
18 0 0.828125 0.434326 0.0343628 0.0395813 
17 0 0.191406 0.844727 0.0327148 0.0395813 
16 0 0.327881 0.374512 0.03125 0.0390625 
14 0 0.854004 0.74707 0.0343628 0.0447998 
13 0 0.868652 0.408447 0.03125 0.0416565 
12 0 0.936035 0.209351 0.0406189 0.0559998 
7 0 0.708008 0.63623 0.0308533 0.0385437 
6 0 0.84668 0.84082 0.03125 0.0364685 
5 0 0.853027 0.228149 0.046875 0.0562439 
4 0 0.602539 0.213501 0.0328064 0.044281 
3 0 0.771973 0.0709229 0.03125 0.0376587 
2 0 0.242188 0.856445 0.03125 0.0416565 
1 0 0.645996 0.563477 0.0296936 0.0390625 
