326 0 0.57666 0.106262 0.0379028 0.0499878 
325 0 0.0891113 0.96582 0.0311584 0.0390625 
324 0 0.294434 0.361572 0.0234375 0.0270844 
308 0 0.833008 0.978027 0.0281219 0.0354309 
302 0 0.374756 0.013588 0.0285187 0.0263977 
289 0 0.657227 0.927246 0.0414124 0.0499878 
287 0 0.302246 0.187988 0.03302 0.0402222 
264 0 0.261719 0.4375 0.0328064 0.038269 
257 0 0.727539 0.77002 0.0296936 0.0354309 
252 0 0.540527 0.985352 0.0367126 0.0281219 
236 0 0.161621 0.52832 0.0298767 0.039856 
132 0 0.637695 0.421875 0.0375061 0.0479126 
49 0 0.569336 0.525879 0.0328064 0.0395813 
48 0 0.487549 0.405273 0.03125 0.0395813 
45 0 0.48584 0.864746 0.0351562 0.0473938 
44 0 0.542969 0.952148 0.0292969 0.0328064 
42 0 0.569336 0.103149 0.0296936 0.0354309 
41 0 0.230103 0.187988 0.0296936 0.039978 
40 0 0.283691 0.334473 0.0271454 0.0369873 
39 0 0.744141 0.204468 0.0296936 0.0379028 
34 0 0.583984 0.12085 0.0335999 0.0416565 
32 0 0.264893 0.134033 0.0324097 0.0386047 
31 0 0.0728149 0.120178 0.0310516 0.0416565 
27 0 0.235107 0.578125 0.0328064 0.044281 
26 0 0.130615 0.198608 0.0340881 0.0450439 
23 0 0.660156 0.181274 0.0363159 0.0418091 
22 0 0.282227 0.219849 0.0335999 0.039856 
21 0 0.0836182 0.806152 0.0296936 0.0375061 
20 0 0.497559 0.739746 0.0421753 0.0510559 
18 0 0.829102 0.434326 0.0328064 0.0395813 
17 0 0.192993 0.845703 0.0332947 0.0416565 
16 0 0.444092 0.440918 0.0343628 0.0447998 
14 0 0.850098 0.75293 0.0367126 0.0473938 
13 0 0.865723 0.412598 0.03125 0.0414124 
12 0 0.936523 0.210083 0.0390625 0.0567627 
7 0 0.708496 0.633301 0.0328064 0.0416565 
6 0 0.842773 0.853027 0.0265656 0.0354309 
5 0 0.853027 0.229126 0.0437622 0.0541687 
4 0 0.602539 0.215332 0.0300751 0.0365906 
3 0 0.771973 0.0800781 0.03125 0.0387268 
2 0 0.240601 0.856445 0.0310516 0.0406189 
1 0 0.631348 0.583496 0.03125 0.0401001 
