724 0 0.506348 0.0260162 0.0253906 0.0358582 
723 0 0.564941 0.160645 0.0257874 0.0347595 
712 0 0.238892 0.45874 0.0226593 0.0276031 
686 0 0.936523 0.208374 0.0390625 0.053009 
676 0 0.141357 0.930176 0.0297852 0.0401001 
645 0 0.635742 0.418701 0.0371094 0.0458374 
619 0 0.578125 0.150024 0.0285187 0.0375061 
607 0 0.602539 0.209351 0.0296936 0.039856 
588 0 0.875 0.63623 0.0359497 0.044281 
546 0 0.722656 0.112244 0.0332031 0.0397644 
514 0 0.0890503 0.963379 0.0310516 0.0385437 
446 0 0.858398 0.410889 0.0296936 0.0367126 
338 0 0.479004 0.0500183 0.0265656 0.0336609 
308 0 0.823242 0.98877 0.0281219 0.0229187 
302 0 0.356201 0.0652466 0.0281219 0.0361633 
264 0 0.26123 0.43457 0.0306702 0.0364685 
49 0 0.51709 0.60498 0.0343628 0.0479126 
48 0 0.460205 0.442627 0.0363159 0.0479126 
45 0 0.487549 0.86377 0.03125 0.0395813 
42 0 0.570312 0.102112 0.0304718 0.0375061 
41 0 0.302979 0.215576 0.0320435 0.039856 
40 0 0.232788 0.380127 0.0304718 0.0395813 
34 0 0.583496 0.119812 0.0328064 0.0392456 
32 0 0.233643 0.174194 0.0294952 0.0334778 
27 0 0.235107 0.572754 0.0296936 0.0416565 
26 0 0.130493 0.196899 0.0328064 0.0434875 
23 0 0.627441 0.240356 0.0328064 0.0384216 
22 0 0.268066 0.242798 0.0328064 0.0367126 
21 0 0.0844727 0.804199 0.0309601 0.0380249 
20 0 0.486816 0.759277 0.038269 0.044281 
18 0 0.82666 0.433594 0.0335999 0.0406189 
17 0 0.191406 0.847168 0.0332031 0.0426941 
14 0 0.838867 0.754395 0.0351562 0.0499878 
7 0 0.709473 0.630371 0.03125 0.0395813 
6 0 0.833008 0.87207 0.0281219 0.0369873 
5 0 0.851562 0.234619 0.0421753 0.0496216 
3 0 0.755371 0.111328 0.0300751 0.0387268 
2 0 0.237305 0.85791 0.0308533 0.0426941 
1 0 0.631348 0.61377 0.0304718 0.0395813 
