504 0 0.575684 0.111206 0.0347595 0.0393982 
502 0 0.46875 0.469727 0.0339966 0.046875 
500 0 0.307861 0.80957 0.0249939 0.0317688 
486 0 0.76709 0.0312347 0.0335999 0.0424194 
446 0 0.654785 0.514648 0.0304718 0.0416565 
444 0 0.0132828 0.772949 0.0233917 0.0375061 
440 1 0.878906 0.147705 0.0296936 0.0391846 
421 0 0.577148 0.153198 0.0289001 0.0346375 
402 0 0.309814 0.189941 0.0326233 0.0390625 
338 0 0.499268 0.022934 0.0371094 0.0413208 
308 0 0.831055 0.983398 0.0281219 0.0333252 
302 0 0.364746 0.0351257 0.0328064 0.0414734 
264 0 0.260986 0.440674 0.0343628 0.0408936 
257 0 0.723633 0.775391 0.03125 0.0364685 
49 0 0.555664 0.556152 0.0324097 0.0411377 
48 0 0.475098 0.41626 0.0351562 0.0437622 
45 0 0.486816 0.865723 0.0296936 0.0406189 
42 0 0.568848 0.103516 0.0289001 0.0349731 
41 0 0.296143 0.247803 0.0353394 0.0403748 
40 0 0.26416 0.360352 0.0289001 0.0377502 
34 0 0.583496 0.121216 0.0324097 0.0406799 
32 0 0.243164 0.153931 0.0332031 0.0385437 
27 0 0.235107 0.578125 0.0324097 0.0437622 
26 0 0.129639 0.199951 0.0402222 0.0541687 
23 0 0.65625 0.201172 0.035553 0.0429688 
22 0 0.283691 0.21875 0.033783 0.0418091 
21 0 0.0831299 0.807129 0.0307159 0.0395813 
20 0 0.494629 0.748047 0.0421753 0.0505066 
18 0 0.830566 0.435303 0.0328064 0.0416565 
17 0 0.192993 0.84668 0.0358276 0.0437622 
14 0 0.847656 0.755371 0.0328064 0.0447998 
13 0 0.864258 0.412598 0.0343628 0.0416565 
12 0 0.93457 0.209351 0.0414124 0.055481 
7 0 0.709473 0.632812 0.03125 0.0385437 
6 0 0.839844 0.860352 0.0265656 0.0375061 
5 0 0.853027 0.230225 0.0437622 0.0502625 
4 0 0.602539 0.213501 0.0300751 0.0363159 
3 0 0.76709 0.0947876 0.03125 0.0395203 
2 0 0.239502 0.858398 0.0333862 0.0411377 
1 0 0.630371 0.604004 0.0296936 0.0406189 
