865 0 0.824219 0.987305 0.0265656 0.0249939 
862 0 0.623535 0.0158844 0.0304718 0.0317078 
860 0 0.0430298 0.984375 0.0359497 0.03125 
845 0 0.104675 0.985352 0.0305634 0.0291595 
841 0 0.19751 0.723145 0.0317383 0.0447998 
836 0 0.561523 0.161499 0.0273438 0.035675 
835 0 0.192871 0.85498 0.0361328 0.0479126 
810 0 0.407715 0.217651 0.0343628 0.0437622 
800 0 0.307129 0.196167 0.0277405 0.0343628 
790 0 0.79541 0.375977 0.0281219 0.0395813 
747 0 0.735352 0.150024 0.0304718 0.0375061 
729 0 0.71582 0.788574 0.0281219 0.0348816 
724 0 0.506836 0.0318909 0.0265656 0.0326843 
712 0 0.221924 0.484375 0.0251923 0.03125 
686 0 0.935059 0.207031 0.0359497 0.0493469 
619 0 0.578125 0.147949 0.0281219 0.0337219 
607 0 0.602539 0.209351 0.0304718 0.0440063 
546 0 0.704102 0.15625 0.0328064 0.0416565 
446 0 0.861816 0.4104 0.0296936 0.0375061 
338 0 0.475098 0.0541687 0.0265656 0.0377808 
302 0 0.352295 0.0718994 0.0265656 0.0312805 
264 0 0.260498 0.431152 0.0283203 0.0380249 
49 0 0.492188 0.616699 0.0328064 0.0437622 
48 0 0.453857 0.469727 0.035553 0.0395813 
45 0 0.487549 0.861328 0.0316467 0.0395813 
42 0 0.570312 0.102112 0.0281219 0.0333252 
41 0 0.201172 0.231201 0.0326233 0.0369873 
40 0 0.215576 0.404053 0.0281219 0.0421753 
34 0 0.584473 0.12085 0.03125 0.0375061 
32 0 0.207397 0.192505 0.0292053 0.0364685 
27 0 0.235107 0.564453 0.0326233 0.049469 
26 0 0.128906 0.195068 0.0342712 0.0449219 
23 0 0.625 0.240601 0.03125 0.0395813 
22 0 0.259277 0.266602 0.0343628 0.0420532 
21 0 0.0841675 0.80127 0.0317993 0.0401001 
18 0 0.82666 0.432373 0.0304718 0.0364685 
14 0 0.835938 0.780273 0.0351562 0.0437622 
7 0 0.708496 0.629395 0.0328064 0.0416565 
6 0 0.830566 0.867676 0.0296936 0.0395813 
5 0 0.851562 0.231567 0.0429688 0.0496216 
2 0 0.235962 0.857422 0.0306702 0.0432434 
1 0 0.630371 0.616699 0.0296936 0.0416565 
