534 2 0.183594 0.941895 0.0293884 0.033844 
514 0 0.0890503 0.963379 0.0310974 0.0395813 
506 0 0.959473 0.901855 0.0343628 0.0375061 
446 0 0.689453 0.505859 0.0328064 0.0395813 
440 1 0.834473 0.0880127 0.0328064 0.0414734 
421 0 0.57666 0.1521 0.0289001 0.0335999 
402 0 0.309814 0.192993 0.0341797 0.0421753 
338 0 0.497559 0.0260925 0.0367126 0.0438538 
308 0 0.830566 0.983398 0.0281219 0.0328064 
302 0 0.362549 0.0408325 0.033783 0.043335 
264 0 0.260986 0.441406 0.03125 0.0385437 
257 0 0.722656 0.774902 0.0296936 0.0333252 
49 0 0.54834 0.566895 0.035553 0.0432434 
48 0 0.471924 0.422852 0.0406189 0.0575562 
45 0 0.486816 0.864746 0.0296936 0.0416565 
42 0 0.569336 0.106323 0.0296936 0.0371094 
41 0 0.310547 0.24646 0.0365295 0.0393372 
40 0 0.258545 0.367676 0.0298767 0.0401001 
34 0 0.583008 0.121033 0.0332031 0.0410156 
32 0 0.243774 0.153564 0.0318298 0.0364685 
27 0 0.233765 0.578125 0.0308533 0.0447998 
26 0 0.130249 0.198975 0.0395508 0.0541687 
23 0 0.651367 0.213257 0.0343628 0.0385437 
22 0 0.280518 0.224365 0.0347595 0.0408936 
21 0 0.0836182 0.805176 0.0298309 0.0385437 
20 0 0.493652 0.749023 0.0410156 0.0479126 
18 0 0.830566 0.435303 0.0359497 0.0421753 
17 0 0.192993 0.84668 0.035553 0.0437622 
14 0 0.846191 0.75293 0.0343628 0.0479126 
13 0 0.864258 0.413574 0.0343628 0.0437622 
12 0 0.936035 0.210327 0.039856 0.0578003 
7 0 0.708496 0.633301 0.0328064 0.0416565 
6 0 0.838379 0.861328 0.0265656 0.0354309 
5 0 0.852539 0.231201 0.0421753 0.0541687 
4 0 0.601562 0.213501 0.0281219 0.0354309 
3 0 0.765625 0.0979004 0.0281219 0.0374451 
2 0 0.238281 0.857422 0.03302 0.0426941 
1 0 0.628906 0.604492 0.0292969 0.0364685 
