561 0 0.182617 0.939453 0.0276337 0.0359497 
557 0 0.567383 0.159668 0.0296936 0.0348816 
555 0 0.629883 0.804199 0.0343628 0.0416565 
554 0 0.181885 0.940918 0.0293884 0.0364685 
552 0 0.00856018 0.785645 0.0169678 0.0333252 
546 0 0.754883 0.056366 0.0320435 0.0418091 
543 0 0.575195 0.11145 0.0343628 0.0403748 
514 0 0.0898438 0.963379 0.0296936 0.0395813 
506 0 0.95459 0.911621 0.0335999 0.0359497 
446 0 0.69043 0.450439 0.03125 0.0387878 
440 1 0.786133 0.0622253 0.0296936 0.0375366 
421 0 0.579102 0.1521 0.0304718 0.0342407 
402 0 0.310059 0.192749 0.0306702 0.0395813 
338 0 0.491455 0.0323486 0.0328064 0.0395813 
308 0 0.827148 0.985352 0.0265656 0.0296936 
302 0 0.361816 0.046936 0.0328064 0.0401001 
264 0 0.260742 0.440674 0.0304718 0.0354309 
257 0 0.721191 0.776855 0.0289001 0.0333252 
49 0 0.544434 0.575195 0.035553 0.044281 
48 0 0.470215 0.426025 0.0406189 0.0562439 
45 0 0.48584 0.86377 0.03125 0.0437622 
42 0 0.567871 0.103699 0.0296936 0.0361938 
41 0 0.301758 0.241333 0.035553 0.0432434 
40 0 0.254639 0.369873 0.0279236 0.038269 
34 0 0.583496 0.121765 0.0339966 0.0413513 
32 0 0.243774 0.154175 0.03125 0.0342407 
27 0 0.233643 0.578125 0.0296936 0.0421753 
26 0 0.128906 0.198975 0.0388794 0.0522156 
23 0 0.645996 0.221924 0.035553 0.0406189 
22 0 0.277344 0.227295 0.0328064 0.038147 
21 0 0.0843506 0.806152 0.0282288 0.0375061 
20 0 0.494629 0.748047 0.0394592 0.0499878 
18 0 0.82959 0.435303 0.0343628 0.0416565 
17 0 0.192261 0.845703 0.0341797 0.0416565 
14 0 0.845215 0.754883 0.0335999 0.046875 
13 0 0.864258 0.413574 0.0343628 0.0437622 
12 0 0.936035 0.209595 0.039856 0.0571594 
7 0 0.709473 0.632324 0.03125 0.0395813 
6 0 0.837402 0.864746 0.0273438 0.0411377 
5 0 0.852539 0.233643 0.0421753 0.0509033 
4 0 0.602539 0.212524 0.0308533 0.0375061 
3 0 0.76416 0.0999756 0.0308533 0.038147 
2 0 0.238647 0.858398 0.0310516 0.0416565 
1 0 0.628906 0.605957 0.0296936 0.0406189 
