236 0 0.310547 0.415039 0.0259705 0.0330811 
228 0 0.714844 0.682129 0.0285187 0.0369873 
226 0 0.498535 0.0134811 0.03125 0.0267029 
225 0 0.569336 0.157349 0.0277405 0.0351562 
213 0 0.914062 0.92627 0.0296936 0.0375061 
211 0 0.307861 0.344727 0.0209045 0.0283813 
198 0 0.835938 0.96875 0.0281219 0.0375061 
132 0 0.636719 0.420898 0.0359497 0.0489502 
109 0 0.628906 0.804688 0.0359497 0.0426941 
85 0 0.0574646 0.288574 0.0301819 0.0387878 
49 0 0.584961 0.502441 0.0332031 0.0387878 
48 0 0.492676 0.396973 0.0320435 0.039856 
45 0 0.486816 0.865723 0.0296936 0.0354309 
44 0 0.5625 0.90918 0.0292969 0.0328064 
43 0 0.578125 0.150024 0.03125 0.0375061 
42 0 0.567871 0.103149 0.0296936 0.0397034 
41 0 0.219482 0.18042 0.0265656 0.0368347 
40 0 0.303955 0.315674 0.0273438 0.0359497 
39 0 0.749023 0.522461 0.0335999 0.0416565 
34 0 0.585938 0.122009 0.0316467 0.0403137 
32 0 0.281982 0.115601 0.0292969 0.035675 
31 0 0.210205 0.414551 0.0279236 0.0372314 
27 0 0.235107 0.57373 0.0275421 0.0395813 
26 0 0.132812 0.195801 0.0315552 0.0416565 
24 0 0.268311 0.426025 0.0294952 0.0361938 
23 0 0.665039 0.159058 0.0367126 0.0430908 
22 0 0.283691 0.21875 0.0332031 0.0414124 
21 0 0.0836182 0.806152 0.0296936 0.0375061 
20 0 0.508789 0.72998 0.042572 0.0520935 
18 0 0.828125 0.434814 0.0343628 0.0429688 
17 0 0.192139 0.844727 0.03125 0.0395813 
14 0 0.851562 0.748535 0.0367126 0.046875 
13 0 0.868164 0.409424 0.0328064 0.0437622 
12 0 0.936035 0.205566 0.038269 0.0559998 
7 0 0.709473 0.631348 0.0308533 0.0385437 
6 0 0.846191 0.84375 0.0281219 0.0354309 
5 0 0.852539 0.228882 0.0453186 0.0541687 
4 0 0.600586 0.211426 0.0332031 0.0433655 
3 0 0.772949 0.0742188 0.0304718 0.0387268 
2 0 0.240845 0.85498 0.0308533 0.0406189 
1 0 0.634277 0.56543 0.0320435 0.0401001 
