738 0 0.724121 0.0210266 0.0347595 0.0358582 
729 0 0.717285 0.78418 0.0292969 0.0354309 
724 0 0.506836 0.0260468 0.0257874 0.0353394 
712 0 0.237549 0.459473 0.0220642 0.0270844 
686 0 0.936035 0.20813 0.0367126 0.0514221 
676 0 0.144287 0.928223 0.0302734 0.0406189 
645 0 0.635742 0.418213 0.038269 0.0466003 
619 0 0.579102 0.151001 0.0296936 0.0354309 
607 0 0.602539 0.210083 0.0289001 0.0401001 
588 0 0.868652 0.673828 0.0304718 0.0364685 
546 0 0.720215 0.116821 0.03125 0.0377502 
514 0 0.0890503 0.962402 0.03125 0.0380249 
446 0 0.859375 0.4104 0.0304718 0.0375061 
338 0 0.479004 0.0509338 0.0265656 0.0360107 
308 0 0.823242 0.98877 0.0281219 0.0229187 
302 0 0.355469 0.0656128 0.0294952 0.0353699 
264 0 0.260986 0.434326 0.028717 0.0354309 
49 0 0.516602 0.606445 0.0328064 0.0416565 
48 0 0.459473 0.442627 0.0367126 0.0453186 
45 0 0.488281 0.86377 0.0296936 0.0395813 
42 0 0.569336 0.102478 0.0296936 0.0363159 
41 0 0.30127 0.214111 0.0318298 0.039978 
40 0 0.232056 0.382324 0.0296936 0.0395813 
34 0 0.583496 0.120178 0.0328064 0.0367737 
32 0 0.232056 0.171875 0.0296936 0.0352783 
27 0 0.235962 0.572754 0.0281219 0.0416565 
26 0 0.130371 0.197632 0.03302 0.0428467 
23 0 0.627441 0.239746 0.0328064 0.0377502 
22 0 0.268066 0.243774 0.0328064 0.0375061 
21 0 0.0843506 0.804199 0.03125 0.0375061 
18 0 0.82666 0.43335 0.0343628 0.0411377 
17 0 0.191406 0.84668 0.0331116 0.0406189 
14 0 0.838867 0.75293 0.0335999 0.0479126 
7 0 0.709473 0.630371 0.03125 0.0395813 
6 0 0.833008 0.87207 0.0257874 0.0354309 
5 0 0.852539 0.234375 0.0421753 0.0515747 
3 0 0.753906 0.11145 0.0304718 0.0386658 
2 0 0.237549 0.857422 0.03125 0.0437622 
1 0 0.630371 0.614746 0.0296936 0.0395813 
