830 0 0.62793 0.802246 0.0343628 0.0375061 
829 0 0.195923 0.845703 0.0409241 0.0463562 
824 0 0.989258 0.413574 0.0218811 0.0479126 
810 0 0.408691 0.216797 0.0359497 0.0458374 
804 0 0.628906 0.0146103 0.0296936 0.0292511 
800 0 0.308105 0.194824 0.026947 0.03125 
792 0 0.0898438 0.966797 0.0349731 0.0416565 
790 0 0.757324 0.223389 0.0289001 0.0367126 
777 0 0.775879 0.904297 0.0308533 0.0406189 
747 0 0.743164 0.135132 0.0296936 0.0365906 
729 0 0.716797 0.788574 0.0257874 0.03125 
724 0 0.508789 0.0322876 0.0265656 0.0354309 
712 0 0.227783 0.476074 0.0230408 0.0307312 
686 0 0.935059 0.207031 0.0390625 0.0518188 
645 0 0.636719 0.420898 0.0390625 0.049469 
619 0 0.578125 0.148926 0.0281219 0.0354309 
607 0 0.601562 0.208374 0.0289001 0.0414124 
546 0 0.711914 0.143799 0.0316467 0.0416565 
446 0 0.86084 0.4104 0.03125 0.0375061 
338 0 0.476562 0.0531311 0.0281219 0.0395813 
302 0 0.354736 0.0705566 0.0281219 0.0341797 
264 0 0.26123 0.433838 0.0277405 0.0367126 
49 0 0.505371 0.611328 0.0328064 0.0463562 
48 0 0.457031 0.461914 0.0328064 0.0429688 
45 0 0.487549 0.861816 0.03125 0.0385437 
42 0 0.571289 0.102234 0.0296936 0.033783 
41 0 0.26416 0.19397 0.0318298 0.0391846 
40 0 0.224243 0.394775 0.0298767 0.0432434 
34 0 0.583496 0.121948 0.0328064 0.0391846 
32 0 0.213867 0.180908 0.0309601 0.0341187 
27 0 0.236694 0.569824 0.0296936 0.0432434 
26 0 0.129639 0.196167 0.0351562 0.0471497 
23 0 0.625 0.240479 0.0332031 0.0401001 
22 0 0.265625 0.257324 0.0343628 0.044281 
21 0 0.0841064 0.803223 0.0304718 0.0380249 
18 0 0.82666 0.431152 0.0320435 0.0375061 
14 0 0.841309 0.768555 0.0328064 0.0416565 
7 0 0.708496 0.630371 0.0328064 0.0406189 
6 0 0.831055 0.870605 0.0304718 0.0406189 
5 0 0.851562 0.235474 0.0429688 0.0502625 
2 0 0.237549 0.857422 0.0302734 0.0432434 
1 0 0.630371 0.615723 0.0296936 0.0411377 
