225 0 0.567383 0.158325 0.0281219 0.0333252 
223 0 0.0210571 0.733398 0.0322876 0.0447998 
213 0 0.898438 0.900879 0.0296936 0.0380249 
211 0 0.307129 0.343994 0.0228577 0.0296936 
198 0 0.835938 0.96875 0.0289001 0.0375061 
132 0 0.636719 0.420898 0.035553 0.0487061 
109 0 0.628906 0.805176 0.0351562 0.0437622 
85 0 0.0908203 0.328613 0.0304718 0.0393372 
62 0 0.266113 0.403076 0.0281219 0.039856 
49 0 0.584473 0.500977 0.0324097 0.0387878 
48 0 0.493652 0.396973 0.03125 0.0395813 
45 0 0.486816 0.865723 0.0292969 0.0354309 
44 0 0.564941 0.905273 0.0285187 0.03125 
43 0 0.577148 0.150879 0.0308533 0.0366516 
42 0 0.567383 0.103394 0.03125 0.0401001 
41 0 0.220093 0.175049 0.0285187 0.0372314 
40 0 0.306152 0.314697 0.0277405 0.0375061 
39 0 0.772461 0.533203 0.0335999 0.0432434 
34 0 0.584961 0.12085 0.0320435 0.0417175 
32 0 0.284424 0.114258 0.0285187 0.0361938 
31 0 0.232422 0.42334 0.0294952 0.0393372 
27 0 0.235962 0.577148 0.0290985 0.0416565 
26 0 0.132812 0.195557 0.0339966 0.0445251 
24 0 0.268311 0.426025 0.0294952 0.0385437 
23 0 0.666992 0.157349 0.0359497 0.04245 
22 0 0.282715 0.217651 0.0318298 0.0395813 
21 0 0.0836182 0.805176 0.0296936 0.0380249 
20 0 0.507812 0.72998 0.042572 0.0520935 
18 0 0.828125 0.435059 0.0343628 0.0411377 
17 0 0.192139 0.844727 0.0311584 0.0395813 
16 0 0.30127 0.382324 0.0302734 0.0393372 
14 0 0.850586 0.749023 0.0343628 0.0447998 
13 0 0.868652 0.409424 0.0320435 0.0437622 
12 0 0.936035 0.208374 0.0406189 0.0592346 
7 0 0.710938 0.63916 0.0347595 0.0437622 
6 0 0.848633 0.842285 0.0281219 0.0343628 
5 0 0.853027 0.229126 0.0437622 0.0541687 
4 0 0.600586 0.212524 0.0328064 0.0418091 
3 0 0.773438 0.0739746 0.03125 0.0395203 
2 0 0.242188 0.856445 0.03125 0.0416565 
1 0 0.637695 0.56543 0.0300751 0.0390625 
