268 0 0.0377808 0.37793 0.0339355 0.0447998 
264 0 0.265625 0.436279 0.0332031 0.0401001 
263 0 0.758789 0.82373 0.0316467 0.0411377 
257 0 0.73584 0.764648 0.0273438 0.0359497 
252 0 0.541992 0.985352 0.0351562 0.0291595 
238 0 0.0208282 0.743652 0.0290985 0.0416565 
236 0 0.227783 0.471436 0.0324097 0.0390625 
198 0 0.834473 0.973145 0.0281219 0.0375061 
132 0 0.637695 0.42041 0.0343628 0.0471497 
109 0 0.628906 0.804199 0.0359497 0.0416565 
49 0 0.57959 0.509277 0.0316467 0.0390625 
48 0 0.491455 0.403076 0.0300751 0.0385437 
45 0 0.48584 0.86377 0.0343628 0.0432434 
44 0 0.557129 0.927246 0.0296936 0.0333252 
43 0 0.578125 0.151001 0.0285187 0.0351562 
42 0 0.567383 0.10321 0.0308533 0.039856 
41 0 0.219971 0.180542 0.0283203 0.0393372 
40 0 0.293945 0.320801 0.0292969 0.0416565 
39 0 0.772461 0.410645 0.0304718 0.0385437 
34 0 0.584473 0.120544 0.0324097 0.0414734 
32 0 0.270996 0.12085 0.0298767 0.0375061 
31 0 0.161621 0.312012 0.0316467 0.035675 
27 0 0.235107 0.576172 0.0296936 0.0432434 
26 0 0.132568 0.195923 0.0347595 0.0447998 
23 0 0.664062 0.170044 0.0339966 0.0397034 
22 0 0.282715 0.218506 0.0343628 0.0418091 
21 0 0.0843506 0.805176 0.028717 0.0364685 
20 0 0.505371 0.737305 0.0421753 0.0541687 
18 0 0.828125 0.43335 0.0328064 0.0414124 
17 0 0.192139 0.84375 0.03125 0.0375061 
16 0 0.36377 0.432373 0.0300751 0.038269 
14 0 0.851562 0.75 0.0375061 0.0463562 
13 0 0.867188 0.408447 0.03125 0.0421753 
12 0 0.936035 0.209351 0.0406189 0.0567627 
7 0 0.709473 0.632324 0.03125 0.0395813 
6 0 0.84375 0.849121 0.0281219 0.0343628 
5 0 0.853027 0.229126 0.046875 0.0541687 
4 0 0.604492 0.213501 0.0308533 0.0394592 
3 0 0.773438 0.0756226 0.03125 0.0409546 
2 0 0.240967 0.853027 0.0318298 0.0421753 
1 0 0.633789 0.57373 0.0296936 0.0395813 
