872 0 0.638184 0.414062 0.0390625 0.0502625 
870 0 0.624023 0.0162964 0.0285187 0.0321655 
867 0 0.62793 0.801758 0.0343628 0.0406189 
865 0 0.823242 0.987305 0.0249939 0.0249939 
860 0 0.0421753 0.984375 0.0358887 0.03125 
845 0 0.102356 0.985352 0.0325317 0.0291595 
841 0 0.193115 0.713379 0.0317383 0.044281 
836 0 0.561035 0.159668 0.0281219 0.0342407 
835 0 0.192993 0.85498 0.0359497 0.0479126 
810 0 0.408691 0.217651 0.03302 0.0437622 
800 0 0.306641 0.196899 0.025589 0.0315247 
790 0 0.777832 0.390625 0.0281219 0.0367126 
747 0 0.734375 0.155151 0.0292969 0.0354309 
729 0 0.714844 0.788574 0.0296936 0.0354309 
724 0 0.506836 0.0325317 0.0265656 0.032196 
712 0 0.222656 0.485352 0.0234375 0.0291595 
686 0 0.935059 0.206299 0.0359497 0.0499878 
619 0 0.579102 0.147949 0.0285187 0.0333252 
607 0 0.601562 0.209106 0.0304718 0.0444031 
546 0 0.704102 0.156982 0.0328064 0.0395813 
446 0 0.861816 0.409668 0.0296936 0.0375061 
338 0 0.474121 0.0541687 0.0265656 0.0375061 
302 0 0.352295 0.072937 0.0265656 0.0332947 
264 0 0.260986 0.431396 0.0281219 0.0375061 
49 0 0.490723 0.614746 0.03125 0.0416565 
48 0 0.453857 0.470947 0.0379028 0.0411377 
45 0 0.487549 0.862305 0.0335999 0.0416565 
42 0 0.570312 0.102112 0.0281219 0.0333252 
41 0 0.203857 0.245483 0.0310516 0.0401001 
40 0 0.213257 0.40625 0.0267639 0.0421753 
34 0 0.584473 0.120789 0.0304718 0.0376282 
32 0 0.205444 0.194946 0.0299835 0.0354309 
27 0 0.235107 0.564453 0.0328064 0.0489502 
26 0 0.128906 0.196533 0.03302 0.04245 
23 0 0.624023 0.240601 0.0328064 0.0395813 
22 0 0.259277 0.269775 0.033783 0.0403748 
21 0 0.0836182 0.802246 0.0324097 0.0416565 
18 0 0.827148 0.432373 0.0296936 0.0354309 
14 0 0.834961 0.78418 0.0359497 0.0447998 
7 0 0.708496 0.629395 0.0328064 0.0416565 
6 0 0.831055 0.870117 0.0304718 0.0395813 
5 0 0.851562 0.234131 0.0414124 0.0477905 
2 0 0.236694 0.856445 0.0322266 0.0447998 
1 0 0.631836 0.615723 0.0289001 0.0395813 
