180 0 0.0128632 0.408691 0.0229187 0.0426941 
172 0 0.836914 0.964355 0.0296936 0.0380249 
148 0 0.988281 0.788574 0.0234375 0.0385437 
132 0 0.636719 0.419678 0.0335999 0.0453186 
112 0 0.614746 0.0626831 0.0300751 0.0413513 
111 0 0.743164 0.756348 0.0273438 0.0343628 
109 0 0.630371 0.804199 0.0359497 0.0421753 
85 0 0.264404 0.444336 0.0308533 0.0359497 
76 0 0.788086 0.818359 0.03125 0.0406189 
62 0 0.208008 0.336426 0.0280304 0.0361938 
51 0 0.5625 0.161255 0.0281219 0.0339966 
49 0 0.587402 0.495361 0.0316467 0.0406189 
48 0 0.496826 0.391602 0.0324097 0.0380249 
45 0 0.486816 0.865723 0.0296936 0.0385437 
44 0 0.570801 0.891113 0.0296936 0.0333252 
43 0 0.579102 0.151245 0.0296936 0.0350342 
42 0 0.568848 0.10144 0.0281219 0.0352173 
41 0 0.214844 0.171631 0.0253906 0.035675 
40 0 0.310303 0.310303 0.026947 0.0375061 
39 0 0.780273 0.622559 0.0304718 0.0385437 
34 0 0.584473 0.122009 0.03125 0.0404358 
32 0 0.294189 0.1073 0.0279236 0.0360718 
31 0 0.262451 0.525879 0.028717 0.0406189 
29 0 0.0281982 0.734375 0.0288544 0.0395813 
27 0 0.239014 0.570801 0.028717 0.0411377 
26 0 0.132568 0.196533 0.0324097 0.0450439 
25 0 0.646973 0.53418 0.026947 0.0351562 
24 0 0.269531 0.418701 0.0306702 0.0375061 
23 0 0.666016 0.150879 0.0335999 0.0380859 
22 0 0.283203 0.217651 0.0318298 0.0395813 
21 0 0.0828247 0.805176 0.0280304 0.0354309 
20 0 0.510742 0.728027 0.0406189 0.0489502 
19 0 0.0897217 0.964355 0.0302734 0.0375061 
18 0 0.828125 0.434326 0.0328064 0.0401001 
17 0 0.192139 0.844727 0.0318298 0.0395813 
16 0 0.361328 0.359863 0.0275421 0.0359497 
14 0 0.853027 0.749023 0.0343628 0.0437622 
13 0 0.869629 0.409424 0.0296936 0.0401001 
12 0 0.936035 0.20874 0.039856 0.055481 
7 0 0.708496 0.63623 0.0296936 0.0369873 
6 0 0.847656 0.838379 0.0265656 0.0354309 
5 0 0.853027 0.228149 0.0460815 0.0562439 
4 0 0.602539 0.213501 0.0308533 0.0432434 
3 0 0.771973 0.0697632 0.0289001 0.0355225 
2 0 0.24292 0.856445 0.0298767 0.0416565 
1 0 0.646973 0.562012 0.0277405 0.0333252 
