326 0 0.576172 0.106262 0.038269 0.0501404 
325 0 0.0890503 0.96582 0.0318298 0.0395813 
324 0 0.294678 0.361572 0.0230408 0.0270844 
308 0 0.833008 0.978027 0.0289001 0.0364685 
302 0 0.373779 0.0131912 0.0275421 0.0250549 
289 0 0.65625 0.927246 0.0406189 0.0484314 
287 0 0.30249 0.179443 0.0339966 0.039978 
264 0 0.261719 0.438477 0.0328064 0.0395813 
257 0 0.727539 0.77002 0.0296936 0.0354309 
252 0 0.541504 0.986328 0.0347595 0.0270844 
236 0 0.161743 0.528809 0.030365 0.0406189 
132 0 0.637695 0.421875 0.0375061 0.0479126 
109 0 0.628906 0.804199 0.0359497 0.0411377 
49 0 0.569336 0.525879 0.0328064 0.0393372 
48 0 0.487549 0.405273 0.0308533 0.0395813 
45 0 0.48584 0.865234 0.0363159 0.0479126 
44 0 0.542969 0.952148 0.0285187 0.0317688 
42 0 0.569336 0.103149 0.0296936 0.0354309 
41 0 0.231079 0.184937 0.0308533 0.0394592 
40 0 0.283691 0.333252 0.0281219 0.0390625 
39 0 0.737305 0.211182 0.0308533 0.0386658 
34 0 0.583496 0.12085 0.0335999 0.0416565 
32 0 0.26416 0.134644 0.0308533 0.0384827 
31 0 0.0814209 0.129639 0.0296936 0.0410156 
27 0 0.234985 0.578125 0.0324097 0.0447998 
26 0 0.131104 0.197876 0.0345764 0.0450439 
23 0 0.661133 0.18103 0.0371094 0.0418091 
22 0 0.282471 0.219482 0.033783 0.0402222 
21 0 0.0836182 0.806152 0.0296936 0.0375061 
20 0 0.497559 0.73877 0.042572 0.0510559 
18 0 0.829102 0.434326 0.0328064 0.0395813 
17 0 0.192627 0.845703 0.0333862 0.0416565 
16 0 0.441406 0.422852 0.0339966 0.0421753 
14 0 0.850586 0.754395 0.0359497 0.0463562 
13 0 0.865723 0.412598 0.03125 0.0411377 
12 0 0.936523 0.209351 0.0390625 0.056366 
7 0 0.708496 0.633789 0.0328064 0.0406189 
6 0 0.842773 0.853027 0.0265656 0.0354309 
5 0 0.853027 0.229126 0.0437622 0.0541687 
4 0 0.603516 0.214966 0.0304718 0.0367126 
3 0 0.771973 0.0792847 0.03125 0.038147 
2 0 0.240601 0.85498 0.03125 0.0395813 
1 0 0.631348 0.583984 0.03125 0.0395813 
