835 0 0.193115 0.839355 0.0422974 0.0567627 
834 0 0.823242 0.98877 0.0273438 0.0229187 
810 0 0.409424 0.217651 0.0343628 0.044281 
800 0 0.308105 0.194824 0.0257874 0.03125 
792 0 0.0905762 0.96582 0.0342712 0.0426941 
790 0 0.763672 0.239868 0.0273438 0.0371094 
777 0 0.774902 0.911621 0.0300751 0.0406189 
747 0 0.742188 0.135376 0.0289001 0.0374451 
729 0 0.716309 0.788574 0.0265656 0.0317688 
724 0 0.507812 0.0312347 0.0249939 0.0333557 
712 0 0.227295 0.477051 0.0234375 0.0291595 
686 0 0.936035 0.206299 0.038269 0.0503845 
645 0 0.637695 0.42041 0.0379028 0.0476685 
619 0 0.578125 0.148926 0.0281219 0.0354309 
607 0 0.602539 0.208374 0.0296936 0.0414124 
546 0 0.710938 0.144775 0.0316467 0.0434875 
446 0 0.861816 0.4104 0.0296936 0.0367126 
338 0 0.47583 0.0531311 0.0265656 0.0395813 
302 0 0.355469 0.0708618 0.0265656 0.0333862 
264 0 0.260986 0.434326 0.0281219 0.0354309 
49 0 0.504883 0.611328 0.0343628 0.0473938 
48 0 0.457031 0.461914 0.0328064 0.0429688 
45 0 0.487549 0.861328 0.03125 0.0406189 
42 0 0.571777 0.102112 0.0292969 0.0334778 
41 0 0.26123 0.203735 0.0304718 0.0367126 
40 0 0.224243 0.395264 0.0296936 0.0429688 
34 0 0.583496 0.121216 0.0332031 0.0383606 
32 0 0.212891 0.181274 0.0298767 0.0334778 
27 0 0.236694 0.568848 0.0296936 0.0447998 
26 0 0.129639 0.196533 0.0343628 0.0453186 
23 0 0.625 0.239868 0.0320435 0.039978 
22 0 0.265625 0.258301 0.0341797 0.0453186 
21 0 0.0836792 0.803223 0.032074 0.0395813 
18 0 0.82666 0.431152 0.03125 0.0375061 
14 0 0.841309 0.77002 0.0328064 0.0421753 
7 0 0.708496 0.630371 0.0328064 0.0406189 
6 0 0.832031 0.869629 0.0296936 0.0395813 
5 0 0.851562 0.235474 0.0429688 0.049469 
2 0 0.237549 0.857422 0.0308533 0.0437622 
1 0 0.630371 0.615723 0.0296936 0.0395813 
