281 0 0.496094 0.0151138 0.026947 0.0299377 
269 0 0.362305 0.0938721 0.0289001 0.0346985 
268 0 0.0375061 0.378662 0.0339966 0.0450439 
264 0 0.265381 0.437012 0.03125 0.038269 
263 0 0.766602 0.869629 0.0281219 0.0380249 
257 0 0.73584 0.763672 0.0281219 0.0364685 
252 0 0.541992 0.985352 0.0343628 0.0291595 
244 0 0.984375 0.822266 0.0281219 0.0385437 
238 0 0.0202942 0.746582 0.0309601 0.0447998 
236 0 0.203369 0.471924 0.0316467 0.0406189 
198 0 0.833008 0.975098 0.0289001 0.0380249 
132 0 0.636719 0.420898 0.0347595 0.0460815 
109 0 0.628906 0.804199 0.0359497 0.0416565 
49 0 0.578125 0.513672 0.0339966 0.039856 
48 0 0.490723 0.403076 0.0289001 0.0401001 
45 0 0.483643 0.862305 0.0359497 0.0458374 
44 0 0.553711 0.932129 0.0296936 0.0317688 
43 0 0.579102 0.150024 0.0285187 0.0335388 
42 0 0.567871 0.103149 0.0300751 0.0391235 
41 0 0.219116 0.182251 0.0275421 0.0384216 
40 0 0.292236 0.321777 0.0285187 0.0401001 
39 0 0.788086 0.368652 0.0324097 0.0403748 
34 0 0.584473 0.119812 0.03125 0.0395813 
32 0 0.269531 0.121704 0.0298767 0.0384216 
31 0 0.156006 0.282715 0.0300751 0.0393372 
27 0 0.235107 0.577637 0.0304718 0.0437622 
26 0 0.132812 0.196045 0.034668 0.0446472 
23 0 0.661621 0.171997 0.0351562 0.039856 
22 0 0.282715 0.21875 0.0339966 0.0415344 
21 0 0.0836182 0.806152 0.0296936 0.0375061 
20 0 0.502441 0.737305 0.0429688 0.0541687 
18 0 0.828125 0.434326 0.0320435 0.0395813 
17 0 0.192139 0.84375 0.03125 0.0375061 
16 0 0.383301 0.443848 0.0341797 0.0416565 
14 0 0.851562 0.75 0.0359497 0.0458374 
13 0 0.865723 0.409912 0.03125 0.0408936 
12 0 0.936035 0.210449 0.0406189 0.0575562 
7 0 0.708496 0.634277 0.0324097 0.0395813 
6 0 0.842773 0.849609 0.0265656 0.0333252 
5 0 0.853027 0.229126 0.046875 0.0541687 
4 0 0.603027 0.211548 0.03125 0.0390625 
3 0 0.773438 0.0758667 0.03125 0.0401306 
2 0 0.242188 0.854004 0.03125 0.0416565 
1 0 0.632812 0.576172 0.03125 0.0395813 
