567 0 0.199951 0.935547 0.0282288 0.0380249 
566 0 0.564941 0.161499 0.0296936 0.0354309 
563 0 0.309326 0.193481 0.0316467 0.0389404 
561 0 0.181274 0.94043 0.027832 0.0354309 
555 0 0.629883 0.804199 0.0343628 0.0416565 
547 0 0.638184 0.422852 0.038269 0.0453186 
546 0 0.75293 0.0520325 0.0343628 0.0417786 
543 0 0.575195 0.107178 0.035553 0.0472107 
514 0 0.0897827 0.963379 0.0307617 0.0411377 
506 0 0.95166 0.915527 0.0343628 0.0354309 
446 0 0.720215 0.448975 0.0406189 0.0515747 
440 1 0.76709 0.0666504 0.0316467 0.0344849 
421 0 0.578125 0.151001 0.03125 0.0372925 
338 0 0.489746 0.0360718 0.0308533 0.0401611 
308 0 0.82666 0.985352 0.0257874 0.0291595 
302 0 0.361816 0.0479126 0.0328064 0.0418091 
264 0 0.26123 0.441162 0.0318298 0.0361938 
257 0 0.721191 0.779297 0.0296936 0.033844 
49 0 0.543945 0.576172 0.0343628 0.0437622 
48 0 0.469482 0.426025 0.0390625 0.0528564 
45 0 0.48584 0.86377 0.03125 0.0437622 
42 0 0.567871 0.104065 0.0296936 0.0369263 
41 0 0.30835 0.236938 0.0379028 0.0426941 
40 0 0.253418 0.37085 0.0275421 0.0364685 
34 0 0.583008 0.121887 0.0343628 0.0437622 
32 0 0.243774 0.155151 0.0314331 0.0351562 
27 0 0.233643 0.578125 0.0296936 0.0437622 
26 0 0.130493 0.198975 0.0394592 0.0528564 
23 0 0.645508 0.223145 0.0367126 0.0423279 
22 0 0.276611 0.230469 0.0341797 0.0384216 
21 0 0.0844116 0.806152 0.028717 0.0375061 
20 0 0.494629 0.750488 0.0402222 0.0479126 
18 0 0.82959 0.435303 0.0343628 0.0416565 
17 0 0.192139 0.845703 0.0343628 0.0411377 
14 0 0.844727 0.754395 0.0328064 0.046875 
13 0 0.864258 0.413574 0.0335999 0.0437622 
12 0 0.936035 0.209595 0.039856 0.058197 
7 0 0.708496 0.632324 0.0328064 0.0395813 
6 0 0.837402 0.864746 0.0281219 0.0421753 
5 0 0.852539 0.234375 0.0421753 0.0518188 
4 0 0.602539 0.212158 0.0328064 0.0387878 
3 0 0.762695 0.101562 0.0324097 0.0372925 
2 0 0.238281 0.857422 0.0302734 0.0395813 
1 0 0.630371 0.608398 0.0289001 0.0375061 
