850 0 0.0437622 0.984375 0.0341492 0.0296936 
845 0 0.105835 0.978027 0.0331116 0.0395813 
841 0 0.212891 0.812988 0.0301819 0.0385437 
840 0 0.62793 0.80127 0.0343628 0.0401001 
836 0 0.5625 0.159424 0.0277405 0.0348816 
835 0 0.190552 0.84668 0.0345764 0.044281 
834 0 0.823242 0.987305 0.0281219 0.0249939 
810 0 0.407715 0.217651 0.0339966 0.0437622 
800 0 0.307373 0.195068 0.0275421 0.0318909 
790 0 0.756348 0.292236 0.0308533 0.0390625 
777 0 0.73584 0.9375 0.0304718 0.0369873 
747 0 0.737305 0.144897 0.0289001 0.0354919 
729 0 0.71582 0.787598 0.0281219 0.0333252 
724 0 0.507812 0.03125 0.0249939 0.0333252 
712 0 0.224976 0.480225 0.0249939 0.0317688 
686 0 0.93457 0.205322 0.0375061 0.0487061 
645 0 0.636719 0.418701 0.0375061 0.0466003 
619 0 0.578125 0.148926 0.0281219 0.0354309 
607 0 0.602539 0.209351 0.0296936 0.0437622 
546 0 0.707031 0.151001 0.0328064 0.0428467 
446 0 0.861816 0.409424 0.0296936 0.0354309 
338 0 0.475098 0.0541687 0.0249939 0.0374756 
302 0 0.354004 0.0708618 0.0259705 0.0331421 
264 0 0.260986 0.43335 0.0281219 0.0375061 
49 0 0.5 0.612305 0.0320435 0.0458374 
48 0 0.455566 0.463623 0.0328064 0.0401001 
45 0 0.487549 0.861816 0.03125 0.0406189 
42 0 0.571289 0.102112 0.0281219 0.0333252 
41 0 0.233643 0.206665 0.0298767 0.0341187 
40 0 0.221069 0.399658 0.0320435 0.0447998 
34 0 0.583496 0.12085 0.0324097 0.0375061 
32 0 0.209351 0.185425 0.0282288 0.0330811 
27 0 0.235962 0.567871 0.03125 0.046875 
26 0 0.129639 0.19519 0.0341797 0.0453186 
23 0 0.625 0.240601 0.03125 0.0395813 
22 0 0.263672 0.262695 0.0349731 0.0446472 
21 0 0.0836792 0.803223 0.0319824 0.0395813 
18 0 0.82666 0.431152 0.03125 0.0375061 
14 0 0.841309 0.774902 0.0359497 0.0447998 
7 0 0.708496 0.629395 0.0328064 0.0416565 
6 0 0.831055 0.87207 0.0289001 0.0390625 
5 0 0.851562 0.234375 0.0406189 0.0476685 
2 0 0.236694 0.856445 0.0328064 0.0453186 
1 0 0.630371 0.615723 0.0296936 0.0395813 
