554 0 0.182251 0.938965 0.028717 0.0354309 
552 0 0.00933075 0.783691 0.0184174 0.0354309 
547 0 0.63916 0.42334 0.0371094 0.0471497 
546 0 0.756836 0.0523987 0.0328064 0.0426941 
543 0 0.575684 0.113403 0.0339966 0.0392456 
514 0 0.0898438 0.963379 0.0298767 0.0395813 
506 0 0.956055 0.907227 0.03125 0.0364685 
446 0 0.68457 0.464844 0.0324097 0.0406189 
440 1 0.799316 0.0709839 0.0296936 0.0387573 
421 0 0.578125 0.152466 0.0304718 0.0348816 
402 0 0.309326 0.192749 0.0347595 0.0406189 
338 0 0.492676 0.0313416 0.0343628 0.0418701 
308 0 0.829102 0.984375 0.0265656 0.0302124 
302 0 0.362549 0.0450745 0.0335999 0.0409546 
264 0 0.260986 0.439697 0.03125 0.0375061 
257 0 0.72168 0.776855 0.0292969 0.0333252 
49 0 0.545898 0.571777 0.035553 0.0437622 
48 0 0.470215 0.426025 0.0402222 0.0565186 
45 0 0.486816 0.864746 0.0296936 0.0416565 
42 0 0.568848 0.10614 0.0296936 0.0364075 
41 0 0.306152 0.240356 0.0394592 0.0457153 
40 0 0.256348 0.368652 0.0283203 0.0375061 
34 0 0.583496 0.122009 0.0332031 0.0426941 
32 0 0.243774 0.154053 0.0318298 0.0385437 
27 0 0.233643 0.578125 0.0296936 0.0421753 
26 0 0.128906 0.199951 0.0391541 0.0542908 
23 0 0.647461 0.219482 0.0359497 0.0411377 
22 0 0.278076 0.227051 0.0343628 0.0387878 
21 0 0.0836182 0.806152 0.0300293 0.0380249 
20 0 0.494629 0.749023 0.039856 0.0479126 
18 0 0.82959 0.435303 0.0343628 0.0416565 
17 0 0.192139 0.845703 0.0338745 0.0416565 
14 0 0.846191 0.754395 0.0328064 0.0463562 
13 0 0.864746 0.413574 0.0328064 0.0437622 
12 0 0.936035 0.209351 0.0406189 0.0566406 
7 0 0.709473 0.632324 0.0320435 0.0401001 
6 0 0.838379 0.861328 0.0265656 0.0390625 
5 0 0.851562 0.235474 0.0414124 0.0505066 
4 0 0.601562 0.210938 0.0304718 0.0365906 
3 0 0.76416 0.0992432 0.0304718 0.0362549 
2 0 0.238281 0.858398 0.0328064 0.0416565 
1 0 0.62793 0.60498 0.0289001 0.0395813 
