518 0 0.575195 0.112976 0.0343628 0.0387878 
514 0 0.0898438 0.963379 0.0298767 0.0406189 
506 0 0.959961 0.897949 0.0328064 0.0369873 
446 0 0.64502 0.493164 0.0328064 0.0460815 
444 0 0.0104141 0.776855 0.0214081 0.0385437 
440 1 0.838867 0.108582 0.0343628 0.039917 
421 0 0.577148 0.1521 0.0296936 0.0368347 
402 0 0.311768 0.191895 0.0361328 0.0419312 
338 0 0.5 0.0239563 0.0394592 0.0439453 
308 0 0.831055 0.983398 0.0281219 0.0333252 
302 0 0.36377 0.0385742 0.0349731 0.0438232 
264 0 0.261719 0.440674 0.0328064 0.0401001 
257 0 0.722656 0.774902 0.0296936 0.0333252 
49 0 0.551758 0.5625 0.0316467 0.0421753 
48 0 0.471924 0.422852 0.0406189 0.0570374 
45 0 0.486816 0.864746 0.0296936 0.0416565 
42 0 0.567871 0.10553 0.0285187 0.0359497 
41 0 0.30542 0.246582 0.0375061 0.042572 
40 0 0.260254 0.364502 0.0316467 0.0416565 
34 0 0.583008 0.121887 0.0320435 0.0401001 
32 0 0.244141 0.154175 0.0318298 0.0365906 
27 0 0.234009 0.577148 0.0314331 0.0458374 
26 0 0.129639 0.199585 0.0383911 0.0536499 
23 0 0.654785 0.209473 0.0343628 0.0390625 
22 0 0.281738 0.223755 0.033783 0.0420532 
21 0 0.0836182 0.806152 0.0297394 0.0375061 
20 0 0.494629 0.74707 0.0410156 0.049469 
18 0 0.82959 0.435303 0.0343628 0.0416565 
17 0 0.192993 0.84668 0.0359497 0.0437622 
14 0 0.846191 0.754395 0.0328064 0.0458374 
13 0 0.864258 0.413574 0.0343628 0.0437622 
12 0 0.936035 0.210205 0.038269 0.0550842 
7 0 0.708984 0.633301 0.0320435 0.0416565 
6 0 0.838867 0.860352 0.0273438 0.0375061 
5 0 0.852539 0.232056 0.0437622 0.0532532 
4 0 0.600586 0.213501 0.0292969 0.0354309 
3 0 0.766602 0.0968628 0.0296936 0.0393982 
2 0 0.239868 0.857422 0.03302 0.0437622 
1 0 0.630371 0.60498 0.0324097 0.0426941 
