264 0 0.266357 0.436523 0.0320435 0.039856 
263 0 0.752441 0.813965 0.0308533 0.0385437 
257 0 0.733887 0.764648 0.0265656 0.033844 
252 0 0.541504 0.984863 0.0359497 0.0302124 
244 0 0.984375 0.814453 0.0304718 0.0416565 
238 0 0.0210266 0.743652 0.0298309 0.0421753 
236 0 0.234741 0.452637 0.0314331 0.0361938 
198 0 0.834473 0.973145 0.0281219 0.0375061 
132 0 0.637695 0.418945 0.0343628 0.0473938 
109 0 0.628906 0.804199 0.0359497 0.0411377 
49 0 0.57959 0.508301 0.03125 0.0375061 
48 0 0.491455 0.402588 0.0300751 0.038269 
45 0 0.485107 0.862305 0.0332031 0.0432434 
44 0 0.557129 0.924805 0.0296936 0.033844 
43 0 0.578125 0.150146 0.0292969 0.0352173 
42 0 0.566406 0.103394 0.0296936 0.0389404 
41 0 0.221069 0.175049 0.0279236 0.0376282 
40 0 0.294434 0.319336 0.0298767 0.0406189 
39 0 0.758789 0.418213 0.0289001 0.0375061 
34 0 0.584473 0.119812 0.0320435 0.0401611 
32 0 0.272217 0.120911 0.0304718 0.0376282 
31 0 0.177979 0.306152 0.0299835 0.0401001 
27 0 0.235107 0.576172 0.0304718 0.0437622 
26 0 0.132812 0.194824 0.0343628 0.0437622 
23 0 0.663086 0.169556 0.0324097 0.0387878 
22 0 0.282715 0.217896 0.0343628 0.0408936 
21 0 0.0836182 0.806152 0.0296936 0.0375061 
20 0 0.503906 0.734375 0.0421753 0.0526123 
18 0 0.829102 0.434326 0.0328064 0.0395813 
17 0 0.192139 0.84375 0.0316467 0.0406189 
16 0 0.358154 0.425537 0.0326233 0.0408936 
14 0 0.852539 0.75 0.0359497 0.0458374 
13 0 0.866211 0.407959 0.0328064 0.0437622 
12 0 0.936035 0.208618 0.0406189 0.0572815 
7 0 0.708496 0.633301 0.0308533 0.0390625 
6 0 0.84375 0.848145 0.0273438 0.0343628 
5 0 0.853027 0.229126 0.0460815 0.0541687 
4 0 0.603027 0.213745 0.0308533 0.0394592 
3 0 0.773438 0.0748901 0.03125 0.0405884 
2 0 0.240601 0.854004 0.03125 0.0416565 
1 0 0.633789 0.57373 0.0296936 0.0395813 
