264 0 0.266357 0.436523 0.0324097 0.0411377 
263 0 0.740234 0.798828 0.0281219 0.0359497 
257 0 0.734863 0.760254 0.0281219 0.0354309 
252 0 0.541504 0.984375 0.0359497 0.0302124 
247 0 0.0385437 0.375488 0.0357056 0.0476685 
244 0 0.985352 0.8125 0.0296936 0.0395813 
238 0 0.0210876 0.742188 0.0296936 0.0426941 
236 0 0.260986 0.476562 0.0306702 0.0390625 
226 0 0.495361 0.0135193 0.0308533 0.0280457 
198 0 0.834961 0.97168 0.0296936 0.0369873 
132 0 0.638184 0.420166 0.0359497 0.0484314 
109 0 0.628906 0.804199 0.0359497 0.0416565 
49 0 0.57959 0.508301 0.0320435 0.0380249 
48 0 0.492188 0.403076 0.03125 0.0429688 
45 0 0.48584 0.865723 0.0320435 0.0390625 
44 0 0.557617 0.922363 0.0300751 0.0364685 
43 0 0.578125 0.150146 0.0304718 0.0367126 
42 0 0.566406 0.104553 0.0300751 0.0384827 
41 0 0.218506 0.180786 0.0277405 0.0384216 
40 0 0.297852 0.320068 0.0292969 0.0390625 
39 0 0.772461 0.442139 0.0304718 0.0380249 
34 0 0.583496 0.12085 0.0328064 0.0416565 
32 0 0.272949 0.119812 0.0304718 0.0386047 
31 0 0.171997 0.333496 0.0322266 0.0401001 
27 0 0.234009 0.577148 0.0302734 0.0416565 
26 0 0.132812 0.194824 0.0336914 0.0437622 
23 0 0.663086 0.168701 0.0347595 0.0395813 
22 0 0.282715 0.21875 0.0339966 0.0418091 
21 0 0.0836182 0.806152 0.0296936 0.0369873 
20 0 0.503906 0.734375 0.0421753 0.0520935 
18 0 0.828125 0.43335 0.0343628 0.04245 
17 0 0.192383 0.844727 0.0320435 0.0395813 
16 0 0.345703 0.442139 0.0345764 0.04245 
14 0 0.851562 0.75 0.0367126 0.0463562 
13 0 0.867188 0.409424 0.0328064 0.0440063 
12 0 0.936035 0.208618 0.0414124 0.0587158 
7 0 0.708496 0.633301 0.0304718 0.0385437 
6 0 0.84375 0.84668 0.0273438 0.0354309 
5 0 0.853027 0.229126 0.0460815 0.0541687 
4 0 0.602051 0.208496 0.0320435 0.0408936 
3 0 0.773438 0.0740967 0.0320435 0.0406494 
2 0 0.241455 0.854004 0.0304718 0.0411377 
1 0 0.634277 0.572754 0.03125 0.0416565 
