471 0 0.0890503 0.963379 0.0316467 0.0395813 
467 0 0.308594 0.807129 0.0265656 0.0354309 
466 0 0.628906 0.804199 0.0359497 0.0416565 
446 0 0.650879 0.554199 0.0316467 0.0419312 
444 0 0.0134659 0.771973 0.0241547 0.0395813 
440 1 0.890625 0.204468 0.0328064 0.0369873 
434 0 0.279785 0.394775 0.0248108 0.0307312 
421 0 0.578125 0.153809 0.0277405 0.0346375 
402 0 0.311279 0.190674 0.03125 0.0389404 
348 0 0.0169678 0.271973 0.0336304 0.0434875 
338 0 0.499512 0.0238495 0.0335999 0.0385132 
308 0 0.831055 0.983398 0.0281219 0.0333252 
302 0 0.365723 0.0312195 0.0343628 0.0385437 
264 0 0.26123 0.439697 0.0339966 0.0416565 
257 0 0.724609 0.773926 0.0304718 0.0354309 
49 0 0.557617 0.54248 0.0320435 0.0393372 
48 0 0.477295 0.413086 0.0359497 0.0471497 
45 0 0.487549 0.865723 0.0300751 0.0432434 
42 0 0.569336 0.103149 0.0296936 0.0354309 
41 0 0.280029 0.242188 0.033783 0.0367126 
40 0 0.270264 0.359863 0.0277405 0.038269 
39 0 0.610352 0.0637817 0.0324097 0.0365906 
34 0 0.584473 0.121765 0.03125 0.0395203 
32 0 0.245361 0.151001 0.0308533 0.0351562 
27 0 0.235352 0.578125 0.0316467 0.0437622 
26 0 0.129639 0.198975 0.0375977 0.0481873 
23 0 0.657227 0.196899 0.0371094 0.0437622 
22 0 0.283203 0.217163 0.0345764 0.0380249 
21 0 0.0828247 0.806152 0.031311 0.0395813 
20 0 0.496094 0.745605 0.0421753 0.0499878 
18 0 0.82959 0.435303 0.0328064 0.0414124 
17 0 0.192139 0.84668 0.0375061 0.0473938 
14 0 0.847656 0.755371 0.0328064 0.0437622 
13 0 0.864746 0.412598 0.0328064 0.0421753 
12 0 0.936035 0.208618 0.0367126 0.0518188 
7 0 0.709473 0.633301 0.0316467 0.0416565 
6 0 0.84082 0.859375 0.0281219 0.0395813 
5 0 0.853027 0.22998 0.0429688 0.0491028 
4 0 0.603027 0.213989 0.03125 0.038269 
3 0 0.768555 0.0907593 0.0320435 0.0403137 
2 0 0.239624 0.857422 0.0324097 0.0395813 
1 0 0.630371 0.599121 0.0320435 0.0390625 
