373 0 0.469238 0.472656 0.0359497 0.0463562 
371 0 0.535156 0.969727 0.0328064 0.0343628 
369 0 0.973633 0.858398 0.0375061 0.044281 
348 0 0.178467 0.283691 0.0371094 0.0472717 
338 0 0.503906 0.0197906 0.0296936 0.0354309 
308 0 0.831055 0.981445 0.0281219 0.0333252 
302 0 0.368896 0.0219116 0.0316467 0.0350342 
289 0 0.654785 0.927734 0.0406189 0.0510559 
264 0 0.26123 0.438965 0.03302 0.039856 
257 0 0.726562 0.773926 0.03125 0.0348816 
236 0 0.119507 0.524902 0.0354614 0.0414124 
49 0 0.564941 0.537109 0.0316467 0.038269 
48 0 0.479736 0.410889 0.0351562 0.0476685 
45 0 0.486816 0.865723 0.0328064 0.0437622 
42 0 0.569336 0.103149 0.0296936 0.0354309 
41 0 0.247314 0.199707 0.0349731 0.0418091 
40 0 0.276611 0.344727 0.0277405 0.0393372 
39 0 0.724121 0.100708 0.0316467 0.0401001 
34 0 0.583496 0.121643 0.0328064 0.0401611 
32 0 0.254639 0.139771 0.03125 0.0372314 
27 0 0.235107 0.578125 0.0324097 0.0437622 
26 0 0.131104 0.198975 0.0375061 0.0483093 
23 0 0.658691 0.189575 0.0359497 0.0415344 
22 0 0.283691 0.219849 0.0326233 0.0387878 
21 0 0.0836792 0.806152 0.0300293 0.0406189 
20 0 0.498535 0.743164 0.0429688 0.0499878 
18 0 0.82959 0.435303 0.0343628 0.0416565 
17 0 0.192993 0.845703 0.0359497 0.0458374 
16 0 0.541504 0.480225 0.0335999 0.0429688 
14 0 0.848633 0.754395 0.0343628 0.0453186 
13 0 0.865723 0.413574 0.0343628 0.0432434 
12 0 0.936035 0.209351 0.0375061 0.055481 
7 0 0.709473 0.634277 0.03125 0.0395813 
6 0 0.842285 0.855957 0.0281219 0.0406189 
5 0 0.852539 0.228516 0.0421753 0.0507812 
4 0 0.603027 0.213501 0.03125 0.0401001 
3 0 0.770996 0.085144 0.0296936 0.0358582 
2 0 0.239868 0.858398 0.0332031 0.0426941 
1 0 0.629883 0.587402 0.03125 0.0416565 
