749 0 0.486816 0.758301 0.0390625 0.044281 
747 0 0.745117 0.0762939 0.0265656 0.0376892 
744 0 0.265625 0.892578 0.0283203 0.03125 
741 0 0.919434 0.983398 0.03125 0.0333252 
729 0 0.71582 0.78418 0.0281219 0.0354309 
728 0 0.117371 0.930176 0.0341797 0.0432434 
724 0 0.508789 0.0281372 0.0253906 0.0353699 
712 0 0.234375 0.46167 0.0216827 0.0260468 
686 0 0.936523 0.20813 0.0390625 0.053009 
676 0 0.157959 0.908203 0.0305634 0.0390625 
645 0 0.635742 0.418701 0.0375061 0.0463562 
619 0 0.578125 0.148926 0.0289001 0.0354309 
607 0 0.602539 0.210205 0.0296936 0.0410156 
588 0 0.855469 0.731445 0.03125 0.0411377 
546 0 0.717773 0.125122 0.0300751 0.0372925 
514 0 0.0892334 0.963379 0.0341187 0.0426941 
446 0 0.860352 0.409668 0.0296936 0.0380249 
338 0 0.479004 0.0510559 0.0265656 0.0354309 
308 0 0.823242 0.989258 0.0281219 0.0218811 
302 0 0.355469 0.0687256 0.0296936 0.0369263 
264 0 0.261719 0.432373 0.0296936 0.0393372 
49 0 0.51416 0.606445 0.0316467 0.0458374 
48 0 0.459473 0.445312 0.0375061 0.0487061 
45 0 0.487549 0.86377 0.0300751 0.0390625 
42 0 0.569336 0.102112 0.0296936 0.0341797 
41 0 0.296143 0.216919 0.0353394 0.039978 
40 0 0.228882 0.385498 0.0318298 0.0416565 
34 0 0.583984 0.12085 0.0320435 0.0375061 
32 0 0.227295 0.171997 0.0328064 0.0361938 
27 0 0.235962 0.570801 0.03125 0.0453186 
26 0 0.129639 0.19751 0.0341797 0.0445251 
23 0 0.627441 0.240601 0.0328064 0.0395813 
22 0 0.26709 0.24585 0.0343628 0.0411377 
21 0 0.0843506 0.804199 0.0341797 0.0411377 
18 0 0.827148 0.43335 0.0328064 0.0416565 
17 0 0.19043 0.84668 0.0347595 0.044281 
14 0 0.837402 0.753418 0.03125 0.0437622 
7 0 0.709961 0.630371 0.0324097 0.0395813 
6 0 0.833008 0.87207 0.0249939 0.0354309 
5 0 0.851562 0.236206 0.0406189 0.0485535 
3 0 0.752441 0.113647 0.0296936 0.0361328 
2 0 0.237305 0.856934 0.0316467 0.0447998 
1 0 0.631348 0.615234 0.0285187 0.0385437 
