870 0 0.623535 0.0166626 0.03125 0.0334778 
865 0 0.823242 0.987305 0.0281219 0.0249939 
860 0 0.0427856 0.984375 0.0359802 0.03125 
841 0 0.196655 0.712402 0.032135 0.0432434 
836 0 0.561523 0.160034 0.0277405 0.0361938 
835 0 0.19043 0.85498 0.0359497 0.0479126 
810 0 0.408691 0.216675 0.0335999 0.0420532 
800 0 0.307129 0.195923 0.0271454 0.0341187 
790 0 0.790527 0.393311 0.0316467 0.038269 
747 0 0.735352 0.156128 0.0285187 0.0364685 
729 0 0.714844 0.787109 0.0296936 0.0354309 
724 0 0.506836 0.0326843 0.0265656 0.0326233 
712 0 0.221924 0.486572 0.0249939 0.03125 
686 0 0.935059 0.206909 0.0359497 0.0492249 
619 0 0.577148 0.147949 0.0292969 0.0365295 
607 0 0.602539 0.20874 0.0296936 0.0429688 
546 0 0.704102 0.158081 0.0316467 0.0402222 
446 0 0.861816 0.4104 0.0296936 0.0377502 
338 0 0.474121 0.0552368 0.0265656 0.0392456 
302 0 0.351562 0.0731812 0.0281219 0.0328064 
264 0 0.260986 0.431152 0.0281219 0.0375061 
49 0 0.48877 0.617676 0.0304718 0.0421753 
48 0 0.453857 0.473877 0.0367126 0.039856 
45 0 0.487061 0.861328 0.0335999 0.0432434 
42 0 0.569336 0.102112 0.0265656 0.0333252 
41 0 0.201782 0.246582 0.0307617 0.0406189 
40 0 0.213257 0.40625 0.0265656 0.0414124 
34 0 0.584473 0.12085 0.0308533 0.0375061 
32 0 0.205688 0.194824 0.0307617 0.035553 
27 0 0.235107 0.564453 0.0328064 0.0473938 
26 0 0.129395 0.195923 0.0324097 0.04245 
23 0 0.624023 0.240601 0.0328064 0.0391846 
22 0 0.257812 0.270752 0.0347595 0.0416565 
21 0 0.0843506 0.802734 0.0314026 0.0395813 
18 0 0.827148 0.431396 0.0296936 0.0364685 
14 0 0.834961 0.783203 0.0359497 0.0458374 
7 0 0.708496 0.629395 0.0328064 0.0416565 
6 0 0.831055 0.869629 0.0304718 0.0395813 
5 0 0.851562 0.231567 0.0437622 0.0501404 
2 0 0.235962 0.857422 0.0316467 0.044281 
1 0 0.631348 0.615723 0.0289001 0.0395813 
