648 0 0.309326 0.190308 0.0267639 0.0379028 
645 0 0.638184 0.421875 0.0359497 0.0440063 
619 0 0.578125 0.150024 0.03125 0.0375061 
607 0 0.601562 0.209351 0.03125 0.0393372 
588 0 0.970215 0.431396 0.0304718 0.0406189 
546 0 0.745117 0.072876 0.035553 0.0423279 
514 0 0.0893555 0.962402 0.0291443 0.0375061 
506 0 0.943848 0.936523 0.0335999 0.0369873 
446 0 0.8125 0.406738 0.0335999 0.0364685 
338 0 0.484375 0.0416565 0.0281219 0.0380859 
308 0 0.823242 0.987305 0.0281219 0.0249939 
302 0 0.35791 0.0541687 0.03125 0.0374756 
264 0 0.260254 0.4375 0.0326233 0.0369873 
257 0 0.71875 0.78125 0.03125 0.0348816 
49 0 0.533691 0.589355 0.0328064 0.0416565 
48 0 0.463379 0.431152 0.0390625 0.0536499 
45 0 0.48584 0.86377 0.03125 0.0426941 
42 0 0.569336 0.103149 0.0296936 0.035614 
41 0 0.312988 0.224854 0.0335999 0.0416565 
40 0 0.244751 0.37085 0.0285187 0.0380249 
34 0 0.583008 0.12085 0.0343628 0.0416565 
32 0 0.240601 0.163574 0.03125 0.0359497 
27 0 0.233643 0.576172 0.0296936 0.0437622 
26 0 0.130249 0.198975 0.0347595 0.0479126 
23 0 0.635742 0.235474 0.0371094 0.0415344 
22 0 0.273438 0.236206 0.0343628 0.0397034 
21 0 0.0843506 0.805176 0.0281219 0.0354309 
20 0 0.489746 0.751953 0.0421753 0.0458374 
18 0 0.82959 0.436035 0.03125 0.0372314 
17 0 0.192017 0.845703 0.0348511 0.0416565 
14 0 0.842285 0.754395 0.0343628 0.0499878 
13 0 0.864746 0.413574 0.0328064 0.0395813 
12 0 0.936035 0.208984 0.0390625 0.0549622 
7 0 0.708496 0.631348 0.0328064 0.0416565 
6 0 0.834961 0.868652 0.0265656 0.0380249 
5 0 0.851562 0.235718 0.0429688 0.0480347 
3 0 0.758789 0.0996094 0.0320435 0.0384827 
2 0 0.236694 0.857422 0.0298767 0.0395813 
1 0 0.630371 0.610352 0.0328064 0.0416565 
