502 0 0.46875 0.469727 0.0343628 0.0458374 
500 0 0.307861 0.80957 0.0249939 0.03125 
486 0 0.766602 0.0301819 0.0328064 0.0428467 
446 0 0.654785 0.519043 0.0300751 0.0408936 
444 0 0.0132828 0.772949 0.0233917 0.0375061 
440 1 0.87207 0.154175 0.0289001 0.0394592 
421 0 0.577148 0.153931 0.0281219 0.0337219 
402 0 0.310791 0.190674 0.0332031 0.0395813 
338 0 0.5 0.0232697 0.0375061 0.0409546 
308 0 0.831055 0.983398 0.0281219 0.0333252 
302 0 0.364746 0.0343018 0.03302 0.0404968 
264 0 0.260986 0.439941 0.0343628 0.0421753 
257 0 0.723633 0.774902 0.03125 0.0364685 
49 0 0.554688 0.555176 0.0316467 0.0411377 
48 0 0.474609 0.414551 0.0359497 0.0450439 
45 0 0.486816 0.864746 0.0296936 0.0416565 
42 0 0.568848 0.104553 0.0289001 0.0352783 
41 0 0.297363 0.247437 0.0345764 0.0395813 
40 0 0.264893 0.360352 0.0292969 0.0380249 
34 0 0.583008 0.12146 0.0324097 0.0405579 
32 0 0.243408 0.153931 0.03302 0.0385437 
27 0 0.235107 0.578125 0.0324097 0.0437622 
26 0 0.129395 0.199951 0.039856 0.053894 
23 0 0.65625 0.20166 0.035553 0.04245 
22 0 0.282715 0.21875 0.0349731 0.0420532 
21 0 0.083313 0.807129 0.0308533 0.0395813 
20 0 0.496094 0.749023 0.0421753 0.0505066 
18 0 0.830566 0.435303 0.0328064 0.0416565 
17 0 0.192993 0.84668 0.0356445 0.0437622 
14 0 0.847656 0.755371 0.0328064 0.0453186 
13 0 0.864258 0.412598 0.0343628 0.0416565 
12 0 0.936035 0.209351 0.0406189 0.0544128 
7 0 0.709473 0.633301 0.03125 0.0385437 
6 0 0.839844 0.860352 0.0265656 0.0375061 
5 0 0.853027 0.230225 0.0429688 0.0488281 
4 0 0.602539 0.213989 0.0304718 0.0372314 
3 0 0.76709 0.0948486 0.03125 0.0395813 
2 0 0.239868 0.857422 0.0332031 0.0411377 
1 0 0.629883 0.604004 0.0300751 0.0395813 
