172 0 0.836914 0.96582 0.0296936 0.0390625 
171 0 0.984375 0.86377 0.0281219 0.0390625 
148 0 0.989258 0.787598 0.0218811 0.0380249 
132 0 0.63623 0.419678 0.0351562 0.046875 
112 0 0.618652 0.0709229 0.0316467 0.0418396 
111 0 0.743652 0.755859 0.0277405 0.0354309 
109 0 0.630371 0.804688 0.0359497 0.0426941 
85 0 0.274658 0.452637 0.0296936 0.0367126 
76 0 0.791992 0.841797 0.0304718 0.0380249 
62 0 0.203857 0.332275 0.0276337 0.0372314 
51 0 0.5625 0.1604 0.0281219 0.0335999 
49 0 0.587402 0.494873 0.03125 0.039856 
48 0 0.497559 0.391602 0.0328064 0.038269 
45 0 0.487549 0.866699 0.0289001 0.0380249 
44 0 0.571289 0.890625 0.0296936 0.0328064 
43 0 0.579102 0.151001 0.0304718 0.0354309 
42 0 0.568848 0.103149 0.0281219 0.0353394 
41 0 0.213135 0.171875 0.0261688 0.0371094 
40 0 0.310059 0.310303 0.026947 0.0375061 
39 0 0.786621 0.626465 0.0308533 0.0395813 
34 0 0.584473 0.122742 0.03125 0.0410156 
32 0 0.29541 0.106262 0.0283203 0.0372925 
31 0 0.264404 0.541016 0.0302734 0.0408936 
29 0 0.0289001 0.733887 0.0294952 0.0395813 
27 0 0.238281 0.570801 0.0292969 0.0406189 
26 0 0.13208 0.196167 0.0328064 0.0450439 
25 0 0.655273 0.533691 0.026947 0.035675 
24 0 0.270996 0.417236 0.0296936 0.0367126 
23 0 0.665039 0.149048 0.0351562 0.0403748 
22 0 0.282715 0.217651 0.0320435 0.0395813 
21 0 0.0828857 0.805176 0.0278778 0.0354309 
20 0 0.510742 0.727051 0.0406189 0.0499878 
19 0 0.0891113 0.964355 0.0307617 0.0385437 
18 0 0.827148 0.43335 0.0328064 0.0408936 
17 0 0.191406 0.844727 0.0323181 0.0395813 
16 0 0.366699 0.350342 0.0285187 0.0369873 
14 0 0.853027 0.749023 0.0351562 0.0437622 
13 0 0.869629 0.408936 0.0296936 0.0408936 
12 0 0.936035 0.209351 0.0406189 0.055481 
7 0 0.708496 0.637207 0.0296936 0.0385437 
6 0 0.84668 0.838379 0.0273438 0.0354309 
5 0 0.852539 0.228149 0.0453186 0.0562439 
4 0 0.601562 0.213623 0.03125 0.0421753 
3 0 0.770996 0.0700684 0.0300751 0.0357361 
2 0 0.242188 0.856445 0.0294952 0.0416565 
1 0 0.646973 0.561035 0.0285187 0.0354309 
