69 0 0.313965 0.180176 0.0249939 0.0352783 
67 0 0.986816 0.768555 0.0265656 0.0380249 
63 0 0.760742 0.608398 0.0320435 0.0385437 
62 0 0.0718994 0.205933 0.0283661 0.038147 
53 0 0.481934 0.787598 0.0316467 0.0385437 
51 0 0.563477 0.161499 0.0265656 0.035553 
49 0 0.587402 0.486572 0.0316467 0.039856 
48 0 0.501465 0.384277 0.03125 0.0359497 
47 0 0.746094 0.741699 0.0296936 0.0375061 
46 0 0.0199738 0.222168 0.033783 0.0441284 
45 0 0.488281 0.866699 0.0296936 0.0390625 
44 0 0.585938 0.873047 0.0328064 0.0385437 
43 0 0.578125 0.150146 0.0281219 0.0343018 
42 0 0.567871 0.0993652 0.0316467 0.0388794 
41 0 0.192139 0.118164 0.0277405 0.0379028 
40 0 0.315918 0.305176 0.0246124 0.0395813 
39 0 0.751465 0.857422 0.0324097 0.0390625 
38 0 0.175537 0.579102 0.0320435 0.0406189 
37 0 0.90625 0.646973 0.0304718 0.0343628 
34 0 0.584473 0.122803 0.03125 0.0385437 
32 0 0.310059 0.0958252 0.0265656 0.0376892 
31 0 0.378662 0.734375 0.0343628 0.0458374 
29 0 0.0297394 0.727051 0.0309296 0.0416565 
27 0 0.239014 0.578125 0.0281219 0.0395813 
26 0 0.133545 0.192749 0.03302 0.0449219 
25 0 0.574219 0.24585 0.0316467 0.0395813 
24 0 0.27417 0.412598 0.0296936 0.0375061 
23 0 0.65918 0.181274 0.0328064 0.042572 
22 0 0.283691 0.217651 0.0328064 0.0395813 
21 0 0.0836792 0.805176 0.0292053 0.0359497 
20 0 0.514648 0.719727 0.0421753 0.0489502 
19 0 0.0890503 0.963379 0.0308075 0.0395813 
18 0 0.827148 0.432373 0.0328064 0.0440063 
17 0 0.191406 0.844727 0.0296936 0.0369873 
16 0 0.438965 0.130005 0.026947 0.0354309 
15 0 0.0460815 0.359131 0.0326538 0.0406189 
14 0 0.854004 0.748047 0.0343628 0.0458374 
13 0 0.868652 0.408447 0.0320435 0.0416565 
12 0 0.935059 0.20752 0.0390625 0.0523376 
11 0 0.753906 0.058075 0.03125 0.0355835 
10 0 0.674316 0.131226 0.0363159 0.0411377 
9 0 0.636719 0.421387 0.0359497 0.0471497 
8 0 0.836914 0.962402 0.0296936 0.0375061 
7 0 0.708008 0.640137 0.0289001 0.0385437 
6 0 0.84668 0.837402 0.0281219 0.0375061 
5 0 0.853027 0.227051 0.0460815 0.0541687 
4 0 0.601562 0.210693 0.0320435 0.0453186 
3 0 0.769531 0.0646362 0.0308533 0.0377808 
2 0 0.242188 0.851562 0.0304718 0.0406189 
1 0 0.645996 0.5625 0.0285187 0.0375061 
