497 0 0.96582 0.884277 0.0343628 0.0385437 
486 0 0.76709 0.0292816 0.03125 0.0415649 
446 0 0.658691 0.520508 0.0285187 0.0387878 
444 0 0.0132828 0.772949 0.0233917 0.0380249 
440 1 0.862305 0.166382 0.0296936 0.0379028 
421 0 0.578125 0.153931 0.0261688 0.0324097 
402 0 0.311035 0.190674 0.03302 0.0397034 
338 0 0.5 0.0239716 0.0367126 0.0406494 
308 0 0.831055 0.983398 0.0273438 0.0333252 
302 0 0.364746 0.0332336 0.0332031 0.040741 
264 0 0.260986 0.439697 0.0343628 0.0421753 
257 0 0.723633 0.774902 0.0308533 0.0359497 
49 0 0.556152 0.552734 0.03125 0.0403748 
48 0 0.475098 0.414551 0.035553 0.044281 
45 0 0.486816 0.864746 0.0296936 0.0416565 
42 0 0.569336 0.103149 0.0296936 0.0359497 
41 0 0.300293 0.249512 0.0349731 0.0385437 
40 0 0.265625 0.359375 0.028717 0.0401001 
39 0 0.557129 0.0209808 0.0308533 0.037262 
34 0 0.583496 0.121643 0.0328064 0.0406799 
32 0 0.24292 0.153198 0.0328064 0.0393372 
27 0 0.234985 0.578125 0.0320435 0.0437622 
26 0 0.12915 0.200806 0.0400391 0.0533752 
23 0 0.656738 0.199951 0.0351562 0.0418091 
22 0 0.282227 0.219849 0.0363159 0.0436096 
21 0 0.0828247 0.807129 0.0314026 0.0395813 
20 0 0.496094 0.75 0.0421753 0.0499878 
18 0 0.830566 0.435303 0.0328064 0.0416565 
17 0 0.192993 0.84668 0.0358276 0.0432434 
14 0 0.847656 0.754395 0.0328064 0.0447998 
13 0 0.864258 0.412598 0.0335999 0.0416565 
12 0 0.936035 0.209595 0.0406189 0.0536499 
7 0 0.709473 0.633301 0.03125 0.0385437 
6 0 0.84082 0.860352 0.0249939 0.0375061 
5 0 0.853027 0.230957 0.0437622 0.0503845 
4 0 0.602051 0.214355 0.03125 0.0385437 
3 0 0.76709 0.0947876 0.0308533 0.0395203 
2 0 0.239014 0.858398 0.0339966 0.0411377 
1 0 0.629883 0.602051 0.0289001 0.0385437 
