738 0 0.733398 0.0214844 0.0363159 0.0380249 
729 0 0.717285 0.78418 0.0292969 0.0354309 
724 0 0.506836 0.0260468 0.0257874 0.0353394 
712 0 0.236328 0.459473 0.0220642 0.0270844 
686 0 0.9375 0.207275 0.0367126 0.0516968 
676 0 0.143921 0.928223 0.0307617 0.0401001 
645 0 0.635742 0.418701 0.0375061 0.0463562 
619 0 0.578125 0.149536 0.0292969 0.0350342 
607 0 0.602539 0.210205 0.0296936 0.0403748 
588 0 0.864258 0.671387 0.0320435 0.0364685 
546 0 0.720215 0.117432 0.03125 0.0369873 
514 0 0.0890503 0.962402 0.03125 0.0380249 
446 0 0.859375 0.4104 0.0304718 0.0375061 
338 0 0.479004 0.0510864 0.0265656 0.0357361 
308 0 0.823242 0.98877 0.0281219 0.0229187 
302 0 0.35498 0.0656128 0.0289001 0.0353699 
264 0 0.260986 0.434326 0.0285187 0.0354309 
49 0 0.515625 0.606445 0.0320435 0.0416565 
48 0 0.459717 0.442871 0.0367126 0.0447998 
45 0 0.488281 0.86377 0.0296936 0.0395813 
42 0 0.569336 0.102173 0.0296936 0.0348816 
41 0 0.30249 0.212524 0.0316467 0.040741 
40 0 0.232056 0.382324 0.0296936 0.0395813 
34 0 0.583008 0.119812 0.0320435 0.0361328 
32 0 0.230713 0.172485 0.0296936 0.0348816 
27 0 0.235962 0.572754 0.0281219 0.0416565 
26 0 0.130493 0.196899 0.0328979 0.0433655 
23 0 0.627441 0.240356 0.0328064 0.038147 
22 0 0.268066 0.243774 0.0328064 0.0375061 
21 0 0.0843506 0.804199 0.03125 0.0375061 
18 0 0.82666 0.43335 0.0335999 0.0416565 
17 0 0.191406 0.84668 0.0328979 0.0395813 
14 0 0.838867 0.75293 0.0335999 0.0479126 
7 0 0.709473 0.630371 0.03125 0.0395813 
6 0 0.833008 0.87207 0.0257874 0.0354309 
5 0 0.852539 0.234375 0.0421753 0.0518188 
3 0 0.753906 0.11145 0.0300751 0.0371094 
2 0 0.237549 0.857422 0.03125 0.0437622 
1 0 0.631348 0.615723 0.0292969 0.0390625 
