211 0 0.307861 0.343262 0.0220642 0.0283813 
210 0 0.0142212 0.360352 0.0279083 0.0429688 
208 0 0.990723 0.790527 0.0187531 0.033844 
198 0 0.835938 0.966797 0.0281219 0.0369873 
189 0 0.0122147 0.25708 0.0245056 0.0426941 
188 0 0.694336 0.594727 0.0296936 0.0401001 
132 0 0.636719 0.420654 0.0359497 0.049469 
111 0 0.743652 0.757324 0.0273438 0.0364685 
109 0 0.629883 0.804199 0.0371094 0.0426941 
85 0 0.148438 0.402344 0.0304718 0.0369873 
62 0 0.241211 0.370361 0.0296936 0.0419312 
51 0 0.563965 0.1604 0.0277405 0.033844 
49 0 0.586914 0.497803 0.0328064 0.0411377 
48 0 0.495361 0.393799 0.0335999 0.0416565 
45 0 0.486816 0.866699 0.0296936 0.0385437 
44 0 0.567383 0.898926 0.0292969 0.0322876 
43 0 0.578125 0.151001 0.03125 0.035614 
42 0 0.567871 0.102173 0.0296936 0.0369873 
41 0 0.220337 0.178345 0.0275421 0.0365906 
40 0 0.309326 0.3125 0.0281219 0.0375061 
39 0 0.768555 0.576172 0.03125 0.0411377 
34 0 0.584961 0.122925 0.0320435 0.0415955 
32 0 0.290527 0.110535 0.0279236 0.0357971 
31 0 0.252441 0.501953 0.0320435 0.0403748 
27 0 0.231201 0.575195 0.0279236 0.0411377 
26 0 0.132935 0.196045 0.0314331 0.0423279 
24 0 0.26709 0.420898 0.03125 0.0377502 
23 0 0.666992 0.151245 0.0351562 0.0404968 
22 0 0.283691 0.217651 0.0328064 0.0395813 
21 0 0.0834961 0.805176 0.0290527 0.0354309 
20 0 0.510254 0.72998 0.0429688 0.0520935 
18 0 0.828125 0.434326 0.0343628 0.039856 
17 0 0.191406 0.844727 0.0328064 0.0395813 
16 0 0.321777 0.389648 0.0300751 0.0385437 
14 0 0.851562 0.749023 0.0343628 0.0453186 
13 0 0.868652 0.408447 0.03125 0.0421753 
12 0 0.936035 0.210327 0.0406189 0.058075 
7 0 0.708496 0.63623 0.0316467 0.0395813 
6 0 0.847656 0.84082 0.0343628 0.0406189 
5 0 0.852539 0.227051 0.0453186 0.0544128 
4 0 0.602539 0.21167 0.0328064 0.0459595 
3 0 0.772461 0.0718994 0.0328064 0.0396423 
2 0 0.242188 0.857422 0.03125 0.0421753 
1 0 0.646973 0.56543 0.0308533 0.0395813 
