794 0 0.630371 0.012558 0.0296936 0.0252075 
792 0 0.0875244 0.960449 0.0328064 0.0421753 
790 0 0.750977 0.140381 0.0304718 0.0371094 
785 0 0.823242 0.98877 0.0273438 0.0229187 
777 0 0.81543 0.802246 0.0296936 0.0375061 
776 0 0.563477 0.1604 0.0265656 0.0335999 
769 0 0.989746 0.410889 0.0203094 0.0453186 
747 0 0.748047 0.118042 0.03125 0.0360718 
729 0 0.716309 0.786621 0.0265656 0.0333252 
724 0 0.508789 0.0312805 0.0265656 0.0374451 
712 0 0.231079 0.470947 0.0214844 0.0294342 
686 0 0.936035 0.207275 0.0375061 0.0520935 
676 0 0.178711 0.84668 0.0344849 0.044281 
645 0 0.636719 0.417725 0.0359497 0.044281 
619 0 0.578125 0.149292 0.0281219 0.0365295 
607 0 0.602539 0.209351 0.0296936 0.0437622 
546 0 0.713867 0.133057 0.03125 0.0368347 
446 0 0.860352 0.4104 0.0296936 0.0375061 
338 0 0.477295 0.0528564 0.0265656 0.0389404 
302 0 0.356201 0.0696411 0.028717 0.0356445 
264 0 0.260986 0.432373 0.0285187 0.0395813 
49 0 0.510254 0.608398 0.0328064 0.046875 
48 0 0.457764 0.452637 0.0332031 0.0445251 
45 0 0.487549 0.861816 0.0308533 0.0395813 
42 0 0.571289 0.10144 0.0296936 0.035614 
41 0 0.286621 0.202393 0.0328064 0.0423279 
40 0 0.227295 0.389648 0.0300751 0.0421753 
34 0 0.582031 0.12085 0.0328064 0.0377502 
32 0 0.220337 0.172974 0.0283203 0.0333252 
27 0 0.235962 0.571777 0.03125 0.0437622 
26 0 0.129639 0.197144 0.0343628 0.0471497 
23 0 0.626465 0.240601 0.03125 0.0395813 
22 0 0.265625 0.250732 0.0347595 0.040741 
21 0 0.0843506 0.803223 0.03125 0.0395813 
18 0 0.825684 0.432373 0.0328064 0.0395813 
17 0 0.190674 0.848145 0.0335999 0.0426941 
14 0 0.831055 0.754395 0.0296936 0.0411377 
7 0 0.709473 0.630371 0.03125 0.0395813 
6 0 0.833008 0.869629 0.0289001 0.0380249 
5 0 0.851562 0.232544 0.0421753 0.0492249 
2 0 0.238037 0.856445 0.0308533 0.0432434 
1 0 0.630371 0.616699 0.0296936 0.0416565 
