839 0 0.989258 0.413574 0.0210876 0.0473938 
836 0 0.563477 0.1604 0.0257874 0.0334778 
835 0 0.193359 0.844727 0.0409241 0.0536499 
834 0 0.823242 0.987793 0.0281219 0.0239563 
800 0 0.307861 0.194824 0.0257874 0.03125 
792 0 0.0919189 0.963379 0.034729 0.0437622 
790 0 0.770996 0.239502 0.0292969 0.0380249 
777 0 0.76709 0.90625 0.0300751 0.0380249 
747 0 0.742188 0.13623 0.0281219 0.0368347 
729 0 0.716309 0.788574 0.0265656 0.03125 
724 0 0.507812 0.0312347 0.0249939 0.0332947 
712 0 0.227295 0.478027 0.0234375 0.0304718 
686 0 0.936035 0.207275 0.0375061 0.0513 
645 0 0.637695 0.419678 0.0375061 0.0479126 
619 0 0.578125 0.148926 0.0281219 0.0354309 
607 0 0.602539 0.208618 0.0296936 0.0411377 
546 0 0.710938 0.144775 0.0316467 0.0436707 
446 0 0.861816 0.409912 0.0296936 0.0367126 
338 0 0.47583 0.0531921 0.0265656 0.0393677 
302 0 0.355469 0.0697632 0.0265656 0.0317993 
264 0 0.260986 0.434326 0.0281219 0.0354309 
49 0 0.503906 0.611328 0.0339966 0.0479126 
48 0 0.457031 0.462402 0.0328064 0.0419312 
45 0 0.487549 0.861328 0.03125 0.0395813 
42 0 0.571289 0.102112 0.0281219 0.0333252 
41 0 0.256348 0.198975 0.0306702 0.0367126 
40 0 0.223389 0.396973 0.0308533 0.0434875 
34 0 0.583496 0.121765 0.0332031 0.0387268 
32 0 0.21167 0.181274 0.0296936 0.0334778 
27 0 0.235962 0.568848 0.0304718 0.0447998 
26 0 0.129639 0.195923 0.0343628 0.0450439 
23 0 0.625 0.240601 0.03125 0.0397034 
22 0 0.265625 0.259033 0.0343628 0.0450439 
21 0 0.0836182 0.803223 0.0326233 0.0395813 
18 0 0.82666 0.431152 0.0320435 0.0375061 
14 0 0.842285 0.771484 0.0328064 0.0426941 
7 0 0.708496 0.630371 0.0328064 0.0395813 
6 0 0.833008 0.869629 0.0289001 0.0395813 
5 0 0.850586 0.233887 0.0421753 0.0492249 
2 0 0.237549 0.857422 0.03125 0.0437622 
1 0 0.630371 0.615723 0.0296936 0.0395813 
