444 0 0.014061 0.77002 0.0249176 0.0390625 
440 1 0.914062 0.243286 0.0320435 0.0380249 
434 0 0.280762 0.389648 0.0273438 0.0335999 
424 0 0.638184 0.422852 0.0379028 0.046875 
421 0 0.577148 0.153442 0.0285187 0.033844 
419 0 0.46875 0.467773 0.0320435 0.0479126 
402 0 0.3125 0.191406 0.0318298 0.0365906 
371 0 0.53125 0.984375 0.0363159 0.03125 
348 0 0.0686646 0.278076 0.0365601 0.0484314 
338 0 0.500977 0.0226746 0.0328064 0.0380554 
308 0 0.831055 0.983398 0.0281219 0.0333252 
302 0 0.366455 0.0281525 0.033783 0.0396423 
264 0 0.260986 0.439697 0.0347595 0.0416565 
257 0 0.724609 0.772949 0.0304718 0.0385437 
236 0 0.0740356 0.578613 0.0328979 0.0406189 
49 0 0.563477 0.532715 0.0308533 0.0369873 
48 0 0.478027 0.412598 0.0375061 0.0497437 
45 0 0.486816 0.864746 0.0304718 0.0426941 
42 0 0.568848 0.103149 0.0289001 0.0354309 
41 0 0.271484 0.23938 0.033783 0.0390625 
40 0 0.272705 0.355225 0.0296936 0.0406189 
39 0 0.641602 0.0686646 0.0316467 0.0381775 
34 0 0.583496 0.12085 0.03125 0.0375061 
32 0 0.248047 0.146851 0.0326233 0.038147 
27 0 0.234741 0.578125 0.0314331 0.0437622 
26 0 0.129883 0.198975 0.0379028 0.0489502 
23 0 0.655273 0.193726 0.0343628 0.0411377 
22 0 0.283691 0.217651 0.0343628 0.0397034 
21 0 0.0836182 0.805176 0.0326233 0.0406189 
20 0 0.496094 0.744629 0.0421753 0.049469 
18 0 0.830566 0.435303 0.0328064 0.0416565 
17 0 0.192993 0.846191 0.0362244 0.046875 
14 0 0.847656 0.755371 0.0328064 0.0437622 
13 0 0.864258 0.413574 0.0335999 0.0437622 
12 0 0.936035 0.205078 0.0343628 0.046875 
7 0 0.709473 0.633301 0.03125 0.0411377 
6 0 0.84082 0.859375 0.0281219 0.0395813 
5 0 0.852539 0.229126 0.0421753 0.0499878 
4 0 0.603027 0.2146 0.0300751 0.0377502 
3 0 0.768555 0.0888062 0.03125 0.0402222 
2 0 0.239624 0.858398 0.0335999 0.0432434 
1 0 0.629883 0.59375 0.0359497 0.0463562 
