452 0 0.470215 0.46875 0.0332031 0.0455627 
446 0 0.633789 0.578125 0.0332031 0.0401001 
444 0 0.014061 0.770996 0.0251923 0.0411377 
440 1 0.898438 0.238037 0.0328064 0.0347595 
434 0 0.280518 0.391602 0.0263672 0.0309906 
424 0 0.639648 0.42041 0.0394592 0.0487061 
421 0 0.577148 0.153931 0.0277405 0.0337219 
402 0 0.311523 0.190063 0.03125 0.037384 
371 0 0.532227 0.986328 0.0359497 0.0286407 
348 0 0.0515137 0.272705 0.0351868 0.0430908 
338 0 0.500977 0.022934 0.0328064 0.0375977 
308 0 0.831055 0.983398 0.0281219 0.0328064 
302 0 0.365967 0.0302429 0.0333862 0.0391235 
264 0 0.260986 0.439697 0.0343628 0.0416565 
257 0 0.725586 0.772949 0.0300751 0.0369873 
236 0 0.0556641 0.572754 0.0328064 0.0390625 
49 0 0.561523 0.534668 0.0328064 0.0387878 
48 0 0.478027 0.413574 0.0375061 0.0476685 
45 0 0.48584 0.865723 0.0304718 0.0426941 
42 0 0.568848 0.103149 0.0281219 0.0354309 
41 0 0.27002 0.235596 0.0333862 0.0377502 
40 0 0.272705 0.356689 0.0296936 0.0393372 
34 0 0.583496 0.12085 0.0308533 0.0375061 
32 0 0.24707 0.148682 0.0332031 0.038147 
27 0 0.235107 0.577148 0.0324097 0.044281 
26 0 0.130127 0.198975 0.0379028 0.0481873 
23 0 0.655273 0.195557 0.0359497 0.0418091 
22 0 0.284424 0.217896 0.0322266 0.0385437 
21 0 0.0838623 0.805176 0.0318298 0.0390625 
20 0 0.496094 0.745605 0.0421753 0.0499878 
18 0 0.82959 0.435303 0.03125 0.0416565 
17 0 0.192139 0.84668 0.0375061 0.0479126 
14 0 0.84668 0.755371 0.03125 0.0437622 
13 0 0.864258 0.41333 0.0335999 0.0432434 
12 0 0.936035 0.209351 0.0351562 0.0502625 
7 0 0.709473 0.634277 0.03125 0.0395813 
6 0 0.841309 0.859375 0.0265656 0.0380249 
5 0 0.852539 0.229126 0.0421753 0.0498657 
4 0 0.602539 0.214233 0.0296936 0.0385437 
3 0 0.769531 0.0895386 0.0308533 0.0389404 
2 0 0.239868 0.857422 0.0328064 0.0406189 
1 0 0.631348 0.59668 0.0328064 0.0401001 
