468 0 0.970215 0.87207 0.0343628 0.0401001 
466 0 0.628906 0.804199 0.0359497 0.0416565 
446 0 0.652344 0.558105 0.0300751 0.0411377 
444 0 0.0135651 0.771973 0.0245514 0.0395813 
440 1 0.897461 0.195679 0.0328064 0.0403748 
434 0 0.279785 0.393799 0.0244141 0.029953 
421 0 0.578125 0.153076 0.0277405 0.0348816 
402 0 0.310059 0.190674 0.0300751 0.0377502 
348 0 0.0232849 0.258057 0.0360107 0.0454407 
338 0 0.500977 0.0229187 0.0332031 0.0375671 
308 0 0.831055 0.983398 0.0281219 0.0333252 
302 0 0.365723 0.0302124 0.0343628 0.0401001 
264 0 0.260986 0.439697 0.0343628 0.0414124 
257 0 0.724121 0.773926 0.0304718 0.0354309 
49 0 0.558594 0.54248 0.0328064 0.0390625 
48 0 0.477295 0.413086 0.035553 0.0471497 
45 0 0.486816 0.865723 0.0296936 0.0426941 
42 0 0.569336 0.103149 0.0296936 0.0354309 
41 0 0.281738 0.244385 0.0335999 0.0367126 
40 0 0.270996 0.360352 0.0271454 0.0377502 
39 0 0.616211 0.0682373 0.0316467 0.0362854 
34 0 0.584473 0.12146 0.03125 0.0385437 
32 0 0.245728 0.151123 0.0302734 0.0348816 
27 0 0.235107 0.578125 0.0326233 0.0437622 
26 0 0.129639 0.198975 0.0377808 0.0487061 
23 0 0.65625 0.196899 0.0367126 0.0436096 
22 0 0.282715 0.217896 0.033783 0.0387878 
21 0 0.0828247 0.805176 0.0313416 0.0395813 
20 0 0.496094 0.745605 0.0418091 0.0489502 
18 0 0.82959 0.435303 0.03125 0.0406189 
17 0 0.192139 0.84668 0.0375061 0.0463562 
14 0 0.84668 0.755371 0.03125 0.0437622 
13 0 0.864746 0.412842 0.0328064 0.0426941 
12 0 0.936035 0.208374 0.0375061 0.0540466 
7 0 0.709473 0.633301 0.03125 0.0406189 
6 0 0.84082 0.859375 0.0265656 0.0385437 
5 0 0.853027 0.22937 0.0437622 0.0491028 
4 0 0.603027 0.2146 0.03125 0.0380249 
3 0 0.768066 0.0912476 0.0324097 0.0406799 
2 0 0.239868 0.858398 0.0324097 0.0401001 
1 0 0.631348 0.600098 0.0316467 0.0390625 
