566 0 0.563965 0.161743 0.0289001 0.035675 
563 0 0.308594 0.193726 0.0304718 0.0379028 
561 0 0.181396 0.94043 0.0276337 0.0348816 
555 0 0.629883 0.804199 0.0343628 0.0416565 
547 0 0.638184 0.422607 0.0390625 0.0453186 
546 0 0.753418 0.0526733 0.0351562 0.0411072 
543 0 0.575195 0.109924 0.0351562 0.0451965 
514 0 0.0898438 0.962402 0.0310974 0.0416565 
506 0 0.95166 0.915527 0.0335999 0.0354309 
446 0 0.714844 0.442627 0.0386658 0.0513 
440 1 0.769531 0.0582581 0.0324097 0.0372314 
421 0 0.578125 0.151001 0.03125 0.0364685 
338 0 0.489746 0.0374756 0.0308533 0.0408325 
308 0 0.82666 0.985352 0.0265656 0.0291595 
302 0 0.361816 0.0479431 0.0328064 0.0417175 
264 0 0.260986 0.44165 0.0314331 0.0369873 
257 0 0.721191 0.779297 0.0296936 0.0333252 
49 0 0.543945 0.577148 0.0343628 0.0426941 
48 0 0.469482 0.427002 0.0390625 0.0528564 
45 0 0.48584 0.86377 0.03125 0.0437622 
42 0 0.567871 0.104187 0.0296936 0.0352173 
41 0 0.306641 0.237427 0.0372925 0.0421753 
40 0 0.252441 0.37085 0.0281219 0.0369873 
34 0 0.583008 0.121887 0.0343628 0.0437622 
32 0 0.243774 0.155151 0.03125 0.0352783 
27 0 0.233643 0.578125 0.0296936 0.0437622 
26 0 0.129883 0.198975 0.0385742 0.0526123 
23 0 0.644531 0.223145 0.0363159 0.0415344 
22 0 0.276611 0.231201 0.0343628 0.0380249 
21 0 0.0836792 0.805176 0.0291443 0.0380249 
20 0 0.494141 0.75 0.0406189 0.046875 
18 0 0.82959 0.434326 0.0343628 0.0406189 
17 0 0.191406 0.84668 0.0350647 0.0421753 
14 0 0.844727 0.754395 0.0328064 0.0458374 
13 0 0.864746 0.414551 0.0328064 0.0429688 
12 0 0.936523 0.208496 0.0390625 0.0583191 
7 0 0.708496 0.632324 0.0328064 0.0395813 
6 0 0.837402 0.864746 0.0281219 0.0416565 
5 0 0.852539 0.234375 0.0421753 0.0520935 
4 0 0.602539 0.211426 0.0328064 0.0391846 
3 0 0.762695 0.100403 0.0324097 0.0378113 
2 0 0.237915 0.858398 0.0302734 0.0385437 
1 0 0.630371 0.608398 0.0292969 0.0375061 
