676 0 0.144165 0.986328 0.0313416 0.0260468 
645 0 0.637695 0.419678 0.0351562 0.0445251 
619 0 0.579102 0.150024 0.0300751 0.0372314 
607 0 0.601562 0.210327 0.0304718 0.0406189 
588 0 0.955566 0.51416 0.0296936 0.0375061 
546 0 0.735352 0.0876465 0.0351562 0.0418091 
514 0 0.0890503 0.962402 0.0281677 0.0375061 
506 0 0.938965 0.946777 0.03125 0.0369873 
446 0 0.85791 0.39209 0.03125 0.0393372 
338 0 0.48291 0.0447998 0.0281219 0.0395508 
308 0 0.822754 0.98877 0.0265656 0.0229187 
302 0 0.35791 0.0583191 0.03125 0.0375977 
264 0 0.262451 0.4375 0.0316467 0.0375061 
257 0 0.71875 0.78125 0.03125 0.0364685 
49 0 0.528809 0.595703 0.0324097 0.0421753 
48 0 0.463379 0.438477 0.039856 0.0567627 
45 0 0.48584 0.862305 0.0308533 0.0416565 
42 0 0.569336 0.102356 0.0304718 0.0370483 
41 0 0.311035 0.224731 0.0335999 0.0402222 
40 0 0.24292 0.374023 0.028717 0.0395813 
34 0 0.583496 0.12085 0.0328064 0.0418701 
32 0 0.237549 0.172974 0.0306702 0.0339966 
27 0 0.235107 0.576172 0.0294952 0.0437622 
26 0 0.129761 0.19812 0.033783 0.0453186 
23 0 0.634277 0.237549 0.0339966 0.0416565 
22 0 0.272705 0.237549 0.0332031 0.0415344 
21 0 0.0843506 0.805176 0.0281219 0.0354309 
20 0 0.490723 0.751953 0.0418091 0.0489502 
18 0 0.829102 0.433594 0.0328064 0.0406189 
17 0 0.191406 0.845703 0.0328064 0.0401001 
14 0 0.842285 0.75293 0.0335999 0.0479126 
13 0 0.864258 0.416748 0.03125 0.0390625 
12 0 0.936035 0.208496 0.0406189 0.0544128 
7 0 0.708496 0.631348 0.0316467 0.0416565 
6 0 0.834473 0.870605 0.0265656 0.0375061 
5 0 0.850586 0.232544 0.0421753 0.0513 
3 0 0.758789 0.101013 0.0328064 0.0396423 
2 0 0.237549 0.858398 0.0302734 0.0416565 
1 0 0.630371 0.609863 0.0308533 0.0385437 
