436 0 0.654785 0.928223 0.0406189 0.0520935 
435 0 0.629883 0.804199 0.0347595 0.0416565 
424 0 0.638184 0.421875 0.0390625 0.049469 
421 0 0.57666 0.153076 0.0296936 0.035553 
419 0 0.469238 0.470947 0.0335999 0.0481873 
417 0 0.608398 0.567871 0.0304718 0.0437622 
402 0 0.311279 0.189575 0.0322266 0.0375061 
371 0 0.530273 0.983398 0.0347595 0.0333252 
348 0 0.0818481 0.289551 0.0368652 0.0466003 
338 0 0.500977 0.022934 0.0328064 0.0377197 
308 0 0.831055 0.983398 0.0281219 0.0333252 
302 0 0.366455 0.0271301 0.0328064 0.0376587 
264 0 0.260254 0.438477 0.0332031 0.0401001 
257 0 0.725098 0.773926 0.0285187 0.0354309 
236 0 0.0684814 0.541016 0.0342407 0.0377502 
49 0 0.565918 0.530762 0.0304718 0.0393372 
48 0 0.478027 0.412598 0.0375061 0.0489502 
45 0 0.486816 0.865234 0.0296936 0.0426941 
42 0 0.569336 0.103149 0.0289001 0.0354309 
41 0 0.264404 0.228882 0.0347595 0.0428467 
40 0 0.273438 0.353027 0.0283203 0.0395813 
39 0 0.65625 0.0807495 0.0324097 0.0377808 
34 0 0.583496 0.12085 0.0316467 0.0379639 
32 0 0.249268 0.145996 0.03125 0.0378113 
27 0 0.235107 0.578125 0.0300751 0.0432434 
26 0 0.129639 0.199829 0.0376892 0.0492249 
23 0 0.655273 0.193726 0.035553 0.0419312 
22 0 0.284424 0.219116 0.0345764 0.0406189 
21 0 0.0842896 0.805176 0.0307159 0.0395813 
20 0 0.496582 0.744141 0.0429688 0.0499878 
18 0 0.830566 0.435303 0.0328064 0.0416565 
17 0 0.192993 0.845703 0.0359497 0.0458374 
14 0 0.84668 0.755371 0.03125 0.0437622 
13 0 0.864258 0.411865 0.0335999 0.04245 
12 0 0.932617 0.21106 0.038269 0.053894 
7 0 0.709473 0.633301 0.03125 0.0375061 
6 0 0.841309 0.857422 0.0265656 0.0395813 
5 0 0.852539 0.230225 0.0421753 0.0514221 
4 0 0.603027 0.214233 0.03125 0.0401001 
3 0 0.769531 0.0895996 0.0316467 0.0397644 
2 0 0.239868 0.858398 0.0328064 0.0406189 
1 0 0.629395 0.594727 0.03125 0.0411377 
