764 0 0.62793 0.802246 0.0347595 0.0375061 
747 0 0.731934 0.0801392 0.0277405 0.038147 
741 0 0.918945 0.984375 0.03125 0.03125 
729 0 0.716309 0.785645 0.0265656 0.0333252 
728 0 0.135132 0.907227 0.0360413 0.0432434 
724 0 0.507812 0.0281219 0.0249939 0.0353394 
712 0 0.233643 0.4646 0.0226593 0.0278625 
686 0 0.936523 0.207031 0.0375061 0.0516968 
676 0 0.13501 0.891602 0.0328979 0.0395813 
645 0 0.636719 0.418701 0.0386658 0.0487061 
619 0 0.578125 0.148926 0.0281219 0.0354309 
607 0 0.602539 0.210449 0.0296936 0.0416565 
588 0 0.852539 0.754395 0.03125 0.0411377 
546 0 0.717285 0.126709 0.0292969 0.0363159 
514 0 0.0882568 0.962402 0.0331116 0.0416565 
446 0 0.860352 0.4104 0.0296936 0.0375061 
338 0 0.478027 0.0504456 0.0281219 0.0368347 
308 0 0.823242 0.98877 0.0281219 0.0229187 
302 0 0.356201 0.067688 0.0281219 0.035553 
264 0 0.261719 0.433105 0.0290985 0.0369873 
49 0 0.512695 0.60498 0.0304718 0.0447998 
48 0 0.458496 0.446777 0.0367126 0.0484314 
45 0 0.488281 0.86377 0.0296936 0.0395813 
42 0 0.570312 0.102112 0.0289001 0.0333252 
41 0 0.294922 0.216675 0.033783 0.0386658 
40 0 0.228882 0.386475 0.0300751 0.0403748 
34 0 0.583496 0.122253 0.0308533 0.0364685 
32 0 0.226562 0.171875 0.0314331 0.0354309 
27 0 0.235107 0.571777 0.0302734 0.0437622 
26 0 0.129639 0.196899 0.0343628 0.0440063 
23 0 0.627441 0.240601 0.0328064 0.0395813 
22 0 0.26709 0.246826 0.0343628 0.039978 
21 0 0.0838623 0.803223 0.0334473 0.0406189 
18 0 0.827148 0.432617 0.0328064 0.0406189 
17 0 0.189819 0.848145 0.0359497 0.0458374 
14 0 0.836914 0.752441 0.0328064 0.0458374 
7 0 0.709961 0.631348 0.0328064 0.0416565 
6 0 0.833008 0.87207 0.0257874 0.0354309 
5 0 0.851562 0.236694 0.0406189 0.0469971 
3 0 0.752441 0.114563 0.0296936 0.0371704 
2 0 0.237549 0.856445 0.0314331 0.0453186 
1 0 0.631348 0.615723 0.0300751 0.0395813 
