486 0 0.76709 0.0293121 0.0320435 0.0414429 
446 0 0.662598 0.519043 0.0300751 0.0401001 
444 0 0.0132828 0.770996 0.023407 0.0380249 
440 1 0.865723 0.172729 0.0289001 0.0351562 
434 0 0.277344 0.399902 0.0228577 0.0315247 
421 0 0.578125 0.153564 0.0265656 0.0330811 
402 0 0.310791 0.190674 0.035553 0.0406189 
338 0 0.499268 0.0239563 0.0359497 0.0401001 
308 0 0.831055 0.983398 0.0273438 0.0333252 
302 0 0.364746 0.0323181 0.033783 0.0400391 
264 0 0.260986 0.440674 0.0343628 0.0432434 
257 0 0.724121 0.775879 0.0308533 0.0369873 
49 0 0.557617 0.55127 0.0320435 0.0403748 
48 0 0.474121 0.414062 0.0375061 0.0489502 
45 0 0.486816 0.864746 0.0296936 0.0416565 
42 0 0.569336 0.104309 0.0300751 0.0367737 
41 0 0.300781 0.249634 0.0361328 0.0393372 
40 0 0.266357 0.359375 0.0298767 0.0403748 
39 0 0.558594 0.0311737 0.0335999 0.0397339 
34 0 0.583496 0.12085 0.0332031 0.0413513 
32 0 0.243408 0.153076 0.0326233 0.0395813 
27 0 0.235107 0.578125 0.0324097 0.044281 
26 0 0.129639 0.199951 0.0408325 0.0541687 
23 0 0.65625 0.199951 0.035553 0.0421753 
22 0 0.282715 0.218994 0.0371094 0.0430908 
21 0 0.0828857 0.807129 0.0315857 0.0395813 
20 0 0.496094 0.748047 0.0421753 0.0499878 
18 0 0.830566 0.435303 0.0328064 0.0416565 
17 0 0.192993 0.84668 0.0356445 0.0437622 
14 0 0.847656 0.755371 0.0328064 0.0437622 
13 0 0.864746 0.412598 0.0328064 0.0416565 
12 0 0.93457 0.209717 0.039856 0.0536499 
7 0 0.709473 0.633789 0.03125 0.0395813 
6 0 0.839844 0.860352 0.0265656 0.0375061 
5 0 0.853027 0.231201 0.0421753 0.0498657 
4 0 0.602539 0.214233 0.0308533 0.0387878 
3 0 0.768555 0.0945435 0.0308533 0.0393982 
2 0 0.239014 0.858398 0.0335999 0.0411377 
1 0 0.629883 0.602051 0.0296936 0.0390625 
