410 0 0.992188 0.407471 0.015625 0.0515747 
409 0 0.578125 0.15271 0.0281219 0.0341187 
402 0 0.311768 0.190186 0.0332031 0.0385437 
390 0 0.943848 0.248291 0.0343628 0.0434875 
371 0 0.533203 0.977051 0.0328064 0.0354309 
348 0 0.126953 0.301514 0.0363159 0.0460815 
338 0 0.501953 0.0228119 0.0304718 0.0364685 
308 0 0.831055 0.981445 0.0281219 0.0333252 
302 0 0.366699 0.0240173 0.0320435 0.0358582 
264 0 0.260986 0.439209 0.0347595 0.0421753 
257 0 0.725098 0.773926 0.0292969 0.0354309 
236 0 0.108398 0.562012 0.0325317 0.0416565 
49 0 0.572754 0.529297 0.0402222 0.0484314 
48 0 0.477783 0.410889 0.0390625 0.0507812 
45 0 0.486816 0.865723 0.0328064 0.0437622 
42 0 0.569336 0.103149 0.0296936 0.0354309 
41 0 0.25708 0.22644 0.0333862 0.0434875 
40 0 0.275879 0.348877 0.0304718 0.0401001 
39 0 0.697266 0.0812378 0.0328064 0.0417175 
34 0 0.583496 0.121765 0.0316467 0.0385437 
32 0 0.250488 0.143066 0.0357361 0.0392456 
27 0 0.235107 0.578125 0.0328064 0.044281 
26 0 0.130371 0.198975 0.0386658 0.0513 
23 0 0.657227 0.192505 0.0359497 0.0430908 
22 0 0.284424 0.21875 0.0343628 0.0415344 
21 0 0.0838623 0.805176 0.0307617 0.0395813 
20 0 0.498047 0.744629 0.0445251 0.0505066 
18 0 0.82959 0.436035 0.0343628 0.0445251 
17 0 0.192993 0.845703 0.0360413 0.0458374 
14 0 0.848633 0.754395 0.0343628 0.0458374 
13 0 0.864258 0.412842 0.0343628 0.0421753 
12 0 0.936035 0.207031 0.0406189 0.0524597 
7 0 0.709961 0.633301 0.0320435 0.0416565 
6 0 0.841309 0.858398 0.0265656 0.0385437 
5 0 0.852539 0.229126 0.0437622 0.0527344 
4 0 0.602539 0.213501 0.0320435 0.039856 
3 0 0.770508 0.0875244 0.03125 0.0376892 
2 0 0.239868 0.856445 0.0328064 0.0416565 
1 0 0.62793 0.59082 0.0335999 0.0426941 
