139 0 0.312744 0.789551 0.0242157 0.0375061 
138 0 0.836914 0.964355 0.0296936 0.0375061 
132 0 0.633789 0.419434 0.0296936 0.0411377 
129 0 0.407715 0.218384 0.0365295 0.0526123 
112 0 0.623535 0.154785 0.0289001 0.0348816 
111 0 0.745117 0.749023 0.0277405 0.0348816 
109 0 0.628906 0.804688 0.0351562 0.0416565 
85 0 0.419434 0.550293 0.0324097 0.0387878 
76 0 0.698242 0.802246 0.0292969 0.0348816 
62 0 0.168579 0.254395 0.0313416 0.0414124 
51 0 0.5625 0.1604 0.0281219 0.0333252 
49 0 0.586914 0.48999 0.0332031 0.0387878 
48 0 0.498535 0.389648 0.03125 0.0372314 
46 0 0.015625 0.239624 0.0312042 0.0437622 
45 0 0.486816 0.864746 0.0289001 0.0369873 
44 0 0.574219 0.884277 0.0300751 0.0317688 
43 0 0.578125 0.151001 0.0281219 0.0313721 
42 0 0.567383 0.102173 0.03125 0.0380249 
41 0 0.213867 0.147705 0.0292969 0.038208 
40 0 0.312988 0.309082 0.0273438 0.0380249 
39 0 0.760742 0.694336 0.03125 0.0395813 
34 0 0.584473 0.121887 0.03125 0.0401001 
32 0 0.300049 0.105225 0.0310516 0.0393982 
31 0 0.268066 0.601074 0.0326233 0.0369873 
29 0 0.0282898 0.729004 0.0309143 0.0416565 
27 0 0.238281 0.578125 0.0277405 0.0437622 
26 0 0.132568 0.195923 0.0339966 0.0455627 
25 0 0.631348 0.447021 0.0289001 0.0369873 
24 0 0.272705 0.414551 0.0296936 0.0367126 
23 0 0.665039 0.137207 0.0339966 0.039978 
22 0 0.282715 0.216675 0.0341797 0.0416565 
21 0 0.0828247 0.805176 0.0281219 0.0354309 
20 0 0.511719 0.725098 0.0390625 0.044281 
19 0 0.0899048 0.963379 0.0297852 0.0395813 
18 0 0.828125 0.434326 0.03125 0.0395813 
17 0 0.192139 0.844727 0.03125 0.0380249 
16 0 0.376465 0.270996 0.0290985 0.037384 
14 0 0.853027 0.749023 0.03125 0.0395813 
13 0 0.868652 0.408447 0.03125 0.0416565 
12 0 0.936035 0.208862 0.039856 0.0542908 
7 0 0.707031 0.637695 0.0296936 0.0380249 
6 0 0.848633 0.838379 0.0281219 0.0354309 
5 0 0.852539 0.228149 0.0453186 0.0562439 
4 0 0.600586 0.213379 0.0316467 0.0416565 
3 0 0.771973 0.0697632 0.0281219 0.0354309 
2 0 0.242432 0.85498 0.0296936 0.0395813 
1 0 0.645996 0.562012 0.0265656 0.0364685 
