540 0 0.759277 0.046875 0.0343628 0.043457 
539 0 0.56543 0.160156 0.0300751 0.0368347 
514 0 0.0890503 0.963379 0.03125 0.0395813 
506 0 0.958496 0.90332 0.0328064 0.0359497 
446 0 0.701172 0.515137 0.0328064 0.0393372 
440 1 0.82666 0.0737915 0.0304718 0.0392761 
421 0 0.577148 0.152344 0.0296936 0.0351562 
402 0 0.310059 0.19165 0.0332031 0.0421753 
338 0 0.496826 0.0275726 0.0367126 0.0433044 
308 0 0.830566 0.983398 0.0296936 0.0333252 
302 0 0.363281 0.0419922 0.0333862 0.0424805 
264 0 0.260986 0.44165 0.0314331 0.038269 
257 0 0.722656 0.774902 0.0296936 0.033844 
49 0 0.547852 0.569824 0.0367126 0.0447998 
48 0 0.471191 0.424072 0.039856 0.0572815 
45 0 0.486816 0.864746 0.0296936 0.0416565 
42 0 0.569336 0.106323 0.0304718 0.0375061 
41 0 0.308838 0.247192 0.0367126 0.0426941 
40 0 0.257812 0.368652 0.0310516 0.0406189 
34 0 0.583008 0.121887 0.0343628 0.0431519 
32 0 0.243896 0.154175 0.0324097 0.0375061 
27 0 0.233643 0.578125 0.0304718 0.044281 
26 0 0.129639 0.199951 0.0406189 0.0548096 
23 0 0.650879 0.215576 0.035553 0.0397034 
22 0 0.280029 0.22583 0.0357361 0.0415344 
21 0 0.0831299 0.806152 0.0302277 0.0380249 
20 0 0.493652 0.749023 0.0406189 0.0479126 
18 0 0.830566 0.436523 0.0359497 0.0432434 
17 0 0.192993 0.848145 0.0363159 0.0453186 
14 0 0.846191 0.754395 0.0328064 0.0473938 
13 0 0.864258 0.413574 0.0335999 0.0437622 
12 0 0.936035 0.209351 0.039856 0.0589905 
7 0 0.709473 0.633301 0.0320435 0.0416565 
6 0 0.838379 0.861328 0.0265656 0.0364685 
5 0 0.852539 0.233032 0.0406189 0.0526123 
4 0 0.600586 0.213501 0.0289001 0.0351562 
3 0 0.764648 0.0979004 0.0285187 0.0374451 
2 0 0.238281 0.85791 0.0328064 0.0426941 
1 0 0.630371 0.60498 0.0292969 0.0380249 
