506 0 0.963867 0.88623 0.0351562 0.0395813 
504 0 0.57666 0.112366 0.0335999 0.0379639 
502 0 0.469482 0.467773 0.0332031 0.0479126 
486 0 0.765625 0.0320435 0.0324097 0.0412903 
446 0 0.663086 0.505859 0.0308533 0.0419312 
444 0 0.0124817 0.772949 0.0222473 0.0375061 
440 1 0.876465 0.133057 0.0289001 0.0393982 
421 0 0.577148 0.153076 0.0292969 0.0350342 
402 0 0.310547 0.190674 0.0332031 0.0395813 
338 0 0.499268 0.0235138 0.0371094 0.0417786 
308 0 0.831055 0.983398 0.0281219 0.0333252 
302 0 0.364746 0.0355225 0.0328064 0.0416565 
264 0 0.260986 0.44165 0.0343628 0.0416565 
257 0 0.723633 0.775879 0.03125 0.0354309 
49 0 0.554688 0.557129 0.0335999 0.0426941 
48 0 0.474121 0.414062 0.0363159 0.0479126 
45 0 0.486816 0.864746 0.0296936 0.0411377 
42 0 0.569336 0.104187 0.0273438 0.0335999 
41 0 0.297607 0.246582 0.0353394 0.0384216 
40 0 0.263428 0.361572 0.0289001 0.0393372 
34 0 0.584473 0.121887 0.03125 0.0397644 
32 0 0.243774 0.154175 0.0322266 0.0380249 
27 0 0.235107 0.578125 0.0328064 0.0437622 
26 0 0.129639 0.199951 0.0399475 0.0541687 
23 0 0.65625 0.20105 0.0343628 0.0423279 
22 0 0.283203 0.219482 0.033783 0.0430908 
21 0 0.0830078 0.807129 0.0314331 0.0395813 
20 0 0.494629 0.749023 0.0421753 0.0520935 
18 0 0.830566 0.436523 0.0328064 0.0403748 
17 0 0.192749 0.845703 0.035553 0.0426941 
14 0 0.84668 0.755371 0.0320435 0.0437622 
13 0 0.864746 0.412598 0.0328064 0.0416565 
12 0 0.93457 0.209717 0.039856 0.0557251 
7 0 0.709473 0.633301 0.0316467 0.0401001 
6 0 0.839844 0.860352 0.0265656 0.0380249 
5 0 0.853027 0.230103 0.0429688 0.0489502 
4 0 0.602539 0.213745 0.0296936 0.037384 
3 0 0.768066 0.0950928 0.0304718 0.0376282 
2 0 0.239868 0.857422 0.0332031 0.0406189 
1 0 0.630371 0.604492 0.0300751 0.0406189 
