560 0 0.540039 0.984375 0.0339966 0.03125 
555 0 0.629883 0.804199 0.0343628 0.0411377 
546 0 0.753906 0.0553284 0.0324097 0.0428467 
543 0 0.575195 0.11145 0.0343628 0.0397034 
514 0 0.0898438 0.963379 0.0296936 0.0395813 
506 0 0.953125 0.912598 0.0335999 0.0369873 
446 0 0.711914 0.461182 0.0359497 0.0390625 
440 1 0.777344 0.0783081 0.0285187 0.0361023 
421 0 0.579102 0.151001 0.0296936 0.0350342 
338 0 0.491699 0.0343933 0.03125 0.0395203 
308 0 0.82666 0.985352 0.0249939 0.0291595 
302 0 0.361816 0.046936 0.0328064 0.0397034 
264 0 0.260986 0.440674 0.0310516 0.0354309 
257 0 0.721191 0.779297 0.0296936 0.033844 
49 0 0.544922 0.575195 0.0351562 0.0447998 
48 0 0.469482 0.425049 0.0394592 0.0546875 
45 0 0.48584 0.864746 0.03125 0.0432434 
42 0 0.567871 0.103088 0.0296936 0.0354309 
41 0 0.302246 0.237671 0.0365295 0.0416565 
40 0 0.254639 0.370361 0.0281219 0.0372314 
34 0 0.583008 0.122192 0.0339966 0.0418091 
32 0 0.243774 0.154175 0.03125 0.0334778 
27 0 0.233643 0.579102 0.0294952 0.0421753 
26 0 0.129639 0.199219 0.039856 0.0527344 
23 0 0.645996 0.2229 0.0359497 0.0412903 
22 0 0.276855 0.227051 0.0322266 0.0375061 
21 0 0.0843506 0.806152 0.0281219 0.0375061 
20 0 0.494629 0.749023 0.0402222 0.0484314 
18 0 0.82959 0.435303 0.0343628 0.0416565 
17 0 0.192139 0.845703 0.0343628 0.0416565 
14 0 0.845215 0.75293 0.0343628 0.046875 
13 0 0.864258 0.413574 0.0343628 0.0437622 
12 0 0.936035 0.209717 0.0406189 0.0585938 
7 0 0.709473 0.632324 0.03125 0.0395813 
6 0 0.837402 0.864746 0.0281219 0.0416565 
5 0 0.852539 0.233643 0.0421753 0.0502625 
4 0 0.601562 0.21228 0.03125 0.038147 
3 0 0.76416 0.101929 0.0316467 0.0376282 
2 0 0.237549 0.858398 0.03125 0.0416565 
1 0 0.631348 0.605957 0.0292969 0.0395813 
