643 0 0.630371 0.804199 0.0332031 0.0401001 
641 2 0.011795 0.727051 0.0233917 0.0421753 
640 0 0.575195 0.111511 0.0343628 0.039978 
619 0 0.578125 0.150024 0.03125 0.0376892 
607 0 0.601562 0.209351 0.03125 0.0394592 
588 0 0.96875 0.411377 0.0304718 0.0393372 
546 0 0.743652 0.072998 0.0339966 0.0412903 
514 0 0.0891113 0.962402 0.0288086 0.0385437 
506 0 0.943848 0.933105 0.0335999 0.0380249 
446 0 0.799805 0.405273 0.0316467 0.038269 
338 0 0.484375 0.0395508 0.0289001 0.0380249 
308 0 0.824219 0.987305 0.0265656 0.0249939 
302 0 0.35791 0.0531921 0.03125 0.0372314 
264 0 0.261719 0.438477 0.0328064 0.0377502 
257 0 0.719727 0.78125 0.0300751 0.0343628 
49 0 0.533691 0.587402 0.0335999 0.0421753 
48 0 0.463379 0.430664 0.0390625 0.0536499 
45 0 0.48584 0.864746 0.03125 0.0411377 
42 0 0.569336 0.103149 0.0292969 0.035553 
41 0 0.311035 0.228027 0.033783 0.04245 
40 0 0.246094 0.371582 0.0292969 0.0390625 
34 0 0.583008 0.12085 0.0343628 0.0419312 
32 0 0.240601 0.161621 0.03125 0.0348816 
27 0 0.233643 0.576172 0.0296936 0.0432434 
26 0 0.130249 0.198975 0.035553 0.0476685 
23 0 0.636719 0.234863 0.035553 0.0410156 
22 0 0.273438 0.234375 0.0341797 0.0395813 
21 0 0.0843506 0.805176 0.0281219 0.0354309 
20 0 0.489746 0.751953 0.0421753 0.0463562 
18 0 0.829102 0.433838 0.0328064 0.0414124 
17 0 0.192139 0.845703 0.0343628 0.0416565 
14 0 0.842773 0.75293 0.0328064 0.0479126 
13 0 0.864258 0.413574 0.0320435 0.0395813 
12 0 0.936035 0.208374 0.0375061 0.0549622 
7 0 0.709473 0.631348 0.03125 0.0416565 
6 0 0.834961 0.869629 0.0265656 0.0406189 
5 0 0.851562 0.236084 0.0406189 0.0479126 
3 0 0.758789 0.0996094 0.0324097 0.0387878 
2 0 0.236694 0.856445 0.0296936 0.0375061 
1 0 0.631348 0.610352 0.0320435 0.0406189 
