112 0 0.633789 0.154907 0.0289001 0.033844 
111 0 0.743652 0.748047 0.0281219 0.033844 
109 0 0.62793 0.806152 0.0347595 0.0416565 
85 0 0.48291 0.571777 0.03125 0.0380249 
76 0 0.653809 0.800293 0.03125 0.0406189 
67 0 0.986816 0.780273 0.0265656 0.0380249 
62 0 0.146118 0.273926 0.0320435 0.0415344 
51 0 0.5625 0.1604 0.0281219 0.0333252 
49 0 0.586914 0.48999 0.0335999 0.039856 
48 0 0.5 0.389648 0.03125 0.0369873 
46 0 0.015625 0.237549 0.031311 0.0423279 
45 0 0.487549 0.864746 0.0281219 0.0380249 
44 0 0.582031 0.879395 0.0296936 0.0333252 
43 0 0.578125 0.151001 0.0281219 0.0318909 
42 0 0.567383 0.101685 0.03125 0.0388794 
41 0 0.210327 0.143921 0.0274353 0.0390625 
40 0 0.3125 0.30835 0.0281219 0.0380249 
39 0 0.782715 0.720215 0.0324097 0.0395813 
37 0 0.948242 0.811523 0.0289001 0.0401001 
34 0 0.584473 0.121216 0.03125 0.0401611 
32 0 0.302246 0.103821 0.0296936 0.0389404 
31 0 0.281982 0.605957 0.033783 0.0416565 
29 0 0.028656 0.729004 0.0318298 0.0416565 
27 0 0.239014 0.578125 0.0308533 0.044281 
26 0 0.132812 0.195801 0.0336914 0.0455627 
25 0 0.631836 0.42749 0.0328064 0.0447998 
24 0 0.272705 0.414307 0.0296936 0.0364685 
23 0 0.666992 0.135864 0.0328064 0.0387268 
22 0 0.282715 0.217651 0.0339966 0.039856 
21 0 0.0836182 0.804199 0.0292511 0.0359497 
20 0 0.512695 0.723145 0.0394592 0.0458374 
19 0 0.0882568 0.963379 0.0299377 0.0395813 
18 0 0.828125 0.43335 0.0328064 0.0416565 
17 0 0.192139 0.844727 0.0311584 0.0385437 
16 0 0.367188 0.256836 0.0298767 0.0394592 
14 0 0.853027 0.749023 0.03125 0.0411377 
13 0 0.868652 0.408447 0.03125 0.0416565 
12 0 0.936035 0.209351 0.0406189 0.0549622 
7 0 0.707031 0.638672 0.0296936 0.0395813 
6 0 0.84668 0.838379 0.0273438 0.0354309 
5 0 0.852539 0.228149 0.0453186 0.0557251 
4 0 0.602051 0.212524 0.0304718 0.0418091 
3 0 0.770996 0.0691528 0.0292969 0.0359497 
2 0 0.24292 0.85498 0.0296936 0.0395813 
1 0 0.646484 0.5625 0.0281219 0.0369873 
