67 0 0.98584 0.768555 0.0281219 0.0385437 
63 0 0.772461 0.61377 0.0308533 0.0380249 
62 0 0.072998 0.204468 0.0285187 0.0371094 
56 0 0.657227 0.919922 0.0414124 0.0505066 
53 0 0.483887 0.770996 0.0328064 0.0380249 
51 0 0.563477 0.161499 0.0265656 0.0352783 
49 0 0.587402 0.486572 0.0320435 0.0403748 
48 0 0.501465 0.38501 0.03125 0.0367126 
47 0 0.746094 0.740723 0.0296936 0.0369873 
46 0 0.0199585 0.222046 0.0335693 0.0437622 
45 0 0.488281 0.865723 0.0304718 0.0395813 
44 0 0.585938 0.872559 0.0343628 0.0406189 
43 0 0.578125 0.151001 0.0281219 0.0348816 
42 0 0.567383 0.101318 0.0316467 0.0395813 
41 0 0.193726 0.114197 0.0292053 0.0385437 
40 0 0.31665 0.305176 0.0249939 0.0395813 
39 0 0.745117 0.845703 0.0343628 0.0401001 
38 0 0.183838 0.587402 0.0300751 0.0406189 
37 0 0.897461 0.639648 0.03125 0.033844 
36 0 0.652344 0.981445 0.0324097 0.0390625 
34 0 0.584473 0.121887 0.03125 0.0395813 
33 0 0.813965 0.637695 0.0289001 0.0380249 
32 0 0.310059 0.0958252 0.0267639 0.038147 
31 0 0.385498 0.749023 0.0333862 0.044281 
29 0 0.0297394 0.727051 0.0310364 0.0426941 
27 0 0.239014 0.579102 0.0281219 0.0406189 
26 0 0.133545 0.193726 0.03302 0.0459595 
25 0 0.569336 0.250732 0.0304718 0.038147 
24 0 0.27417 0.412598 0.0296936 0.0375061 
23 0 0.660156 0.187134 0.0332031 0.0421753 
22 0 0.283691 0.217651 0.0328064 0.0395813 
21 0 0.0841064 0.804688 0.0291443 0.0364685 
20 0 0.514648 0.71875 0.0421753 0.0505066 
19 0 0.0891113 0.963379 0.0307617 0.0395813 
18 0 0.827148 0.432373 0.0328064 0.0437622 
17 0 0.191406 0.84375 0.0296936 0.0375061 
16 0 0.434326 0.124329 0.0277405 0.0352173 
15 0 0.0463867 0.358398 0.0328369 0.0416565 
14 0 0.854492 0.74707 0.0335999 0.0447998 
13 0 0.868652 0.408447 0.03125 0.0416565 
12 0 0.936035 0.207275 0.038269 0.0532532 
11 0 0.745117 0.0661011 0.0308533 0.0367432 
10 0 0.67334 0.132324 0.0343628 0.0397644 
9 0 0.636719 0.420654 0.0359497 0.046875 
8 0 0.836914 0.962402 0.0296936 0.0375061 
7 0 0.708008 0.640625 0.0289001 0.0380249 
6 0 0.84668 0.837402 0.0289001 0.0375061 
5 0 0.853027 0.227051 0.0460815 0.0541687 
4 0 0.602539 0.210449 0.0324097 0.0455627 
3 0 0.770996 0.0645752 0.0296936 0.0380249 
2 0 0.24292 0.851074 0.0296936 0.0395813 
1 0 0.646973 0.5625 0.0285187 0.0375061 
