161 0 0.0155869 0.630371 0.0258484 0.0385437 
151 0 0.408936 0.217163 0.0384827 0.0509033 
148 0 0.986816 0.788574 0.0265656 0.0380249 
138 0 0.836914 0.964355 0.0296936 0.0375061 
132 0 0.637695 0.420166 0.0332031 0.0453186 
112 0 0.614258 0.111755 0.0320435 0.0361938 
111 0 0.744629 0.751465 0.026947 0.0333252 
109 0 0.628906 0.803223 0.0359497 0.0395813 
85 0 0.32959 0.488037 0.0326233 0.0403748 
76 0 0.743164 0.82373 0.0285187 0.0369873 
62 0 0.206421 0.292969 0.0316467 0.0385437 
51 0 0.5625 0.1604 0.026947 0.0333252 
49 0 0.587402 0.491943 0.03125 0.0385437 
48 0 0.498535 0.391113 0.03125 0.038269 
46 0 0.0141373 0.246094 0.0292511 0.0428467 
45 0 0.487549 0.865723 0.0285187 0.0364685 
44 0 0.573242 0.887695 0.03125 0.0333252 
43 0 0.577148 0.150024 0.0296936 0.0333862 
42 0 0.567383 0.102478 0.0289001 0.0365295 
41 0 0.214478 0.165894 0.0263672 0.0390625 
40 0 0.311279 0.310303 0.0263672 0.0375061 
39 0 0.766602 0.649902 0.0285187 0.0380249 
34 0 0.584961 0.122803 0.0308533 0.0405579 
32 0 0.297607 0.105591 0.0296936 0.038147 
31 0 0.25 0.570801 0.0267639 0.0348816 
29 0 0.0289001 0.731445 0.0302277 0.0416565 
27 0 0.235718 0.579102 0.0277405 0.0375061 
26 0 0.13269 0.196899 0.0339966 0.0437622 
25 0 0.646973 0.506836 0.0289001 0.0354309 
24 0 0.271973 0.414551 0.03125 0.0375061 
23 0 0.667969 0.137939 0.0328064 0.039856 
22 0 0.282715 0.216675 0.0343628 0.0414124 
21 0 0.0828247 0.805176 0.0281219 0.0354309 
20 0 0.510742 0.726074 0.0402222 0.0479126 
19 0 0.0893555 0.963867 0.0300293 0.0385437 
18 0 0.828125 0.434326 0.03125 0.0395813 
17 0 0.191406 0.844727 0.0324097 0.0395813 
16 0 0.358643 0.322998 0.0302734 0.0377502 
14 0 0.854004 0.749023 0.0328064 0.0432434 
13 0 0.869629 0.408447 0.0296936 0.0416565 
12 0 0.936035 0.209351 0.0406189 0.0545654 
7 0 0.708008 0.63623 0.0308533 0.0380249 
6 0 0.847656 0.837402 0.0265656 0.0333252 
5 0 0.852539 0.228149 0.0453186 0.0562439 
4 0 0.602051 0.212524 0.0320435 0.0415344 
3 0 0.774414 0.072876 0.0292969 0.0362244 
2 0 0.241455 0.856445 0.0296936 0.0390625 
1 0 0.646973 0.5625 0.0281219 0.0359497 
