211 0 0.307861 0.34375 0.0222626 0.0289001 
210 0 0.0148087 0.361572 0.028595 0.0414124 
208 0 0.990723 0.791504 0.0187531 0.033844 
198 0 0.835938 0.966797 0.0281219 0.0369873 
189 0 0.0123901 0.257324 0.0246277 0.0428467 
188 0 0.692383 0.600098 0.0292969 0.0401001 
132 0 0.636719 0.420898 0.0359497 0.0497437 
111 0 0.743652 0.757324 0.0273438 0.0359497 
109 0 0.629883 0.803711 0.0375061 0.0426941 
85 0 0.152954 0.395264 0.0311584 0.0377502 
62 0 0.240234 0.372803 0.0296936 0.0429688 
51 0 0.563477 0.1604 0.0277405 0.033844 
49 0 0.585938 0.497803 0.0332031 0.0411377 
48 0 0.495361 0.393799 0.0335999 0.0416565 
45 0 0.486816 0.866699 0.0296936 0.0375061 
44 0 0.567383 0.898926 0.0289001 0.0322876 
43 0 0.578125 0.151001 0.03125 0.035614 
42 0 0.567871 0.102722 0.0296936 0.0365295 
41 0 0.219971 0.178345 0.0273438 0.037384 
40 0 0.309326 0.3125 0.0281219 0.0375061 
39 0 0.77002 0.57666 0.03125 0.0416565 
34 0 0.584473 0.122253 0.0320435 0.0409546 
32 0 0.290039 0.109802 0.0277405 0.035675 
31 0 0.254395 0.5 0.0318298 0.0401001 
27 0 0.231201 0.575195 0.0279236 0.0416565 
26 0 0.132812 0.195923 0.0313416 0.0421753 
24 0 0.26709 0.420898 0.03125 0.0375061 
23 0 0.666992 0.151001 0.0359497 0.0402222 
22 0 0.283691 0.217651 0.0328064 0.0395813 
21 0 0.0831299 0.805176 0.0287628 0.0354309 
20 0 0.509766 0.72998 0.0421753 0.0520935 
18 0 0.828125 0.434326 0.0343628 0.039856 
17 0 0.192017 0.844727 0.0325317 0.0395813 
16 0 0.320557 0.387939 0.0304718 0.0387878 
14 0 0.851562 0.75 0.0351562 0.0453186 
13 0 0.868652 0.408447 0.03125 0.0416565 
12 0 0.936035 0.210449 0.0406189 0.058197 
7 0 0.708496 0.63623 0.0320435 0.0395813 
6 0 0.84668 0.841309 0.0351562 0.0395813 
5 0 0.852539 0.227051 0.0453186 0.0542908 
4 0 0.602539 0.21228 0.0328064 0.0459595 
3 0 0.772461 0.0718994 0.0328064 0.0396423 
2 0 0.242188 0.856445 0.03125 0.0421753 
1 0 0.646973 0.56543 0.03125 0.0395813 
