882 0 0.483643 0.760254 0.0421753 0.0463562 
881 0 0.637695 0.41626 0.0375061 0.0505066 
870 0 0.622559 0.0166473 0.0304718 0.0335083 
865 0 0.823242 0.987305 0.0281219 0.0249939 
841 0 0.17749 0.712402 0.0324097 0.0421753 
836 0 0.561035 0.15979 0.0281219 0.0369873 
835 0 0.188354 0.853027 0.033783 0.0437622 
810 0 0.407715 0.216675 0.0345764 0.0418091 
800 0 0.307861 0.196777 0.0271454 0.0343628 
790 0 0.806152 0.419189 0.0324097 0.0390625 
747 0 0.734375 0.159424 0.0304718 0.0386658 
729 0 0.714844 0.787598 0.0304718 0.0375061 
724 0 0.505859 0.0316467 0.0257874 0.0327759 
712 0 0.221069 0.488525 0.0234375 0.03125 
686 0 0.936035 0.206299 0.0375061 0.0499878 
619 0 0.577148 0.148071 0.0296936 0.0344543 
607 0 0.601562 0.208374 0.0304718 0.0416565 
546 0 0.703125 0.159424 0.0339966 0.0438843 
446 0 0.861816 0.409424 0.0296936 0.0395813 
338 0 0.474121 0.0541687 0.0265656 0.0380554 
302 0 0.350098 0.0750122 0.0253906 0.0332947 
264 0 0.261719 0.429199 0.0265656 0.0369873 
49 0 0.48584 0.618652 0.03125 0.0458374 
48 0 0.453125 0.477051 0.0375061 0.0416565 
45 0 0.487549 0.861328 0.0343628 0.0437622 
42 0 0.569336 0.101013 0.0265656 0.0353394 
41 0 0.192139 0.265625 0.0313416 0.0410156 
40 0 0.21167 0.4104 0.0270538 0.0426941 
34 0 0.583496 0.119812 0.0328064 0.0393982 
32 0 0.204712 0.196777 0.03125 0.0385437 
27 0 0.235107 0.564453 0.0328064 0.0458374 
26 0 0.129639 0.195068 0.0341797 0.042572 
23 0 0.625 0.239624 0.0335999 0.0416565 
22 0 0.25708 0.273926 0.0351562 0.0436096 
21 0 0.0836182 0.802246 0.0299377 0.0375061 
18 0 0.827148 0.43335 0.0265656 0.0333252 
14 0 0.834961 0.787598 0.0359497 0.0453186 
7 0 0.708008 0.629395 0.0320435 0.0416565 
6 0 0.830566 0.869629 0.0296936 0.0395813 
5 0 0.851562 0.231201 0.0460815 0.0536499 
2 0 0.235962 0.857422 0.03125 0.0432434 
1 0 0.631348 0.615723 0.0304718 0.0401001 
