155 0 0.820312 0.63623 0.0218811 0.0291595 
151 0 0.406982 0.218506 0.0386658 0.0510559 
148 0 0.986816 0.790039 0.0265656 0.0395813 
138 0 0.836914 0.964355 0.0296936 0.0375061 
132 0 0.636719 0.419678 0.0328064 0.0437622 
112 0 0.62793 0.101929 0.0296936 0.038147 
111 0 0.743164 0.750977 0.0265656 0.0354309 
109 0 0.628906 0.803223 0.0351562 0.0395813 
85 0 0.335693 0.506836 0.0324097 0.0387878 
76 0 0.749023 0.800293 0.0296936 0.0364685 
62 0 0.197998 0.286133 0.0315552 0.0385437 
51 0 0.563477 0.15979 0.0265656 0.0335999 
49 0 0.587402 0.492676 0.03125 0.0393372 
48 0 0.498535 0.391846 0.03125 0.0385437 
46 0 0.0148315 0.244873 0.0301514 0.0440063 
45 0 0.487549 0.864746 0.0281219 0.0375061 
44 0 0.573242 0.887695 0.03125 0.0333252 
43 0 0.577148 0.150269 0.0296936 0.0337219 
42 0 0.567871 0.102722 0.0296936 0.0369263 
41 0 0.217163 0.160889 0.026947 0.0376282 
40 0 0.311035 0.310303 0.0271454 0.0375061 
39 0 0.772461 0.653809 0.0300751 0.0385437 
34 0 0.584473 0.121887 0.03125 0.0395813 
32 0 0.297607 0.106262 0.0298767 0.0378113 
31 0 0.250977 0.562012 0.0273438 0.0354309 
29 0 0.0281982 0.730957 0.0310059 0.0416565 
27 0 0.237549 0.580078 0.028717 0.0390625 
26 0 0.132568 0.196899 0.0338745 0.0438843 
25 0 0.640625 0.502441 0.0273438 0.0346375 
24 0 0.271729 0.414551 0.0308533 0.0380249 
23 0 0.666992 0.139038 0.0332031 0.0386658 
22 0 0.283203 0.216919 0.033783 0.040741 
21 0 0.0828247 0.805176 0.0281219 0.0348816 
20 0 0.510742 0.726074 0.0394592 0.046875 
19 0 0.0892334 0.963379 0.029541 0.0380249 
18 0 0.828125 0.434326 0.0328064 0.0401001 
17 0 0.192139 0.844727 0.0316467 0.0395813 
16 0 0.353271 0.315674 0.0308533 0.038269 
14 0 0.854004 0.749023 0.0328064 0.0437622 
13 0 0.869629 0.408447 0.0296936 0.0416565 
12 0 0.936035 0.209229 0.0406189 0.053894 
7 0 0.708496 0.635254 0.0308533 0.0375061 
6 0 0.847656 0.837402 0.0265656 0.0348816 
5 0 0.852539 0.228149 0.0453186 0.0562439 
4 0 0.601562 0.212524 0.0320435 0.0430908 
3 0 0.773438 0.0738525 0.0292969 0.0352783 
2 0 0.242188 0.856445 0.0296936 0.0401001 
1 0 0.646973 0.561523 0.0277405 0.0348816 
