199 0 0.307861 0.343994 0.0216827 0.0286407 
198 0 0.835938 0.96582 0.03125 0.0395813 
195 0 0.0406189 0.984375 0.03125 0.03125 
191 0 0.0430298 0.365723 0.0369873 0.0479126 
189 0 0.0131836 0.254883 0.0260315 0.0421753 
188 0 0.676758 0.585449 0.0308533 0.0406189 
132 0 0.636719 0.419678 0.0359497 0.0479126 
112 0 0.594238 0.0568237 0.03125 0.0380249 
111 0 0.743164 0.756348 0.0289001 0.0359497 
109 0 0.629883 0.804199 0.0379028 0.0458374 
85 0 0.19397 0.421143 0.029007 0.0375061 
76 0 0.831055 0.824707 0.0320435 0.0385437 
62 0 0.238647 0.343262 0.0296936 0.0393372 
51 0 0.563965 0.160522 0.0265656 0.033844 
49 0 0.586914 0.496826 0.0320435 0.0395813 
48 0 0.496094 0.392822 0.0328064 0.0395813 
45 0 0.486816 0.865723 0.0296936 0.0390625 
44 0 0.569336 0.895996 0.0296936 0.0359497 
43 0 0.577148 0.151001 0.0308533 0.0354309 
42 0 0.569336 0.101379 0.0296936 0.0367126 
41 0 0.217529 0.176025 0.0261688 0.038147 
40 0 0.311035 0.311523 0.0281219 0.0390625 
39 0 0.758301 0.595703 0.0320435 0.0432434 
34 0 0.585449 0.121887 0.0320435 0.0403137 
32 0 0.292236 0.109375 0.0279236 0.0346985 
31 0 0.237549 0.500977 0.0298767 0.0401001 
27 0 0.233398 0.575195 0.0281219 0.0406189 
26 0 0.132812 0.195801 0.0328064 0.0420532 
24 0 0.269531 0.419189 0.0298767 0.0367126 
23 0 0.665527 0.151001 0.0339966 0.0387878 
22 0 0.282715 0.217651 0.03125 0.0390625 
21 0 0.0828857 0.805176 0.027298 0.0354309 
20 0 0.509277 0.728027 0.0418091 0.0505066 
18 0 0.828125 0.434326 0.0335999 0.0395813 
17 0 0.191528 0.844727 0.0326233 0.0395813 
16 0 0.331299 0.375 0.0302734 0.0385437 
14 0 0.854004 0.745605 0.0359497 0.0458374 
13 0 0.868652 0.408447 0.0320435 0.0416565 
12 0 0.936035 0.209351 0.0406189 0.0557251 
7 0 0.708008 0.63623 0.0304718 0.0385437 
6 0 0.84668 0.841797 0.0281219 0.0333252 
5 0 0.853027 0.228149 0.046875 0.0562439 
4 0 0.602539 0.213257 0.0328064 0.0447998 
3 0 0.771973 0.071106 0.03125 0.0378113 
2 0 0.242188 0.856445 0.0308533 0.0416565 
1 0 0.645996 0.5625 0.0300751 0.0380249 
