554 0 0.182861 0.94043 0.0281219 0.0354309 
552 0 0.00931549 0.782227 0.0183411 0.0348816 
551 2 0.182861 0.941895 0.0282288 0.0364685 
547 0 0.63916 0.421875 0.0371094 0.0476685 
546 0 0.756836 0.0518188 0.0332031 0.0432434 
543 0 0.575195 0.112366 0.0339966 0.0390625 
514 0 0.0898438 0.963379 0.0300293 0.0406189 
506 0 0.956055 0.907227 0.0320435 0.0369873 
446 0 0.6875 0.463135 0.0324097 0.0419312 
440 1 0.79541 0.0785522 0.0300751 0.0387878 
421 0 0.578125 0.153076 0.0304718 0.0354309 
402 0 0.309814 0.192749 0.0353394 0.0415344 
338 0 0.492188 0.0313416 0.0347595 0.0420227 
308 0 0.829102 0.985352 0.0265656 0.0302124 
302 0 0.362549 0.0446167 0.03302 0.0413513 
264 0 0.260986 0.439697 0.03125 0.0375061 
257 0 0.722656 0.776855 0.0296936 0.0333252 
49 0 0.545898 0.571777 0.0359497 0.044281 
48 0 0.471191 0.426025 0.0402222 0.0575562 
45 0 0.486816 0.864746 0.0296936 0.0416565 
42 0 0.567871 0.105225 0.0296936 0.0354309 
41 0 0.307129 0.240356 0.0394592 0.0444031 
40 0 0.256348 0.368652 0.0285187 0.0375061 
34 0 0.583496 0.122925 0.0328064 0.0418701 
32 0 0.24292 0.153076 0.0328064 0.0393372 
27 0 0.233643 0.577148 0.0300751 0.0421753 
26 0 0.128906 0.199951 0.0392456 0.0544128 
23 0 0.647461 0.219116 0.0359497 0.0419312 
22 0 0.278076 0.226685 0.0341797 0.0401001 
21 0 0.0836182 0.806152 0.0303192 0.0385437 
20 0 0.494629 0.749023 0.0402222 0.0479126 
18 0 0.82959 0.435303 0.0343628 0.0416565 
17 0 0.192749 0.845703 0.0336914 0.0421753 
14 0 0.846191 0.754395 0.0328064 0.046875 
13 0 0.864746 0.413574 0.0328064 0.0437622 
12 0 0.936035 0.210205 0.0406189 0.0571594 
7 0 0.709473 0.632324 0.0324097 0.0406189 
6 0 0.837402 0.861816 0.0273438 0.0385437 
5 0 0.851562 0.235107 0.0421753 0.051178 
4 0 0.601562 0.21167 0.0300751 0.035553 
3 0 0.76416 0.098938 0.0300751 0.0362549 
2 0 0.238281 0.858398 0.0328064 0.0416565 
1 0 0.628906 0.605957 0.0292969 0.0395813 
