369 0 0.972656 0.852051 0.0390625 0.0499878 
362 0 0.310791 0.192139 0.0324097 0.037384 
348 0 0.233643 0.267334 0.0380859 0.0458374 
344 0 0.629883 0.804199 0.0375061 0.0416565 
338 0 0.503906 0.0197906 0.0296936 0.0353394 
308 0 0.830566 0.97998 0.0296936 0.0354309 
302 0 0.371826 0.0198364 0.0285187 0.032074 
289 0 0.65625 0.928223 0.0433655 0.0526123 
264 0 0.261719 0.439697 0.033783 0.0416565 
257 0 0.726562 0.773438 0.03125 0.0364685 
236 0 0.137085 0.52832 0.0344849 0.0445251 
132 0 0.638184 0.421875 0.0390625 0.0479126 
49 0 0.567383 0.533203 0.03125 0.038269 
48 0 0.47998 0.410156 0.0343628 0.0479126 
45 0 0.486816 0.865723 0.0332031 0.0437622 
42 0 0.569336 0.103149 0.0296936 0.0354309 
41 0 0.240479 0.193726 0.0300751 0.039856 
40 0 0.280518 0.340088 0.0283203 0.0408936 
39 0 0.734863 0.128906 0.0320435 0.0395203 
34 0 0.583496 0.120911 0.0328064 0.0384216 
32 0 0.257324 0.133301 0.03125 0.0383606 
27 0 0.235962 0.579102 0.0316467 0.0458374 
26 0 0.130493 0.198975 0.0365295 0.0475159 
23 0 0.657715 0.186401 0.0351562 0.0401001 
22 0 0.286621 0.218506 0.035553 0.038147 
21 0 0.0836792 0.805176 0.030365 0.0401001 
20 0 0.497559 0.741699 0.0429688 0.0499878 
18 0 0.829102 0.435059 0.0328064 0.0421753 
17 0 0.192139 0.845703 0.0347595 0.044281 
16 0 0.506348 0.468262 0.0332031 0.04245 
14 0 0.849121 0.754395 0.0328064 0.0458374 
13 0 0.864746 0.412598 0.0328064 0.0416565 
12 0 0.935059 0.210449 0.0390625 0.0536499 
7 0 0.709473 0.633301 0.03125 0.0375061 
6 0 0.842285 0.855957 0.0281219 0.0375061 
5 0 0.852539 0.229126 0.0421753 0.0505066 
4 0 0.602539 0.213501 0.0308533 0.0401001 
3 0 0.770996 0.083313 0.0320435 0.0381775 
2 0 0.239014 0.859375 0.0343628 0.0437622 
1 0 0.629883 0.585449 0.03125 0.0416565 
