511 0 0.410889 0.218018 0.0406189 0.0569153 
506 0 0.963379 0.888672 0.0359497 0.0375061 
502 0 0.469482 0.465576 0.0328064 0.0497437 
486 0 0.765625 0.0345154 0.03125 0.0402527 
446 0 0.662109 0.504883 0.0304718 0.0393372 
444 0 0.0117035 0.773926 0.0228271 0.0354309 
440 1 0.862305 0.141479 0.0304718 0.038269 
421 0 0.576172 0.154907 0.0304718 0.0363159 
402 0 0.310059 0.190674 0.0332031 0.0395813 
338 0 0.498535 0.0240021 0.0375061 0.0429382 
308 0 0.831055 0.983398 0.0281219 0.0333252 
302 0 0.364502 0.0364075 0.0341797 0.0427551 
264 0 0.260986 0.441162 0.0343628 0.04245 
257 0 0.723633 0.775879 0.0316467 0.0364685 
49 0 0.554688 0.557617 0.0343628 0.0437622 
48 0 0.474121 0.416748 0.0402222 0.0562439 
45 0 0.487549 0.865723 0.0292969 0.0406189 
42 0 0.568848 0.103149 0.0281219 0.0348206 
41 0 0.303955 0.250488 0.0349731 0.0384216 
40 0 0.263184 0.363281 0.0294952 0.0406189 
34 0 0.584473 0.121887 0.03125 0.0395813 
32 0 0.243408 0.153076 0.0322266 0.0393372 
27 0 0.235107 0.578125 0.0326233 0.0437622 
26 0 0.129639 0.199951 0.0406189 0.0541687 
23 0 0.65625 0.202026 0.0343628 0.0420532 
22 0 0.283691 0.221924 0.035553 0.0438843 
21 0 0.0828247 0.807129 0.0314331 0.0395813 
20 0 0.494629 0.74707 0.042572 0.0520935 
18 0 0.830566 0.435303 0.0328064 0.0411377 
17 0 0.192993 0.84668 0.0359497 0.0437622 
14 0 0.84668 0.755371 0.03125 0.0437622 
13 0 0.864746 0.413086 0.0328064 0.0414124 
12 0 0.93457 0.211182 0.0414124 0.0571594 
7 0 0.709473 0.633789 0.03125 0.0406189 
6 0 0.839844 0.859375 0.0265656 0.0395813 
5 0 0.853027 0.229126 0.0429688 0.0497437 
4 0 0.601562 0.212769 0.0300751 0.0363159 
3 0 0.76709 0.0958252 0.0300751 0.0374451 
2 0 0.239014 0.858398 0.0339966 0.0416565 
1 0 0.631836 0.604004 0.0304718 0.0406189 
