56 0 0.657715 0.92627 0.038269 0.0531311 
55 0 0.747559 0.974609 0.0277405 0.0375061 
53 0 0.435059 0.744141 0.0339966 0.0426941 
51 0 0.563477 0.159424 0.0257874 0.0313721 
50 0 0.314209 0.180176 0.0257874 0.0346375 
49 0 0.588379 0.484375 0.0316467 0.039856 
48 0 0.501465 0.384277 0.03125 0.0351562 
47 0 0.746094 0.741699 0.0296936 0.0375061 
45 0 0.489014 0.866699 0.0308533 0.0375061 
44 0 0.585938 0.87207 0.0343628 0.0380249 
43 0 0.579102 0.150146 0.026947 0.0322876 
42 0 0.567383 0.102417 0.03125 0.038269 
41 0 0.190186 0.110229 0.0264587 0.038269 
40 0 0.317139 0.305176 0.0251923 0.0395813 
39 0 0.729492 0.84668 0.0308533 0.0421753 
38 0 0.202515 0.633301 0.0320435 0.0421753 
37 0 0.864258 0.638672 0.0289001 0.0390625 
36 0 0.671875 0.963379 0.0292969 0.0380249 
34 0 0.584961 0.122986 0.0296936 0.0371094 
33 0 0.825195 0.669922 0.0304718 0.0401001 
32 0 0.311768 0.0947876 0.0267639 0.0383606 
31 0 0.384033 0.785645 0.0341797 0.0390625 
29 0 0.0304718 0.726074 0.0296326 0.0432434 
27 0 0.239014 0.578613 0.0292969 0.0426941 
26 0 0.133545 0.192871 0.0325317 0.0440063 
25 0 0.563477 0.213379 0.0292969 0.0377502 
24 0 0.27417 0.412598 0.0296936 0.0375061 
23 0 0.674805 0.196411 0.0296936 0.042572 
22 0 0.283691 0.217651 0.0324097 0.0397034 
21 0 0.0836182 0.804199 0.0297852 0.0385437 
20 0 0.515625 0.717773 0.042572 0.0515747 
19 0 0.0897827 0.962402 0.0331116 0.0421753 
18 0 0.825684 0.431152 0.0328064 0.0414124 
17 0 0.192017 0.84375 0.0304718 0.0375061 
16 0 0.45459 0.116882 0.0308533 0.0389404 
15 0 0.0470581 0.356934 0.0337219 0.0426941 
14 0 0.854004 0.748047 0.0328064 0.0453186 
13 0 0.869629 0.40625 0.03125 0.0414124 
12 0 0.936035 0.208374 0.0406189 0.0545654 
11 0 0.728027 0.122375 0.03125 0.0384827 
10 0 0.671875 0.131226 0.0324097 0.0374451 
9 0 0.637695 0.419678 0.0339966 0.0479126 
8 0 0.836914 0.962402 0.0296936 0.0375061 
7 0 0.708496 0.639648 0.0277405 0.0359497 
6 0 0.84668 0.837402 0.0281219 0.0375061 
5 0 0.853027 0.228149 0.046875 0.0570374 
4 0 0.602539 0.210938 0.0300751 0.044281 
3 0 0.770508 0.0634155 0.0292969 0.0386047 
2 0 0.24292 0.848145 0.0300751 0.0416565 
1 0 0.645996 0.5625 0.0281219 0.0375061 
