428 0 0.973633 0.862305 0.0375061 0.0458374 
424 0 0.637695 0.421387 0.0394592 0.0515747 
423 0 0.0519409 0.0741577 0.0337524 0.0426025 
421 0 0.577148 0.153076 0.0296936 0.0354309 
419 0 0.469482 0.467285 0.0332031 0.0492249 
417 0 0.606934 0.52002 0.0347595 0.0414124 
402 0 0.311523 0.189575 0.0324097 0.0372314 
390 0 0.929688 0.243408 0.0343628 0.0411377 
371 0 0.52832 0.981445 0.0328064 0.0333252 
348 0 0.0980225 0.281494 0.0354614 0.0469971 
338 0 0.500977 0.0221252 0.0324097 0.0388489 
308 0 0.831055 0.981445 0.0281219 0.0333252 
302 0 0.366455 0.0270233 0.0328064 0.038147 
264 0 0.260986 0.439697 0.033783 0.0414124 
257 0 0.725586 0.773926 0.0296936 0.0354309 
236 0 0.0872803 0.541504 0.0333557 0.0414124 
49 0 0.566895 0.538086 0.0351562 0.0429688 
48 0 0.478027 0.412598 0.0375061 0.0499878 
45 0 0.486816 0.865723 0.0296936 0.0437622 
42 0 0.568848 0.103149 0.0289001 0.0354309 
41 0 0.262939 0.231812 0.0349731 0.0410156 
40 0 0.27417 0.353027 0.0296936 0.0395813 
39 0 0.675781 0.0614624 0.03125 0.0401001 
34 0 0.584473 0.121094 0.03125 0.038208 
32 0 0.249268 0.144775 0.0328064 0.0388794 
27 0 0.234375 0.578125 0.03125 0.0437622 
26 0 0.130371 0.198975 0.0376892 0.0483093 
23 0 0.655273 0.192749 0.0367126 0.0437622 
22 0 0.284424 0.218994 0.0343628 0.0406189 
21 0 0.0843506 0.805176 0.0309601 0.0395813 
20 0 0.496094 0.743652 0.0421753 0.049469 
18 0 0.830566 0.435303 0.0328064 0.0416565 
17 0 0.192993 0.845703 0.0360413 0.0458374 
14 0 0.84668 0.755371 0.0320435 0.0437622 
13 0 0.864258 0.412598 0.0343628 0.0447998 
12 0 0.936035 0.205444 0.0375061 0.0502625 
7 0 0.709473 0.632812 0.03125 0.0385437 
6 0 0.841309 0.858398 0.0265656 0.0390625 
5 0 0.853027 0.229126 0.0437622 0.0499878 
4 0 0.602539 0.213501 0.0300751 0.0393372 
3 0 0.768555 0.088623 0.03125 0.038147 
2 0 0.239868 0.856445 0.0328064 0.0406189 
1 0 0.62793 0.591797 0.0335999 0.0447998 
