612 2 0.0125351 0.726562 0.0255127 0.0375061 
610 0 0.252441 0.430908 0.0246124 0.0328064 
609 0 0.492188 0.0305634 0.03125 0.0390015 
607 0 0.601562 0.212524 0.03125 0.0379028 
599 0 0.575195 0.11145 0.0343628 0.0408325 
588 0 0.983398 0.380615 0.0296936 0.0372314 
547 0 0.637695 0.420898 0.0375061 0.0450439 
546 0 0.75 0.0686646 0.0328064 0.0431213 
514 0 0.0890503 0.963379 0.031311 0.0437622 
506 0 0.946777 0.927246 0.0343628 0.0375061 
446 0 0.757812 0.389893 0.0296936 0.0401001 
338 0 0.487549 0.0386658 0.0308533 0.0392456 
308 0 0.825195 0.986328 0.0281219 0.0270844 
302 0 0.358887 0.0523987 0.0285187 0.0352783 
264 0 0.26123 0.4375 0.0314331 0.0369873 
257 0 0.71875 0.780273 0.0300751 0.0348816 
49 0 0.536621 0.583496 0.0328064 0.0432434 
48 0 0.467285 0.431152 0.0371094 0.0533752 
45 0 0.48584 0.864746 0.03125 0.0416565 
42 0 0.568848 0.104187 0.0281219 0.0334778 
41 0 0.312744 0.228027 0.0332031 0.0395813 
40 0 0.247681 0.37085 0.0298767 0.0408936 
34 0 0.583008 0.12085 0.0335999 0.0419312 
32 0 0.242188 0.157349 0.0306702 0.0347595 
27 0 0.233643 0.577148 0.0289001 0.0416565 
26 0 0.130493 0.199707 0.0360413 0.049469 
23 0 0.639648 0.231201 0.0347595 0.0414124 
22 0 0.27417 0.2323 0.0322266 0.0386658 
21 0 0.0836182 0.805664 0.029541 0.0375061 
20 0 0.490967 0.751953 0.0414124 0.0458374 
18 0 0.829102 0.434326 0.0328064 0.039856 
17 0 0.192139 0.845703 0.0347595 0.0416565 
14 0 0.84375 0.754395 0.0343628 0.0499878 
13 0 0.864746 0.413574 0.0328064 0.0437622 
12 0 0.936035 0.207275 0.0390625 0.056366 
7 0 0.708496 0.631348 0.0316467 0.0416565 
6 0 0.835938 0.866699 0.0265656 0.0416565 
5 0 0.851562 0.235107 0.0406189 0.0493469 
3 0 0.760742 0.0999756 0.03125 0.0375061 
2 0 0.237061 0.857422 0.0306702 0.0401001 
1 0 0.631836 0.610352 0.0320435 0.0416565 
