475 0 0.469482 0.467773 0.0328064 0.0487061 
474 0 0.966309 0.875977 0.0359497 0.0390625 
446 0 0.652344 0.541992 0.03125 0.0419312 
444 0 0.0133667 0.770996 0.0238037 0.0380249 
440 1 0.889648 0.191528 0.03125 0.0393372 
434 0 0.279785 0.397949 0.0244141 0.0322876 
421 0 0.578125 0.153076 0.0289001 0.0342407 
402 0 0.313965 0.190674 0.0367126 0.0416565 
338 0 0.499268 0.0239563 0.0347595 0.0396423 
308 0 0.831055 0.983398 0.0281219 0.0333252 
302 0 0.365723 0.0314026 0.0341797 0.0405884 
264 0 0.260986 0.440674 0.0343628 0.0429688 
257 0 0.723633 0.774414 0.03125 0.0364685 
49 0 0.556641 0.545898 0.0320435 0.04245 
48 0 0.476562 0.414062 0.0363159 0.0463562 
45 0 0.487549 0.864746 0.0308533 0.0421753 
42 0 0.569336 0.103149 0.0296936 0.0365906 
41 0 0.291504 0.252197 0.0343628 0.0401001 
40 0 0.269531 0.36084 0.0296936 0.0419312 
39 0 0.594727 0.058136 0.0316467 0.0367432 
34 0 0.584473 0.121216 0.0320435 0.0401611 
32 0 0.244507 0.154175 0.0324097 0.0379028 
27 0 0.235107 0.577148 0.0328064 0.0453186 
26 0 0.128906 0.198975 0.0391541 0.0522156 
23 0 0.655273 0.19751 0.0359497 0.0437622 
22 0 0.283691 0.21875 0.0359497 0.0419312 
21 0 0.0828247 0.805176 0.03125 0.0395813 
20 0 0.496094 0.745605 0.0421753 0.049469 
18 0 0.82959 0.435791 0.03125 0.0406189 
17 0 0.192993 0.84668 0.0359497 0.0437622 
14 0 0.84668 0.754395 0.0328064 0.0453186 
13 0 0.864258 0.412598 0.0343628 0.0416565 
12 0 0.935059 0.208374 0.0359497 0.0507812 
7 0 0.709473 0.633301 0.03125 0.0390625 
6 0 0.84082 0.859375 0.0281219 0.0395813 
5 0 0.853027 0.228882 0.0429688 0.049469 
4 0 0.603027 0.2146 0.0300751 0.0375061 
3 0 0.768066 0.0923462 0.0320435 0.0400391 
2 0 0.239868 0.857422 0.0328064 0.0395813 
1 0 0.630371 0.601074 0.0304718 0.0395813 
