446 0 0.629395 0.58252 0.0320435 0.0401001 
445 0 0.575684 0.109375 0.0359497 0.0401001 
440 1 0.911133 0.245605 0.0328064 0.0372314 
434 0 0.28125 0.388428 0.0277405 0.0330811 
421 0 0.577637 0.153076 0.0289001 0.0334778 
402 0 0.311768 0.19165 0.0306702 0.0369873 
371 0 0.53125 0.984375 0.0367126 0.03125 
348 0 0.0669556 0.271729 0.0363159 0.0491028 
338 0 0.500977 0.0228882 0.0328064 0.0378113 
308 0 0.831055 0.983398 0.0281219 0.0333252 
302 0 0.366455 0.0290985 0.0332031 0.0386658 
264 0 0.260986 0.439697 0.0347595 0.0416565 
257 0 0.724121 0.772949 0.0296936 0.0375061 
236 0 0.0678101 0.579102 0.0328979 0.0401001 
49 0 0.563477 0.532715 0.0304718 0.0367126 
48 0 0.477295 0.412842 0.0371094 0.0484314 
45 0 0.486816 0.864746 0.0296936 0.0416565 
42 0 0.568848 0.103149 0.0285187 0.0354309 
41 0 0.270996 0.238159 0.0335999 0.0387878 
40 0 0.272705 0.355225 0.0296936 0.0401001 
39 0 0.644531 0.0630493 0.0324097 0.0399475 
34 0 0.583496 0.12085 0.03125 0.0375061 
32 0 0.247681 0.147949 0.0328064 0.0379028 
27 0 0.234619 0.578125 0.0316467 0.0437622 
26 0 0.129639 0.198975 0.0376892 0.0484314 
23 0 0.655273 0.193726 0.0351562 0.0414124 
22 0 0.283691 0.217407 0.0335999 0.0380249 
21 0 0.0836182 0.805176 0.0327759 0.0401001 
20 0 0.496094 0.745605 0.0421753 0.0499878 
18 0 0.82959 0.435303 0.0328064 0.0416565 
17 0 0.192261 0.84668 0.0369263 0.0473938 
14 0 0.84668 0.755371 0.0320435 0.0437622 
13 0 0.864258 0.413574 0.0343628 0.0437622 
12 0 0.936035 0.207031 0.0343628 0.0472717 
7 0 0.709473 0.633301 0.03125 0.0411377 
6 0 0.84082 0.859375 0.0273438 0.0395813 
5 0 0.852539 0.22937 0.0421753 0.049469 
4 0 0.602539 0.213745 0.0296936 0.038147 
3 0 0.768555 0.088562 0.03125 0.039917 
2 0 0.239868 0.858398 0.0332031 0.0426941 
1 0 0.630371 0.594727 0.0347595 0.0432434 
