172 0 0.836914 0.964355 0.0296936 0.0375061 
171 0 0.983398 0.866699 0.0265656 0.0354309 
148 0 0.989258 0.788086 0.0234375 0.0385437 
132 0 0.635742 0.418701 0.0339966 0.0453186 
112 0 0.613281 0.085083 0.0308533 0.0396118 
111 0 0.743164 0.754395 0.0265656 0.033844 
109 0 0.630371 0.804199 0.0367126 0.0416565 
85 0 0.28125 0.480713 0.0310516 0.0380249 
76 0 0.778809 0.833984 0.0296936 0.0364685 
62 0 0.207031 0.317139 0.0306702 0.0390625 
51 0 0.563477 0.15979 0.026947 0.033844 
49 0 0.587402 0.495605 0.03125 0.0401001 
48 0 0.497559 0.391602 0.0328064 0.0375061 
45 0 0.486816 0.865723 0.0296936 0.0354309 
44 0 0.571289 0.889648 0.0292969 0.0333252 
43 0 0.578125 0.151001 0.0304718 0.0351562 
42 0 0.567383 0.103149 0.0273438 0.0354919 
41 0 0.216553 0.164307 0.0285187 0.0376282 
40 0 0.310059 0.310303 0.0271454 0.0375061 
39 0 0.788086 0.63623 0.0339966 0.0401001 
34 0 0.585938 0.121887 0.0304718 0.0396423 
32 0 0.29541 0.106262 0.028717 0.0371704 
31 0 0.25708 0.547363 0.0308533 0.039856 
29 0 0.0296936 0.733887 0.0284119 0.0395813 
27 0 0.236572 0.571777 0.0285187 0.0395813 
26 0 0.132202 0.196777 0.0327148 0.044281 
25 0 0.668945 0.514648 0.0281219 0.0354309 
24 0 0.270996 0.418701 0.0296936 0.0369873 
23 0 0.665527 0.146606 0.0343628 0.0402222 
22 0 0.282715 0.217651 0.0332031 0.039856 
21 0 0.0828247 0.805176 0.0281219 0.0354309 
20 0 0.510254 0.728027 0.0410156 0.0479126 
18 0 0.828125 0.43335 0.0328064 0.0416565 
17 0 0.192139 0.844727 0.03125 0.0395813 
16 0 0.363525 0.3396 0.0285187 0.0354309 
14 0 0.853027 0.749023 0.0343628 0.0437622 
13 0 0.869629 0.408447 0.0296936 0.0416565 
12 0 0.936035 0.209106 0.0406189 0.0544128 
7 0 0.708496 0.638672 0.0296936 0.0385437 
6 0 0.84668 0.838379 0.0273438 0.0354309 
5 0 0.852539 0.228394 0.0453186 0.0557251 
4 0 0.601562 0.213501 0.03125 0.0393372 
3 0 0.770996 0.0692749 0.0296936 0.03479 
2 0 0.242188 0.856445 0.0298767 0.0416565 
1 0 0.645996 0.561523 0.0285187 0.0369873 
