663 0 0.25 0.436768 0.025589 0.0322876 
659 0 0.56543 0.1604 0.0289001 0.0343628 
645 0 0.638184 0.422607 0.0359497 0.0447998 
619 0 0.578125 0.150024 0.03125 0.0375061 
607 0 0.601562 0.209839 0.0316467 0.0395813 
588 0 0.947754 0.444824 0.0328064 0.0408936 
546 0 0.744629 0.0770264 0.0339966 0.0420227 
514 0 0.0898438 0.963379 0.0296936 0.0380249 
506 0 0.942383 0.939453 0.0335999 0.0390625 
446 0 0.81543 0.415039 0.0351562 0.0411377 
338 0 0.484375 0.0418701 0.0281219 0.0372009 
308 0 0.824219 0.987305 0.0265656 0.0249939 
302 0 0.357178 0.0560608 0.0292969 0.037262 
264 0 0.26123 0.438477 0.033783 0.0390625 
257 0 0.717773 0.78125 0.0292969 0.0333252 
49 0 0.532715 0.589355 0.03125 0.0416565 
48 0 0.458496 0.429932 0.038269 0.0515747 
45 0 0.486816 0.86377 0.0296936 0.0411377 
42 0 0.569336 0.104126 0.0304718 0.0375061 
41 0 0.313232 0.22522 0.0328064 0.0421753 
40 0 0.244507 0.371826 0.026947 0.0385437 
34 0 0.583008 0.12085 0.0343628 0.0416565 
32 0 0.238281 0.166626 0.0304718 0.0345154 
27 0 0.233643 0.576172 0.0296936 0.0437622 
26 0 0.130493 0.198975 0.0356445 0.0479126 
23 0 0.635254 0.235474 0.0359497 0.0416565 
22 0 0.273438 0.23645 0.0343628 0.0395813 
21 0 0.0843506 0.805176 0.0280304 0.0348816 
20 0 0.490723 0.75293 0.0414124 0.0473938 
18 0 0.82959 0.436035 0.0328064 0.0372314 
17 0 0.192139 0.845703 0.0342712 0.0416565 
14 0 0.842285 0.754395 0.0343628 0.0484314 
13 0 0.865723 0.413574 0.0320435 0.0395813 
12 0 0.936035 0.209351 0.0406189 0.0559998 
7 0 0.708496 0.631348 0.0335999 0.0416565 
6 0 0.834473 0.868652 0.0249939 0.0385437 
5 0 0.851562 0.235962 0.0437622 0.0509033 
3 0 0.759277 0.100647 0.03125 0.0364075 
2 0 0.236694 0.857422 0.0296936 0.0395813 
1 0 0.630371 0.609863 0.0328064 0.0406189 
