842 0 0.627441 0.0156708 0.0296936 0.0315552 
841 0 0.190063 0.803711 0.029007 0.0416565 
840 0 0.62793 0.802246 0.0343628 0.0416565 
836 0 0.563477 0.1604 0.0265656 0.0333252 
835 0 0.190796 0.84668 0.0347595 0.0432434 
834 0 0.823242 0.987305 0.0273438 0.0249939 
810 0 0.408691 0.217651 0.0359497 0.0437622 
800 0 0.308838 0.194824 0.0277405 0.03125 
792 0 0.097168 0.963379 0.0360718 0.0437622 
790 0 0.782715 0.251221 0.0300751 0.038147 
777 0 0.747559 0.905273 0.0324097 0.0390625 
747 0 0.741211 0.13855 0.0296936 0.0353394 
729 0 0.716309 0.787598 0.0265656 0.0333252 
724 0 0.507812 0.03125 0.0249939 0.0332642 
712 0 0.226318 0.47876 0.0234375 0.029953 
686 0 0.936035 0.206299 0.038269 0.0501404 
645 0 0.637695 0.419678 0.0379028 0.0479126 
619 0 0.578125 0.148926 0.0281219 0.0354309 
607 0 0.601562 0.209351 0.0304718 0.0428467 
546 0 0.709473 0.14624 0.0328064 0.0429077 
446 0 0.861816 0.4104 0.0296936 0.0375061 
338 0 0.47583 0.0531311 0.0265656 0.0394592 
302 0 0.354004 0.0697632 0.0261688 0.0309906 
264 0 0.260986 0.434326 0.0281219 0.0354309 
49 0 0.50293 0.612305 0.0335999 0.0473938 
48 0 0.457031 0.463623 0.0332031 0.0406189 
45 0 0.487549 0.861328 0.03125 0.0395813 
42 0 0.571289 0.102112 0.0265656 0.0333252 
41 0 0.250732 0.203613 0.0314331 0.038147 
40 0 0.222046 0.396973 0.0304718 0.0440063 
34 0 0.583496 0.12085 0.0328064 0.0375061 
32 0 0.211182 0.18335 0.0292969 0.0333252 
27 0 0.235962 0.567871 0.03125 0.0473938 
26 0 0.12915 0.196655 0.033783 0.0447998 
23 0 0.625 0.240601 0.03125 0.0395813 
22 0 0.26416 0.261475 0.0347595 0.0440063 
21 0 0.0841675 0.803223 0.0322876 0.0395813 
18 0 0.825684 0.431152 0.0328064 0.0377502 
14 0 0.842285 0.772461 0.0335999 0.0416565 
7 0 0.708496 0.630371 0.0328064 0.0432434 
6 0 0.832031 0.871582 0.0296936 0.0385437 
5 0 0.851562 0.234375 0.0414124 0.0475159 
2 0 0.236694 0.856934 0.0328064 0.0447998 
1 0 0.630371 0.615723 0.0296936 0.0395813 
