855 0 0.823242 0.987305 0.0281219 0.0249939 
850 0 0.0422058 0.984375 0.0370483 0.03125 
845 0 0.106262 0.984375 0.0291443 0.0322876 
841 0 0.207397 0.739746 0.0301819 0.0421753 
836 0 0.561035 0.1604 0.0281219 0.0376282 
835 0 0.192505 0.85498 0.0380859 0.049469 
810 0 0.407715 0.217651 0.0351562 0.0444031 
800 0 0.307861 0.195801 0.0281219 0.0330811 
790 0 0.803711 0.340088 0.0292969 0.0375061 
777 0 0.708984 0.94043 0.0320435 0.0395813 
747 0 0.73584 0.150024 0.0300751 0.0377502 
729 0 0.713867 0.787598 0.0277405 0.0333252 
724 0 0.506836 0.0333862 0.0265656 0.0332642 
712 0 0.224243 0.483398 0.0265656 0.0333252 
686 0 0.935059 0.205444 0.0359497 0.0471497 
619 0 0.578125 0.148804 0.0285187 0.0359497 
607 0 0.602051 0.208374 0.0304718 0.0450439 
546 0 0.705566 0.154907 0.0328064 0.0423279 
446 0 0.861816 0.409424 0.0296936 0.0359497 
338 0 0.475098 0.0552063 0.0273438 0.0391541 
302 0 0.352295 0.0718994 0.026947 0.0314636 
264 0 0.260498 0.432373 0.028717 0.0395813 
49 0 0.494629 0.615723 0.0328064 0.0437622 
48 0 0.45459 0.466553 0.0343628 0.0416565 
45 0 0.487549 0.862305 0.03125 0.0416565 
42 0 0.570312 0.102112 0.0281219 0.0333252 
41 0 0.212158 0.21875 0.0315552 0.0371094 
40 0 0.217163 0.403076 0.03125 0.0434875 
34 0 0.583496 0.120544 0.0324097 0.0379639 
32 0 0.208618 0.188599 0.0292969 0.0352783 
27 0 0.235107 0.566895 0.0335999 0.0499878 
26 0 0.128906 0.195923 0.0333862 0.0432434 
23 0 0.625 0.240601 0.0320435 0.0395813 
22 0 0.260986 0.266602 0.0349731 0.042572 
21 0 0.0836182 0.80127 0.0328064 0.0401001 
18 0 0.82666 0.431152 0.03125 0.0375061 
14 0 0.836914 0.77832 0.0359497 0.046875 
7 0 0.708496 0.629395 0.0328064 0.0416565 
6 0 0.830566 0.869629 0.0296936 0.0395813 
5 0 0.851562 0.231567 0.0437622 0.0483093 
2 0 0.236938 0.856445 0.03125 0.0432434 
1 0 0.630371 0.615723 0.0296936 0.0395813 
