228 0 0.71875 0.669922 0.0277405 0.0348816 
225 0 0.56543 0.158325 0.026947 0.0330811 
213 0 0.916992 0.880371 0.0320435 0.0375061 
211 0 0.307373 0.344238 0.0232391 0.0296936 
198 0 0.835938 0.96875 0.0281219 0.0375061 
132 0 0.636719 0.421631 0.0359497 0.0489502 
112 0 0.582031 0.019455 0.0316467 0.0337524 
109 0 0.629883 0.805176 0.0351562 0.0437622 
85 0 0.0762939 0.31543 0.0315552 0.0406189 
49 0 0.584473 0.501465 0.0335999 0.039856 
48 0 0.49292 0.396973 0.0320435 0.0395813 
45 0 0.486816 0.865723 0.0296936 0.0354309 
44 0 0.564941 0.908203 0.0292969 0.0328064 
43 0 0.577637 0.150635 0.0304718 0.0366516 
42 0 0.567383 0.103149 0.0308533 0.0397034 
41 0 0.220703 0.172974 0.0279236 0.037384 
40 0 0.306152 0.315674 0.0281219 0.0369873 
39 0 0.764648 0.535645 0.0343628 0.0432434 
34 0 0.584961 0.120422 0.0316467 0.0404358 
32 0 0.284424 0.115784 0.0283203 0.0357361 
31 0 0.206421 0.438477 0.029007 0.0361938 
27 0 0.234375 0.575195 0.0285187 0.0385437 
26 0 0.132568 0.195801 0.0326233 0.0426941 
24 0 0.269531 0.424072 0.0333862 0.0403748 
23 0 0.666504 0.158325 0.0359497 0.0420532 
22 0 0.283203 0.21814 0.0333862 0.0406189 
21 0 0.0836182 0.806152 0.0296936 0.0380249 
20 0 0.507812 0.72998 0.0433655 0.0520935 
18 0 0.828125 0.434326 0.0343628 0.0432434 
17 0 0.193115 0.844727 0.0315552 0.0395813 
16 0 0.293945 0.393311 0.0316467 0.0393372 
14 0 0.850586 0.749023 0.0359497 0.046875 
13 0 0.868652 0.409424 0.03125 0.0432434 
12 0 0.936035 0.208374 0.0406189 0.058197 
7 0 0.708496 0.634766 0.0316467 0.0395813 
6 0 0.848633 0.84375 0.0289001 0.0359497 
5 0 0.853027 0.229126 0.0453186 0.0541687 
4 0 0.600586 0.212524 0.0320435 0.0412903 
3 0 0.773438 0.0739746 0.03125 0.0396423 
2 0 0.240601 0.856445 0.0314331 0.0416565 
1 0 0.635742 0.56543 0.0308533 0.0406189 
