138 0 0.836914 0.96582 0.0296936 0.0385437 
132 0 0.636719 0.418701 0.0332031 0.0458374 
112 0 0.609375 0.117432 0.0316467 0.0353394 
111 0 0.743652 0.75293 0.0277405 0.0369873 
109 0 0.629883 0.803223 0.0367126 0.0416565 
85 0 0.318115 0.477539 0.0316467 0.0395813 
76 0 0.750977 0.829102 0.0296936 0.0390625 
62 0 0.201904 0.299072 0.029007 0.0387878 
51 0 0.563965 0.1604 0.0277405 0.0333252 
49 0 0.587402 0.491699 0.03125 0.0380249 
48 0 0.498535 0.391602 0.03125 0.0380249 
46 0 0.0140152 0.24585 0.0285645 0.0420532 
45 0 0.486816 0.866699 0.0289001 0.0364685 
44 0 0.573242 0.887695 0.03125 0.0333252 
43 0 0.578613 0.150024 0.0296936 0.0333862 
42 0 0.567383 0.102112 0.0289001 0.0371094 
41 0 0.214111 0.167725 0.025589 0.037384 
40 0 0.311768 0.310303 0.0265656 0.0375061 
39 0 0.765137 0.64502 0.0281219 0.0395813 
34 0 0.584961 0.121948 0.0308533 0.039978 
32 0 0.296143 0.10614 0.0298767 0.0380859 
31 0 0.244385 0.572266 0.0273438 0.0343628 
29 0 0.0289307 0.732422 0.0298767 0.0401001 
27 0 0.233032 0.576172 0.0273438 0.0369873 
26 0 0.13208 0.196167 0.0335083 0.044281 
25 0 0.646973 0.516113 0.0277405 0.0341187 
24 0 0.270996 0.415283 0.0304718 0.0369873 
23 0 0.668945 0.137451 0.0320435 0.0386658 
22 0 0.282959 0.217529 0.0339966 0.0406189 
21 0 0.0828247 0.805176 0.0281219 0.0354309 
20 0 0.510254 0.726074 0.0410156 0.0479126 
19 0 0.0891724 0.964355 0.0299377 0.0375061 
18 0 0.828125 0.434326 0.0320435 0.039856 
17 0 0.192017 0.844727 0.0319214 0.0395813 
16 0 0.355957 0.33374 0.0290985 0.038269 
14 0 0.853027 0.749023 0.0335999 0.0437622 
13 0 0.869629 0.408447 0.0296936 0.0416565 
12 0 0.936035 0.209595 0.0406189 0.0546875 
7 0 0.708496 0.635254 0.0316467 0.0401001 
6 0 0.848633 0.838379 0.0273438 0.0343628 
5 0 0.852539 0.228149 0.0453186 0.0562439 
4 0 0.601562 0.212524 0.0316467 0.0416565 
3 0 0.771973 0.0705566 0.0285187 0.0357361 
2 0 0.242188 0.85498 0.0290985 0.0395813 
1 0 0.646973 0.5625 0.0281219 0.0364685 
