570 0 0.259766 0.421875 0.0259705 0.0302124 
569 0 0.989258 0.323486 0.0218811 0.0387878 
567 0 0.199829 0.935547 0.0280304 0.0375061 
566 0 0.563477 0.161499 0.0289001 0.0354309 
563 0 0.309082 0.193481 0.0302734 0.0371094 
561 0 0.181885 0.941895 0.0284119 0.0364685 
547 0 0.638184 0.422607 0.0390625 0.0447998 
546 0 0.753906 0.0527954 0.035553 0.040741 
543 0 0.575195 0.107544 0.0351562 0.0465393 
514 0 0.0893555 0.963379 0.0314941 0.0411377 
446 0 0.711914 0.435059 0.0359497 0.0489502 
440 1 0.774414 0.0536499 0.0316467 0.0372314 
421 0 0.578125 0.150757 0.03125 0.0364685 
338 0 0.489746 0.0382996 0.0300751 0.0406189 
308 0 0.82666 0.985352 0.0281219 0.0291595 
302 0 0.361816 0.0479431 0.0328064 0.0417175 
264 0 0.26123 0.44165 0.0310516 0.0369873 
257 0 0.721191 0.779297 0.0296936 0.0333252 
49 0 0.544434 0.577148 0.0339966 0.0421753 
48 0 0.469482 0.427002 0.0390625 0.0533752 
45 0 0.48584 0.864746 0.03125 0.0432434 
42 0 0.567871 0.105103 0.0296936 0.0352783 
41 0 0.305664 0.238037 0.0367126 0.042572 
40 0 0.252441 0.368896 0.0289001 0.0369873 
34 0 0.583008 0.121887 0.0343628 0.0437622 
32 0 0.243774 0.155151 0.03125 0.0352783 
27 0 0.233643 0.577148 0.0296936 0.0432434 
26 0 0.130249 0.199829 0.0385742 0.0533752 
23 0 0.644531 0.224609 0.0359497 0.0419312 
22 0 0.277344 0.231323 0.0333862 0.0377502 
21 0 0.0841064 0.806152 0.029007 0.0380249 
20 0 0.493652 0.75 0.0406189 0.0463562 
18 0 0.82959 0.434326 0.0335999 0.0401001 
17 0 0.191406 0.84668 0.035553 0.0426941 
14 0 0.844727 0.754395 0.0328064 0.0458374 
13 0 0.864746 0.414551 0.0328064 0.0421753 
12 0 0.936035 0.208374 0.0390625 0.0583191 
7 0 0.708496 0.632324 0.0328064 0.0395813 
6 0 0.837402 0.864746 0.0281219 0.0416565 
5 0 0.852539 0.234375 0.0421753 0.0520935 
4 0 0.602539 0.212158 0.0316467 0.0387878 
3 0 0.762207 0.0993652 0.0328064 0.038208 
2 0 0.237549 0.859375 0.0308533 0.0390625 
1 0 0.630371 0.608398 0.0292969 0.0375061 
