0 0.994531 0.408333 0.0109375 0.05
0 0.0125 0.990625 0.025 0.01875
0 0.00625 0.0822917 0.0125 0.0479167
0 0.5625 0.159375 0.028125 0.0354167
0 0.040625 0.984375 0.034375 0.03125
0 0.4875 0.865625 0.03125 0.0395833
0 0.373437 0.764583 0.034375 0.0458333
0 0.660937 0.921875 0.0375 0.0479167
0 0.5875 0.484375 0.03125 0.0395833
0 0.059375 0.1875 0.034375 0.0458333
0 0.550781 0.235417 0.0296875 0.0375
0 0.673437 0.132292 0.034375 0.0395833
0 0.501562 0.384375 0.03125 0.0354167
0 0.585938 0.871875 0.034375 0.0395833
0 0.186719 0.113542 0.0328125 0.0395833
0 0.873438 0.666667 0.03125 0.0375
0 0.179688 0.613542 0.03125 0.0395833
0 0.935938 0.208333 0.040625 0.0541667
0 0.540625 0.985417 0.03125 0.0291667
0 0.434375 0.0947917 0.03125 0.0395833
0 0.317187 0.305208 0.025 0.0395833
0 0.985937 0.765625 0.028125 0.0395833
0 0.746094 0.740625 0.0296875 0.0354167
0 0.459375 0.785417 0.03125 0.0333333
0 0.310937 0.0947917 0.028125 0.0395833
0 0.723437 0.9875 0.028125 0.025
0 0.0296875 0.726042 0.03125 0.04375
0 0.805469 0.6375 0.0390625 0.0458333
0 0.584375 0.121875 0.03125 0.0395833
0 0.0210938 0.221875 0.0359375 0.04375
0 0.740625 0.0822917 0.03125 0.0395833
0 0.0898438 0.963542 0.0328125 0.0395833
0 0.730469 0.845833 0.0328125 0.0416667
0 0.0835937 0.804167 0.0296875 0.0375
0 0.567187 0.103125 0.034375 0.0395833
0 0.514844 0.71875 0.0421875 0.05
0 0.133594 0.19375 0.0328125 0.0458333
0 0.239063 0.579167 0.03125 0.0416667
0 0.191406 0.84375 0.0296875 0.0375
0 0.677344 0.189583 0.0328125 0.0458333
0 0.274219 0.4125 0.0296875 0.0375
0 0.283594 0.217708 0.0328125 0.0395833
0 0.826563 0.432292 0.034375 0.04375
0 0.86875 0.408333 0.03125 0.0416667
0 0.577344 0.151042 0.0296875 0.0354167
0 0.046875 0.358333 0.034375 0.0416667
0 0.65625 0.953125 0.034375 0.04375
0 0.836719 0.963542 0.0296875 0.0395833
0 0.707812 0.639583 0.028125 0.0375
0 0.853125 0.227083 0.046875 0.0541667
0 0.846094 0.8375 0.0296875 0.0375
0 0.636719 0.419792 0.0359375 0.0479167
0 0.771094 0.0635417 0.0296875 0.0395833
0 0.854688 0.747917 0.034375 0.0458333
0 0.602344 0.210417 0.0328125 0.0458333
0 0.242969 0.851042 0.0296875 0.0395833
0 0.646875 0.5625 0.028125 0.0375
