0 0.564062 0.160417 0.028125 0.0333333
0 0.936719 0.205208 0.0359375 0.0520833
0 0.982813 0.01875 0.028125 0.0333333
0 0.0125 0.989583 0.025 0.0208333
0 0.715625 0.130208 0.03125 0.0395833
0 0.715625 0.784375 0.028125 0.0354167
0 0.992188 0.682292 0.015625 0.0354167
0 0.261719 0.432292 0.0296875 0.0395833
0 0.628125 0.802083 0.034375 0.0375
0 0.851562 0.2375 0.040625 0.0458333
0 0.915625 0.9875 0.03125 0.025
0 0.6375 0.417708 0.0375 0.0479167
0 0.0421875 0.985417 0.034375 0.0291667
0 0.542188 0.985417 0.03125 0.0291667
0 0.753125 0.120833 0.0375 0.0416667
0 0.4875 0.863542 0.03125 0.0395833
0 0.222656 0.172917 0.0296875 0.0333333
0 0.227344 0.3875 0.0296875 0.0416667
0 0.0882813 0.964583 0.0296875 0.0375
0 0.459375 0.447917 0.0375 0.05
0 0.476562 0.053125 0.028125 0.0395833
0 0.235938 0.570833 0.03125 0.0416667
0 0.571094 0.102083 0.0296875 0.0375
0 0.171094 0.860417 0.0296875 0.0375
0 0.823438 0.989583 0.028125 0.0208333
0 0.632031 0.0125 0.0296875 0.025
0 0.266406 0.25 0.0328125 0.0416667
0 0.0875 0.854167 0.028125 0.0416667
0 0.835938 0.797917 0.028125 0.0375
0 0.23125 0.46875 0.021875 0.0291667
0 0.191406 0.846875 0.0328125 0.0395833
0 0.288281 0.209375 0.0328125 0.0395833
0 0.129688 0.196875 0.034375 0.0479167
0 0.508594 0.0291667 0.0265625 0.0375
0 0.355469 0.06875 0.0296875 0.0333333
0 0.511719 0.607292 0.0328125 0.0479167
0 0.58125 0.120833 0.03125 0.0375
0 0.084375 0.802083 0.03125 0.0375
0 0.626562 0.240625 0.034375 0.0395833
0 0.832812 0.871875 0.028125 0.0354167
0 0.860156 0.410417 0.0296875 0.0375
0 0.827344 0.433333 0.0328125 0.0416667
0 0.709375 0.630208 0.03125 0.0395833
0 0.602344 0.209375 0.0296875 0.04375
0 0.989062 0.411458 0.021875 0.0479167
0 0.832812 0.755208 0.03125 0.04375
0 0.630469 0.616667 0.0296875 0.0416667
0 0.578906 0.15 0.0296875 0.0375
0 0.2375 0.857292 0.03125 0.04375
