0 0.307813 0.342708 0.021875 0.0270833
0 0.991406 0.679167 0.0140625 0.0458333
0 0.0125 0.990625 0.025 0.01875
0 0.994531 0.408333 0.0109375 0.05
0 0.00625 0.394792 0.0125 0.0395833
0 0.657031 0.564583 0.0296875 0.0375
0 0.486719 0.865625 0.0296875 0.0395833
0 0.564062 0.159375 0.028125 0.0354167
0 0.04375 0.365625 0.034375 0.04375
0 0.503906 0.0114583 0.0296875 0.0229167
0 0.240625 0.571875 0.028125 0.0395833
0 0.247656 0.520833 0.0296875 0.0333333
0 0.541406 0.985417 0.0328125 0.0291667
0 0.040625 0.985417 0.03125 0.0291667
0 0.0132813 0.252083 0.0265625 0.0416667
0 0.217187 0.16875 0.028125 0.0375
0 0.21875 0.315625 0.03125 0.0395833
0 0.0265625 0.735417 0.028125 0.0375
0 0.835938 0.964583 0.028125 0.0375
0 0.24375 0.472917 0.028125 0.0333333
0 0.742188 0.75625 0.028125 0.0375
0 0.345313 0.360417 0.03125 0.0375
0 0.0890625 0.964583 0.03125 0.0375
0 0.666406 0.15 0.0328125 0.0375
0 0.6375 0.41875 0.034375 0.0458333
0 0.985156 0.864583 0.0265625 0.0375
0 0.496875 0.391667 0.03125 0.0375
0 0.294531 0.10625 0.0296875 0.0375
0 0.571094 0.892708 0.0296875 0.0354167
0 0.7625 0.611458 0.03125 0.0395833
0 0.5875 0.495833 0.03125 0.0416667
0 0.269531 0.41875 0.0296875 0.0375
0 0.578125 0.151042 0.03125 0.0354167
0 0.56875 0.103125 0.028125 0.0354167
0 0.0828125 0.805208 0.028125 0.0354167
0 0.510938 0.729167 0.040625 0.05
0 0.809375 0.825 0.03125 0.0416667
0 0.610937 0.05625 0.028125 0.0375
0 0.771094 0.0697917 0.0296875 0.0354167
0 0.310937 0.311458 0.028125 0.0395833
0 0.191406 0.844792 0.0328125 0.0395833
0 0.283594 0.217708 0.0328125 0.0395833
0 0.9875 0.789583 0.025 0.0375
0 0.584375 0.122917 0.03125 0.0416667
0 0.646875 0.561458 0.03125 0.0395833
0 0.708594 0.6375 0.0296875 0.0375
0 0.86875 0.409375 0.03125 0.0395833
0 0.132031 0.196875 0.0328125 0.04375
0 0.630469 0.804167 0.0359375 0.0416667
0 0.828125 0.433333 0.034375 0.0416667
0 0.848437 0.838542 0.028125 0.0354167
0 0.853125 0.228125 0.04375 0.05625
0 0.935938 0.209375 0.040625 0.05625
0 0.603125 0.213542 0.03125 0.04375
0 0.853125 0.748958 0.034375 0.04375
0 0.242188 0.85625 0.03125 0.0416667
