0 0.564844 0.1625 0.0265625 0.0333333
2 0.009375 0.739583 0.01875 0.0375
0 0.278125 0.875 0.021875 0.025
0 0.308594 0.190625 0.0234375 0.03125
0 0.989062 0.0104167 0.021875 0.0208333
0 0.245312 0.448958 0.025 0.03125
0 0.629687 0.803125 0.034375 0.0395833
0 0.00546875 0.810417 0.0109375 0.0375
0 0.0132813 0.990625 0.0265625 0.01875
0 0.040625 0.9875 0.034375 0.025
0 0.489062 0.757292 0.040625 0.04375
0 0.4875 0.863542 0.03125 0.0395833
0 0.261719 0.436458 0.0265625 0.0354167
0 0.717188 0.783333 0.028125 0.0333333
0 0.75625 0.107292 0.03125 0.0395833
0 0.728906 0.103125 0.0328125 0.0395833
0 0.851562 0.236458 0.040625 0.0479167
0 0.93125 0.9625 0.03125 0.0416667
0 0.990625 0.413542 0.01875 0.0520833
0 0.936719 0.209375 0.0390625 0.0520833
0 0.542188 0.986458 0.03125 0.0270833
0 0.635938 0.41875 0.0375 0.0458333
0 0.911719 0.589583 0.0296875 0.0375
0 0.505469 0.0239583 0.0265625 0.0354167
0 0.56875 0.103125 0.03125 0.0395833
0 0.2375 0.176042 0.03125 0.0354167
0 0.307813 0.223958 0.03125 0.0395833
0 0.461719 0.441667 0.0359375 0.05
0 0.521875 0.603125 0.034375 0.04375
0 0.142969 0.946875 0.0265625 0.0395833
0 0.084375 0.805208 0.028125 0.0354167
0 0.130469 0.197917 0.0328125 0.0458333
0 0.823438 0.989583 0.028125 0.0208333
0 0.628906 0.240625 0.0328125 0.0395833
0 0.236719 0.379167 0.0296875 0.0416667
0 0.235938 0.575 0.028125 0.0416667
0 0.826563 0.433333 0.034375 0.0416667
0 0.602344 0.209375 0.0296875 0.0395833
0 0.191406 0.845833 0.0328125 0.0416667
0 0.269531 0.240625 0.0328125 0.0395833
0 0.583594 0.120833 0.0328125 0.0416667
0 0.709375 0.630208 0.03125 0.0395833
0 0.0882813 0.9625 0.0296875 0.0375
0 0.932813 0.372917 0.034375 0.0416667
0 0.357812 0.0625 0.028125 0.0375
0 0.48125 0.0479167 0.028125 0.0375
0 0.857813 0.409375 0.034375 0.04375
0 0.578125 0.15 0.03125 0.0375
0 0.833594 0.872917 0.0265625 0.0375
0 0.632031 0.6125 0.0296875 0.0416667
0 0.236719 0.858333 0.0296875 0.0416667
0 0.839063 0.754167 0.034375 0.05
