0 0.991406 0.679167 0.0140625 0.05
0 0.629687 0.803125 0.034375 0.0479167
0 0.282031 0.3875 0.0265625 0.0291667
0 0.774219 0.015625 0.0328125 0.03125
0 0.576563 0.153125 0.028125 0.0354167
0 0.0132813 0.989583 0.0265625 0.0208333
0 0.934375 0.20625 0.034375 0.05
0 0.639063 0.419792 0.040625 0.0520833
0 0.513281 0.015625 0.0265625 0.0270833
0 0.00546875 0.323958 0.0109375 0.04375
0 0.311719 0.189583 0.0328125 0.0375
0 0.470313 0.471875 0.034375 0.0479167
0 0.4875 0.865625 0.03125 0.04375
0 0.284375 0.219792 0.034375 0.0395833
0 0.0390625 0.985417 0.034375 0.0291667
0 0.478125 0.4125 0.0375 0.05
0 0.0421875 0.0875 0.034375 0.0416667
0 0.565625 0.529167 0.03125 0.0416667
0 0.992188 0.409375 0.015625 0.0520833
0 0.261719 0.229167 0.0328125 0.0416667
0 0.239844 0.857292 0.0328125 0.0395833
0 0.0890625 0.964583 0.028125 0.0375
0 0.0140625 0.769792 0.025 0.0395833
0 0.0796875 0.535417 0.0375 0.0416667
0 0.725 0.773958 0.03125 0.0354167
0 0.973437 0.8625 0.0375 0.0416667
0 0.6125 0.539583 0.03125 0.0416667
0 0.25 0.145833 0.03125 0.0375
0 0.665625 0.0708333 0.03125 0.0333333
0 0.0835937 0.805208 0.0296875 0.0395833
0 0.5 0.0229167 0.03125 0.0375
0 0.273438 0.353125 0.028125 0.0395833
0 0.76875 0.0895833 0.03125 0.0375
0 0.709375 0.633333 0.03125 0.0416667
0 0.530469 0.982292 0.0328125 0.0354167
0 0.864062 0.4125 0.034375 0.0416667
0 0.830469 0.435417 0.0328125 0.0416667
0 0.569531 0.103125 0.0296875 0.0354167
0 0.9375 0.223958 0.0375 0.0479167
0 0.234375 0.578125 0.03125 0.04375
0 0.260938 0.439583 0.034375 0.0416667
0 0.65625 0.192708 0.034375 0.04375
0 0.192969 0.846875 0.0359375 0.04375
0 0.603125 0.213542 0.03125 0.0395833
0 0.584375 0.121875 0.03125 0.0395833
0 0.498437 0.744792 0.04375 0.0520833
0 0.0914062 0.270833 0.0421875 0.05
0 0.628125 0.59375 0.03125 0.0416667
0 0.841406 0.857292 0.0265625 0.0395833
0 0.853125 0.229167 0.04375 0.05
0 0.130469 0.198958 0.0390625 0.0479167
0 0.846875 0.755208 0.03125 0.04375
0 0.366406 0.0270833 0.0328125 0.0375
0 0.83125 0.983333 0.028125 0.0333333
