0 0.629687 0.804167 0.034375 0.0416667
2 0.009375 0.721875 0.01875 0.0354167
0 0.257812 0.428125 0.028125 0.0354167
0 0.564062 0.161458 0.028125 0.0354167
0 0.577344 0.15 0.0328125 0.0375
0 0.601562 0.211458 0.03125 0.0395833
0 0.0132813 0.989583 0.0265625 0.0208333
0 0.196094 0.939583 0.0296875 0.0375
0 0.990625 0.683333 0.015625 0.0416667
0 0.707812 0.447917 0.028125 0.0375
0 0.466406 0.429167 0.0390625 0.0541667
0 0.760938 0.102083 0.03125 0.0375
0 0.485938 0.864583 0.03125 0.0458333
0 0.851562 0.235417 0.040625 0.05
0 0.720312 0.779167 0.028125 0.0333333
0 0.0398437 0.9875 0.0328125 0.025
0 0.00859375 0.789583 0.0171875 0.0375
0 0.275 0.23125 0.03125 0.0375
0 0.95 0.921875 0.03125 0.0354167
0 0.500781 0.0177083 0.0328125 0.0354167
0 0.835938 0.865625 0.028125 0.04375
0 0.9875 0.352083 0.025 0.0375
0 0.758594 0.432292 0.0328125 0.0354167
0 0.753125 0.05 0.03125 0.0416667
0 0.638281 0.421875 0.0390625 0.04375
0 0.541406 0.985417 0.0328125 0.0291667
0 0.539844 0.579167 0.0328125 0.0416667
0 0.990625 0.410417 0.01875 0.05
0 0.239063 0.857292 0.03125 0.0395833
0 0.567969 0.104167 0.0296875 0.0375
0 0.084375 0.80625 0.028125 0.0375
0 0.708594 0.632292 0.0328125 0.0395833
0 0.826563 0.986458 0.028125 0.0270833
0 0.864062 0.413542 0.034375 0.04375
0 0.75625 0.06875 0.03125 0.0375
0 0.0890625 0.9625 0.03125 0.0416667
0 0.244531 0.155208 0.0296875 0.0354167
0 0.25 0.371875 0.028125 0.0395833
0 0.233594 0.578125 0.0296875 0.04375
0 0.360156 0.05 0.0296875 0.0375
0 0.492188 0.751042 0.040625 0.0479167
0 0.192188 0.845833 0.034375 0.0416667
0 0.2625 0.440625 0.03125 0.0354167
0 0.642187 0.229167 0.034375 0.0416667
0 0.829687 0.434375 0.034375 0.0395833
0 0.307813 0.233333 0.034375 0.0375
0 0.130469 0.198958 0.0390625 0.0520833
0 0.486719 0.0385417 0.0296875 0.0395833
0 0.582812 0.121875 0.034375 0.04375
0 0.63125 0.609375 0.03125 0.0395833
0 0.84375 0.755208 0.03125 0.0479167
0 0.935938 0.208333 0.040625 0.0583333
