0 0.407813 0.217708 0.0375 0.0520833
0 0.991406 0.679167 0.0140625 0.05
0 0.0125 0.990625 0.025 0.01875
0 0.307813 0.34375 0.021875 0.0291667
0 0.994531 0.409375 0.0109375 0.0479167
0 0.564062 0.161458 0.028125 0.0354167
0 0.486719 0.865625 0.0296875 0.0395833
0 0.188281 0.433333 0.0296875 0.0333333
0 0.0234375 0.73125 0.03125 0.0458333
0 0.503125 0.0114583 0.03125 0.0229167
0 0.241406 0.35 0.0296875 0.0375
0 0.990625 0.785417 0.01875 0.0375
0 0.219531 0.172917 0.0265625 0.0375
0 0.541406 0.986458 0.0328125 0.0270833
0 0.56875 0.895833 0.03125 0.0333333
0 0.586719 0.496875 0.0328125 0.0395833
0 0.678906 0.583333 0.0296875 0.0375
0 0.329688 0.373958 0.03125 0.0395833
0 0.742969 0.75625 0.0296875 0.0375
0 0.496094 0.392708 0.0328125 0.0395833
0 0.240625 0.5 0.03125 0.0375
0 0.764063 0.595833 0.034375 0.0416667
0 0.0890625 0.964583 0.03125 0.0375
0 0.665625 0.151042 0.034375 0.0395833
0 0.040625 0.984375 0.03125 0.03125
0 0.04375 0.365625 0.0375 0.0479167
0 0.846875 0.842708 0.03125 0.0354167
0 0.835938 0.964583 0.028125 0.0375
0 0.232812 0.575 0.028125 0.0416667
0 0.982031 0.8625 0.0296875 0.0416667
0 0.636719 0.419792 0.0359375 0.0479167
0 0.8375 0.827083 0.034375 0.0375
0 0.578125 0.151042 0.03125 0.0354167
0 0.292188 0.109375 0.028125 0.0354167
0 0.269531 0.419792 0.0296875 0.0354167
0 0.592188 0.0625 0.03125 0.0375
0 0.771875 0.0708333 0.03125 0.0375
0 0.630469 0.804167 0.0390625 0.0458333
0 0.584375 0.121875 0.03125 0.0395833
0 0.0828125 0.805208 0.028125 0.0354167
0 0.853125 0.228125 0.046875 0.05625
0 0.132812 0.195833 0.03125 0.0416667
0 0.310156 0.311458 0.0296875 0.0395833
0 0.0132813 0.254167 0.0265625 0.0416667
0 0.282813 0.217708 0.03125 0.0395833
0 0.569531 0.102083 0.0296875 0.0375
0 0.191406 0.844792 0.0328125 0.0395833
0 0.510156 0.729167 0.0421875 0.05
0 0.854688 0.746875 0.034375 0.04375
0 0.828125 0.434375 0.03125 0.0395833
0 0.708594 0.636458 0.0328125 0.0395833
0 0.242188 0.857292 0.03125 0.0395833
0 0.602344 0.213542 0.0328125 0.04375
0 0.86875 0.408333 0.03125 0.0416667
0 0.646094 0.563542 0.0296875 0.0395833
0 0.935938 0.209375 0.040625 0.05625
