0 0.578125 0.15 0.03125 0.0375
0 0.0132813 0.989583 0.0265625 0.0208333
0 0.990625 0.683333 0.01875 0.0416667
0 0.70625 0.45 0.028125 0.0416667
0 0.601562 0.211458 0.03125 0.0395833
0 0.00703125 0.79375 0.0140625 0.0375
0 0.274219 0.232292 0.0328125 0.0395833
0 0.465625 0.432292 0.0375 0.05625
0 0.760156 0.103125 0.0328125 0.0395833
0 0.992188 0.4125 0.015625 0.05
0 0.535937 0.584375 0.034375 0.04375
0 0.0398437 0.9875 0.0328125 0.025
0 0.485938 0.864583 0.034375 0.0458333
0 0.639063 0.232292 0.034375 0.0395833
0 0.851562 0.235417 0.040625 0.05
0 0.503125 0.01875 0.03125 0.0333333
0 0.71875 0.780208 0.03125 0.0354167
0 0.945312 0.928125 0.034375 0.0395833
0 0.241406 0.158333 0.0296875 0.0333333
2 0.0125 0.727083 0.025 0.0375
0 0.542188 0.985417 0.034375 0.0291667
0 0.0835937 0.80625 0.0296875 0.0375
0 0.485938 0.040625 0.028125 0.0354167
0 0.0890625 0.9625 0.03125 0.0416667
0 0.233594 0.577083 0.0296875 0.0416667
0 0.489062 0.752083 0.040625 0.0458333
0 0.7625 0.373958 0.03125 0.0395833
0 0.246875 0.371875 0.03125 0.0395833
0 0.825 0.9875 0.025 0.025
0 0.56875 0.103125 0.028125 0.0354167
0 0.261719 0.4375 0.0328125 0.0375
0 0.967969 0.391667 0.0296875 0.0375
0 0.6375 0.422917 0.0375 0.0458333
0 0.864844 0.4125 0.0328125 0.0416667
0 0.835938 0.866667 0.028125 0.0416667
0 0.717188 0.0166667 0.034375 0.0333333
0 0.130469 0.198958 0.0359375 0.0479167
0 0.708594 0.63125 0.0328125 0.0416667
0 0.749219 0.0708333 0.0359375 0.0416667
0 0.308594 0.23125 0.0328125 0.0375
0 0.192188 0.845833 0.034375 0.0416667
0 0.632031 0.610417 0.0328125 0.0416667
0 0.829687 0.433333 0.034375 0.0416667
0 0.358594 0.0520833 0.0296875 0.0375
0 0.582812 0.120833 0.034375 0.0416667
0 0.2375 0.857292 0.03125 0.0395833
0 0.935938 0.209375 0.0375 0.05625
0 0.842188 0.754167 0.034375 0.05
