0 0.653906 0.927083 0.0421875 0.0541667
2 0.696875 0.0135417 0.03125 0.0270833
0 0.639063 0.419792 0.040625 0.0520833
0 0.991406 0.679167 0.0140625 0.0458333
0 0.576563 0.153125 0.028125 0.0354167
0 0.0132813 0.990625 0.0265625 0.01875
0 0.278906 0.395833 0.0265625 0.0333333
0 0.526563 0.9875 0.034375 0.025
0 0.513281 0.0166667 0.0265625 0.0291667
0 0.311719 0.189583 0.0359375 0.0375
0 0.539062 0.988542 0.03125 0.0229167
0 0.4875 0.864583 0.03125 0.0416667
0 0.477344 0.4125 0.0390625 0.05
0 0.0398437 0.9875 0.0328125 0.025
0 0.283594 0.217708 0.0359375 0.0395833
0 0.970312 0.867708 0.0375 0.04375
0 0.992188 0.409375 0.015625 0.0520833
0 0.0898438 0.964583 0.0296875 0.0375
0 0.640625 0.571875 0.028125 0.0354167
0 0.560938 0.539583 0.034375 0.0416667
0 0.725 0.773958 0.03125 0.0354167
0 0.278125 0.239583 0.0375 0.0375
0 0.0539063 0.54375 0.0359375 0.0458333
0 0.90625 0.217708 0.03125 0.0395833
0 0.239844 0.857292 0.0328125 0.0395833
0 0.0132813 0.770833 0.0234375 0.0375
0 0.246875 0.15 0.03125 0.0333333
0 0.569531 0.103125 0.0296875 0.0354167
0 0.829687 0.435417 0.03125 0.0375
0 0.5 0.0229167 0.03125 0.0375
0 0.936719 0.208333 0.0359375 0.05
0 0.234375 0.577083 0.03125 0.0458333
0 0.0835937 0.80625 0.0296875 0.0375
0 0.853125 0.229167 0.04375 0.05
0 0.864844 0.4125 0.0328125 0.0416667
0 0.0320312 0.289583 0.0359375 0.0458333
0 0.76875 0.0916667 0.03125 0.0416667
0 0.271094 0.357292 0.0296875 0.0395833
0 0.63125 0.596875 0.03125 0.0395833
0 0.192188 0.847917 0.0375 0.0458333
0 0.260938 0.439583 0.034375 0.0416667
0 0.708594 0.633333 0.0328125 0.0416667
0 0.583594 0.121875 0.0328125 0.0395833
0 0.625781 0.059375 0.0359375 0.0395833
0 0.365625 0.03125 0.0375 0.0416667
0 0.129688 0.198958 0.040625 0.0520833
0 0.840625 0.859375 0.028125 0.0395833
0 0.603125 0.213542 0.03125 0.0395833
0 0.65625 0.195833 0.034375 0.0416667
0 0.846875 0.755208 0.03125 0.04375
0 0.495313 0.744792 0.040625 0.0479167
0 0.83125 0.983333 0.025 0.0333333
