0 0.538281 0.986458 0.0359375 0.0270833
0 0.628906 0.804167 0.0359375 0.0416667
0 0.310937 0.189583 0.03125 0.0375
0 0.514063 0.0145833 0.028125 0.025
0 0.990625 0.679167 0.015625 0.05
0 0.0140625 0.989583 0.028125 0.0208333
0 0.00546875 0.325 0.0109375 0.0458333
0 0.486719 0.865625 0.0296875 0.04375
0 0.775781 0.015625 0.0328125 0.0270833
0 0.576563 0.153125 0.03125 0.0354167
0 0.282813 0.21875 0.034375 0.0416667
0 0.0382813 0.985417 0.0359375 0.0291667
0 0.478125 0.4125 0.0375 0.05
0 0.0726563 0.0604167 0.0359375 0.0458333
0 0.260938 0.230208 0.034375 0.04375
0 0.0898438 0.964583 0.0296875 0.0375
0 0.6375 0.422917 0.0375 0.05
0 0.972656 0.861458 0.0359375 0.04375
0 0.56875 0.540625 0.034375 0.04375
0 0.992188 0.408333 0.015625 0.05
0 0.249219 0.14375 0.0328125 0.0375
0 0.503125 0.0208333 0.03125 0.0375
0 0.0140625 0.770833 0.025 0.0416667
0 0.725781 0.773958 0.0296875 0.0354167
0 0.470313 0.469792 0.034375 0.0479167
0 0.274219 0.353125 0.0296875 0.0395833
0 0.240625 0.85625 0.03125 0.0375
0 0.0953125 0.292708 0.034375 0.04375
0 0.0882813 0.558333 0.0328125 0.0375
0 0.530469 0.980208 0.0328125 0.0354167
0 0.084375 0.805208 0.03125 0.0395833
0 0.769531 0.0875 0.0296875 0.0333333
0 0.569531 0.103125 0.0296875 0.0354167
0 0.864062 0.4125 0.034375 0.0416667
0 0.829687 0.435417 0.034375 0.0416667
0 0.709375 0.634375 0.03125 0.0395833
0 0.601562 0.525 0.034375 0.0416667
0 0.234375 0.577083 0.03125 0.0458333
0 0.852344 0.229167 0.0421875 0.05
0 0.259375 0.439583 0.034375 0.0416667
0 0.675 0.0760417 0.03125 0.0395833
0 0.192969 0.845833 0.0359375 0.0458333
0 0.602344 0.213542 0.0296875 0.0395833
0 0.584375 0.121875 0.03125 0.0395833
0 0.841406 0.857292 0.0265625 0.0395833
0 0.130469 0.2 0.0390625 0.05
0 0.920313 0.255208 0.034375 0.04375
0 0.628125 0.591667 0.03125 0.0416667
0 0.496094 0.742708 0.0421875 0.0479167
0 0.367188 0.025 0.03125 0.0375
0 0.847656 0.755208 0.0328125 0.04375
0 0.65625 0.192708 0.0375 0.04375
0 0.83125 0.983333 0.028125 0.0333333
0 0.935938 0.209375 0.0375 0.0520833
