0 0.628125 0.802083 0.034375 0.0375
0 0.308594 0.194792 0.0265625 0.0354167
0 0.982813 0.0197917 0.028125 0.0354167
0 0.5625 0.161458 0.025 0.0354167
0 0.714063 0.134375 0.03125 0.0395833
0 0.992188 0.682292 0.015625 0.0354167
0 0.0132813 0.989583 0.0265625 0.0208333
0 0.716406 0.7875 0.0265625 0.0333333
0 0.934375 0.20625 0.0375 0.05
0 0.9125 0.988542 0.03125 0.0229167
0 0.0851562 0.801042 0.0328125 0.0395833
0 0.261719 0.432292 0.0296875 0.0395833
0 0.851562 0.236458 0.040625 0.0479167
0 0.745313 0.125 0.028125 0.0375
0 0.760938 0.159375 0.028125 0.0354167
0 0.192188 0.847917 0.03125 0.0416667
0 0.826563 0.83125 0.028125 0.0375
0 0.638281 0.41875 0.0359375 0.0458333
0 0.065625 0.827083 0.034375 0.0458333
0 0.4875 0.8625 0.03125 0.0375
0 0.284375 0.20625 0.03125 0.0416667
0 0.457812 0.453125 0.034375 0.04375
0 0.0421875 0.985417 0.034375 0.0291667
0 0.542188 0.985417 0.03125 0.0291667
0 0.23125 0.472917 0.021875 0.0291667
0 0.235938 0.570833 0.03125 0.0416667
0 0.477344 0.053125 0.0265625 0.0395833
0 0.629687 0.0125 0.028125 0.025
0 0.824219 0.988542 0.0265625 0.0229167
0 0.175 0.846875 0.03125 0.0395833
0 0.832812 0.871875 0.028125 0.0354167
0 0.219531 0.173958 0.0296875 0.0354167
0 0.226562 0.388542 0.03125 0.0395833
0 0.267188 0.252083 0.034375 0.0416667
0 0.129688 0.196875 0.034375 0.0479167
0 0.860937 0.410417 0.028125 0.0375
0 0.825781 0.432292 0.0328125 0.0395833
0 0.571875 0.102083 0.03125 0.0375
0 0.626562 0.240625 0.034375 0.0395833
0 0.602344 0.209375 0.0296875 0.04375
0 0.355469 0.0697917 0.0296875 0.0354167
0 0.0867188 0.961458 0.0328125 0.04375
0 0.709375 0.630208 0.03125 0.0395833
0 0.508594 0.03125 0.0265625 0.0375
0 0.828125 0.75625 0.03125 0.0458333
0 0.508594 0.608333 0.0328125 0.05
0 0.989062 0.4125 0.021875 0.0458333
0 0.582031 0.120833 0.0328125 0.0375
0 0.630469 0.616667 0.0296875 0.0416667
0 0.578125 0.148958 0.028125 0.0354167
0 0.2375 0.85625 0.03125 0.0458333
