0 0.992188 0.680208 0.015625 0.0479167
0 0.0125 0.989583 0.025 0.0208333
0 0.99375 0.409375 0.0125 0.0479167
0 0.307031 0.342708 0.0203125 0.0270833
0 0.4875 0.864583 0.03125 0.0375
0 0.296875 0.429167 0.028125 0.0333333
0 0.267188 0.430208 0.03125 0.0354167
0 0.040625 0.985417 0.03125 0.0291667
0 0.578125 0.151042 0.03125 0.0354167
0 0.241406 0.855208 0.0296875 0.0395833
0 0.728125 0.696875 0.03125 0.0395833
0 0.55625 0.0104167 0.03125 0.0208333
0 0.0390625 0.371875 0.034375 0.04375
0 0.953125 0.930208 0.03125 0.0395833
0 0.302344 0.390625 0.0296875 0.0354167
0 0.5625 0.9125 0.028125 0.0333333
0 0.49375 0.398958 0.03125 0.0395833
0 0.541406 0.985417 0.0328125 0.0291667
0 0.0460938 0.221875 0.0265625 0.0395833
0 0.0210938 0.7375 0.0296875 0.0416667
0 0.301562 0.314583 0.028125 0.0375
0 0.0101562 0.271875 0.0203125 0.0395833
0 0.280469 0.11875 0.0296875 0.0375
0 0.0882813 0.964583 0.0296875 0.0375
0 0.665625 0.161458 0.0375 0.04375
0 0.585156 0.121875 0.0328125 0.0395833
0 0.773438 0.0739583 0.03125 0.0395833
0 0.988281 0.802083 0.0234375 0.0375
0 0.56875 0.102083 0.03125 0.0375
0 0.0835937 0.80625 0.0296875 0.0375
0 0.584375 0.505208 0.034375 0.0395833
0 0.221875 0.173958 0.025 0.0354167
0 0.192188 0.84375 0.03125 0.0375
0 0.708594 0.635417 0.0296875 0.0375
0 0.852344 0.748958 0.0359375 0.04375
0 0.208594 0.382292 0.0296875 0.03125
0 0.767187 0.504167 0.03125 0.0416667
0 0.935938 0.209375 0.040625 0.05625
0 0.497656 0.0135417 0.0296875 0.0270833
0 0.235156 0.579167 0.0296875 0.0416667
0 0.636719 0.420833 0.0359375 0.05
0 0.635156 0.56875 0.0296875 0.0416667
0 0.600781 0.2125 0.0328125 0.0416667
0 0.852344 0.229167 0.0453125 0.0541667
0 0.867969 0.408333 0.0328125 0.0416667
0 0.282813 0.21875 0.034375 0.0416667
0 0.828906 0.433333 0.0328125 0.0416667
0 0.835938 0.96875 0.028125 0.0375
0 0.133594 0.195833 0.0328125 0.0416667
0 0.629687 0.804167 0.034375 0.0416667
0 0.846094 0.844792 0.0296875 0.0354167
0 0.507812 0.730208 0.040625 0.0520833
