2 0.015625 0.720833 0.025 0.0333333
0 0.182812 0.939583 0.028125 0.0375
0 0.629687 0.804167 0.034375 0.0416667
0 0.309375 0.192708 0.03125 0.0395833
0 0.575781 0.111458 0.0359375 0.0395833
0 0.990625 0.682292 0.015625 0.04375
0 0.566406 0.159375 0.0296875 0.0354167
0 0.601562 0.211458 0.03125 0.0395833
0 0.0125 0.989583 0.025 0.0208333
2 0.182031 0.939583 0.0296875 0.0375
0 0.500781 0.01875 0.0359375 0.0375
0 0.578125 0.151042 0.03125 0.0354167
0 0.470313 0.426042 0.040625 0.05625
0 0.764063 0.0989583 0.03125 0.0395833
0 0.040625 0.9875 0.03125 0.025
0 0.485156 0.863542 0.0328125 0.04375
0 0.6375 0.422917 0.0375 0.0458333
0 0.541406 0.985417 0.0328125 0.0291667
0 0.990625 0.409375 0.01875 0.05625
0 0.684375 0.45 0.03125 0.0375
0 0.567969 0.104167 0.0296875 0.0375
0 0.254687 0.36875 0.028125 0.0375
0 0.935938 0.210417 0.040625 0.0583333
0 0.00859375 0.784375 0.0171875 0.0354167
0 0.853125 0.233333 0.04375 0.0541667
0 0.24375 0.153125 0.03125 0.0354167
0 0.277344 0.227083 0.0328125 0.0375
0 0.084375 0.80625 0.028125 0.0375
0 0.0898438 0.963542 0.0296875 0.0395833
0 0.954687 0.910417 0.034375 0.0375
0 0.826563 0.984375 0.028125 0.03125
0 0.721875 0.779167 0.028125 0.0333333
0 0.864062 0.413542 0.034375 0.04375
0 0.361719 0.046875 0.0328125 0.0395833
0 0.260938 0.440625 0.03125 0.0354167
0 0.545313 0.573958 0.034375 0.04375
0 0.709375 0.632292 0.03125 0.0395833
0 0.829687 0.435417 0.034375 0.0416667
0 0.646875 0.220833 0.034375 0.0416667
0 0.628906 0.605208 0.0296875 0.0395833
0 0.492188 0.0322917 0.034375 0.0395833
0 0.79375 0.0541667 0.03125 0.0375
0 0.192188 0.845833 0.034375 0.0416667
0 0.8375 0.8625 0.025 0.0416667
0 0.233594 0.579167 0.0296875 0.0416667
0 0.128906 0.198958 0.0390625 0.0520833
0 0.302344 0.240625 0.0359375 0.04375
0 0.755469 0.0552083 0.0328125 0.04375
0 0.582812 0.121875 0.034375 0.04375
0 0.2375 0.858333 0.03125 0.0416667
0 0.845312 0.755208 0.034375 0.0479167
0 0.495313 0.747917 0.040625 0.05
