0 0.628906 0.804167 0.0359375 0.0416667
0 0.282813 0.385417 0.028125 0.0291667
0 0.3125 0.188542 0.040625 0.0354167
0 0.540625 0.9875 0.03125 0.025
0 0.00546875 0.325 0.0109375 0.0458333
0 0.990625 0.679167 0.015625 0.05
0 0.0140625 0.989583 0.028125 0.0208333
0 0.513281 0.0145833 0.0296875 0.025
0 0.638281 0.419792 0.0390625 0.0520833
0 0.775781 0.015625 0.0328125 0.0270833
0 0.576563 0.153125 0.028125 0.0354167
0 0.470313 0.466667 0.034375 0.05
0 0.485938 0.865625 0.03125 0.04375
0 0.284375 0.219792 0.034375 0.0395833
0 0.0898438 0.564583 0.0328125 0.0375
0 0.478125 0.4125 0.0375 0.05
0 0.0382813 0.985417 0.0359375 0.0291667
0 0.0890625 0.964583 0.028125 0.0375
0 0.971875 0.860417 0.0375 0.0458333
0 0.1 0.290625 0.0375 0.04375
0 0.569531 0.539583 0.0328125 0.0416667
0 0.25 0.14375 0.03125 0.0375
0 0.725 0.773958 0.03125 0.0354167
0 0.992188 0.407292 0.015625 0.0520833
0 0.274219 0.353125 0.0296875 0.0395833
0 0.503125 0.021875 0.03125 0.0354167
0 0.0148437 0.770833 0.0265625 0.0416667
0 0.260156 0.226042 0.0359375 0.04375
0 0.530469 0.979167 0.0328125 0.0333333
0 0.569531 0.104167 0.0296875 0.0333333
0 0.0835937 0.805208 0.0296875 0.0395833
0 0.602344 0.527083 0.0328125 0.0416667
0 0.769531 0.0864583 0.0296875 0.0354167
0 0.078125 0.0625 0.03125 0.0416667
0 0.829687 0.435417 0.034375 0.0416667
0 0.709375 0.633333 0.03125 0.0375
0 0.239844 0.857292 0.0328125 0.0395833
0 0.259375 0.439583 0.034375 0.0416667
0 0.234375 0.577083 0.03125 0.0458333
0 0.864062 0.4125 0.034375 0.0416667
0 0.852344 0.229167 0.0421875 0.05
0 0.66875 0.0822917 0.03125 0.0354167
0 0.192188 0.845833 0.0375 0.0458333
0 0.603125 0.214583 0.03125 0.0375
0 0.129688 0.2 0.0375 0.05
0 0.842188 0.858333 0.028125 0.0416667
0 0.584375 0.120833 0.03125 0.0375
0 0.917188 0.259375 0.034375 0.0395833
0 0.628906 0.591667 0.0328125 0.0416667
0 0.655469 0.192708 0.0359375 0.04375
0 0.847656 0.755208 0.0328125 0.04375
0 0.496094 0.742708 0.0421875 0.0479167
0 0.367188 0.025 0.034375 0.0375
0 0.83125 0.983333 0.028125 0.0333333
0 0.935938 0.209375 0.040625 0.05625
