0 0.820312 0.636458 0.021875 0.0270833
0 0.0125 0.990625 0.025 0.01875
0 0.991406 0.678125 0.0140625 0.0479167
0 0.99375 0.409375 0.0125 0.0479167
0 0.504687 0.0104167 0.034375 0.0208333
0 0.486719 0.864583 0.0296875 0.0375
0 0.5625 0.161458 0.028125 0.0354167
0 0.264844 0.534375 0.0296875 0.0395833
0 0.664844 0.15 0.0328125 0.0375
0 0.540625 0.985417 0.03125 0.0291667
0 0.650781 0.533333 0.0265625 0.0333333
0 0.040625 0.984375 0.03125 0.03125
0 0.74375 0.75625 0.028125 0.0333333
0 0.835938 0.964583 0.028125 0.0375
0 0.790625 0.829167 0.03125 0.0416667
0 0.0140625 0.252083 0.028125 0.0458333
0 0.578906 0.151042 0.0296875 0.0354167
0 0.0289063 0.733333 0.0296875 0.0416667
0 0.0890625 0.964583 0.03125 0.0375
0 0.0109375 0.413542 0.021875 0.0395833
0 0.984375 0.863542 0.025 0.0395833
0 0.5875 0.494792 0.03125 0.0395833
0 0.364062 0.35625 0.028125 0.0375
0 0.497656 0.391667 0.0328125 0.0375
0 0.239063 0.570833 0.028125 0.0416667
0 0.269531 0.441667 0.0296875 0.0333333
0 0.2125 0.172917 0.025 0.0375
0 0.570312 0.891667 0.028125 0.0333333
0 0.205469 0.334375 0.0265625 0.0354167
0 0.629687 0.804167 0.034375 0.0416667
0 0.295312 0.10625 0.028125 0.0375
0 0.271094 0.416667 0.0296875 0.0375
0 0.569531 0.102083 0.0296875 0.0375
0 0.771875 0.0697917 0.028125 0.0354167
0 0.0828125 0.805208 0.028125 0.0354167
0 0.636719 0.419792 0.0328125 0.04375
0 0.310156 0.310417 0.0265625 0.0375
0 0.191406 0.844792 0.0328125 0.0395833
0 0.584375 0.122917 0.03125 0.0416667
0 0.988281 0.789583 0.0234375 0.0375
0 0.785156 0.626042 0.0296875 0.0395833
0 0.510938 0.727083 0.040625 0.05
0 0.283594 0.217708 0.0328125 0.0395833
0 0.869531 0.408333 0.0296875 0.0416667
0 0.132031 0.195833 0.0328125 0.0458333
0 0.853125 0.228125 0.046875 0.05625
0 0.828125 0.434375 0.03125 0.0395833
0 0.847656 0.838542 0.0265625 0.0354167
0 0.708594 0.6375 0.0296875 0.0375
0 0.242188 0.857292 0.028125 0.0395833
0 0.935938 0.209375 0.040625 0.05625
0 0.617188 0.0677083 0.028125 0.0395833
0 0.601562 0.213542 0.03125 0.04375
0 0.853125 0.748958 0.034375 0.04375
0 0.646875 0.561458 0.025 0.03125
