0 0.46875 0.467708 0.03125 0.0479167
0 0.991406 0.679167 0.0140625 0.05
0 0.00546875 0.327083 0.0109375 0.0458333
0 0.514063 0.015625 0.028125 0.0270833
0 0.0140625 0.989583 0.028125 0.0208333
0 0.6375 0.421875 0.0375 0.0479167
0 0.576563 0.153125 0.028125 0.03125
0 0.486719 0.865625 0.0296875 0.04375
0 0.5625 0.532292 0.03125 0.0354167
0 0.478125 0.4125 0.0375 0.05
0 0.280469 0.389583 0.0265625 0.0333333
0 0.283594 0.217708 0.0359375 0.0395833
0 0.3125 0.190625 0.03125 0.0354167
0 0.971875 0.865625 0.0375 0.0395833
0 0.248437 0.145833 0.03125 0.0375
0 0.271094 0.239583 0.0328125 0.0375
0 0.0117188 0.090625 0.0234375 0.0395833
0 0.0390625 0.985417 0.034375 0.0291667
0 0.0890625 0.964583 0.03125 0.0375
0 0.992188 0.409375 0.015625 0.0520833
0 0.0140625 0.769792 0.025 0.0395833
0 0.725 0.772917 0.03125 0.0375
0 0.500781 0.0229167 0.0328125 0.0375
0 0.852344 0.229167 0.0421875 0.05
0 0.569531 0.103125 0.0296875 0.0354167
0 0.234375 0.578125 0.03125 0.04375
0 0.0835937 0.80625 0.0328125 0.0416667
0 0.272656 0.354167 0.0296875 0.0416667
0 0.642969 0.0708333 0.0328125 0.0375
0 0.0773437 0.577083 0.0328125 0.0416667
0 0.915625 0.239583 0.03125 0.0375
0 0.709375 0.633333 0.03125 0.0416667
0 0.0679687 0.282292 0.0359375 0.0479167
0 0.76875 0.0895833 0.03125 0.0375
0 0.830469 0.435417 0.0328125 0.0416667
0 0.864062 0.413542 0.034375 0.04375
0 0.260938 0.439583 0.034375 0.0416667
0 0.239844 0.858333 0.0328125 0.0416667
0 0.192969 0.845833 0.0359375 0.0458333
0 0.628125 0.590625 0.0375 0.0479167
0 0.603125 0.214583 0.03125 0.0375
0 0.532031 0.984375 0.0359375 0.03125
0 0.654688 0.19375 0.034375 0.0416667
0 0.584375 0.120833 0.03125 0.0375
0 0.840625 0.859375 0.025 0.0395833
0 0.935938 0.205208 0.034375 0.0479167
0 0.366406 0.028125 0.0328125 0.0395833
0 0.496094 0.74375 0.0421875 0.05
0 0.846875 0.755208 0.03125 0.04375
0 0.83125 0.983333 0.028125 0.0333333
0 0.130469 0.198958 0.0390625 0.0479167
