0 0.307813 0.196875 0.028125 0.0354167
0 0.560938 0.161458 0.028125 0.0354167
0 0.0148437 0.988542 0.0296875 0.0229167
0 0.96875 0.870833 0.025 0.0333333
0 0.992188 0.680208 0.015625 0.0354167
0 0.973437 0.0385417 0.028125 0.0395833
0 0.734375 0.15 0.03125 0.0375
0 0.541406 0.985417 0.0328125 0.0291667
0 0.714844 0.788542 0.0296875 0.0354167
0 0.4875 0.8625 0.03125 0.0416667
0 0.835938 0.780208 0.034375 0.04375
0 0.234375 0.565625 0.03125 0.0479167
0 0.260938 0.43125 0.028125 0.0375
0 0.703906 0.15625 0.0328125 0.0416667
0 0.570312 0.102083 0.028125 0.0333333
0 0.407813 0.217708 0.034375 0.04375
0 0.084375 0.801042 0.03125 0.0395833
0 0.989062 0.414583 0.021875 0.0458333
0 0.197656 0.726042 0.0296875 0.04375
0 0.850781 0.23125 0.0421875 0.05
0 0.823438 0.9875 0.028125 0.025
0 0.221875 0.484375 0.025 0.03125
0 0.623438 0.015625 0.028125 0.03125
0 0.578125 0.148958 0.028125 0.0354167
0 0.104687 0.985417 0.03125 0.0291667
0 0.708594 0.629167 0.0328125 0.0416667
0 0.0429688 0.984375 0.0359375 0.03125
0 0.352344 0.071875 0.0265625 0.03125
0 0.129688 0.195833 0.034375 0.0458333
0 0.701563 0.963542 0.034375 0.04375
0 0.259375 0.266667 0.034375 0.0416667
0 0.795313 0.375 0.028125 0.0416667
0 0.207031 0.190625 0.0296875 0.0354167
0 0.584375 0.120833 0.03125 0.0375
0 0.204688 0.23125 0.03125 0.0375
0 0.625 0.240625 0.03125 0.0395833
0 0.215625 0.404167 0.028125 0.0416667
0 0.475 0.0541667 0.025 0.0375
0 0.83125 0.86875 0.03125 0.0375
0 0.454688 0.469792 0.034375 0.0395833
0 0.492188 0.616667 0.03125 0.0416667
0 0.192188 0.855208 0.0375 0.0479167
0 0.826563 0.43125 0.028125 0.0375
0 0.601562 0.209375 0.03125 0.04375
0 0.630469 0.616667 0.0296875 0.0416667
0 0.935156 0.20625 0.0359375 0.05
0 0.236719 0.85625 0.0296875 0.0458333
0 0.860937 0.410417 0.028125 0.0375
0 0.507031 0.03125 0.0265625 0.0333333
