0 0.6375 0.414583 0.0375 0.05
0 0.491406 0.760417 0.0390625 0.0458333
0 0.628125 0.801042 0.034375 0.0395833
0 0.970312 0.869792 0.025 0.03125
0 0.560938 0.160417 0.028125 0.0375
0 0.734375 0.15 0.03125 0.0375
0 0.0148437 0.988542 0.0296875 0.0229167
0 0.975 0.0385417 0.028125 0.0395833
0 0.992188 0.682292 0.015625 0.0354167
0 0.307813 0.196875 0.028125 0.0354167
0 0.715625 0.7875 0.028125 0.0333333
0 0.541406 0.985417 0.0328125 0.0291667
0 0.789062 0.353125 0.028125 0.0354167
0 0.202344 0.733333 0.0296875 0.0416667
0 0.223438 0.483333 0.025 0.0333333
0 0.570312 0.102083 0.028125 0.0333333
0 0.235156 0.566667 0.0328125 0.05
0 0.578125 0.147917 0.028125 0.0333333
0 0.704687 0.155208 0.034375 0.04375
0 0.260156 0.43125 0.0265625 0.0375
0 0.4875 0.861458 0.03125 0.0395833
0 0.989062 0.414583 0.021875 0.0458333
0 0.836719 0.780208 0.0359375 0.04375
0 0.084375 0.802083 0.03125 0.0375
0 0.624219 0.015625 0.0296875 0.03125
0 0.0421875 0.984375 0.0375 0.03125
0 0.823438 0.988542 0.028125 0.0229167
0 0.708594 0.629167 0.0328125 0.0416667
0 0.352344 0.0729167 0.0265625 0.0333333
0 0.83125 0.869792 0.03125 0.0395833
0 0.214062 0.225 0.03125 0.0375
0 0.207813 0.189583 0.028125 0.0375
0 0.708594 0.955208 0.0296875 0.0395833
0 0.407813 0.216667 0.034375 0.0458333
0 0.625 0.240625 0.03125 0.0395833
0 0.584375 0.119792 0.03125 0.0395833
0 0.475 0.0541667 0.025 0.0375
0 0.454688 0.467708 0.034375 0.0395833
0 0.853125 0.232292 0.04375 0.0520833
0 0.217187 0.403125 0.028125 0.04375
0 0.129688 0.195833 0.034375 0.0416667
0 0.259375 0.266667 0.034375 0.0416667
0 0.828125 0.43125 0.03125 0.0375
0 0.601562 0.209375 0.03125 0.04375
0 0.63125 0.615625 0.03125 0.0395833
0 0.49375 0.614583 0.03125 0.0416667
0 0.935156 0.20625 0.0359375 0.05
0 0.860937 0.410417 0.028125 0.0375
0 0.105469 0.984375 0.0296875 0.03125
0 0.192188 0.855208 0.0375 0.0479167
0 0.235938 0.85625 0.03125 0.0458333
0 0.50625 0.0333333 0.025 0.0333333
