0 0.99375 0.675 0.0125 0.0416667
0 0.657031 0.928125 0.0390625 0.0520833
0 0.314844 0.180208 0.0265625 0.0354167
0 0.00625 0.0822917 0.0125 0.0520833
0 0.0140625 0.990625 0.028125 0.01875
0 0.994531 0.408333 0.0109375 0.05
0 0.5625 0.159375 0.025 0.03125
0 0.03125 0.207292 0.028125 0.0395833
0 0.0398437 0.985417 0.0359375 0.0291667
0 0.489062 0.866667 0.03125 0.0375
0 0.501562 0.384375 0.03125 0.0354167
0 0.389062 0.784375 0.034375 0.0395833
0 0.5875 0.484375 0.03125 0.0395833
0 0.0171875 0.219792 0.028125 0.0395833
0 0.578125 0.151042 0.025 0.03125
0 0.585938 0.870833 0.034375 0.0375
0 0.746094 0.740625 0.0296875 0.0354167
0 0.191406 0.107292 0.0265625 0.0395833
0 0.541406 0.986458 0.0328125 0.0270833
0 0.426562 0.74375 0.034375 0.0416667
0 0.317187 0.305208 0.025 0.0395833
0 0.829687 0.679167 0.028125 0.0416667
0 0.986719 0.764583 0.0265625 0.0375
0 0.0304688 0.725 0.0296875 0.0416667
0 0.200781 0.644792 0.0296875 0.04375
0 0.585156 0.122917 0.0296875 0.0375
0 0.311719 0.09375 0.0265625 0.0375
0 0.935938 0.208333 0.040625 0.0541667
0 0.567187 0.102083 0.03125 0.0375
0 0.729688 0.855208 0.03125 0.0395833
0 0.673437 0.960417 0.028125 0.0375
0 0.747656 0.964583 0.0265625 0.0375
0 0.0835937 0.80625 0.0296875 0.0375
0 0.133594 0.19375 0.0328125 0.0458333
0 0.825781 0.43125 0.0328125 0.0416667
0 0.239063 0.579167 0.03125 0.0416667
0 0.0898438 0.9625 0.0328125 0.0416667
0 0.458594 0.119792 0.0296875 0.0354167
0 0.560156 0.211458 0.0296875 0.0395833
0 0.283594 0.217708 0.0328125 0.0395833
0 0.671094 0.194792 0.0296875 0.04375
0 0.191406 0.84375 0.0296875 0.0375
0 0.274219 0.4125 0.0296875 0.0375
0 0.867969 0.634375 0.0296875 0.0395833
0 0.046875 0.357292 0.034375 0.04375
0 0.514844 0.71875 0.0421875 0.05
0 0.672656 0.13125 0.0328125 0.0375
0 0.86875 0.40625 0.03125 0.0416667
0 0.8375 0.963542 0.028125 0.0354167
0 0.708594 0.640625 0.0265625 0.0354167
0 0.721875 0.1125 0.03125 0.0375
0 0.853125 0.747917 0.03125 0.0458333
0 0.635938 0.419792 0.034375 0.0479167
0 0.846875 0.8375 0.03125 0.0375
0 0.603125 0.210417 0.03125 0.0458333
0 0.851562 0.228125 0.046875 0.05625
0 0.770312 0.0625 0.028125 0.0375
0 0.242969 0.847917 0.0296875 0.0416667
0 0.645312 0.5625 0.028125 0.0375
