0 0.990625 0.683333 0.015625 0.0416667
2 0.0164062 0.720833 0.0265625 0.0333333
0 0.0132813 0.989583 0.0265625 0.0208333
0 0.629687 0.804167 0.034375 0.0416667
0 0.601562 0.210417 0.03125 0.0375
0 0.567187 0.159375 0.03125 0.0354167
2 0.182031 0.940625 0.0265625 0.0354167
0 0.309375 0.192708 0.03125 0.0395833
0 0.502344 0.0166667 0.0328125 0.0333333
0 0.935938 0.20625 0.0375 0.0541667
0 0.578125 0.152083 0.03125 0.0375
0 0.0398437 0.9875 0.0328125 0.025
0 0.470313 0.425 0.040625 0.0541667
0 0.567969 0.105208 0.0296875 0.0354167
0 0.485938 0.863542 0.03125 0.04375
0 0.990625 0.409375 0.01875 0.05625
0 0.540625 0.984375 0.03125 0.03125
0 0.764844 0.1 0.0296875 0.0375
0 0.680469 0.4625 0.0328125 0.0458333
0 0.277344 0.227083 0.0328125 0.0375
0 0.801562 0.0614583 0.028125 0.0395833
0 0.851562 0.234375 0.040625 0.0520833
0 0.639063 0.421875 0.0375 0.0479167
0 0.0898438 0.963542 0.0296875 0.0395833
0 0.721875 0.777083 0.028125 0.0333333
0 0.0835937 0.80625 0.0296875 0.0375
0 0.24375 0.153125 0.03125 0.0354167
0 0.709375 0.634375 0.03125 0.0395833
0 0.009375 0.784375 0.01875 0.0354167
0 0.546094 0.572917 0.0359375 0.0458333
0 0.647656 0.219792 0.0359375 0.0395833
0 0.864062 0.413542 0.034375 0.04375
0 0.954687 0.909375 0.034375 0.0354167
0 0.628125 0.60625 0.028125 0.0375
0 0.254687 0.36875 0.028125 0.0375
0 0.260156 0.440625 0.0296875 0.0354167
0 0.830469 0.435417 0.0328125 0.0416667
0 0.828906 0.985417 0.0265625 0.0291667
0 0.492188 0.0322917 0.034375 0.0395833
0 0.233594 0.579167 0.0296875 0.0416667
0 0.361719 0.0447917 0.0328125 0.0395833
0 0.192188 0.845833 0.034375 0.0416667
0 0.129688 0.197917 0.040625 0.0541667
0 0.8375 0.8625 0.025 0.0416667
0 0.582812 0.121875 0.034375 0.04375
0 0.304688 0.240625 0.0375 0.04375
0 0.75625 0.0541667 0.03125 0.0416667
0 0.845312 0.754167 0.03125 0.0458333
0 0.238281 0.858333 0.0328125 0.0416667
0 0.494531 0.748958 0.0390625 0.0479167
