0 0.0132813 0.990625 0.0265625 0.01875
0 0.99375 0.409375 0.0125 0.0520833
0 0.00546875 0.0916667 0.0109375 0.0458333
0 0.629687 0.804167 0.034375 0.0416667
0 0.625 0.991667 0.03125 0.0166667
0 0.486719 0.865625 0.0328125 0.0395833
0 0.782031 0.009375 0.0296875 0.01875
0 0.934375 0.208333 0.0375 0.05
0 0.0734375 0.25 0.034375 0.0458333
0 0.192969 0.127083 0.0296875 0.0416667
0 0.0414063 0.984375 0.0328125 0.03125
0 0.500781 0.385417 0.0296875 0.0375
0 0.659375 0.927083 0.04375 0.0583333
0 0.744531 0.741667 0.0265625 0.0333333
0 0.35 0.729167 0.034375 0.0458333
0 0.0453125 0.361458 0.034375 0.04375
0 0.672656 0.13125 0.0359375 0.0416667
0 0.315625 0.30625 0.028125 0.0416667
0 0.564062 0.161458 0.028125 0.0354167
0 0.540625 0.985417 0.03125 0.0291667
0 0.924219 0.686458 0.0296875 0.0354167
0 0.584375 0.873958 0.03125 0.0395833
0 0.529688 0.778125 0.03125 0.0395833
0 0.744531 0.80625 0.0296875 0.0416667
0 0.307813 0.0979167 0.028125 0.0375
0 0.0289063 0.727083 0.0328125 0.0458333
0 0.114844 0.539583 0.0328125 0.0375
0 0.242969 0.853125 0.0296875 0.0395833
0 0.592969 0.285417 0.0328125 0.0416667
0 0.415625 0.159375 0.025 0.0354167
0 0.0890625 0.963542 0.03125 0.0395833
0 0.585938 0.486458 0.034375 0.0395833
0 0.511719 0.71875 0.0390625 0.0458333
0 0.585156 0.121875 0.0296875 0.0395833
0 0.707031 0.640625 0.0296875 0.0395833
0 0.692969 0.586458 0.0328125 0.0395833
0 0.01875 0.222917 0.034375 0.0458333
0 0.836719 0.9625 0.0296875 0.0375
0 0.273438 0.413542 0.03125 0.0395833
0 0.0835937 0.805208 0.0296875 0.0354167
0 0.692969 0.172917 0.0328125 0.0416667
0 0.239063 0.578125 0.028125 0.0395833
0 0.826563 0.43125 0.034375 0.0458333
0 0.854688 0.747917 0.034375 0.0458333
0 0.86875 0.408333 0.03125 0.0416667
0 0.567187 0.1 0.03125 0.0375
0 0.132812 0.19375 0.034375 0.0458333
0 0.282813 0.217708 0.034375 0.0395833
0 0.635938 0.420833 0.034375 0.0458333
0 0.192188 0.84375 0.03125 0.0375
0 0.577344 0.151042 0.0296875 0.0354167
0 0.985937 0.771875 0.028125 0.0395833
0 0.846875 0.8375 0.03125 0.0375
0 0.852344 0.227083 0.0453125 0.0541667
0 0.602344 0.210417 0.0328125 0.0458333
0 0.771094 0.0645833 0.0296875 0.0375
0 0.646094 0.5625 0.0296875 0.0416667
