1 0.853125 0.233333 0.05 0.0583333
0 0.991406 0.009375 0.0171875 0.01875
0 0.629687 0.802083 0.034375 0.0375
2 0.0101562 0.738542 0.0203125 0.0395833
0 0.00546875 0.809375 0.0109375 0.0395833
0 0.0140625 0.990625 0.025 0.01875
0 0.717969 0.782292 0.0296875 0.0354167
0 0.571094 0.104167 0.0296875 0.0375
0 0.0421875 0.988542 0.03125 0.0229167
0 0.525 0.598958 0.03125 0.04375
0 0.4625 0.441667 0.0375 0.0541667
0 0.486719 0.864583 0.0296875 0.0375
0 0.9375 0.208333 0.0375 0.05
0 0.889063 0.397917 0.028125 0.0375
0 0.757812 0.102083 0.03125 0.0375
0 0.935938 0.954167 0.034375 0.0375
0 0.732813 0.0958333 0.034375 0.0416667
0 0.578125 0.15 0.03125 0.0375
0 0.505469 0.0239583 0.0265625 0.0354167
0 0.541406 0.985417 0.0328125 0.0291667
0 0.6375 0.419792 0.0375 0.0479167
0 0.310937 0.220833 0.034375 0.0416667
0 0.2375 0.175 0.03125 0.0333333
0 0.990625 0.413542 0.01875 0.0520833
0 0.141406 0.959375 0.0265625 0.0354167
0 0.823438 0.988542 0.028125 0.0229167
0 0.260938 0.438542 0.03125 0.0395833
0 0.864844 0.413542 0.0328125 0.04375
0 0.923437 0.546875 0.034375 0.0395833
0 0.827344 0.433333 0.0328125 0.0416667
0 0.129688 0.198958 0.034375 0.04375
0 0.0851562 0.80625 0.0296875 0.0375
0 0.235156 0.575 0.0296875 0.0416667
0 0.632031 0.239583 0.0328125 0.0416667
0 0.603125 0.210417 0.03125 0.0416667
0 0.0882813 0.963542 0.0296875 0.0354167
0 0.490625 0.754167 0.040625 0.0458333
0 0.270312 0.238542 0.03125 0.0395833
0 0.852344 0.234375 0.0421875 0.0479167
0 0.239063 0.378125 0.028125 0.0395833
0 0.709375 0.630208 0.03125 0.0395833
0 0.191406 0.845833 0.0328125 0.0416667
0 0.357812 0.0604167 0.028125 0.0375
0 0.48125 0.0479167 0.028125 0.0375
0 0.582812 0.119792 0.034375 0.04375
0 0.833594 0.872917 0.0265625 0.0375
0 0.2375 0.858333 0.03125 0.0416667
0 0.841406 0.753125 0.0328125 0.0479167
0 0.632031 0.611458 0.0296875 0.0395833
