0 0.628125 0.801042 0.034375 0.0395833
0 0.970312 0.86875 0.025 0.0333333
0 0.560938 0.160417 0.028125 0.0375
0 0.973437 0.034375 0.03125 0.04375
0 0.0148437 0.989583 0.0296875 0.0208333
0 0.735156 0.147917 0.0296875 0.0375
0 0.992188 0.682292 0.015625 0.0354167
0 0.85 0.23125 0.04375 0.0458333
0 0.714063 0.7875 0.028125 0.0333333
0 0.540625 0.985417 0.03125 0.0291667
0 0.224219 0.483333 0.0265625 0.0333333
0 0.235938 0.566667 0.034375 0.05
0 0.624219 0.015625 0.0296875 0.03125
0 0.307813 0.195833 0.028125 0.0333333
0 0.705469 0.154167 0.0328125 0.0416667
0 0.260938 0.432292 0.028125 0.0395833
0 0.4875 0.8625 0.03125 0.0416667
0 0.214844 0.21875 0.0328125 0.0375
0 0.570312 0.102083 0.028125 0.0333333
0 0.260938 0.265625 0.034375 0.04375
0 0.208594 0.188542 0.0296875 0.0354167
0 0.408594 0.216667 0.0359375 0.0458333
0 0.7125 0.936458 0.03125 0.0395833
0 0.0835937 0.802083 0.0328125 0.0416667
0 0.989844 0.414583 0.0203125 0.0458333
0 0.803906 0.329167 0.0296875 0.0375
0 0.352344 0.071875 0.0265625 0.03125
0 0.823438 0.9875 0.028125 0.025
0 0.0429688 0.984375 0.0359375 0.03125
0 0.208594 0.74375 0.0296875 0.0458333
0 0.935156 0.20625 0.0359375 0.0458333
0 0.8375 0.777083 0.0375 0.0458333
0 0.578125 0.147917 0.03125 0.0375
0 0.454688 0.466667 0.034375 0.0416667
0 0.708594 0.629167 0.0328125 0.0416667
0 0.83125 0.869792 0.03125 0.0395833
0 0.474219 0.0552083 0.0265625 0.0395833
0 0.625 0.240625 0.03125 0.0395833
0 0.583594 0.11875 0.0328125 0.0375
0 0.129688 0.195833 0.034375 0.0458333
0 0.496094 0.615625 0.0328125 0.04375
0 0.601562 0.209375 0.03125 0.04375
0 0.630469 0.615625 0.0296875 0.0395833
0 0.826563 0.43125 0.03125 0.0375
0 0.217187 0.402083 0.03125 0.0458333
0 0.192969 0.855208 0.0390625 0.0520833
0 0.236719 0.85625 0.0328125 0.0458333
0 0.860937 0.409375 0.028125 0.0354167
0 0.50625 0.0333333 0.025 0.0333333
0 0.10625 0.983333 0.03125 0.0333333
