0 0.335938 0.009375 0.034375 0.01875
0 0.309375 0.1875 0.03125 0.0375
0 0.992188 0.680208 0.015625 0.04375
0 0.628906 0.803125 0.0359375 0.0395833
0 0.294531 0.361458 0.0234375 0.0270833
0 0.0382813 0.379167 0.0359375 0.05
0 0.994531 0.407292 0.0109375 0.0479167
0 0.0132813 0.990625 0.0265625 0.01875
0 0.00703125 0.298958 0.0140625 0.0479167
0 0.1625 0.532292 0.03125 0.0395833
0 0.4875 0.405208 0.03125 0.0395833
2 0.0078125 0.303125 0.015625 0.04375
0 0.485938 0.865625 0.034375 0.0479167
0 0.51875 0.0114583 0.028125 0.0229167
0 0.978125 0.839583 0.03125 0.0375
0 0.0882813 0.965625 0.0328125 0.0395833
0 0.726562 0.770833 0.028125 0.0333333
0 0.0796875 0.146875 0.028125 0.0354167
0 0.0398437 0.985417 0.0328125 0.0291667
0 0.01875 0.755208 0.025 0.0395833
0 0.746094 0.221875 0.0328125 0.0395833
0 0.285156 0.33125 0.0296875 0.0416667
0 0.261719 0.438542 0.0328125 0.0395833
0 0.435937 0.404167 0.034375 0.0416667
0 0.660937 0.180208 0.0375 0.04375
0 0.235156 0.578125 0.0328125 0.0479167
0 0.294531 0.161458 0.0296875 0.0354167
0 0.56875 0.103125 0.03125 0.0354167
0 0.496094 0.0197917 0.0296875 0.0354167
0 0.374219 0.0114583 0.0265625 0.0229167
0 0.228125 0.183333 0.03125 0.0375
0 0.569531 0.525 0.0328125 0.0375
0 0.497656 0.741667 0.0421875 0.05
0 0.0835937 0.80625 0.0296875 0.0375
0 0.865625 0.411458 0.03125 0.0395833
0 0.54375 0.951042 0.028125 0.03125
0 0.709375 0.633333 0.03125 0.0416667
0 0.258594 0.128125 0.0296875 0.0395833
0 0.6375 0.421875 0.0375 0.0479167
0 0.828125 0.434375 0.03125 0.0395833
0 0.584375 0.120833 0.034375 0.0416667
0 0.192969 0.845833 0.0328125 0.0416667
0 0.540625 0.985417 0.034375 0.0291667
0 0.851562 0.752083 0.034375 0.0458333
0 0.282813 0.219792 0.034375 0.0395833
0 0.13125 0.198958 0.034375 0.04375
0 0.603125 0.214583 0.03125 0.0375
0 0.853125 0.229167 0.04375 0.0541667
0 0.240625 0.854167 0.03125 0.0416667
0 0.842969 0.853125 0.0265625 0.0354167
0 0.832812 0.978125 0.028125 0.0354167
0 0.630469 0.583333 0.0296875 0.0375
0 0.771875 0.0802083 0.03125 0.0395833
0 0.936719 0.209375 0.0390625 0.05625
