0 0.504687 0.0104167 0.034375 0.0208333
0 0.820312 0.636458 0.021875 0.0270833
0 0.992188 0.678125 0.015625 0.0479167
0 0.0132813 0.990625 0.0234375 0.01875
0 0.99375 0.409375 0.0125 0.0479167
0 0.4875 0.864583 0.028125 0.0375
0 0.563281 0.160417 0.0265625 0.0333333
0 0.248437 0.55 0.028125 0.0333333
0 0.742969 0.754167 0.0265625 0.0333333
0 0.578125 0.15 0.028125 0.0333333
0 0.541406 0.985417 0.0328125 0.0291667
0 0.040625 0.985417 0.03125 0.0291667
0 0.214062 0.161458 0.028125 0.0354167
0 0.353906 0.340625 0.0265625 0.0354167
0 0.233594 0.572917 0.0265625 0.0375
0 0.304688 0.463542 0.03125 0.04375
0 0.498437 0.391667 0.034375 0.0375
0 0.572656 0.888542 0.0296875 0.03125
0 0.603125 0.0989583 0.03125 0.0395833
0 0.20625 0.309375 0.034375 0.0395833
0 0.767969 0.80625 0.0296875 0.0375
0 0.835938 0.964583 0.028125 0.0375
0 0.0140625 0.246875 0.028125 0.04375
0 0.0898438 0.964583 0.0296875 0.0375
0 0.0296875 0.733333 0.028125 0.0416667
0 0.566406 0.103125 0.0265625 0.0354167
0 0.5875 0.491667 0.03125 0.0375
0 0.9875 0.785417 0.025 0.0375
0 0.0828125 0.805208 0.028125 0.0354167
0 0.295312 0.10625 0.028125 0.0375
0 0.585156 0.121875 0.0296875 0.0395833
0 0.771094 0.0677083 0.0296875 0.0354167
0 0.0101562 0.652083 0.0203125 0.0375
0 0.310156 0.310417 0.0265625 0.0375
0 0.667188 0.140625 0.034375 0.0395833
0 0.192188 0.844792 0.03125 0.0395833
0 0.708594 0.6375 0.0296875 0.0375
0 0.271094 0.417708 0.0296875 0.0354167
0 0.601562 0.2125 0.03125 0.0375
0 0.132031 0.196875 0.0328125 0.04375
0 0.282813 0.217708 0.03125 0.0395833
0 0.935938 0.209375 0.040625 0.05625
0 0.660937 0.504167 0.028125 0.0333333
0 0.86875 0.408333 0.03125 0.0416667
0 0.635938 0.419792 0.034375 0.04375
0 0.828125 0.433333 0.03125 0.0416667
0 0.853125 0.228125 0.046875 0.05625
0 0.983594 0.867708 0.0265625 0.0395833
0 0.510938 0.726042 0.040625 0.0479167
0 0.242188 0.85625 0.028125 0.0416667
0 0.630469 0.804167 0.0359375 0.0416667
0 0.782031 0.633333 0.0328125 0.0416667
0 0.848437 0.838542 0.028125 0.0354167
0 0.853906 0.748958 0.0328125 0.04375
0 0.646094 0.5625 0.0296875 0.0375
