2 0.697656 0.0135417 0.0328125 0.0270833
0 0.311719 0.190625 0.0296875 0.0354167
0 0.335938 0.009375 0.034375 0.01875
0 0.992188 0.68125 0.015625 0.0458333
0 0.826563 0.989583 0.025 0.0208333
0 0.296094 0.359375 0.0234375 0.0270833
0 0.0078125 0.298958 0.015625 0.0479167
0 0.628906 0.804167 0.0359375 0.0416667
0 0.0132813 0.990625 0.0265625 0.01875
0 0.994531 0.408333 0.0109375 0.05
0 0.488281 0.404167 0.0296875 0.0416667
0 0.728125 0.769792 0.028125 0.0354167
0 0.484375 0.866667 0.0375 0.05
0 0.978125 0.8375 0.03125 0.0375
0 0.51875 0.0125 0.028125 0.025
0 0.0640625 0.173958 0.025 0.03125
0 0.0390625 0.383333 0.0375 0.05
0 0.65625 0.926042 0.040625 0.0479167
2 0.00859375 0.302083 0.0171875 0.0458333
0 0.0882813 0.965625 0.0328125 0.0395833
0 0.0398437 0.985417 0.0328125 0.0291667
0 0.849219 0.751042 0.0328125 0.04375
0 0.228125 0.1875 0.025 0.0416667
0 0.164062 0.526042 0.03125 0.0395833
0 0.285937 0.330208 0.028125 0.0395833
0 0.2625 0.438542 0.03125 0.0395833
0 0.494531 0.021875 0.0296875 0.0354167
0 0.429688 0.413542 0.03125 0.04375
0 0.234375 0.578125 0.03125 0.04375
0 0.01875 0.754167 0.028125 0.0416667
0 0.661719 0.179167 0.0359375 0.0416667
0 0.571094 0.523958 0.0328125 0.0395833
0 0.0835937 0.80625 0.0296875 0.0375
0 0.545313 0.946875 0.028125 0.03125
0 0.569531 0.102083 0.0296875 0.0375
0 0.708594 0.633333 0.0328125 0.0416667
0 0.282813 0.219792 0.03125 0.0395833
0 0.828906 0.434375 0.0328125 0.0395833
0 0.865625 0.411458 0.03125 0.0395833
0 0.260156 0.126042 0.0296875 0.0395833
0 0.498437 0.740625 0.04375 0.0520833
0 0.746875 0.239583 0.03125 0.0416667
0 0.583594 0.120833 0.0328125 0.0416667
0 0.541406 0.985417 0.0359375 0.0291667
0 0.376563 0.0125 0.028125 0.025
0 0.6375 0.421875 0.0375 0.0479167
0 0.240625 0.854167 0.03125 0.0416667
0 0.192188 0.845833 0.034375 0.0416667
0 0.832812 0.977083 0.028125 0.0333333
0 0.13125 0.2 0.03125 0.0416667
0 0.603125 0.215625 0.03125 0.0354167
0 0.842969 0.853125 0.0265625 0.0354167
0 0.308594 0.148958 0.0328125 0.0395833
0 0.771875 0.0791667 0.03125 0.0375
0 0.853125 0.229167 0.04375 0.0541667
0 0.63125 0.58125 0.03125 0.0375
0 0.936719 0.210417 0.0390625 0.0541667
