0 0.628906 0.804167 0.0359375 0.0416667
0 0.308594 0.807292 0.0265625 0.0354167
0 0.991406 0.68125 0.0140625 0.0458333
0 0.0148437 0.989583 0.0296875 0.0208333
0 0.5125 0.015625 0.028125 0.0270833
0 0.578125 0.154167 0.028125 0.0333333
0 0.4875 0.865625 0.03125 0.04375
0 0.311719 0.190625 0.0328125 0.0395833
0 0.525 0.988542 0.03125 0.0229167
0 0.539844 0.9875 0.0296875 0.025
0 0.890625 0.205208 0.03125 0.0354167
0 0.770312 0.0229167 0.034375 0.0375
0 0.0390625 0.986458 0.034375 0.0270833
0 0.279687 0.394792 0.025 0.03125
0 0.477344 0.4125 0.0359375 0.0458333
0 0.992188 0.408333 0.015625 0.0541667
0 0.852344 0.229167 0.0421875 0.05
0 0.283594 0.217708 0.0359375 0.0354167
0 0.96875 0.871875 0.034375 0.0395833
0 0.0890625 0.964583 0.03125 0.0375
0 0.725 0.773958 0.03125 0.0354167
0 0.0335938 0.580208 0.0328125 0.0395833
0 0.76875 0.090625 0.03125 0.0395833
0 0.65 0.554167 0.03125 0.0416667
0 0.499219 0.0229167 0.0328125 0.0375
0 0.0132813 0.771875 0.0234375 0.0395833
0 0.245312 0.151042 0.03125 0.0354167
0 0.279687 0.241667 0.034375 0.0375
0 0.0828125 0.80625 0.03125 0.0375
0 0.0171875 0.273958 0.03125 0.04375
0 0.235156 0.578125 0.0296875 0.04375
0 0.569531 0.103125 0.0296875 0.0354167
0 0.829687 0.435417 0.034375 0.0416667
0 0.709375 0.633333 0.03125 0.0416667
0 0.610156 0.0635417 0.0328125 0.0395833
0 0.864844 0.4125 0.0328125 0.0416667
0 0.260938 0.439583 0.034375 0.0416667
0 0.270312 0.360417 0.028125 0.0375
0 0.192188 0.846875 0.0375 0.0479167
0 0.365625 0.03125 0.034375 0.0375
0 0.584375 0.121875 0.03125 0.0395833
0 0.935156 0.208333 0.0359375 0.05
0 0.557813 0.54375 0.03125 0.0375
0 0.840625 0.859375 0.025 0.0395833
0 0.603125 0.214583 0.03125 0.0375
0 0.239844 0.857292 0.0328125 0.0395833
0 0.65625 0.196875 0.0375 0.04375
0 0.129688 0.198958 0.0375 0.0479167
0 0.846875 0.75625 0.03125 0.0458333
0 0.630469 0.598958 0.0328125 0.0395833
0 0.496094 0.745833 0.0421875 0.05
0 0.83125 0.983333 0.028125 0.0333333
