0 0.815625 0.634375 0.025 0.03125
0 0.0132813 0.990625 0.0265625 0.01875
0 0.630469 0.804167 0.0359375 0.0416667
0 0.994531 0.409375 0.0109375 0.0520833
0 0.657812 0.917708 0.0375 0.0479167
0 0.00546875 0.0895833 0.0109375 0.0458333
0 0.674219 0.13125 0.0359375 0.0416667
0 0.5 0.384375 0.03125 0.0354167
0 0.0390625 0.984375 0.034375 0.03125
0 0.563281 0.160417 0.0265625 0.0333333
0 0.488281 0.864583 0.0296875 0.0375
0 0.0460938 0.358333 0.0328125 0.0416667
0 0.475781 0.802083 0.0296875 0.0375
0 0.367969 0.735417 0.0359375 0.0416667
0 0.0710938 0.205208 0.0296875 0.0395833
0 0.16875 0.572917 0.028125 0.0375
0 0.585938 0.872917 0.03125 0.0375
0 0.745313 0.742708 0.028125 0.0354167
0 0.189063 0.120833 0.028125 0.0375
0 0.316406 0.305208 0.0265625 0.0395833
0 0.541406 0.985417 0.0328125 0.0291667
0 0.698438 0.989583 0.028125 0.0208333
0 0.755469 0.855208 0.0328125 0.0395833
0 0.935938 0.207292 0.040625 0.0520833
0 0.769531 0.590625 0.0328125 0.04375
0 0.578125 0.246875 0.034375 0.0395833
0 0.661719 0.176042 0.0296875 0.04375
0 0.441406 0.135417 0.0265625 0.0375
0 0.309375 0.0958333 0.028125 0.0375
0 0.767187 0.0645833 0.034375 0.0416667
0 0.0296875 0.726042 0.03125 0.04375
0 0.5875 0.486458 0.03125 0.0395833
0 0.0898438 0.963542 0.0296875 0.0395833
0 0.584375 0.120833 0.03125 0.0375
0 0.648438 0.986458 0.03125 0.0270833
0 0.514844 0.71875 0.0421875 0.05
0 0.238281 0.579167 0.0296875 0.0416667
0 0.0195312 0.221875 0.0328125 0.04375
0 0.903125 0.657292 0.03125 0.0395833
0 0.985937 0.767708 0.028125 0.0395833
0 0.274219 0.4125 0.0296875 0.0375
0 0.191406 0.84375 0.0296875 0.0375
0 0.0835937 0.80625 0.0296875 0.0375
0 0.282813 0.217708 0.034375 0.0395833
0 0.851562 0.227083 0.046875 0.0541667
0 0.56875 0.0989583 0.03125 0.0395833
0 0.578125 0.15 0.028125 0.0333333
0 0.86875 0.408333 0.03125 0.0416667
0 0.826563 0.432292 0.034375 0.04375
0 0.133594 0.19375 0.0328125 0.0458333
0 0.836719 0.9625 0.0296875 0.0375
0 0.854688 0.747917 0.034375 0.0458333
0 0.707812 0.640625 0.028125 0.0395833
0 0.601562 0.211458 0.03125 0.04375
0 0.635938 0.419792 0.034375 0.0479167
0 0.846875 0.8375 0.028125 0.0333333
0 0.242969 0.852083 0.0328125 0.0416667
0 0.646094 0.5625 0.0296875 0.0375
