2 0.696094 0.0145833 0.0328125 0.0291667
0 0.629687 0.804167 0.034375 0.0416667
0 0.99375 0.270833 0.0125 0.05
2 0.182812 0.940625 0.028125 0.0354167
0 0.310937 0.192708 0.03125 0.04375
0 0.989844 0.683333 0.0171875 0.0416667
0 0.567969 0.160417 0.0296875 0.0375
0 0.0125 0.989583 0.025 0.0208333
0 0.503906 0.0166667 0.0359375 0.0333333
0 0.577344 0.153125 0.0296875 0.0354167
0 0.703125 0.514583 0.03125 0.0375
0 0.471094 0.423958 0.0390625 0.05625
0 0.600781 0.2125 0.0296875 0.0375
0 0.547656 0.569792 0.0359375 0.04375
0 0.486719 0.864583 0.0296875 0.0416667
0 0.650781 0.214583 0.0359375 0.0416667
0 0.56875 0.10625 0.03125 0.0375
0 0.0398437 0.986458 0.0328125 0.0270833
0 0.541406 0.985417 0.0328125 0.0291667
0 0.0101562 0.780208 0.0203125 0.0395833
0 0.992188 0.408333 0.015625 0.0541667
0 0.764844 0.0979167 0.0296875 0.0375
0 0.0898438 0.963542 0.0296875 0.0395833
0 0.708594 0.633333 0.0328125 0.0416667
0 0.957812 0.904167 0.034375 0.0375
0 0.851562 0.233333 0.040625 0.05
0 0.24375 0.154167 0.03125 0.0375
0 0.721875 0.775 0.03125 0.0333333
0 0.864062 0.413542 0.034375 0.04375
0 0.260938 0.441667 0.03125 0.0375
0 0.307813 0.246875 0.034375 0.0395833
0 0.0828125 0.80625 0.03125 0.0375
0 0.279687 0.226042 0.034375 0.0395833
0 0.192969 0.847917 0.0359375 0.0458333
0 0.233594 0.578125 0.0296875 0.04375
0 0.830469 0.435417 0.0359375 0.0458333
0 0.629687 0.605208 0.03125 0.0395833
0 0.823438 0.0770833 0.028125 0.0375
0 0.838281 0.860417 0.0265625 0.0375
0 0.363281 0.0427083 0.0328125 0.04375
0 0.760156 0.0479167 0.0359375 0.0458333
0 0.129688 0.2 0.040625 0.0541667
0 0.582812 0.121875 0.034375 0.04375
0 0.25625 0.367708 0.03125 0.0395833
0 0.238281 0.858333 0.0328125 0.0416667
0 0.829687 0.983333 0.028125 0.0333333
0 0.494531 0.748958 0.0421875 0.0479167
0 0.846094 0.753125 0.0328125 0.0479167
0 0.496875 0.028125 0.0375 0.04375
0 0.935938 0.209375 0.040625 0.0604167
