0 0.992188 0.677083 0.015625 0.0458333
0 0.976562 0.859375 0.028125 0.0354167
0 0.0421875 0.369792 0.034375 0.04375
0 0.0117188 0.989583 0.0234375 0.0208333
0 0.564844 0.158333 0.0265625 0.0333333
0 0.99375 0.409375 0.0125 0.0479167
0 0.00703125 0.31875 0.0140625 0.0416667
0 0.486719 0.865625 0.0296875 0.0354167
0 0.0101562 0.260417 0.0203125 0.0416667
0 0.040625 0.985417 0.03125 0.0291667
0 0.214062 0.4375 0.028125 0.0333333
0 0.307813 0.344792 0.025 0.03125
0 0.0890625 0.964583 0.03125 0.0375
0 0.49375 0.396875 0.03125 0.0395833
0 0.296875 0.388542 0.03125 0.0395833
0 0.989062 0.798958 0.021875 0.0354167
0 0.5875 0.0177083 0.034375 0.0354167
0 0.267969 0.419792 0.0328125 0.04375
0 0.220313 0.172917 0.028125 0.0375
0 0.907812 0.885417 0.028125 0.0375
0 0.542188 0.986458 0.034375 0.0270833
0 0.5 0.0145833 0.034375 0.0291667
0 0.0210938 0.735417 0.0328125 0.0458333
0 0.564844 0.907292 0.0296875 0.03125
0 0.585156 0.501042 0.0328125 0.0395833
0 0.6375 0.564583 0.03125 0.0375
0 0.585156 0.119792 0.0296875 0.0395833
0 0.192969 0.844792 0.0328125 0.0395833
0 0.284375 0.115625 0.028125 0.0354167
0 0.851562 0.747917 0.034375 0.0458333
0 0.0835937 0.805208 0.0296875 0.0395833
0 0.235156 0.577083 0.0296875 0.0416667
0 0.06875 0.335417 0.03125 0.0375
0 0.773438 0.0739583 0.03125 0.0395833
0 0.242188 0.85625 0.03125 0.0416667
0 0.666406 0.158333 0.0359375 0.0416667
0 0.767969 0.532292 0.0328125 0.04375
0 0.711719 0.657292 0.0296875 0.0354167
0 0.56875 0.103125 0.03125 0.0395833
0 0.86875 0.408333 0.03125 0.0416667
0 0.836719 0.96875 0.0296875 0.0375
0 0.282813 0.217708 0.034375 0.0395833
0 0.578125 0.15 0.03125 0.0375
0 0.132031 0.195833 0.0328125 0.0416667
0 0.828125 0.434375 0.034375 0.04375
0 0.708594 0.634375 0.0328125 0.0395833
0 0.635938 0.420833 0.034375 0.05
0 0.6 0.2125 0.03125 0.0416667
0 0.853125 0.229167 0.04375 0.0541667
0 0.307031 0.315625 0.0296875 0.0395833
0 0.848437 0.842708 0.028125 0.0354167
0 0.935938 0.208333 0.040625 0.0583333
0 0.628906 0.805208 0.0359375 0.04375
0 0.508594 0.73125 0.0421875 0.0541667
