0 0.0078125 0.278125 0.015625 0.0479167
0 0.610156 0.830208 0.0390625 0.0479167
0 0.332812 0.009375 0.034375 0.01875
0 0.577344 0.152083 0.0265625 0.0333333
0 0.994531 0.408333 0.0109375 0.05
0 0.978125 0.8625 0.028125 0.0375
0 0.65625 0.925 0.040625 0.05
0 0.0125 0.990625 0.025 0.01875
0 0.489062 0.404167 0.028125 0.0375
0 0.522656 0.0114583 0.0265625 0.0229167
0 0.575781 0.514583 0.0328125 0.0375
0 0.501562 0.0166667 0.028125 0.0333333
0 0.0398437 0.985417 0.0328125 0.0291667
0 0.0890625 0.964583 0.03125 0.0375
0 0.551562 0.9375 0.028125 0.0333333
0 0.289844 0.325 0.0265625 0.0375
0 0.982813 0.825 0.03125 0.0416667
0 0.389844 0.09375 0.0296875 0.0333333
0 0.264844 0.4375 0.0328125 0.0375
0 0.541406 0.984375 0.0359375 0.03125
0 0.235938 0.578125 0.03125 0.04375
0 0.0195312 0.746875 0.0296875 0.04375
0 0.567969 0.102083 0.0296875 0.0375
0 0.392969 0.466667 0.0328125 0.0416667
0 0.784375 0.323958 0.03125 0.0395833
0 0.482812 0.864583 0.0375 0.0458333
0 0.386719 0.0572917 0.0296875 0.0395833
0 0.13125 0.252083 0.03125 0.0416667
0 0.729688 0.766667 0.028125 0.0333333
0 0.084375 0.80625 0.028125 0.0375
0 0.6 0.207292 0.03125 0.0395833
0 0.660937 0.173958 0.034375 0.0395833
0 0.501562 0.738542 0.04375 0.0520833
0 0.200781 0.508333 0.0296875 0.0375
0 0.865625 0.410417 0.03125 0.0416667
0 0.828906 0.434375 0.0328125 0.0395833
0 0.584375 0.119792 0.03125 0.0395833
0 0.282813 0.21875 0.034375 0.0416667
0 0.266406 0.126042 0.0328125 0.0395833
0 0.636719 0.419792 0.0359375 0.0479167
0 0.192969 0.844792 0.0328125 0.0395833
0 0.708594 0.633333 0.0296875 0.0375
0 0.628906 0.804167 0.0359375 0.0416667
0 0.773438 0.0760417 0.034375 0.0395833
0 0.220313 0.18125 0.028125 0.0375
0 0.852344 0.75 0.0359375 0.0458333
0 0.852344 0.227083 0.0453125 0.0541667
0 0.0367187 0.379167 0.0328125 0.0416667
0 0.832812 0.975 0.028125 0.0375
0 0.7875 0.909375 0.028125 0.04375
0 0.132031 0.195833 0.0359375 0.0458333
0 0.241406 0.854167 0.0328125 0.0416667
0 0.842188 0.85 0.028125 0.0333333
0 0.632812 0.577083 0.028125 0.0375
0 0.935938 0.210417 0.040625 0.0583333
