0 0.576563 0.153125 0.028125 0.0354167
0 0.991406 0.678125 0.0140625 0.04375
0 0.308594 0.807292 0.0265625 0.0354167
0 0.653906 0.927083 0.0421875 0.0541667
0 0.0140625 0.989583 0.028125 0.0208333
0 0.629687 0.804167 0.034375 0.0416667
0 0.770312 0.021875 0.034375 0.0354167
0 0.513281 0.0166667 0.0265625 0.0291667
0 0.310937 0.190625 0.03125 0.0395833
0 0.278906 0.39375 0.0234375 0.0291667
0 0.992188 0.408333 0.015625 0.0541667
0 0.486719 0.864583 0.0296875 0.0416667
0 0.540625 0.988542 0.03125 0.0229167
0 0.0390625 0.9875 0.034375 0.025
0 0.655469 0.570833 0.0296875 0.0333333
0 0.476562 0.413542 0.0375 0.0479167
0 0.0382813 0.264583 0.0328125 0.0458333
0 0.525781 0.9875 0.0328125 0.025
0 0.0382813 0.55625 0.0328125 0.0375
0 0.0890625 0.964583 0.03125 0.0375
0 0.970312 0.869792 0.034375 0.0395833
0 0.903125 0.194792 0.03125 0.04375
0 0.725 0.773958 0.03125 0.0354167
0 0.246094 0.151042 0.0296875 0.0354167
0 0.0140625 0.771875 0.025 0.0395833
0 0.282813 0.219792 0.034375 0.0395833
0 0.0835937 0.80625 0.0328125 0.0375
0 0.621094 0.053125 0.0296875 0.0354167
0 0.853125 0.230208 0.04375 0.0479167
0 0.5 0.0229167 0.034375 0.0375
0 0.569531 0.103125 0.0296875 0.0354167
0 0.628906 0.598958 0.0328125 0.0395833
0 0.76875 0.090625 0.03125 0.0395833
0 0.557813 0.541667 0.034375 0.0416667
0 0.235156 0.577083 0.0328125 0.0458333
0 0.829687 0.435417 0.034375 0.0416667
0 0.282031 0.246875 0.0328125 0.0395833
0 0.864062 0.4125 0.034375 0.0416667
0 0.260938 0.439583 0.034375 0.0416667
0 0.709375 0.634375 0.03125 0.0395833
0 0.192188 0.845833 0.0375 0.0458333
0 0.583594 0.120833 0.0328125 0.0416667
0 0.270312 0.359375 0.028125 0.0395833
0 0.935938 0.208333 0.040625 0.0541667
0 0.603125 0.214583 0.03125 0.0375
0 0.840625 0.860417 0.025 0.0375
0 0.365625 0.03125 0.034375 0.0416667
0 0.65625 0.196875 0.0375 0.04375
0 0.239844 0.857292 0.0328125 0.0395833
0 0.846875 0.755208 0.03125 0.04375
0 0.129688 0.2 0.0375 0.05
0 0.496094 0.744792 0.0421875 0.0479167
0 0.83125 0.983333 0.028125 0.0333333
