0 0.99375 0.677083 0.0125 0.0458333
0 0.74375 0.009375 0.0375 0.01875
0 0.820312 0.635417 0.021875 0.0291667
0 0.04375 0.3625 0.034375 0.0416667
0 0.307813 0.342708 0.021875 0.0270833
0 0.0132813 0.990625 0.0265625 0.01875
0 0.99375 0.409375 0.0125 0.0479167
0 0.4875 0.864583 0.028125 0.0375
0 0.935156 0.210417 0.0421875 0.0541667
0 0.985156 0.867708 0.0234375 0.03125
0 0.5625 0.160417 0.028125 0.0333333
0 0.379687 0.498958 0.034375 0.0395833
0 0.0414063 0.985417 0.0296875 0.0291667
0 0.407813 0.219792 0.040625 0.0520833
0 0.0101562 0.471875 0.0203125 0.04375
0 0.574219 0.885417 0.0328125 0.0333333
0 0.499219 0.390625 0.0296875 0.0395833
0 0.2125 0.15625 0.028125 0.0375
0 0.541406 0.985417 0.0328125 0.0291667
0 0.028125 0.729167 0.03125 0.0416667
0 0.190625 0.269792 0.034375 0.0395833
0 0.339844 0.279167 0.0328125 0.0416667
0 0.578125 0.15 0.028125 0.0333333
0 0.665625 0.1375 0.034375 0.0416667
0 0.299219 0.105208 0.0296875 0.0395833
0 0.784375 0.675 0.03125 0.0416667
0 0.239844 0.578125 0.0296875 0.04375
0 0.989062 0.84375 0.021875 0.0333333
0 0.836719 0.964583 0.0296875 0.0375
0 0.71875 0.820833 0.03125 0.0416667
0 0.0890625 0.964583 0.028125 0.0375
0 0.513281 0.726042 0.0390625 0.0479167
0 0.584375 0.121875 0.03125 0.0395833
0 0.0828125 0.805208 0.028125 0.0354167
0 0.771875 0.0697917 0.028125 0.0354167
0 0.74375 0.748958 0.028125 0.0354167
0 0.567969 0.102083 0.0296875 0.0375
0 0.63125 0.121875 0.03125 0.0395833
0 0.5875 0.492708 0.03125 0.0395833
0 0.310937 0.310417 0.028125 0.0375
0 0.282813 0.216667 0.034375 0.0416667
0 0.26875 0.55 0.03125 0.0416667
0 0.191406 0.84375 0.0296875 0.0375
0 0.132812 0.196875 0.034375 0.04375
0 0.601562 0.2125 0.034375 0.0416667
0 0.629687 0.804167 0.034375 0.0416667
0 0.271875 0.414583 0.03125 0.0375
0 0.986719 0.788542 0.0265625 0.0395833
0 0.6375 0.419792 0.034375 0.04375
0 0.632031 0.477083 0.0265625 0.0375
0 0.828125 0.434375 0.03125 0.0395833
0 0.86875 0.408333 0.03125 0.0416667
0 0.707812 0.635417 0.03125 0.0375
0 0.015625 0.24375 0.03125 0.0458333
0 0.242969 0.857292 0.0296875 0.0395833
0 0.853125 0.228125 0.04375 0.05625
0 0.853125 0.748958 0.03125 0.04375
0 0.848437 0.8375 0.028125 0.0375
0 0.646875 0.5625 0.028125 0.0375
