0 0.6375 0.414583 0.0375 0.05
0 0.96875 0.870833 0.025 0.0333333
0 0.2 0.732292 0.03125 0.04375
0 0.560938 0.161458 0.028125 0.0354167
0 0.992188 0.68125 0.015625 0.0375
0 0.0148437 0.988542 0.0296875 0.0229167
0 0.734375 0.15 0.03125 0.0375
0 0.973437 0.0375 0.028125 0.0375
0 0.307813 0.196875 0.028125 0.0354167
0 0.715625 0.7875 0.028125 0.0333333
0 0.541406 0.985417 0.0328125 0.0291667
0 0.222656 0.484375 0.0234375 0.03125
0 0.235156 0.566667 0.0328125 0.05
0 0.4875 0.861458 0.03125 0.0395833
0 0.260938 0.432292 0.028125 0.0395833
0 0.989062 0.414583 0.021875 0.0458333
0 0.704687 0.155208 0.034375 0.04375
0 0.570312 0.102083 0.028125 0.0333333
0 0.836719 0.780208 0.0359375 0.04375
0 0.214062 0.229167 0.03125 0.0375
0 0.577344 0.147917 0.0296875 0.0333333
0 0.789844 0.358333 0.0265625 0.0375
0 0.0835937 0.802083 0.0328125 0.0416667
0 0.823438 0.9875 0.028125 0.025
0 0.832031 0.870833 0.0296875 0.0375
0 0.208594 0.190625 0.0296875 0.0354167
0 0.708594 0.629167 0.0328125 0.0416667
0 0.623438 0.015625 0.028125 0.03125
0 0.407813 0.217708 0.034375 0.04375
0 0.0421875 0.984375 0.034375 0.03125
0 0.851562 0.232292 0.04375 0.0520833
0 0.129688 0.196875 0.034375 0.04375
0 0.352344 0.071875 0.0265625 0.03125
0 0.216406 0.404167 0.0265625 0.0416667
0 0.625 0.240625 0.03125 0.0395833
0 0.475 0.0541667 0.025 0.0375
0 0.584375 0.120833 0.03125 0.0375
0 0.709375 0.958333 0.03125 0.0416667
0 0.259375 0.266667 0.034375 0.0416667
0 0.828125 0.43125 0.03125 0.0375
0 0.453906 0.469792 0.0359375 0.0395833
0 0.601562 0.208333 0.03125 0.0458333
0 0.105469 0.984375 0.0296875 0.03125
0 0.49375 0.615625 0.03125 0.04375
0 0.235938 0.85625 0.03125 0.0458333
0 0.192969 0.855208 0.0359375 0.0479167
0 0.860937 0.409375 0.028125 0.0354167
0 0.934375 0.20625 0.0375 0.05
0 0.630469 0.616667 0.0296875 0.0416667
0 0.50625 0.0322917 0.025 0.03125
