0 0.629687 0.804167 0.034375 0.0416667
0 0.775 0.0166667 0.0375 0.0291667
0 0.992188 0.679167 0.015625 0.05
0 0.654688 0.928125 0.040625 0.0520833
0 0.0140625 0.989583 0.028125 0.0208333
0 0.540625 0.9875 0.03125 0.025
0 0.513281 0.0145833 0.0265625 0.025
0 0.469531 0.467708 0.0328125 0.0479167
0 0.311719 0.189583 0.0328125 0.0375
0 0.577344 0.153125 0.0296875 0.0354167
0 0.00546875 0.322917 0.0109375 0.0458333
0 0.6375 0.421875 0.040625 0.0520833
0 0.4875 0.865625 0.03125 0.04375
0 0.2625 0.23125 0.034375 0.0416667
0 0.284375 0.21875 0.034375 0.0416667
0 0.0390625 0.986458 0.034375 0.0270833
0 0.0992187 0.280208 0.0359375 0.0479167
0 0.239844 0.85625 0.0328125 0.0375
0 0.0515625 0.0729167 0.034375 0.0416667
0 0.478125 0.4125 0.0375 0.05
0 0.992188 0.408333 0.015625 0.0541667
0 0.0898438 0.964583 0.0296875 0.0375
0 0.973437 0.8625 0.0375 0.0458333
0 0.0140625 0.769792 0.025 0.0395833
0 0.567187 0.5375 0.034375 0.0416667
0 0.249219 0.144792 0.0328125 0.0395833
0 0.725781 0.773958 0.0296875 0.0354167
0 0.528125 0.98125 0.03125 0.0333333
0 0.500781 0.021875 0.0328125 0.0395833
0 0.084375 0.805208 0.03125 0.0395833
0 0.274219 0.353125 0.0296875 0.0395833
0 0.709375 0.633333 0.03125 0.0416667
0 0.0875 0.540625 0.034375 0.04375
0 0.234375 0.577083 0.03125 0.0458333
0 0.569531 0.103125 0.0296875 0.0354167
0 0.830469 0.435417 0.0328125 0.0416667
0 0.76875 0.0885417 0.03125 0.0395833
0 0.675 0.0614583 0.03125 0.04375
0 0.260938 0.439583 0.034375 0.0416667
0 0.864062 0.4125 0.034375 0.0416667
0 0.192969 0.845833 0.0359375 0.0458333
0 0.607813 0.520833 0.034375 0.0416667
0 0.584375 0.120833 0.03125 0.0375
0 0.130469 0.198958 0.0359375 0.0479167
0 0.603125 0.214583 0.03125 0.0375
0 0.93125 0.242708 0.034375 0.0395833
0 0.853125 0.229167 0.04375 0.05
0 0.840625 0.857292 0.025 0.0395833
0 0.655469 0.192708 0.0359375 0.04375
0 0.628125 0.591667 0.034375 0.0458333
0 0.366406 0.0270833 0.0328125 0.0375
0 0.496094 0.74375 0.0421875 0.05
0 0.846875 0.755208 0.03125 0.04375
0 0.83125 0.983333 0.028125 0.0333333
0 0.935938 0.205208 0.0375 0.0479167
