0 0.578125 0.153125 0.028125 0.0354167
0 0.992188 0.679167 0.015625 0.05
0 0.135937 0.009375 0.034375 0.01875
0 0.639844 0.419792 0.0390625 0.0520833
0 0.284375 0.380208 0.025 0.0270833
0 0.0140625 0.989583 0.028125 0.0208333
0 0.470313 0.467708 0.034375 0.0479167
0 0.514063 0.015625 0.028125 0.0270833
0 0.539062 0.9875 0.034375 0.025
0 0.00625 0.321875 0.0125 0.04375
0 0.486719 0.865625 0.0328125 0.04375
0 0.0390625 0.985417 0.034375 0.0291667
0 0.725781 0.773958 0.0296875 0.0354167
0 0.564062 0.539583 0.028125 0.0375
0 0.0148437 0.76875 0.0265625 0.0375
0 0.478125 0.411458 0.0375 0.0479167
0 0.284375 0.21875 0.034375 0.0416667
0 0.545313 0.522917 0.028125 0.0375
0 0.239844 0.859375 0.0328125 0.04375
0 0.0890625 0.963542 0.03125 0.0395833
0 0.146094 0.302083 0.0390625 0.0458333
0 0.276563 0.346875 0.028125 0.0395833
0 0.992188 0.408333 0.015625 0.0541667
0 0.971875 0.859375 0.0375 0.0479167
0 0.252344 0.208333 0.0359375 0.0416667
0 0.503125 0.021875 0.03125 0.0354167
0 0.251563 0.141667 0.03125 0.0375
0 0.121875 0.521875 0.0375 0.0479167
0 0.694531 0.102083 0.0296875 0.0375
0 0.777344 0.0114583 0.0328125 0.0229167
0 0.569531 0.103125 0.0296875 0.0354167
0 0.260938 0.439583 0.034375 0.0416667
0 0.709375 0.633333 0.03125 0.0375
0 0.235156 0.577083 0.0328125 0.0458333
0 0.0835937 0.805208 0.0296875 0.0395833
0 0.829687 0.435417 0.034375 0.0416667
0 0.936719 0.280208 0.0359375 0.04375
0 0.192969 0.846875 0.0359375 0.04375
0 0.533594 0.975 0.0328125 0.0333333
0 0.864844 0.4125 0.0328125 0.0416667
0 0.853125 0.228125 0.04375 0.0520833
0 0.584375 0.120833 0.03125 0.0416667
0 0.771094 0.0864583 0.0296875 0.0354167
0 0.498437 0.744792 0.040625 0.0479167
0 0.842188 0.85625 0.028125 0.0375
0 0.603125 0.214583 0.03125 0.0416667
0 0.65625 0.190625 0.0375 0.04375
0 0.130469 0.198958 0.0390625 0.0520833
0 0.848437 0.754167 0.034375 0.0416667
0 0.628125 0.588542 0.03125 0.0395833
0 0.367969 0.021875 0.0328125 0.0354167
0 0.83125 0.98125 0.028125 0.0333333
0 0.935938 0.210417 0.0375 0.0541667
