0 0.469531 0.469792 0.0328125 0.0479167
0 0.0140625 0.0114583 0.028125 0.0229167
0 0.578125 0.153125 0.028125 0.03125
0 0.311719 0.190625 0.0328125 0.0395833
0 0.991406 0.680208 0.0140625 0.0479167
0 0.499219 0.744792 0.0453125 0.0520833
0 0.0140625 0.989583 0.028125 0.0208333
0 0.654688 0.928125 0.040625 0.0520833
0 0.539844 0.9875 0.0328125 0.025
0 0.514844 0.015625 0.0265625 0.0270833
0 0.00625 0.315625 0.0125 0.0479167
0 0.1625 0.282292 0.0375 0.0479167
0 0.4875 0.865625 0.03125 0.04375
0 0.285156 0.378125 0.0265625 0.03125
0 0.992969 0.405208 0.0140625 0.0520833
0 0.725781 0.773958 0.0296875 0.0354167
0 0.0390625 0.985417 0.034375 0.0291667
0 0.564844 0.541667 0.0296875 0.0375
0 0.0148437 0.767708 0.0265625 0.0395833
0 0.278125 0.347917 0.028125 0.0375
0 0.0890625 0.964583 0.03125 0.0375
0 0.122656 0.523958 0.0359375 0.0479167
0 0.251563 0.211458 0.034375 0.04375
0 0.639063 0.421875 0.040625 0.0520833
0 0.479688 0.411458 0.0375 0.0520833
0 0.972656 0.858333 0.0359375 0.0458333
0 0.777344 0.0114583 0.0328125 0.0229167
0 0.501562 0.0229167 0.03125 0.0375
0 0.705469 0.09375 0.0296875 0.0375
0 0.557031 0.511458 0.0328125 0.04375
0 0.284375 0.217708 0.034375 0.0395833
0 0.946875 0.289583 0.034375 0.0416667
0 0.709375 0.634375 0.03125 0.0395833
0 0.260938 0.439583 0.034375 0.0416667
0 0.234375 0.578125 0.03125 0.04375
0 0.829687 0.435417 0.034375 0.0416667
0 0.240625 0.857292 0.03125 0.0395833
0 0.770312 0.0864583 0.03125 0.0354167
0 0.0835937 0.80625 0.0296875 0.0375
0 0.252344 0.140625 0.0359375 0.0395833
0 0.864062 0.4125 0.034375 0.0416667
0 0.584375 0.121875 0.03125 0.0395833
0 0.56875 0.103125 0.03125 0.0354167
0 0.535156 0.972917 0.0328125 0.0333333
0 0.192969 0.845833 0.0359375 0.0416667
0 0.852344 0.229167 0.0421875 0.05
0 0.36875 0.021875 0.03125 0.0354167
0 0.657031 0.189583 0.0359375 0.0416667
0 0.603125 0.213542 0.03125 0.0395833
0 0.130469 0.2 0.0390625 0.05
0 0.842188 0.855208 0.028125 0.0395833
0 0.628125 0.5875 0.03125 0.0416667
0 0.848437 0.754167 0.034375 0.0416667
0 0.83125 0.98125 0.028125 0.0333333
0 0.935938 0.211458 0.0375 0.05625
