0 0.578906 0.152083 0.0265625 0.0333333
0 0.541406 0.9875 0.0328125 0.025
0 0.0046875 0.322917 0.009375 0.0458333
0 0.470313 0.469792 0.034375 0.0479167
0 0.991406 0.679167 0.0140625 0.05
0 0.0132813 0.989583 0.0265625 0.0208333
0 0.514063 0.015625 0.028125 0.0270833
0 0.283594 0.382292 0.0265625 0.03125
0 0.776563 0.0145833 0.034375 0.0291667
0 0.485938 0.865625 0.03125 0.04375
0 0.283594 0.219792 0.0328125 0.0395833
0 0.275 0.352083 0.028125 0.0375
0 0.0390625 0.985417 0.034375 0.0291667
0 0.478125 0.4125 0.0375 0.05
0 0.0898438 0.964583 0.0296875 0.0375
0 0.311719 0.189583 0.0328125 0.0375
0 0.603125 0.533333 0.03125 0.0375
0 0.257812 0.222917 0.03125 0.0416667
0 0.971875 0.860417 0.0375 0.0458333
0 0.725781 0.773958 0.0296875 0.0354167
0 0.675 0.0958333 0.03125 0.0375
0 0.569531 0.538542 0.0328125 0.0395833
0 0.100781 0.575 0.0328125 0.0416667
0 0.0148437 0.770833 0.0265625 0.0416667
0 0.992188 0.408333 0.015625 0.05
0 0.929688 0.266667 0.034375 0.0375
0 0.0875 0.0416667 0.034375 0.0416667
0 0.5 0.0229167 0.03125 0.0375
0 0.25 0.14375 0.03125 0.0375
0 0.110156 0.30625 0.0359375 0.0458333
0 0.0835937 0.80625 0.0296875 0.0375
0 0.709375 0.634375 0.03125 0.0395833
0 0.569531 0.103125 0.0296875 0.0354167
0 0.864062 0.4125 0.034375 0.0416667
0 0.239844 0.85625 0.0328125 0.0375
0 0.829687 0.435417 0.034375 0.0416667
0 0.532031 0.978125 0.0328125 0.0354167
0 0.852344 0.230208 0.0421875 0.0520833
0 0.260156 0.438542 0.0328125 0.0395833
0 0.234375 0.577083 0.03125 0.0458333
0 0.192969 0.847917 0.0359375 0.0458333
0 0.584375 0.120833 0.03125 0.0375
0 0.841406 0.858333 0.0265625 0.0416667
0 0.498437 0.744792 0.04375 0.0479167
0 0.769531 0.0854167 0.0328125 0.0375
0 0.603125 0.213542 0.03125 0.0395833
0 0.65625 0.191667 0.0375 0.0416667
0 0.628125 0.591667 0.03125 0.0416667
0 0.129688 0.2 0.0375 0.05
0 0.367188 0.025 0.03125 0.0375
0 0.847656 0.755208 0.0328125 0.04375
0 0.83125 0.98125 0.028125 0.0333333
0 0.935938 0.210417 0.040625 0.0541667
