0 0.410937 0.216667 0.040625 0.0541667
0 0.524219 0.990625 0.0328125 0.01875
0 0.341406 0.0104167 0.0328125 0.0208333
0 0.978125 0.863542 0.028125 0.0354167
0 0.308594 0.808333 0.0265625 0.0333333
0 0.0140625 0.989583 0.028125 0.0208333
0 0.992188 0.68125 0.015625 0.0458333
0 0.3 0.251042 0.034375 0.0354167
0 0.538281 0.986458 0.0359375 0.0270833
0 0.992188 0.408333 0.015625 0.0541667
0 0.965625 0.883333 0.034375 0.0375
0 0.475 0.414583 0.034375 0.0416667
0 0.310937 0.189583 0.03125 0.0375
0 0.578125 0.153125 0.025 0.03125
0 0.486719 0.864583 0.0296875 0.0416667
0 0.0398437 0.9875 0.0328125 0.025
0 0.864062 0.171875 0.028125 0.0354167
0 0.0890625 0.964583 0.028125 0.0375
0 0.767969 0.0947917 0.0296875 0.0395833
0 0.0132813 0.579167 0.0265625 0.0416667
0 0.724219 0.775 0.0296875 0.0333333
0 0.767187 0.0291667 0.03125 0.0416667
0 0.557031 0.0270833 0.0296875 0.0375
0 0.282813 0.219792 0.0375 0.04375
0 0.0132813 0.772917 0.0234375 0.0375
0 0.569531 0.103125 0.0296875 0.0354167
0 0.266406 0.359375 0.0296875 0.0395833
0 0.234375 0.578125 0.03125 0.04375
0 0.853125 0.230208 0.04375 0.0520833
0 0.55625 0.552083 0.03125 0.0375
0 0.709375 0.633333 0.03125 0.0375
0 0.0828125 0.807292 0.03125 0.0395833
0 0.829687 0.435417 0.034375 0.0416667
0 0.242969 0.154167 0.0328125 0.0375
0 0.657031 0.2 0.0359375 0.0416667
0 0.660156 0.519792 0.0265625 0.0395833
0 0.364844 0.0322917 0.0328125 0.0395833
0 0.864062 0.4125 0.034375 0.0416667
0 0.260938 0.439583 0.034375 0.0416667
0 0.840625 0.860417 0.025 0.0375
0 0.583594 0.121875 0.0328125 0.0395833
0 0.128906 0.201042 0.0390625 0.0520833
0 0.5 0.0239583 0.0375 0.0395833
0 0.192969 0.845833 0.0359375 0.0416667
0 0.495313 0.748958 0.040625 0.0479167
0 0.629687 0.602083 0.028125 0.0375
0 0.935938 0.209375 0.040625 0.05625
0 0.847656 0.755208 0.0328125 0.04375
0 0.602344 0.214583 0.0296875 0.0375
0 0.239063 0.858333 0.034375 0.0416667
0 0.83125 0.983333 0.025 0.0333333
