0 0.697656 0.0104167 0.0328125 0.0208333
0 0.992188 0.684375 0.015625 0.04375
0 0.578125 0.15 0.03125 0.0375
0 0.308594 0.192708 0.0265625 0.0395833
0 0.460156 0.429167 0.0359375 0.05
0 0.601562 0.210417 0.03125 0.0375
0 0.71875 0.78125 0.03125 0.0333333
0 0.0140625 0.990625 0.025 0.01875
0 0.00703125 0.795833 0.0140625 0.0375
0 0.040625 0.9875 0.03125 0.025
0 0.759375 0.0989583 0.03125 0.0354167
0 0.635938 0.235417 0.0375 0.0416667
0 0.990625 0.4125 0.01875 0.05
2 0.0109375 0.729167 0.021875 0.0416667
0 0.100781 0.9875 0.0296875 0.025
0 0.485938 0.8625 0.03125 0.0416667
0 0.240625 0.163542 0.03125 0.0354167
0 0.570312 0.10625 0.03125 0.0375
0 0.851562 0.235417 0.040625 0.05
0 0.942969 0.936458 0.0328125 0.0395833
0 0.542188 0.985417 0.03125 0.0291667
0 0.504687 0.0197917 0.028125 0.0354167
0 0.8125 0.40625 0.03125 0.0375
0 0.273438 0.236458 0.034375 0.0395833
0 0.963281 0.430208 0.0296875 0.0354167
0 0.484375 0.0416667 0.028125 0.0375
0 0.490625 0.752083 0.04375 0.0458333
0 0.084375 0.805208 0.028125 0.0354167
0 0.0898438 0.9625 0.0296875 0.0416667
0 0.829687 0.435417 0.03125 0.0375
0 0.233594 0.576042 0.0296875 0.04375
0 0.314844 0.226042 0.0328125 0.0395833
0 0.638281 0.421875 0.0359375 0.04375
0 0.865625 0.414583 0.03125 0.0416667
0 0.823438 0.9875 0.028125 0.025
0 0.244531 0.371875 0.0296875 0.0395833
0 0.533594 0.588542 0.0328125 0.04375
0 0.709375 0.63125 0.03125 0.0416667
0 0.358594 0.0541667 0.0296875 0.0375
0 0.129688 0.198958 0.034375 0.0479167
0 0.260156 0.4375 0.0328125 0.0375
0 0.745313 0.0729167 0.034375 0.0416667
0 0.191406 0.845833 0.0359375 0.0416667
0 0.582031 0.120833 0.0328125 0.0416667
0 0.835156 0.86875 0.0265625 0.0375
0 0.2375 0.857292 0.03125 0.0395833
0 0.936719 0.209375 0.0390625 0.05625
0 0.630469 0.611458 0.0328125 0.0395833
0 0.842188 0.754167 0.034375 0.05
