0 0.629687 0.804167 0.034375 0.0416667
0 0.992188 0.68125 0.015625 0.0458333
0 0.409375 0.216667 0.040625 0.0541667
0 0.0140625 0.989583 0.028125 0.0208333
0 0.654688 0.927083 0.040625 0.0541667
0 0.469531 0.467708 0.0328125 0.0479167
0 0.310937 0.191667 0.03125 0.0375
0 0.539844 0.9875 0.0328125 0.025
0 0.514063 0.015625 0.028125 0.0270833
0 0.00625 0.321875 0.0125 0.0479167
0 0.485938 0.866667 0.034375 0.0458333
0 0.639063 0.421875 0.040625 0.0520833
0 0.0390625 0.985417 0.034375 0.0291667
0 0.725781 0.773958 0.0296875 0.0354167
0 0.564062 0.541667 0.0375 0.0458333
0 0.285156 0.220833 0.0359375 0.0416667
0 0.276563 0.347917 0.03125 0.0416667
0 0.992188 0.407292 0.015625 0.0520833
0 0.0140625 0.769792 0.025 0.0395833
0 0.240625 0.858333 0.03125 0.0416667
0 0.951563 0.264583 0.034375 0.0416667
0 0.0890625 0.964583 0.03125 0.0375
0 0.971875 0.859375 0.0375 0.04375
0 0.108594 0.529167 0.0359375 0.0416667
0 0.503125 0.021875 0.03125 0.0354167
0 0.775781 0.0125 0.0328125 0.025
0 0.120312 0.0177083 0.034375 0.0354167
0 0.478125 0.410417 0.0375 0.05
0 0.255469 0.2125 0.0359375 0.0458333
0 0.235156 0.579167 0.0328125 0.0458333
0 0.533594 0.975 0.0328125 0.0333333
0 0.260156 0.438542 0.0359375 0.04375
0 0.251563 0.142708 0.034375 0.0395833
0 0.084375 0.805208 0.03125 0.0395833
0 0.69375 0.0927083 0.03125 0.04375
0 0.709375 0.633333 0.03125 0.0416667
0 0.770312 0.0875 0.03125 0.0375
0 0.829687 0.435417 0.034375 0.0416667
0 0.139062 0.278125 0.040625 0.0479167
0 0.569531 0.103125 0.0296875 0.0354167
0 0.864062 0.4125 0.034375 0.0416667
0 0.853125 0.230208 0.04375 0.0520833
0 0.841406 0.85625 0.0265625 0.0375
0 0.192969 0.845833 0.0359375 0.0458333
0 0.584375 0.120833 0.03125 0.0375
0 0.603125 0.213542 0.03125 0.0395833
0 0.130469 0.2 0.0390625 0.0541667
0 0.496875 0.742708 0.04375 0.0520833
0 0.65625 0.190625 0.0375 0.04375
0 0.628125 0.589583 0.03125 0.0416667
0 0.848437 0.755208 0.034375 0.04375
0 0.367969 0.0229167 0.0328125 0.0375
0 0.83125 0.98125 0.028125 0.0333333
0 0.935938 0.210417 0.040625 0.0541667
