0 0.234375 0.461458 0.021875 0.0270833
0 0.265625 0.892708 0.028125 0.03125
0 0.0125 0.989583 0.025 0.0208333
0 0.992188 0.683333 0.015625 0.0375
0 0.715625 0.785417 0.028125 0.0375
0 0.261719 0.432292 0.0296875 0.0395833
0 0.486719 0.759375 0.0390625 0.04375
0 0.983594 0.015625 0.0265625 0.03125
0 0.633594 0.0104167 0.0328125 0.0208333
0 0.542188 0.985417 0.03125 0.0291667
0 0.0421875 0.986458 0.034375 0.0270833
0 0.459375 0.444792 0.0375 0.0479167
0 0.4875 0.864583 0.03125 0.0375
0 0.990625 0.4125 0.01875 0.0541667
0 0.167187 0.914583 0.028125 0.0375
0 0.636719 0.417708 0.0390625 0.0479167
0 0.936719 0.208333 0.0390625 0.0541667
0 0.478125 0.0510417 0.028125 0.0354167
0 0.851562 0.236458 0.040625 0.0479167
0 0.228906 0.384375 0.0328125 0.04375
0 0.227344 0.172917 0.0328125 0.0375
0 0.753125 0.113542 0.03125 0.0354167
0 0.507812 0.028125 0.028125 0.0354167
0 0.0851562 0.804167 0.0328125 0.0416667
0 0.823438 0.989583 0.028125 0.0208333
0 0.295312 0.216667 0.034375 0.0375
0 0.235938 0.571875 0.03125 0.04375
0 0.127344 0.929167 0.0328125 0.0416667
0 0.71875 0.125 0.03125 0.0375
0 0.848437 0.726042 0.028125 0.0395833
0 0.129688 0.196875 0.034375 0.04375
0 0.0898438 0.9625 0.0328125 0.0416667
0 0.920313 0.983333 0.034375 0.0333333
0 0.190625 0.846875 0.034375 0.04375
0 0.355469 0.06875 0.0296875 0.0375
0 0.745313 0.075 0.028125 0.0375
0 0.513281 0.60625 0.0328125 0.0458333
0 0.569531 0.101042 0.0296875 0.0354167
0 0.627344 0.240625 0.0328125 0.0395833
0 0.860156 0.410417 0.0296875 0.0375
0 0.267188 0.245833 0.034375 0.0416667
0 0.710156 0.629167 0.0328125 0.0416667
0 0.838281 0.755208 0.0328125 0.04375
0 0.602344 0.209375 0.0296875 0.0395833
0 0.826563 0.433333 0.034375 0.0416667
0 0.584375 0.120833 0.03125 0.0375
0 0.832812 0.871875 0.028125 0.0354167
0 0.578125 0.148958 0.028125 0.0354167
0 0.63125 0.614583 0.028125 0.0375
0 0.2375 0.85625 0.03125 0.0458333
