0 0.867188 0.0114583 0.03125 0.0229167
0 0.976562 0.863542 0.025 0.03125
0 0.90625 0.991667 0.03125 0.0166667
0 0.628125 0.802083 0.034375 0.0375
0 0.977344 0.025 0.0296875 0.0375
0 0.307031 0.194792 0.0265625 0.03125
0 0.0132813 0.989583 0.0265625 0.0208333
0 0.992969 0.682292 0.0140625 0.0354167
0 0.7125 0.14375 0.03125 0.0416667
0 0.716406 0.7875 0.0265625 0.0333333
0 0.260938 0.434375 0.028125 0.0354167
0 0.190625 0.847917 0.0375 0.0458333
0 0.0429688 0.986458 0.0328125 0.0270833
0 0.214062 0.179167 0.03125 0.0333333
0 0.541406 0.985417 0.0328125 0.0291667
0 0.4875 0.8625 0.03125 0.0416667
0 0.742969 0.135417 0.0296875 0.0375
0 0.408594 0.217708 0.0359375 0.0479167
0 0.236719 0.56875 0.0296875 0.0458333
0 0.084375 0.802083 0.03125 0.0375
0 0.758594 0.21875 0.0296875 0.0375
0 0.823438 0.988542 0.028125 0.0229167
0 0.476562 0.053125 0.028125 0.0395833
0 0.775 0.903125 0.03125 0.0395833
0 0.264844 0.195833 0.0328125 0.0416667
0 0.457031 0.461458 0.0328125 0.04375
0 0.228125 0.476042 0.025 0.03125
0 0.0890625 0.966667 0.034375 0.0416667
0 0.636719 0.420833 0.0390625 0.05
0 0.354688 0.0708333 0.028125 0.0333333
0 0.989062 0.413542 0.021875 0.0479167
0 0.841406 0.767708 0.0328125 0.04375
0 0.851562 0.235417 0.040625 0.05
0 0.628906 0.0145833 0.0296875 0.0291667
0 0.223438 0.394792 0.03125 0.04375
0 0.709375 0.63125 0.03125 0.0416667
0 0.625781 0.239583 0.0328125 0.0416667
0 0.571094 0.103125 0.0296875 0.0354167
0 0.128906 0.196875 0.0359375 0.0479167
0 0.860937 0.410417 0.028125 0.0375
0 0.935938 0.207292 0.040625 0.0520833
0 0.601562 0.208333 0.028125 0.0416667
0 0.826563 0.43125 0.034375 0.0375
0 0.630469 0.616667 0.0296875 0.0416667
0 0.505469 0.610417 0.0328125 0.0458333
0 0.832031 0.869792 0.0296875 0.0395833
0 0.583594 0.122917 0.0328125 0.0375
0 0.265625 0.25625 0.034375 0.0458333
0 0.507812 0.0322917 0.028125 0.0354167
0 0.238281 0.857292 0.0296875 0.04375
0 0.578125 0.148958 0.028125 0.0354167
