1 0.53125 0.986458 0.05625 0.0229167
0 0.576563 0.111458 0.034375 0.0395833
0 0.629687 0.804167 0.034375 0.0416667
0 0.991406 0.68125 0.0140625 0.0458333
0 0.308594 0.80625 0.0265625 0.0333333
0 0.0132813 0.989583 0.0265625 0.0208333
0 0.279687 0.394792 0.025 0.03125
0 0.526563 0.988542 0.034375 0.0229167
0 0.513281 0.015625 0.0265625 0.0270833
0 0.310937 0.190625 0.034375 0.0395833
0 0.883594 0.209375 0.0296875 0.0354167
0 0.476562 0.413542 0.034375 0.04375
0 0.992188 0.408333 0.015625 0.0541667
0 0.539844 0.9875 0.0328125 0.025
0 0.4875 0.865625 0.03125 0.04375
0 0.0398437 0.9875 0.0328125 0.025
0 0.577344 0.153125 0.0296875 0.0354167
0 0.852344 0.229167 0.0421875 0.05
0 0.0234375 0.572917 0.03125 0.0375
0 0.0109375 0.267708 0.021875 0.0479167
0 0.283594 0.217708 0.0359375 0.0395833
0 0.769531 0.0229167 0.0328125 0.0375
0 0.0882813 0.964583 0.0296875 0.0375
0 0.967188 0.872917 0.034375 0.0416667
0 0.56875 0.103125 0.028125 0.0354167
0 0.724219 0.773958 0.0296875 0.0354167
0 0.24375 0.152083 0.03125 0.0375
0 0.0132813 0.770833 0.0234375 0.0375
0 0.499219 0.0239583 0.0328125 0.0395833
0 0.76875 0.0916667 0.03125 0.0375
0 0.709375 0.633333 0.03125 0.0416667
0 0.0828125 0.805208 0.03125 0.0395833
0 0.235156 0.577083 0.0328125 0.0458333
0 0.614844 0.0364583 0.0296875 0.0395833
0 0.557813 0.545833 0.03125 0.0416667
0 0.829687 0.436458 0.034375 0.0395833
0 0.270312 0.361458 0.028125 0.0395833
0 0.864844 0.4125 0.0328125 0.0416667
0 0.260938 0.439583 0.034375 0.0416667
0 0.659375 0.551042 0.03125 0.0395833
0 0.364844 0.03125 0.0328125 0.0375
0 0.284375 0.24375 0.0375 0.0375
0 0.583594 0.121875 0.0328125 0.0395833
0 0.192969 0.846875 0.0359375 0.04375
0 0.630469 0.598958 0.0328125 0.0395833
0 0.655469 0.197917 0.0359375 0.0416667
0 0.129688 0.2 0.040625 0.05
0 0.840625 0.859375 0.025 0.0395833
0 0.602344 0.214583 0.0296875 0.0375
0 0.934375 0.209375 0.0375 0.0520833
0 0.239844 0.857292 0.0328125 0.0395833
0 0.846875 0.754167 0.03125 0.0458333
0 0.496094 0.745833 0.0421875 0.05
0 0.83125 0.983333 0.028125 0.0333333
