0 0.629687 0.802083 0.034375 0.0375
0 0.99375 0.684375 0.0125 0.0395833
0 0.990625 0.009375 0.01875 0.01875
0 0.245312 0.448958 0.025 0.03125
0 0.00546875 0.810417 0.0109375 0.0375
0 0.0132813 0.990625 0.0265625 0.01875
0 0.040625 0.988542 0.034375 0.0229167
0 0.935938 0.207292 0.0375 0.0479167
0 0.4875 0.863542 0.03125 0.0395833
0 0.75625 0.105208 0.03125 0.0395833
0 0.851562 0.236458 0.040625 0.0479167
0 0.571094 0.103125 0.0296875 0.0395833
0 0.729688 0.102083 0.034375 0.0375
0 0.523438 0.602083 0.034375 0.0458333
0 0.260938 0.4375 0.03125 0.0375
0 0.636719 0.41875 0.0359375 0.0458333
0 0.71875 0.78125 0.03125 0.0333333
0 0.490625 0.757292 0.040625 0.04375
0 0.139844 0.953125 0.0265625 0.0354167
0 0.541406 0.986458 0.0328125 0.0270833
0 0.2375 0.177083 0.03125 0.0333333
0 0.50625 0.025 0.028125 0.0375
0 0.990625 0.4125 0.01875 0.05
0 0.934375 0.959375 0.03125 0.0395833
0 0.4625 0.441667 0.0375 0.05
0 0.084375 0.804167 0.028125 0.0375
0 0.310156 0.221875 0.0328125 0.0395833
0 0.13125 0.198958 0.034375 0.04375
0 0.915625 0.404167 0.03125 0.0416667
0 0.191406 0.845833 0.0328125 0.0416667
0 0.827344 0.433333 0.0359375 0.0416667
0 0.235156 0.573958 0.0296875 0.04375
0 0.823438 0.988542 0.028125 0.0229167
0 0.578906 0.148958 0.0296875 0.0354167
0 0.357031 0.0625 0.0296875 0.0375
0 0.861719 0.4125 0.0328125 0.0416667
0 0.2375 0.378125 0.028125 0.0395833
0 0.26875 0.239583 0.03125 0.0375
0 0.0882813 0.9625 0.0296875 0.0375
0 0.629687 0.239583 0.034375 0.0416667
0 0.602344 0.210417 0.0296875 0.0416667
0 0.709375 0.63125 0.03125 0.0375
0 0.90625 0.567708 0.034375 0.0395833
0 0.833594 0.872917 0.0265625 0.0375
0 0.582812 0.119792 0.034375 0.04375
0 0.48125 0.0479167 0.028125 0.0375
0 0.632031 0.6125 0.0296875 0.0416667
0 0.236719 0.858333 0.0296875 0.0416667
0 0.839844 0.754167 0.0328125 0.05
