0 0.978125 0.863542 0.025 0.0354167
0 0.4875 0.758333 0.0375 0.0458333
0 0.992188 0.683333 0.015625 0.0375
0 0.0132813 0.989583 0.0265625 0.0208333
0 0.990625 0.371875 0.01875 0.0395833
0 0.260938 0.433333 0.028125 0.0333333
0 0.634375 0.0104167 0.03125 0.0208333
0 0.717188 0.784375 0.028125 0.0354167
0 0.985937 0.0125 0.028125 0.025
0 0.0421875 0.986458 0.03125 0.0270833
0 0.990625 0.415625 0.015625 0.0479167
0 0.236719 0.460417 0.0234375 0.0291667
0 0.720312 0.116667 0.03125 0.0375
0 0.4875 0.863542 0.03125 0.0395833
0 0.542188 0.986458 0.03125 0.0270833
0 0.301562 0.213542 0.03125 0.0395833
0 0.635938 0.41875 0.0375 0.0458333
0 0.578906 0.151042 0.0296875 0.0354167
0 0.176563 0.955208 0.03125 0.0395833
0 0.753906 0.110417 0.0296875 0.0375
0 0.9375 0.208333 0.0375 0.05
0 0.50625 0.0260417 0.025 0.0354167
0 0.923437 0.976042 0.034375 0.0395833
0 0.459375 0.442708 0.0375 0.04375
0 0.232031 0.171875 0.0296875 0.0354167
0 0.084375 0.804167 0.03125 0.0375
0 0.478906 0.0510417 0.0265625 0.0354167
0 0.823438 0.988542 0.028125 0.0229167
0 0.725781 0.0208333 0.0359375 0.0375
0 0.627344 0.239583 0.0328125 0.0375
0 0.235938 0.570833 0.028125 0.0416667
0 0.569531 0.103125 0.0296875 0.0354167
0 0.144531 0.928125 0.0296875 0.0395833
0 0.515625 0.60625 0.03125 0.0416667
0 0.602344 0.210417 0.0296875 0.0416667
0 0.355469 0.065625 0.0296875 0.0354167
0 0.86875 0.671875 0.03125 0.0354167
0 0.191406 0.845833 0.0328125 0.0416667
0 0.130469 0.197917 0.0328125 0.0416667
0 0.826563 0.433333 0.034375 0.0416667
0 0.232031 0.382292 0.0296875 0.0395833
0 0.853125 0.234375 0.04375 0.0520833
0 0.0890625 0.961458 0.03125 0.0395833
0 0.839063 0.753125 0.034375 0.0479167
0 0.709375 0.630208 0.03125 0.0395833
0 0.832812 0.871875 0.028125 0.0354167
0 0.859375 0.410417 0.03125 0.0375
0 0.267969 0.24375 0.0328125 0.0375
0 0.583594 0.119792 0.0328125 0.0354167
0 0.630469 0.614583 0.0296875 0.0375
0 0.2375 0.857292 0.03125 0.04375
