0 0.565625 0.159375 0.025 0.0354167
0 0.4875 0.761458 0.0375 0.04375
0 0.307813 0.194792 0.025 0.03125
0 0.976562 0.863542 0.025 0.03125
0 0.0132813 0.989583 0.0265625 0.0208333
0 0.992188 0.682292 0.015625 0.0354167
0 0.976562 0.0260417 0.028125 0.0354167
0 0.715625 0.7875 0.025 0.0333333
0 0.409375 0.217708 0.034375 0.04375
0 0.2125 0.18125 0.03125 0.0333333
0 0.260938 0.434375 0.028125 0.0354167
0 0.261719 0.202083 0.0296875 0.0375
0 0.628906 0.015625 0.0296875 0.0270833
0 0.04375 0.985417 0.034375 0.0291667
0 0.542188 0.986458 0.03125 0.0270833
0 0.236719 0.56875 0.0296875 0.0458333
0 0.711719 0.144792 0.0328125 0.04375
0 0.4875 0.8625 0.03125 0.0416667
0 0.742188 0.135417 0.028125 0.0375
0 0.851562 0.235417 0.040625 0.05
0 0.084375 0.803125 0.03125 0.0395833
0 0.989062 0.414583 0.021875 0.0458333
0 0.6375 0.419792 0.0375 0.0479167
0 0.570312 0.102083 0.028125 0.0333333
0 0.823438 0.988542 0.028125 0.0229167
0 0.355469 0.0708333 0.0265625 0.0333333
0 0.475781 0.053125 0.0265625 0.0395833
0 0.0898438 0.964583 0.0328125 0.0416667
0 0.842188 0.76875 0.034375 0.0416667
0 0.457031 0.461458 0.0328125 0.04375
0 0.224219 0.395833 0.0296875 0.0416667
0 0.832812 0.871875 0.028125 0.0354167
0 0.227344 0.477083 0.0234375 0.0291667
0 0.625 0.238542 0.03125 0.0395833
0 0.775781 0.910417 0.0296875 0.0416667
0 0.761719 0.238542 0.0265625 0.0395833
0 0.129688 0.195833 0.034375 0.0458333
0 0.708594 0.629167 0.0328125 0.0416667
0 0.935938 0.20625 0.0375 0.05
0 0.601562 0.208333 0.028125 0.0416667
0 0.583594 0.121875 0.0328125 0.0395833
0 0.265625 0.257292 0.034375 0.04375
0 0.630469 0.615625 0.0296875 0.0395833
0 0.860937 0.410417 0.028125 0.0375
0 0.826563 0.43125 0.03125 0.0375
0 0.504687 0.610417 0.034375 0.0458333
0 0.195312 0.838542 0.040625 0.05625
0 0.507812 0.03125 0.025 0.0333333
0 0.2375 0.858333 0.03125 0.0416667
0 0.578906 0.148958 0.0296875 0.0354167
