0 0.414844 0.991667 0.0296875 0.0166667
0 0.992188 0.685417 0.015625 0.0416667
0 0.635156 0.009375 0.0390625 0.01875
2 0.00859375 0.728125 0.0171875 0.0354167
0 0.934375 0.205208 0.0375 0.0520833
0 0.0414063 0.9875 0.0328125 0.025
0 0.0132813 0.990625 0.0265625 0.01875
0 0.00625 0.80625 0.0125 0.0375
0 0.9375 0.951042 0.03125 0.0354167
0 0.460938 0.435417 0.040625 0.0541667
0 0.926562 0.532292 0.034375 0.04375
0 0.4875 0.8625 0.03125 0.0416667
0 0.50625 0.0229167 0.025 0.0333333
0 0.578125 0.15 0.03125 0.0375
0 0.635938 0.41875 0.034375 0.0458333
0 0.853125 0.234375 0.04375 0.0520833
0 0.758594 0.103125 0.0328125 0.0395833
0 0.2375 0.175 0.03125 0.0333333
0 0.989062 0.413542 0.021875 0.05625
0 0.261719 0.438542 0.0296875 0.0354167
0 0.541406 0.985417 0.0328125 0.0291667
0 0.719531 0.78125 0.0296875 0.0375
0 0.569531 0.104167 0.0296875 0.0375
0 0.527344 0.596875 0.0328125 0.04375
0 0.733594 0.0927083 0.0359375 0.04375
0 0.310937 0.221875 0.034375 0.0395833
0 0.084375 0.804167 0.028125 0.0333333
0 0.482812 0.0447917 0.028125 0.0395833
0 0.129688 0.197917 0.034375 0.0458333
0 0.823438 0.988542 0.028125 0.0229167
0 0.241406 0.376042 0.0265625 0.0395833
0 0.271875 0.238542 0.034375 0.0395833
0 0.235156 0.576042 0.0296875 0.04375
0 0.139844 0.972917 0.0296875 0.0375
0 0.0890625 0.963542 0.028125 0.0354167
0 0.632812 0.2375 0.034375 0.0416667
0 0.191406 0.844792 0.0328125 0.0395833
0 0.828906 0.435417 0.0328125 0.0375
0 0.709375 0.63125 0.03125 0.0416667
0 0.861719 0.360417 0.0328125 0.0458333
0 0.357812 0.059375 0.028125 0.0354167
0 0.601562 0.210417 0.03125 0.0416667
0 0.491406 0.753125 0.0421875 0.0479167
0 0.866406 0.414583 0.0328125 0.0416667
0 0.582812 0.120833 0.034375 0.0416667
0 0.833594 0.870833 0.0265625 0.0375
0 0.63125 0.610417 0.028125 0.0375
0 0.2375 0.858333 0.03125 0.0416667
0 0.842188 0.753125 0.034375 0.0479167
