0 0.630469 0.804167 0.0359375 0.0416667
0 0.99375 0.675 0.0125 0.0416667
0 0.564062 0.158333 0.025 0.0333333
0 0.00546875 0.08125 0.0109375 0.05
0 0.0132813 0.990625 0.0265625 0.01875
0 0.314844 0.179167 0.0265625 0.0333333
0 0.99375 0.408333 0.0125 0.05
0 0.0398437 0.985417 0.0359375 0.0291667
0 0.578125 0.151042 0.025 0.03125
0 0.0296875 0.202083 0.028125 0.0416667
0 0.489062 0.864583 0.028125 0.0375
0 0.586719 0.485417 0.0328125 0.0416667
0 0.502344 0.385417 0.0296875 0.0375
0 0.585938 0.869792 0.034375 0.0354167
0 0.202344 0.647917 0.0328125 0.0416667
0 0.396094 0.78125 0.0390625 0.0416667
0 0.541406 0.986458 0.0328125 0.0270833
0 0.744531 0.960417 0.0265625 0.0375
0 0.824219 0.695833 0.0328125 0.0416667
0 0.015625 0.217708 0.028125 0.0395833
0 0.191406 0.105208 0.0265625 0.0395833
0 0.317969 0.304167 0.0265625 0.0416667
0 0.986719 0.764583 0.0265625 0.0375
0 0.746094 0.739583 0.0296875 0.0375
0 0.417969 0.744792 0.0328125 0.04375
0 0.730469 0.860417 0.0296875 0.0375
0 0.0304688 0.726042 0.0296875 0.04375
0 0.311719 0.0958333 0.0265625 0.0375
0 0.585156 0.122917 0.0296875 0.0375
0 0.670313 0.195833 0.028125 0.0416667
0 0.567187 0.102083 0.03125 0.0375
0 0.677344 0.95625 0.0296875 0.0375
0 0.090625 0.9625 0.03125 0.0416667
0 0.133594 0.192708 0.0328125 0.04375
0 0.875 0.628125 0.03125 0.0395833
0 0.283594 0.217708 0.0328125 0.0395833
0 0.715625 0.116667 0.03125 0.0375
0 0.239063 0.579167 0.03125 0.0416667
0 0.515625 0.71875 0.040625 0.05
0 0.825781 0.430208 0.0328125 0.04375
0 0.0835937 0.805208 0.0296875 0.0395833
0 0.191406 0.84375 0.0296875 0.0375
0 0.274219 0.4125 0.0296875 0.0375
0 0.463281 0.1125 0.0265625 0.0333333
0 0.853125 0.745833 0.03125 0.0458333
0 0.635938 0.419792 0.034375 0.0479167
0 0.86875 0.407292 0.03125 0.04375
0 0.046875 0.357292 0.034375 0.04375
0 0.8375 0.9625 0.028125 0.0333333
0 0.559375 0.2125 0.03125 0.0375
0 0.707812 0.639583 0.028125 0.0375
0 0.853125 0.227083 0.046875 0.0583333
0 0.671875 0.13125 0.034375 0.0375
0 0.846875 0.838542 0.028125 0.0354167
0 0.242969 0.847917 0.0296875 0.0416667
0 0.935938 0.208333 0.040625 0.0541667
0 0.603125 0.208333 0.03125 0.0458333
0 0.771094 0.0635417 0.0296875 0.0395833
0 0.646094 0.5625 0.0265625 0.0375
