0 0.654688 0.923958 0.04375 0.05625
0 0.629687 0.804167 0.034375 0.0416667
0 0.742969 0.74375 0.0265625 0.0375
0 0.0046875 0.0947917 0.009375 0.0479167
0 0.0132813 0.990625 0.0265625 0.01875
0 0.994531 0.407292 0.0109375 0.0479167
0 0.486719 0.865625 0.0296875 0.0395833
0 0.564062 0.161458 0.028125 0.0354167
0 0.500781 0.386458 0.0296875 0.0354167
0 0.578125 0.15 0.03125 0.0333333
0 0.0421875 0.984375 0.03125 0.03125
0 0.599219 0.585417 0.0328125 0.0416667
0 0.2 0.136458 0.028125 0.0395833
0 0.541406 0.986458 0.0328125 0.0270833
0 0.742188 0.773958 0.028125 0.0354167
0 0.314844 0.308333 0.0265625 0.0375
0 0.11875 0.254167 0.034375 0.0416667
0 0.389844 0.191667 0.0265625 0.0333333
0 0.0890625 0.963542 0.03125 0.0395833
0 0.0289063 0.728125 0.0328125 0.04375
0 0.33125 0.669792 0.03125 0.04375
0 0.94375 0.741667 0.03125 0.0375
0 0.836719 0.963542 0.0296875 0.0395833
0 0.305469 0.101042 0.0265625 0.0354167
0 0.09375 0.508333 0.03125 0.0416667
0 0.621094 0.341667 0.0296875 0.0416667
0 0.584375 0.122917 0.03125 0.0375
0 0.574219 0.822917 0.0328125 0.0375
0 0.0835937 0.805208 0.0296875 0.0354167
0 0.242969 0.854167 0.0296875 0.0416667
0 0.0453125 0.3625 0.034375 0.0416667
0 0.671094 0.139583 0.0390625 0.0458333
0 0.567187 0.101042 0.03125 0.0395833
0 0.271875 0.413542 0.03125 0.0395833
0 0.585938 0.4875 0.034375 0.0416667
0 0.584375 0.878125 0.03125 0.0354167
0 0.239063 0.579167 0.028125 0.0416667
0 0.133594 0.194792 0.0328125 0.04375
0 0.191406 0.84375 0.0296875 0.0375
0 0.935156 0.207292 0.0390625 0.0520833
0 0.869531 0.408333 0.0296875 0.0416667
0 0.772656 0.0645833 0.0296875 0.0375
0 0.636719 0.420833 0.0328125 0.0458333
0 0.9875 0.773958 0.025 0.0354167
0 0.282813 0.216667 0.034375 0.0416667
0 0.707031 0.639583 0.0296875 0.0375
0 0.0164062 0.229167 0.0328125 0.0416667
0 0.828125 0.433333 0.03125 0.0416667
0 0.848437 0.8375 0.028125 0.0333333
0 0.510938 0.721875 0.040625 0.0479167
0 0.853906 0.748958 0.0328125 0.04375
0 0.601562 0.211458 0.034375 0.04375
0 0.646094 0.5625 0.0296875 0.0333333
0 0.853125 0.227083 0.04375 0.0541667
