1 0.532812 0.986458 0.05625 0.0229167
0 0.469531 0.467708 0.0328125 0.0479167
0 0.979688 0.863542 0.028125 0.0354167
0 0.991406 0.68125 0.0140625 0.0458333
0 0.278906 0.397917 0.0234375 0.0333333
0 0.0140625 0.989583 0.028125 0.0208333
0 0.00546875 0.242708 0.0109375 0.0479167
0 0.313281 0.190625 0.0359375 0.0395833
0 0.5125 0.015625 0.028125 0.0270833
0 0.578125 0.153125 0.028125 0.0354167
0 0.5375 0.9875 0.0375 0.025
0 0.524219 0.989583 0.0328125 0.0208333
0 0.476562 0.413542 0.0375 0.0479167
0 0.4875 0.865625 0.03125 0.04375
0 0.0398437 0.9875 0.0328125 0.025
0 0.992188 0.408333 0.015625 0.0541667
0 0.0890625 0.964583 0.028125 0.0375
0 0.892969 0.190625 0.0296875 0.0354167
0 0.291406 0.251042 0.0328125 0.0395833
0 0.76875 0.025 0.034375 0.0416667
0 0.0234375 0.560417 0.034375 0.0458333
0 0.967188 0.876042 0.034375 0.0395833
0 0.59375 0.0625 0.03125 0.0375
0 0.283594 0.21875 0.0359375 0.0416667
0 0.557031 0.545833 0.0328125 0.0416667
0 0.244531 0.154167 0.0328125 0.0375
0 0.725 0.773958 0.03125 0.0354167
0 0.0132813 0.771875 0.0234375 0.0395833
0 0.56875 0.103125 0.03125 0.0395833
0 0.935156 0.208333 0.0359375 0.05
0 0.709375 0.633333 0.03125 0.0375
0 0.0828125 0.805208 0.03125 0.0395833
0 0.767969 0.0927083 0.0328125 0.0395833
0 0.235156 0.577083 0.0328125 0.0458333
0 0.829687 0.435417 0.03125 0.0416667
0 0.498437 0.0239583 0.034375 0.0395833
0 0.65625 0.196875 0.0375 0.04375
0 0.852344 0.229167 0.0421875 0.05
0 0.260938 0.440625 0.034375 0.04375
0 0.192969 0.846875 0.0359375 0.04375
0 0.652344 0.540625 0.0328125 0.04375
0 0.864062 0.4125 0.034375 0.0416667
0 0.269531 0.360417 0.0296875 0.0416667
0 0.365625 0.03125 0.034375 0.0416667
0 0.128906 0.198958 0.0390625 0.0520833
0 0.584375 0.120833 0.034375 0.0416667
0 0.840625 0.859375 0.025 0.0395833
0 0.629687 0.601042 0.028125 0.0395833
0 0.603125 0.214583 0.03125 0.0375
0 0.239844 0.857292 0.0328125 0.0395833
0 0.846875 0.754167 0.034375 0.0458333
0 0.496094 0.744792 0.0421875 0.0520833
0 0.83125 0.983333 0.028125 0.0333333
