0 0.652344 0.926042 0.0390625 0.0520833
0 0.99375 0.677083 0.0125 0.0458333
0 0.820312 0.636458 0.021875 0.03125
0 0.307813 0.342708 0.021875 0.0270833
0 0.0132813 0.990625 0.0265625 0.01875
0 0.991406 0.8375 0.0140625 0.0333333
0 0.99375 0.409375 0.0125 0.0479167
0 0.563281 0.160417 0.0265625 0.0333333
0 0.407031 0.21875 0.0390625 0.05
0 0.4875 0.864583 0.028125 0.0375
0 0.985156 0.864583 0.0234375 0.0375
0 0.0414063 0.983333 0.0296875 0.0291667
0 0.217187 0.157292 0.028125 0.0395833
0 0.498437 0.391667 0.03125 0.0375
0 0.74375 0.788542 0.03125 0.0354167
0 0.028125 0.729167 0.03125 0.0416667
0 0.0101562 0.438542 0.0203125 0.04375
0 0.194531 0.280208 0.0296875 0.0395833
0 0.572656 0.885417 0.0296875 0.0333333
0 0.577344 0.15 0.0296875 0.0333333
0 0.541406 0.985417 0.0328125 0.0291667
0 0.347656 0.311458 0.0296875 0.0395833
0 0.935938 0.210417 0.040625 0.0541667
0 0.0890625 0.964583 0.028125 0.0375
0 0.352344 0.488542 0.0359375 0.0479167
0 0.835938 0.964583 0.028125 0.0375
0 0.74375 0.751042 0.028125 0.0354167
0 0.239063 0.579167 0.028125 0.0375
0 0.632031 0.104167 0.0265625 0.0375
0 0.298438 0.10625 0.03125 0.0375
0 0.250781 0.559375 0.0265625 0.0354167
0 0.772656 0.0708333 0.0296875 0.0333333
0 0.772656 0.65625 0.0296875 0.0375
0 0.6375 0.502083 0.025 0.0333333
0 0.0140625 0.591667 0.025 0.0416667
0 0.584375 0.121875 0.03125 0.0395833
0 0.511719 0.726042 0.0390625 0.0479167
0 0.0828125 0.804167 0.028125 0.0333333
0 0.666406 0.139583 0.0328125 0.0375
0 0.567969 0.102083 0.0296875 0.0375
0 0.310937 0.310417 0.028125 0.0375
0 0.282813 0.216667 0.034375 0.0416667
0 0.5875 0.492708 0.03125 0.0395833
0 0.191406 0.844792 0.0328125 0.0395833
0 0.241406 0.85625 0.0296875 0.0375
0 0.271875 0.414583 0.03125 0.0375
0 0.636719 0.419792 0.0328125 0.04375
0 0.602344 0.213542 0.0328125 0.04375
0 0.015625 0.244792 0.03125 0.04375
0 0.869531 0.408333 0.0296875 0.0416667
0 0.828125 0.434375 0.03125 0.0395833
0 0.132812 0.196875 0.034375 0.04375
0 0.851562 0.228125 0.046875 0.05625
0 0.985937 0.790625 0.028125 0.0395833
0 0.629687 0.804167 0.034375 0.0416667
0 0.853906 0.75 0.0328125 0.0416667
0 0.847656 0.8375 0.0265625 0.0333333
0 0.707812 0.635417 0.03125 0.0375
0 0.646094 0.5625 0.0265625 0.0333333
