0 0.04375 0.361458 0.034375 0.04375
0 0.313281 0.789583 0.0234375 0.0375
0 0.408594 0.217708 0.0359375 0.0520833
0 0.0132813 0.990625 0.0265625 0.01875
0 0.99375 0.409375 0.0125 0.0479167
0 0.575 0.883333 0.03125 0.0333333
0 0.486719 0.865625 0.0296875 0.0354167
0 0.0234375 0.53125 0.028125 0.0375
0 0.5625 0.160417 0.028125 0.0333333
0 0.0421875 0.984375 0.028125 0.0270833
0 0.634375 0.419792 0.028125 0.0395833
0 0.578125 0.151042 0.028125 0.03125
0 0.499219 0.389583 0.0328125 0.0375
0 0.935938 0.209375 0.040625 0.0520833
0 0.665625 0.136458 0.03125 0.0395833
0 0.209375 0.147917 0.028125 0.0375
0 0.629687 0.804167 0.034375 0.0416667
0 0.541406 0.985417 0.0328125 0.0291667
0 0.028125 0.729167 0.03125 0.0416667
0 0.3 0.105208 0.03125 0.0395833
0 0.771875 0.0697917 0.028125 0.0354167
0 0.1625 0.258333 0.028125 0.0416667
0 0.835938 0.964583 0.028125 0.0375
0 0.749219 0.01875 0.0328125 0.0333333
0 0.0898438 0.963542 0.0296875 0.0395833
0 0.370313 0.26875 0.028125 0.0333333
0 0.0828125 0.805208 0.028125 0.0354167
0 0.98125 0.805208 0.028125 0.03125
0 0.5125 0.725 0.0375 0.0416667
0 0.275781 0.591667 0.0328125 0.0375
0 0.744531 0.748958 0.0265625 0.0354167
0 0.767969 0.694792 0.0296875 0.0395833
0 0.439063 0.526042 0.03125 0.0395833
0 0.3125 0.309375 0.028125 0.0395833
0 0.242188 0.855208 0.028125 0.0395833
0 0.623438 0.158333 0.028125 0.0333333
0 0.985937 0.78125 0.028125 0.0375
0 0.239063 0.577083 0.028125 0.0458333
0 0.567187 0.102083 0.03125 0.0375
0 0.584375 0.121875 0.03125 0.0395833
0 0.602344 0.2125 0.0296875 0.0416667
0 0.192188 0.84375 0.03125 0.0375
0 0.694531 0.816667 0.0296875 0.0333333
0 0.283594 0.216667 0.0328125 0.0416667
0 0.828125 0.434375 0.03125 0.0395833
0 0.132812 0.195833 0.034375 0.0458333
0 0.272656 0.413542 0.0296875 0.0354167
0 0.707812 0.639583 0.028125 0.0375
0 0.86875 0.408333 0.03125 0.0416667
0 0.853125 0.748958 0.03125 0.0395833
0 0.015625 0.238542 0.03125 0.04375
0 0.588281 0.489583 0.0328125 0.0375
0 0.624219 0.444792 0.0265625 0.0354167
0 0.852344 0.228125 0.0453125 0.05625
0 0.848437 0.838542 0.028125 0.0354167
0 0.646094 0.5625 0.0265625 0.0333333
