0 0.99375 0.678125 0.0125 0.0395833
0 0.744531 0.744792 0.0265625 0.0354167
0 0.0046875 0.09375 0.009375 0.0458333
0 0.994531 0.408333 0.0109375 0.05
0 0.0132813 0.990625 0.0265625 0.01875
0 0.629687 0.805208 0.034375 0.04375
0 0.564062 0.160417 0.028125 0.0333333
0 0.201562 0.134375 0.028125 0.0395833
0 0.486719 0.865625 0.0296875 0.0395833
0 0.611719 0.614583 0.0296875 0.0375
0 0.040625 0.983333 0.03125 0.0291667
0 0.754687 0.78125 0.028125 0.0375
0 0.675 0.135417 0.0375 0.0416667
0 0.500781 0.3875 0.0296875 0.0375
0 0.540625 0.985417 0.03125 0.0291667
0 0.328125 0.680208 0.03125 0.0395833
0 0.940625 0.73125 0.03125 0.0375
0 0.584375 0.807292 0.03125 0.0354167
0 0.314844 0.308333 0.0265625 0.0416667
0 0.110937 0.254167 0.034375 0.0416667
0 0.578125 0.15 0.03125 0.0333333
0 0.0835937 0.513542 0.0328125 0.04375
0 0.61875 0.330208 0.03125 0.0395833
0 0.0453125 0.361458 0.034375 0.04375
0 0.584375 0.878125 0.03125 0.0354167
0 0.0882813 0.963542 0.0296875 0.0395833
0 0.0289063 0.728125 0.0328125 0.04375
0 0.382812 0.182292 0.028125 0.0354167
0 0.30625 0.101042 0.028125 0.0354167
0 0.511719 0.721875 0.0390625 0.0479167
0 0.836719 0.964583 0.0296875 0.0375
0 0.584375 0.123958 0.03125 0.0395833
0 0.566406 0.102083 0.0296875 0.0375
0 0.242969 0.855208 0.0296875 0.0395833
0 0.0835937 0.805208 0.0296875 0.0354167
0 0.585938 0.4875 0.034375 0.0416667
0 0.271875 0.414583 0.03125 0.0375
0 0.239063 0.579167 0.028125 0.0416667
0 0.707031 0.639583 0.0296875 0.0375
0 0.86875 0.408333 0.03125 0.0416667
0 0.771875 0.0635417 0.03125 0.0395833
0 0.9875 0.775 0.025 0.0375
0 0.191406 0.84375 0.0296875 0.0375
0 0.636719 0.420833 0.0328125 0.0458333
0 0.828125 0.433333 0.03125 0.0416667
0 0.853906 0.748958 0.0328125 0.04375
0 0.134375 0.194792 0.03125 0.04375
0 0.935156 0.209375 0.0390625 0.0520833
0 0.0179687 0.228125 0.0328125 0.04375
0 0.282031 0.215625 0.0328125 0.0395833
0 0.848437 0.8375 0.028125 0.0375
0 0.601562 0.211458 0.034375 0.04375
0 0.852344 0.227083 0.0453125 0.0541667
0 0.646094 0.5625 0.0265625 0.0333333
