0 0.96875 0.876042 0.025 0.0354167
0 0.627344 0.801042 0.0328125 0.0395833
0 0.307031 0.196875 0.0265625 0.0354167
0 0.484375 0.761458 0.04375 0.0479167
0 0.407813 0.217708 0.034375 0.04375
0 0.0140625 0.989583 0.028125 0.0208333
0 0.99375 0.680208 0.0125 0.0354167
0 0.560938 0.160417 0.028125 0.0375
0 0.734375 0.155208 0.028125 0.0354167
0 0.714844 0.7875 0.0296875 0.0333333
0 0.540625 0.985417 0.03125 0.0291667
0 0.235156 0.565625 0.0328125 0.0479167
0 0.704687 0.157292 0.03125 0.0395833
0 0.96875 0.040625 0.025 0.0354167
0 0.489062 0.616667 0.03125 0.0416667
0 0.851562 0.234375 0.040625 0.0479167
0 0.486719 0.861458 0.0328125 0.04375
0 0.199219 0.245833 0.0328125 0.0416667
0 0.260938 0.43125 0.028125 0.0375
0 0.989062 0.414583 0.021875 0.0458333
0 0.835156 0.784375 0.0359375 0.04375
0 0.101562 0.985417 0.034375 0.0291667
0 0.570312 0.102083 0.028125 0.0333333
0 0.351562 0.0729167 0.028125 0.0333333
0 0.823438 0.9875 0.028125 0.025
0 0.708594 0.629167 0.0328125 0.0416667
0 0.584375 0.120833 0.03125 0.0375
0 0.128906 0.196875 0.0328125 0.04375
0 0.83125 0.870833 0.03125 0.0416667
0 0.0429688 0.984375 0.0359375 0.03125
0 0.221875 0.485417 0.025 0.0291667
0 0.084375 0.802083 0.03125 0.0375
0 0.624219 0.240625 0.0328125 0.0395833
0 0.578125 0.148958 0.03125 0.0354167
0 0.623438 0.0166667 0.03125 0.0333333
0 0.68125 0.977083 0.03125 0.0375
0 0.474219 0.0552083 0.0265625 0.0395833
0 0.20625 0.194792 0.03125 0.0354167
0 0.785156 0.39375 0.0296875 0.0375
0 0.601562 0.208333 0.028125 0.0416667
0 0.257812 0.270833 0.034375 0.0416667
0 0.195312 0.7125 0.03125 0.0416667
0 0.192969 0.855208 0.0359375 0.0479167
0 0.213281 0.40625 0.0265625 0.0416667
0 0.827344 0.43125 0.0296875 0.0375
0 0.453906 0.471875 0.0359375 0.0395833
0 0.935156 0.205208 0.0359375 0.0479167
0 0.861719 0.410417 0.0296875 0.0375
0 0.632031 0.615625 0.0296875 0.0395833
0 0.236719 0.85625 0.0328125 0.0458333
0 0.507031 0.0333333 0.0265625 0.0333333
