0 0.978125 0.863542 0.025 0.03125
0 0.575 0.111458 0.034375 0.0395833
0 0.990625 0.683333 0.01875 0.0416667
0 0.0132813 0.989583 0.0265625 0.0208333
0 0.310937 0.19375 0.034375 0.0416667
0 0.564844 0.161458 0.0296875 0.0354167
0 0.638281 0.422917 0.0390625 0.0458333
0 0.8 0.0979167 0.03125 0.0375
2 0.182031 0.939583 0.0296875 0.0375
0 0.577344 0.153125 0.0296875 0.0354167
0 0.503125 0.0166667 0.03125 0.0333333
0 0.471094 0.425 0.0390625 0.0541667
0 0.764063 0.0979167 0.028125 0.0375
0 0.990625 0.282292 0.01875 0.0395833
0 0.040625 0.986458 0.034375 0.0270833
0 0.486719 0.864583 0.0296875 0.0416667
0 0.648438 0.217708 0.034375 0.0395833
0 0.601562 0.213542 0.028125 0.0354167
0 0.540625 0.985417 0.03125 0.0291667
0 0.278906 0.226042 0.0328125 0.0395833
0 0.009375 0.78125 0.01875 0.0375
0 0.992188 0.408333 0.015625 0.0541667
0 0.567969 0.104167 0.0296875 0.0375
0 0.546875 0.569792 0.0375 0.04375
0 0.685938 0.484375 0.03125 0.04375
0 0.0890625 0.9625 0.03125 0.0416667
0 0.708594 0.633333 0.0328125 0.0416667
0 0.957031 0.90625 0.0328125 0.0375
0 0.24375 0.152083 0.03125 0.0375
0 0.935938 0.209375 0.040625 0.05625
0 0.260938 0.439583 0.03125 0.0375
0 0.084375 0.805208 0.03125 0.0395833
0 0.233594 0.578125 0.0296875 0.04375
0 0.864062 0.413542 0.034375 0.04375
0 0.192188 0.846875 0.034375 0.04375
0 0.722656 0.776042 0.0296875 0.0354167
0 0.128906 0.2 0.0390625 0.0541667
0 0.829687 0.435417 0.034375 0.0416667
0 0.828906 0.985417 0.0265625 0.0291667
0 0.628906 0.60625 0.0296875 0.0375
0 0.851562 0.234375 0.040625 0.0479167
0 0.302344 0.239583 0.0390625 0.0458333
0 0.3625 0.0427083 0.03125 0.0395833
0 0.257031 0.36875 0.0296875 0.0375
0 0.582812 0.122917 0.034375 0.0416667
0 0.495313 0.0291667 0.034375 0.0416667
0 0.757812 0.05 0.034375 0.0458333
0 0.8375 0.860417 0.025 0.0375
0 0.494531 0.748958 0.0390625 0.0479167
0 0.845312 0.753125 0.034375 0.0479167
0 0.238281 0.859375 0.0328125 0.04375
