0 0.971875 0.866667 0.025 0.0333333
0 0.974219 0.03125 0.0265625 0.0375
0 0.628125 0.801042 0.034375 0.0395833
0 0.307031 0.194792 0.0265625 0.03125
0 0.5625 0.159375 0.028125 0.0354167
0 0.6375 0.41875 0.0375 0.0458333
0 0.992188 0.682292 0.015625 0.0354167
0 0.0140625 0.989583 0.028125 0.0208333
0 0.757812 0.29375 0.028125 0.0375
0 0.715625 0.7875 0.028125 0.0333333
0 0.541406 0.985417 0.0328125 0.0291667
0 0.738281 0.144792 0.0296875 0.0354167
0 0.260938 0.433333 0.028125 0.0375
0 0.570312 0.102083 0.028125 0.0333333
0 0.735156 0.935417 0.0296875 0.0375
0 0.235938 0.567708 0.03125 0.0479167
0 0.934375 0.205208 0.0375 0.0479167
0 0.4875 0.8625 0.03125 0.0416667
0 0.209375 0.185417 0.028125 0.0333333
0 0.707031 0.151042 0.0328125 0.04375
0 0.233594 0.20625 0.0296875 0.0333333
0 0.353906 0.0708333 0.0265625 0.0333333
0 0.851562 0.234375 0.040625 0.0479167
0 0.989062 0.414583 0.021875 0.0458333
0 0.191406 0.847917 0.0359375 0.0458333
0 0.83125 0.871875 0.03125 0.0395833
0 0.625781 0.015625 0.0296875 0.03125
0 0.225 0.480208 0.025 0.03125
0 0.5 0.614583 0.03125 0.0458333
0 0.084375 0.803125 0.03125 0.0395833
0 0.407813 0.217708 0.034375 0.04375
0 0.263281 0.2625 0.0359375 0.0458333
0 0.823438 0.9875 0.028125 0.025
0 0.577344 0.148958 0.0296875 0.0354167
0 0.625 0.240625 0.03125 0.0395833
0 0.04375 0.985417 0.034375 0.0291667
0 0.455469 0.463542 0.0328125 0.0395833
0 0.475 0.0541667 0.025 0.0375
0 0.129688 0.194792 0.034375 0.04375
0 0.708594 0.629167 0.0328125 0.0416667
0 0.602344 0.209375 0.0296875 0.04375
0 0.584375 0.120833 0.03125 0.0375
0 0.2125 0.8125 0.03125 0.0375
0 0.630469 0.615625 0.0296875 0.0395833
0 0.861719 0.410417 0.0296875 0.0375
0 0.825 0.43125 0.03125 0.0375
0 0.221094 0.4 0.0328125 0.0458333
0 0.841406 0.775 0.0359375 0.0458333
0 0.105469 0.978125 0.0328125 0.0395833
0 0.236719 0.85625 0.0328125 0.0458333
0 0.507812 0.03125 0.025 0.0333333
