0 0.707812 0.447917 0.028125 0.0375
0 0.564062 0.1625 0.028125 0.0375
0 0.0125 0.989583 0.025 0.0208333
0 0.992188 0.683333 0.015625 0.0416667
2 0.0101562 0.722917 0.0203125 0.0375
0 0.198437 0.936458 0.028125 0.0354167
0 0.720312 0.779167 0.028125 0.0333333
0 0.578125 0.15 0.03125 0.0375
0 0.602344 0.2125 0.0296875 0.0375
0 0.7625 0.1 0.03125 0.0375
0 0.747656 0.4375 0.0296875 0.0333333
0 0.638281 0.422917 0.0390625 0.0458333
0 0.485938 0.864583 0.03125 0.0416667
0 0.00859375 0.788542 0.0171875 0.0395833
0 0.501562 0.0177083 0.034375 0.0354167
0 0.0398437 0.9875 0.0328125 0.025
0 0.275 0.230208 0.034375 0.0395833
0 0.95 0.919792 0.034375 0.0354167
0 0.467969 0.429167 0.0390625 0.0541667
0 0.992188 0.410417 0.015625 0.0541667
0 0.540625 0.985417 0.03125 0.0291667
0 0.851562 0.236458 0.040625 0.0479167
0 0.250781 0.371875 0.0296875 0.0395833
0 0.835938 0.865625 0.028125 0.04375
0 0.98125 0.336458 0.028125 0.0395833
0 0.239063 0.858333 0.03125 0.0416667
0 0.084375 0.804167 0.028125 0.0375
0 0.826563 0.986458 0.028125 0.0270833
0 0.708594 0.633333 0.0328125 0.0416667
0 0.3125 0.235417 0.0375 0.0416667
0 0.75625 0.0604167 0.03125 0.0375
0 0.360938 0.0489583 0.03125 0.0395833
0 0.0890625 0.9625 0.03125 0.0416667
0 0.542188 0.579167 0.034375 0.0416667
0 0.767969 0.0291667 0.0296875 0.0375
0 0.233594 0.578125 0.0296875 0.04375
0 0.864062 0.413542 0.034375 0.04375
0 0.244531 0.15625 0.0296875 0.0333333
0 0.567969 0.104167 0.0296875 0.0375
0 0.192188 0.845833 0.034375 0.0416667
0 0.261719 0.439583 0.0328125 0.0375
0 0.129688 0.198958 0.0375 0.0520833
0 0.828906 0.434375 0.0328125 0.0395833
0 0.642969 0.227083 0.0359375 0.0416667
0 0.488281 0.0385417 0.0296875 0.0395833
0 0.935938 0.208333 0.040625 0.0583333
0 0.582812 0.122917 0.034375 0.0416667
0 0.492969 0.751042 0.0390625 0.0479167
0 0.63125 0.608333 0.03125 0.0416667
0 0.84375 0.754167 0.03125 0.0458333
