0 0.96875 0.877083 0.025 0.0333333
0 0.307031 0.195833 0.0265625 0.0333333
0 0.6375 0.416667 0.0375 0.05
0 0.489062 0.009375 0.025 0.01875
0 0.628125 0.802083 0.034375 0.0416667
0 0.407813 0.217708 0.034375 0.04375
0 0.0125 0.988542 0.025 0.0229167
0 0.560938 0.158333 0.028125 0.0375
0 0.992188 0.68125 0.015625 0.0375
0 0.735156 0.158333 0.0296875 0.0375
0 0.714063 0.7875 0.03125 0.0375
0 0.486719 0.61875 0.0328125 0.0458333
0 0.235156 0.565625 0.0328125 0.0479167
0 0.540625 0.985417 0.034375 0.0291667
0 0.483594 0.7625 0.0421875 0.05
0 0.96875 0.0447917 0.025 0.0354167
0 0.577344 0.148958 0.0296875 0.0354167
0 0.1 0.988542 0.03125 0.0229167
0 0.989844 0.414583 0.0203125 0.0458333
0 0.704687 0.159375 0.034375 0.04375
0 0.188281 0.852083 0.0359375 0.0458333
0 0.221094 0.4875 0.0234375 0.0291667
0 0.569531 0.101042 0.0265625 0.0354167
0 0.260938 0.429167 0.028125 0.0375
0 0.4875 0.861458 0.034375 0.04375
0 0.185156 0.714583 0.0328125 0.0458333
0 0.669531 0.9875 0.0296875 0.025
0 0.708594 0.629167 0.0328125 0.0416667
0 0.0835937 0.802083 0.0296875 0.0375
0 0.823438 0.9875 0.028125 0.025
0 0.801562 0.40625 0.03125 0.0375
0 0.583594 0.11875 0.0328125 0.0375
0 0.623438 0.239583 0.034375 0.0416667
0 0.129688 0.194792 0.034375 0.04375
0 0.350781 0.075 0.0265625 0.0333333
0 0.192969 0.25625 0.0296875 0.0416667
0 0.835156 0.785417 0.0359375 0.0458333
0 0.205469 0.195833 0.0296875 0.0375
0 0.0421875 0.983333 0.0375 0.0333333
0 0.83125 0.86875 0.03125 0.0375
0 0.453906 0.477083 0.0390625 0.0416667
0 0.826563 0.433333 0.028125 0.0333333
0 0.474219 0.0552083 0.0265625 0.0395833
0 0.623438 0.0177083 0.03125 0.0354167
0 0.851562 0.23125 0.046875 0.0541667
0 0.934375 0.207292 0.0375 0.0520833
0 0.211719 0.408333 0.0265625 0.0416667
0 0.601562 0.208333 0.028125 0.0416667
0 0.257812 0.272917 0.034375 0.0416667
0 0.63125 0.615625 0.03125 0.0395833
0 0.507031 0.0333333 0.0265625 0.0333333
0 0.860937 0.409375 0.028125 0.0395833
0 0.236719 0.857292 0.0328125 0.04375
