0 0.99375 0.678125 0.0125 0.04375
0 0.0132813 0.990625 0.0265625 0.01875
0 0.994531 0.409375 0.0109375 0.0479167
0 0.563281 0.160417 0.0265625 0.0333333
0 0.407031 0.21875 0.0390625 0.05
0 0.4875 0.864583 0.028125 0.0375
0 0.577344 0.15 0.0296875 0.0333333
0 0.214844 0.165625 0.0265625 0.0395833
0 0.040625 0.984375 0.03125 0.03125
0 0.499219 0.391667 0.0328125 0.0375
0 0.76875 0.653125 0.028125 0.0395833
0 0.985156 0.864583 0.0234375 0.0375
0 0.204688 0.291667 0.03125 0.0375
0 0.328125 0.50625 0.03125 0.0375
0 0.0289063 0.73125 0.0296875 0.0416667
0 0.573438 0.8875 0.03125 0.0333333
0 0.935938 0.209375 0.040625 0.05625
0 0.541406 0.985417 0.0328125 0.0291667
0 0.251563 0.567708 0.028125 0.0354167
0 0.74375 0.751042 0.025 0.03125
0 0.0890625 0.963542 0.03125 0.0395833
0 0.836719 0.964583 0.0296875 0.0375
0 0.774219 0.0729167 0.0296875 0.0375
0 0.297656 0.10625 0.0296875 0.0375
0 0.567187 0.103125 0.028125 0.0354167
0 0.357031 0.31875 0.0296875 0.0375
0 0.584375 0.121875 0.03125 0.0395833
0 0.0828125 0.805208 0.028125 0.0354167
0 0.620313 0.107292 0.034375 0.0354167
0 0.236719 0.579167 0.0265625 0.0375
0 0.0148437 0.245833 0.0296875 0.0416667
0 0.282813 0.216667 0.034375 0.0416667
0 0.985937 0.789583 0.028125 0.0375
0 0.639063 0.419792 0.03125 0.04375
0 0.742969 0.814583 0.0265625 0.0375
0 0.0140625 0.621875 0.025 0.0395833
0 0.191406 0.844792 0.0328125 0.0395833
0 0.602344 0.213542 0.0328125 0.0395833
0 0.5875 0.492708 0.03125 0.0395833
0 0.645312 0.504167 0.028125 0.0333333
0 0.667188 0.138542 0.034375 0.0395833
0 0.869531 0.408333 0.0296875 0.0416667
0 0.628906 0.804167 0.0359375 0.0416667
0 0.828125 0.434375 0.03125 0.0395833
0 0.271875 0.414583 0.03125 0.0375
0 0.310937 0.310417 0.025 0.0375
0 0.510938 0.726042 0.040625 0.0479167
0 0.853125 0.228125 0.046875 0.05625
0 0.708594 0.635417 0.0296875 0.0375
0 0.242188 0.857292 0.028125 0.0395833
0 0.847656 0.8375 0.0265625 0.0333333
0 0.132812 0.196875 0.034375 0.04375
0 0.853906 0.75 0.0328125 0.0416667
0 0.646875 0.5625 0.028125 0.0333333
