0 0.578906 0.154167 0.0265625 0.0333333
0 0.629687 0.804167 0.034375 0.0416667
0 0.514844 0.0135417 0.0296875 0.0270833
0 0.0140625 0.989583 0.028125 0.0208333
0 0.310937 0.190625 0.03125 0.0354167
0 0.469531 0.469792 0.0328125 0.0479167
0 0.2875 0.373958 0.025 0.0270833
0 0.654688 0.928125 0.040625 0.0520833
0 0.00625 0.313542 0.0125 0.0479167
0 0.527344 0.464583 0.0328125 0.0416667
0 0.99375 0.408333 0.0125 0.05
0 0.780469 0.009375 0.0328125 0.01875
0 0.485938 0.864583 0.034375 0.0458333
0 0.0390625 0.985417 0.034375 0.0291667
0 0.540625 0.9875 0.03125 0.025
0 0.727344 0.772917 0.0296875 0.0333333
0 0.0882813 0.964583 0.0296875 0.0375
0 0.479688 0.410417 0.034375 0.0458333
0 0.015625 0.766667 0.028125 0.0416667
0 0.565625 0.535417 0.03125 0.0375
0 0.129688 0.527083 0.034375 0.0458333
0 0.535937 0.966667 0.03125 0.0333333
0 0.722656 0.114583 0.0296875 0.0375
0 0.965625 0.308333 0.0375 0.0416667
0 0.0835937 0.805208 0.0296875 0.0395833
0 0.280469 0.34375 0.0265625 0.0375
0 0.284375 0.21875 0.034375 0.0375
0 0.03125 0.03125 0.03125 0.0375
0 0.972656 0.855208 0.0390625 0.0479167
0 0.194531 0.263542 0.0359375 0.04375
0 0.829687 0.434375 0.034375 0.04375
0 0.260938 0.438542 0.034375 0.0395833
0 0.235156 0.579167 0.0328125 0.0458333
0 0.504687 0.0208333 0.03125 0.0375
0 0.584375 0.121875 0.03125 0.0395833
0 0.569531 0.103125 0.0296875 0.0354167
0 0.709375 0.633333 0.03125 0.0416667
0 0.255469 0.136458 0.0328125 0.0395833
0 0.864844 0.4125 0.0328125 0.0416667
0 0.639063 0.420833 0.040625 0.05
0 0.852344 0.229167 0.0421875 0.0541667
0 0.245312 0.207292 0.028125 0.0395833
0 0.192188 0.845833 0.034375 0.0458333
0 0.657812 0.1875 0.034375 0.0416667
0 0.771094 0.084375 0.0296875 0.0354167
0 0.130469 0.198958 0.0359375 0.0479167
0 0.239063 0.858333 0.034375 0.0416667
0 0.370313 0.0208333 0.028125 0.0333333
0 0.603125 0.213542 0.03125 0.0395833
0 0.629687 0.5875 0.03125 0.0416667
0 0.83125 0.980208 0.028125 0.0354167
0 0.842188 0.855208 0.028125 0.0395833
0 0.848437 0.754167 0.034375 0.0458333
0 0.496875 0.741667 0.04375 0.05
0 0.935938 0.209375 0.040625 0.05625
