1 0.852344 0.235417 0.0515625 0.0583333
0 0.990625 0.009375 0.01875 0.01875
2 0.0101562 0.7375 0.0203125 0.0375
0 0.0140625 0.990625 0.025 0.01875
0 0.00625 0.809375 0.0125 0.0395833
0 0.578125 0.15 0.03125 0.0375
0 0.0414063 0.988542 0.0328125 0.0229167
0 0.571875 0.103125 0.03125 0.0395833
0 0.486719 0.863542 0.0296875 0.0395833
0 0.9375 0.954167 0.03125 0.0333333
0 0.757812 0.103125 0.03125 0.0395833
0 0.71875 0.782292 0.03125 0.0354167
0 0.732813 0.0947917 0.034375 0.04375
0 0.526563 0.598958 0.03125 0.04375
0 0.464063 0.442708 0.040625 0.05625
0 0.50625 0.0229167 0.028125 0.0375
0 0.990625 0.414583 0.01875 0.0541667
0 0.542188 0.985417 0.03125 0.0291667
0 0.636719 0.419792 0.0359375 0.0479167
0 0.864844 0.414583 0.0328125 0.0416667
0 0.935938 0.209375 0.0375 0.0520833
0 0.2375 0.176042 0.03125 0.0354167
0 0.823438 0.988542 0.028125 0.0229167
0 0.260938 0.438542 0.03125 0.0395833
0 0.309375 0.223958 0.03125 0.0395833
0 0.084375 0.805208 0.028125 0.0354167
0 0.91875 0.528125 0.034375 0.04375
0 0.240625 0.377083 0.028125 0.0416667
0 0.235156 0.575 0.0296875 0.0416667
0 0.271094 0.238542 0.0328125 0.0395833
0 0.129688 0.197917 0.034375 0.0458333
0 0.882812 0.3625 0.034375 0.0416667
0 0.0882813 0.9625 0.0296875 0.0375
0 0.632812 0.238542 0.034375 0.04375
0 0.147656 0.960417 0.0265625 0.0375
0 0.709375 0.630208 0.03125 0.0395833
0 0.828125 0.434375 0.03125 0.0395833
0 0.603125 0.210417 0.03125 0.0416667
0 0.851562 0.235417 0.04375 0.05
0 0.490625 0.753125 0.04375 0.0479167
0 0.482031 0.046875 0.0296875 0.0395833
0 0.357812 0.0604167 0.028125 0.0375
0 0.191406 0.845833 0.0328125 0.0416667
0 0.833594 0.872917 0.0265625 0.0375
0 0.582812 0.119792 0.034375 0.04375
0 0.238281 0.857292 0.0296875 0.0395833
0 0.63125 0.611458 0.03125 0.0395833
0 0.842188 0.754167 0.034375 0.05
