0 0.991406 0.009375 0.0171875 0.01875
0 0.992188 0.684375 0.015625 0.0395833
0 0.248437 0.445833 0.025 0.0333333
2 0.0101562 0.7375 0.0203125 0.0416667
0 0.9375 0.208333 0.0375 0.05
0 0.629687 0.803125 0.034375 0.0395833
0 0.00625 0.810417 0.0125 0.0375
0 0.0132813 0.990625 0.0265625 0.01875
0 0.525 0.6 0.03125 0.0416667
0 0.851562 0.235417 0.040625 0.05
0 0.0414063 0.9875 0.0328125 0.025
0 0.486719 0.863542 0.0296875 0.0395833
0 0.461719 0.441667 0.0359375 0.05
0 0.75625 0.103125 0.03125 0.0395833
0 0.732813 0.0979167 0.034375 0.0416667
0 0.505469 0.0239583 0.0265625 0.0354167
0 0.578906 0.15 0.0296875 0.0375
0 0.541406 0.985417 0.0328125 0.0291667
0 0.935938 0.95625 0.034375 0.0375
0 0.636719 0.41875 0.0359375 0.0458333
0 0.990625 0.413542 0.01875 0.0520833
0 0.260938 0.438542 0.03125 0.0395833
0 0.71875 0.782292 0.03125 0.0354167
0 0.2375 0.176042 0.03125 0.03125
0 0.569531 0.103125 0.0296875 0.0354167
0 0.902344 0.40625 0.0296875 0.0416667
0 0.823438 0.988542 0.028125 0.0229167
0 0.141406 0.955208 0.0265625 0.0354167
0 0.313281 0.221875 0.0328125 0.0395833
0 0.827344 0.433333 0.0359375 0.0416667
0 0.63125 0.238542 0.03125 0.0395833
0 0.0851562 0.80625 0.0296875 0.0375
0 0.864062 0.413542 0.03125 0.04375
0 0.129688 0.197917 0.034375 0.0458333
0 0.235156 0.575 0.0296875 0.0416667
0 0.0882813 0.9625 0.0296875 0.0375
0 0.490625 0.75625 0.040625 0.0458333
0 0.239063 0.378125 0.028125 0.0395833
0 0.271094 0.238542 0.0328125 0.0395833
0 0.935938 0.559375 0.028125 0.0354167
0 0.709375 0.630208 0.03125 0.0395833
0 0.191406 0.845833 0.0328125 0.0416667
0 0.602344 0.210417 0.0296875 0.0416667
0 0.357812 0.0614583 0.028125 0.0354167
0 0.583594 0.120833 0.0328125 0.0416667
0 0.48125 0.0479167 0.028125 0.0375
0 0.833594 0.872917 0.0265625 0.0375
0 0.236719 0.858333 0.0296875 0.0416667
0 0.63125 0.6125 0.03125 0.0416667
0 0.840625 0.754167 0.034375 0.05
