0 0.990625 0.678125 0.015625 0.0479167
0 0.307031 0.342708 0.0203125 0.0270833
0 0.976562 0.860417 0.028125 0.0375
0 0.56875 0.157292 0.028125 0.0354167
0 0.0125 0.990625 0.025 0.01875
0 0.994531 0.410417 0.0109375 0.0458333
0 0.307813 0.413542 0.025 0.03125
0 0.0421875 0.367708 0.0375 0.0520833
0 0.4875 0.864583 0.03125 0.0375
0 0.574219 0.009375 0.0296875 0.01875
0 0.296094 0.397917 0.0265625 0.0333333
0 0.040625 0.985417 0.03125 0.0291667
0 0.492188 0.396875 0.03125 0.0395833
0 0.989844 0.8 0.0203125 0.0333333
0 0.715625 0.68125 0.028125 0.0375
0 0.542188 0.986458 0.034375 0.0270833
0 0.0210938 0.736458 0.0296875 0.04375
0 0.0101562 0.266667 0.0203125 0.0416667
0 0.0890625 0.964583 0.03125 0.0375
0 0.908594 0.922917 0.0296875 0.0375
0 0.26875 0.426042 0.028125 0.0354167
0 0.935938 0.209375 0.040625 0.05625
0 0.585938 0.121875 0.03125 0.0395833
0 0.0835937 0.80625 0.0296875 0.0375
0 0.303906 0.315625 0.0265625 0.0354167
0 0.584375 0.503125 0.034375 0.0395833
0 0.567969 0.103125 0.0296875 0.0395833
0 0.498437 0.0135417 0.03125 0.0270833
0 0.240625 0.855208 0.03125 0.0395833
0 0.192969 0.844792 0.0328125 0.0395833
0 0.235156 0.573958 0.0265625 0.0395833
0 0.0601562 0.29375 0.0296875 0.0375
0 0.665625 0.158333 0.0375 0.0416667
0 0.219531 0.18125 0.0265625 0.0375
0 0.709375 0.63125 0.03125 0.0416667
0 0.75 0.525 0.034375 0.0416667
0 0.772656 0.075 0.0296875 0.0375
0 0.851562 0.747917 0.034375 0.0458333
0 0.564062 0.908333 0.028125 0.0333333
0 0.282031 0.115625 0.0296875 0.0354167
0 0.283594 0.21875 0.0328125 0.0416667
0 0.628906 0.805208 0.0359375 0.04375
0 0.636719 0.420833 0.0359375 0.05
0 0.208594 0.416667 0.0265625 0.0375
0 0.867969 0.408333 0.0328125 0.0416667
0 0.6 0.2125 0.03125 0.0416667
0 0.132812 0.195833 0.03125 0.0416667
0 0.835938 0.96875 0.028125 0.0375
0 0.852344 0.228125 0.0453125 0.05625
0 0.828125 0.434375 0.034375 0.04375
0 0.635156 0.565625 0.0328125 0.0395833
0 0.578125 0.151042 0.03125 0.0354167
0 0.845312 0.84375 0.028125 0.0375
0 0.508594 0.730208 0.0421875 0.0520833
