0 0.307813 0.342708 0.021875 0.0270833
0 0.00625 0.626042 0.0125 0.0395833
0 0.992188 0.678125 0.015625 0.0479167
0 0.504687 0.0104167 0.034375 0.0208333
0 0.0125 0.990625 0.025 0.01875
0 0.99375 0.409375 0.0125 0.0479167
0 0.564062 0.160417 0.028125 0.0333333
0 0.242188 0.558333 0.028125 0.0375
0 0.4875 0.864583 0.028125 0.0375
0 0.578906 0.151042 0.0296875 0.0354167
0 0.992188 0.89375 0.015625 0.0375
0 0.761719 0.813542 0.0296875 0.0395833
0 0.040625 0.985417 0.03125 0.0291667
0 0.214062 0.163542 0.028125 0.0354167
0 0.498437 0.390625 0.03125 0.0354167
0 0.540625 0.985417 0.03125 0.0291667
0 0.572656 0.8875 0.0296875 0.0333333
0 0.296875 0.4875 0.034375 0.0416667
0 0.604688 0.10625 0.034375 0.0416667
0 0.629687 0.804167 0.034375 0.0416667
0 0.742969 0.754167 0.0265625 0.0333333
0 0.350781 0.339583 0.0265625 0.0375
0 0.835938 0.964583 0.028125 0.0375
0 0.200781 0.308333 0.0296875 0.0375
0 0.0898438 0.964583 0.0296875 0.0375
0 0.584375 0.122917 0.03125 0.0416667
0 0.0289063 0.732292 0.0296875 0.0395833
0 0.0140625 0.246875 0.028125 0.04375
0 0.639844 0.420833 0.0296875 0.0416667
0 0.986719 0.784375 0.0265625 0.0395833
0 0.0828125 0.805208 0.028125 0.0354167
0 0.778125 0.641667 0.03125 0.0375
0 0.567187 0.102083 0.028125 0.0375
0 0.770312 0.0677083 0.028125 0.0354167
0 0.5875 0.491667 0.03125 0.0375
0 0.311719 0.310417 0.0265625 0.0375
0 0.232812 0.572917 0.028125 0.0375
0 0.296094 0.10625 0.0296875 0.0375
0 0.982813 0.865625 0.025 0.0354167
0 0.271094 0.415625 0.0296875 0.0354167
0 0.283594 0.217708 0.0328125 0.0395833
0 0.192188 0.844792 0.03125 0.0395833
0 0.602344 0.213542 0.0328125 0.0395833
0 0.935938 0.209375 0.040625 0.05625
0 0.132031 0.195833 0.0328125 0.0458333
0 0.86875 0.408333 0.03125 0.0416667
0 0.828125 0.433333 0.03125 0.0416667
0 0.709375 0.636458 0.03125 0.0395833
0 0.510938 0.726042 0.040625 0.0479167
0 0.853125 0.228125 0.046875 0.05625
0 0.242188 0.85625 0.028125 0.0416667
0 0.666406 0.139583 0.0359375 0.0416667
0 0.65625 0.511458 0.028125 0.0354167
0 0.848437 0.838542 0.028125 0.0354167
0 0.853906 0.748958 0.0328125 0.04375
0 0.646875 0.561458 0.028125 0.0354167
