1 0.532812 0.985417 0.053125 0.025
0 0.469531 0.467708 0.0328125 0.0479167
0 0.0132813 0.990625 0.0265625 0.01875
0 0.308594 0.80625 0.0265625 0.0333333
0 0.991406 0.680208 0.0140625 0.0479167
0 0.511719 0.015625 0.0296875 0.0270833
0 0.525 0.989583 0.03125 0.0208333
0 0.853125 0.229167 0.04375 0.05
0 0.278125 0.394792 0.025 0.03125
0 0.286719 0.248958 0.0390625 0.04375
0 0.313281 0.190625 0.0359375 0.0395833
0 0.477344 0.414583 0.0359375 0.0458333
0 0.539062 0.9875 0.034375 0.025
0 0.4875 0.865625 0.03125 0.04375
0 0.0398437 0.9875 0.0328125 0.025
0 0.021875 0.570833 0.034375 0.0416667
0 0.880469 0.205208 0.0328125 0.0395833
0 0.577344 0.154167 0.0296875 0.0333333
0 0.992188 0.408333 0.015625 0.0541667
0 0.0101562 0.254167 0.0203125 0.0458333
0 0.0890625 0.964583 0.03125 0.0375
0 0.283594 0.217708 0.0359375 0.04375
0 0.769531 0.0239583 0.0328125 0.0395833
0 0.967188 0.873958 0.034375 0.0395833
0 0.724219 0.773958 0.0296875 0.0354167
0 0.245312 0.152083 0.03125 0.0375
0 0.76875 0.0927083 0.03125 0.0395833
0 0.55625 0.545833 0.03125 0.0416667
0 0.569531 0.103125 0.0296875 0.0354167
0 0.0132813 0.772917 0.0234375 0.0375
0 0.0828125 0.805208 0.03125 0.0395833
0 0.709375 0.633333 0.03125 0.0416667
0 0.5 0.0239583 0.034375 0.0395833
0 0.235156 0.577083 0.0328125 0.0458333
0 0.829687 0.436458 0.034375 0.0395833
0 0.269531 0.3625 0.0296875 0.0416667
0 0.584375 0.121875 0.03125 0.0395833
0 0.864062 0.4125 0.034375 0.0416667
0 0.192969 0.845833 0.0359375 0.0416667
0 0.935156 0.209375 0.0390625 0.0520833
0 0.607813 0.0364583 0.03125 0.0395833
0 0.365625 0.0322917 0.034375 0.0395833
0 0.260938 0.439583 0.034375 0.0416667
0 0.65625 0.197917 0.0375 0.0458333
0 0.840625 0.859375 0.025 0.0395833
0 0.129688 0.198958 0.040625 0.0520833
0 0.602344 0.214583 0.0296875 0.0375
0 0.239844 0.857292 0.0328125 0.0395833
0 0.657031 0.547917 0.0296875 0.0416667
0 0.628906 0.6 0.0296875 0.0375
0 0.846875 0.754167 0.03125 0.0458333
0 0.496094 0.746875 0.0421875 0.0479167
0 0.83125 0.983333 0.028125 0.0333333
