0 0.936719 0.207292 0.0390625 0.0520833
0 0.564062 0.160417 0.025 0.0333333
0 0.628125 0.802083 0.034375 0.0375
0 0.484375 0.759375 0.0375 0.04375
0 0.982813 0.01875 0.028125 0.0333333
0 0.0132813 0.989583 0.0265625 0.0208333
0 0.851562 0.236458 0.040625 0.0479167
0 0.992188 0.683333 0.015625 0.0375
0 0.715625 0.785417 0.028125 0.0333333
0 0.261719 0.43125 0.0296875 0.0375
0 0.751562 0.115625 0.03125 0.0395833
0 0.0421875 0.985417 0.034375 0.0291667
0 0.769531 0.0875 0.0296875 0.0375
0 0.636719 0.417708 0.0390625 0.0479167
0 0.917188 0.986458 0.03125 0.0270833
0 0.459375 0.448958 0.0375 0.0479167
0 0.225 0.171875 0.03125 0.0354167
0 0.488281 0.863542 0.0296875 0.0395833
0 0.477344 0.0520833 0.0265625 0.0375
0 0.542188 0.985417 0.03125 0.0291667
0 0.232812 0.466667 0.021875 0.0291667
0 0.717969 0.129167 0.0296875 0.0375
0 0.227344 0.3875 0.0296875 0.0416667
0 0.0890625 0.963542 0.03125 0.0395833
0 0.292188 0.214583 0.034375 0.0375
0 0.632031 0.0114583 0.0296875 0.0229167
0 0.823438 0.988542 0.028125 0.0229167
0 0.0882813 0.904167 0.0328125 0.0416667
0 0.236719 0.570833 0.0296875 0.0416667
0 0.129688 0.197917 0.034375 0.0458333
0 0.084375 0.803125 0.034375 0.0395833
0 0.508594 0.028125 0.0265625 0.0354167
0 0.853125 0.785417 0.028125 0.0333333
0 0.989062 0.4125 0.021875 0.0458333
0 0.139844 0.855208 0.0296875 0.0395833
0 0.570312 0.102083 0.028125 0.0375
0 0.35625 0.0677083 0.028125 0.0354167
0 0.582812 0.120833 0.03125 0.0375
0 0.626562 0.240625 0.034375 0.0395833
0 0.827344 0.434375 0.0328125 0.0395833
0 0.5125 0.607292 0.03125 0.04375
0 0.191406 0.846875 0.0359375 0.04375
0 0.709375 0.630208 0.03125 0.0395833
0 0.267188 0.246875 0.034375 0.0395833
0 0.860156 0.410417 0.0296875 0.0375
0 0.602344 0.208333 0.0296875 0.0416667
0 0.832812 0.871875 0.028125 0.0354167
0 0.8375 0.755208 0.03125 0.0479167
0 0.578125 0.148958 0.028125 0.0354167
0 0.63125 0.615625 0.03125 0.0395833
0 0.2375 0.85625 0.03125 0.0458333
