0 0.971875 0.866667 0.025 0.0333333
0 0.5625 0.160417 0.028125 0.0333333
0 0.307813 0.194792 0.025 0.03125
0 0.992188 0.683333 0.015625 0.0333333
0 0.972656 0.03125 0.0265625 0.0375
0 0.628125 0.802083 0.034375 0.0375
0 0.0140625 0.989583 0.028125 0.0208333
0 0.6375 0.41875 0.0375 0.0458333
0 0.715625 0.7875 0.028125 0.0333333
0 0.7375 0.146875 0.028125 0.0354167
0 0.353125 0.0708333 0.025 0.0291667
0 0.542188 0.985417 0.03125 0.0291667
0 0.235156 0.567708 0.0328125 0.0479167
0 0.260938 0.433333 0.028125 0.0375
0 0.225 0.482292 0.025 0.03125
0 0.570312 0.102083 0.028125 0.0333333
0 0.70625 0.151042 0.03125 0.0395833
0 0.235938 0.213542 0.03125 0.0354167
0 0.209375 0.186458 0.028125 0.03125
0 0.4875 0.861458 0.03125 0.0395833
0 0.084375 0.803125 0.03125 0.0395833
0 0.407813 0.217708 0.034375 0.04375
0 0.498437 0.614583 0.03125 0.0458333
0 0.851562 0.234375 0.040625 0.04375
0 0.191406 0.847917 0.0359375 0.0458333
0 0.83125 0.871875 0.028125 0.0395833
0 0.989062 0.414583 0.021875 0.0458333
0 0.2625 0.2625 0.034375 0.0416667
0 0.626562 0.015625 0.028125 0.03125
0 0.776563 0.309375 0.034375 0.0395833
0 0.823438 0.9875 0.028125 0.025
0 0.128906 0.195833 0.0328125 0.0416667
0 0.584375 0.121875 0.03125 0.0354167
0 0.934375 0.20625 0.0375 0.05
0 0.0429688 0.984375 0.0359375 0.03125
0 0.475 0.0541667 0.025 0.0375
0 0.455469 0.4625 0.0328125 0.0416667
0 0.722656 0.945833 0.0328125 0.0416667
0 0.625 0.240625 0.03125 0.0395833
0 0.601562 0.209375 0.028125 0.04375
0 0.707812 0.630208 0.03125 0.0395833
0 0.578125 0.148958 0.028125 0.0354167
0 0.630469 0.615625 0.0296875 0.0395833
0 0.860937 0.409375 0.028125 0.0354167
0 0.21875 0.804167 0.03125 0.0416667
0 0.826563 0.43125 0.03125 0.0375
0 0.840625 0.777083 0.0375 0.0458333
0 0.220313 0.401042 0.03125 0.04375
0 0.236719 0.85625 0.0328125 0.0458333
0 0.105469 0.980208 0.0296875 0.0354167
0 0.507031 0.03125 0.0265625 0.0333333
