0 0.992188 0.678125 0.015625 0.0479167
0 0.978125 0.860417 0.03125 0.0375
0 0.99375 0.9625 0.0125 0.0375
0 0.75 0.747917 0.03125 0.0375
0 0.307813 0.34375 0.021875 0.025
0 0.0117188 0.989583 0.0234375 0.0208333
0 0.99375 0.408333 0.0125 0.0458333
0 0.009375 0.272917 0.01875 0.0458333
0 0.742188 0.758333 0.03125 0.0416667
0 0.485938 0.865625 0.03125 0.0354167
0 0.492188 0.4 0.03125 0.0416667
0 0.266406 0.434375 0.0296875 0.0354167
0 0.177344 0.351042 0.0296875 0.0354167
0 0.040625 0.985417 0.03125 0.0291667
0 0.25 0.423958 0.028125 0.0354167
0 0.567969 0.104167 0.0296875 0.0375
0 0.240625 0.855208 0.03125 0.0395833
0 0.664844 0.164583 0.0359375 0.0416667
0 0.0882813 0.964583 0.0296875 0.0375
0 0.301562 0.319792 0.028125 0.0395833
0 0.313281 0.454167 0.0328125 0.0416667
0 0.541406 0.985417 0.0328125 0.0291667
0 0.220313 0.175 0.028125 0.0375
0 0.578125 0.151042 0.03125 0.0354167
0 0.274219 0.11875 0.0296875 0.0375
0 0.559375 0.91875 0.03125 0.0375
0 0.6 0.209375 0.03125 0.04375
0 0.0210938 0.740625 0.0296875 0.0395833
0 0.773438 0.075 0.03125 0.0416667
0 0.851562 0.75 0.034375 0.0458333
0 0.0835937 0.80625 0.0296875 0.0375
0 0.584375 0.121875 0.03125 0.04375
0 0.192969 0.844792 0.0328125 0.0395833
0 0.58125 0.50625 0.03125 0.0375
0 0.235156 0.579167 0.0296875 0.0416667
0 0.776563 0.479167 0.034375 0.0416667
0 0.835938 0.970833 0.028125 0.0375
0 0.132812 0.194792 0.034375 0.04375
0 0.628906 0.804167 0.0359375 0.0416667
0 0.985937 0.810417 0.028125 0.0375
0 0.709375 0.634375 0.03125 0.0395833
0 0.0390625 0.375 0.034375 0.0458333
0 0.6375 0.420833 0.0375 0.05
0 0.496094 0.015625 0.0296875 0.03125
0 0.282813 0.217708 0.034375 0.04375
0 0.851562 0.229167 0.046875 0.0541667
0 0.829687 0.434375 0.034375 0.04375
0 0.867188 0.407292 0.034375 0.04375
0 0.634375 0.571875 0.03125 0.0395833
0 0.845312 0.845833 0.028125 0.0333333
0 0.935938 0.209375 0.040625 0.05625
0 0.50625 0.73125 0.040625 0.0541667
