0 0.99375 0.677083 0.0125 0.0416667
0 0.994531 0.407292 0.0109375 0.0479167
0 0.820312 0.6375 0.021875 0.0291667
0 0.00390625 0.0947917 0.0078125 0.04375
0 0.0140625 0.990625 0.025 0.01875
0 0.614844 0.827083 0.0328125 0.0416667
0 0.486719 0.865625 0.0296875 0.0395833
0 0.0421875 0.984375 0.028125 0.0270833
0 0.795313 0.009375 0.028125 0.01875
0 0.563281 0.160417 0.0265625 0.0333333
0 0.935156 0.209375 0.0390625 0.0520833
0 0.959375 0.766667 0.034375 0.0416667
0 0.124219 0.303125 0.0296875 0.04375
0 0.310156 0.63125 0.0328125 0.0458333
0 0.667969 0.133333 0.0296875 0.0333333
0 0.555469 0.56875 0.0296875 0.0375
0 0.5 0.389583 0.03125 0.0375
0 0.639063 0.385417 0.028125 0.0375
0 0.540625 0.985417 0.03125 0.0291667
0 0.774219 0.74375 0.0296875 0.0375
0 0.358594 0.2 0.0296875 0.0333333
0 0.622656 0.802083 0.0359375 0.0458333
0 0.303906 0.102083 0.0296875 0.0375
0 0.836719 0.964583 0.0296875 0.0375
0 0.6375 0.420833 0.03125 0.0416667
0 0.0328125 0.457292 0.03125 0.04375
0 0.028125 0.729167 0.03125 0.0416667
0 0.0890625 0.964583 0.028125 0.0375
0 0.015625 0.234375 0.03125 0.04375
0 0.313281 0.307292 0.0265625 0.0395833
0 0.772656 0.06875 0.0296875 0.0375
0 0.988281 0.777083 0.0234375 0.0375
0 0.0828125 0.805208 0.028125 0.0354167
0 0.584375 0.121875 0.03125 0.0395833
0 0.566406 0.101042 0.0296875 0.0395833
0 0.577344 0.15 0.0265625 0.0333333
0 0.582812 0.883333 0.03125 0.0333333
0 0.65 0.138542 0.028125 0.0354167
0 0.272656 0.413542 0.0296875 0.0395833
0 0.191406 0.84375 0.0296875 0.0375
0 0.585938 0.4875 0.034375 0.0416667
0 0.2 0.142708 0.028125 0.0395833
0 0.239063 0.578125 0.028125 0.04375
0 0.282813 0.217708 0.034375 0.0395833
0 0.241406 0.855208 0.0296875 0.0395833
0 0.86875 0.408333 0.03125 0.0416667
0 0.707031 0.639583 0.0296875 0.0375
0 0.601562 0.2125 0.03125 0.0416667
0 0.5125 0.722917 0.040625 0.0458333
0 0.828125 0.434375 0.03125 0.04375
0 0.846875 0.838542 0.028125 0.0354167
0 0.853906 0.748958 0.0328125 0.04375
0 0.0445312 0.361458 0.0328125 0.0395833
0 0.853125 0.227083 0.04375 0.0541667
0 0.132812 0.194792 0.03125 0.04375
0 0.646094 0.5625 0.0265625 0.0333333
