0 0.310937 0.190625 0.028125 0.0354167
0 0.310156 0.8 0.0265625 0.0333333
0 0.990625 0.680208 0.015625 0.04375
0 0.514844 0.0135417 0.0296875 0.0270833
0 0.629687 0.804167 0.034375 0.0416667
0 0.470313 0.46875 0.034375 0.05
0 0.0140625 0.989583 0.028125 0.0208333
0 0.780469 0.009375 0.0328125 0.01875
0 0.2875 0.372917 0.025 0.0291667
0 0.00625 0.313542 0.0125 0.0479167
0 0.727344 0.772917 0.0296875 0.0333333
0 0.99375 0.407292 0.0125 0.0520833
0 0.485938 0.864583 0.034375 0.0458333
0 0.0390625 0.985417 0.034375 0.0291667
0 0.0273438 0.03125 0.0328125 0.0375
0 0.5375 0.966667 0.03125 0.0333333
0 0.479688 0.410417 0.034375 0.0458333
0 0.0890625 0.964583 0.03125 0.0375
0 0.015625 0.765625 0.028125 0.0395833
0 0.523438 0.460417 0.034375 0.0458333
0 0.655469 0.928125 0.0421875 0.0520833
0 0.565625 0.535417 0.03125 0.0375
0 0.541406 0.9875 0.0328125 0.025
0 0.285156 0.21875 0.0328125 0.0375
0 0.128906 0.527083 0.0359375 0.0458333
0 0.0835937 0.805208 0.0296875 0.0395833
0 0.199219 0.254167 0.0421875 0.05
0 0.280469 0.34375 0.0265625 0.0375
0 0.973437 0.855208 0.040625 0.0479167
0 0.261719 0.438542 0.0328125 0.0395833
0 0.829687 0.435417 0.034375 0.0416667
0 0.234375 0.579167 0.03125 0.0416667
0 0.504687 0.0208333 0.03125 0.0375
0 0.709375 0.633333 0.03125 0.0416667
0 0.970312 0.309375 0.034375 0.0395833
0 0.584375 0.121875 0.03125 0.0395833
0 0.719531 0.1125 0.0296875 0.0375
0 0.569531 0.102083 0.0296875 0.0375
0 0.246094 0.203125 0.0296875 0.0395833
0 0.192188 0.845833 0.034375 0.0458333
0 0.864062 0.413542 0.034375 0.04375
0 0.638281 0.420833 0.0390625 0.05
0 0.853125 0.229167 0.04375 0.05
0 0.657812 0.1875 0.034375 0.0416667
0 0.771094 0.0833333 0.0296875 0.0375
0 0.370313 0.0208333 0.028125 0.0333333
0 0.130469 0.198958 0.0359375 0.0479167
0 0.603125 0.213542 0.03125 0.0395833
0 0.255469 0.136458 0.0328125 0.0395833
0 0.629687 0.586458 0.03125 0.0395833
0 0.841406 0.855208 0.0296875 0.0395833
0 0.239063 0.860417 0.034375 0.0458333
0 0.848437 0.754167 0.034375 0.0458333
0 0.935156 0.209375 0.0390625 0.0520833
0 0.83125 0.980208 0.028125 0.0354167
0 0.497656 0.741667 0.0421875 0.05
