1 0.532031 0.986458 0.0578125 0.0229167
0 0.469531 0.467708 0.0328125 0.0479167
0 0.309375 0.807292 0.028125 0.0354167
0 0.278906 0.396875 0.0234375 0.03125
0 0.978125 0.8625 0.025 0.0333333
0 0.990625 0.68125 0.015625 0.0458333
0 0.0140625 0.989583 0.028125 0.0208333
0 0.314844 0.190625 0.0390625 0.04375
0 0.578125 0.153125 0.028125 0.0354167
0 0.00546875 0.242708 0.0109375 0.0479167
0 0.5125 0.015625 0.028125 0.0270833
0 0.525 0.989583 0.03125 0.0208333
0 0.538281 0.9875 0.0359375 0.025
0 0.475781 0.414583 0.0359375 0.0458333
0 0.4875 0.865625 0.03125 0.04375
0 0.0398437 0.9875 0.0328125 0.025
0 0.290625 0.25 0.03125 0.0375
0 0.992188 0.408333 0.015625 0.0541667
0 0.0890625 0.964583 0.028125 0.0375
0 0.0234375 0.558333 0.034375 0.0458333
0 0.590625 0.0614583 0.03125 0.0354167
0 0.896875 0.186458 0.03125 0.0354167
0 0.965625 0.876042 0.034375 0.0395833
0 0.283594 0.217708 0.0328125 0.0395833
0 0.723437 0.773958 0.03125 0.0354167
0 0.244531 0.154167 0.0328125 0.0375
0 0.56875 0.104167 0.03125 0.0375
0 0.0125 0.770833 0.025 0.0375
0 0.76875 0.025 0.034375 0.0416667
0 0.557813 0.546875 0.034375 0.04375
0 0.935938 0.208333 0.034375 0.05
0 0.709375 0.633333 0.03125 0.0416667
0 0.767969 0.0927083 0.0328125 0.0395833
0 0.0828125 0.80625 0.03125 0.0375
0 0.235156 0.577083 0.0328125 0.0458333
0 0.65625 0.196875 0.0375 0.04375
0 0.269531 0.360417 0.0296875 0.0416667
0 0.829687 0.436458 0.034375 0.0395833
0 0.498437 0.0239583 0.034375 0.0395833
0 0.260938 0.440625 0.034375 0.04375
0 0.853125 0.228125 0.04375 0.0479167
0 0.192969 0.846875 0.0359375 0.04375
0 0.128906 0.2 0.0390625 0.05
0 0.864062 0.4125 0.034375 0.0416667
0 0.365625 0.03125 0.034375 0.0416667
0 0.840625 0.860417 0.025 0.0375
0 0.584375 0.120833 0.034375 0.0416667
0 0.629687 0.601042 0.03125 0.0395833
0 0.654688 0.5375 0.034375 0.0458333
0 0.602344 0.214583 0.0296875 0.0375
0 0.239063 0.857292 0.034375 0.0395833
0 0.846875 0.754167 0.03125 0.0458333
0 0.83125 0.983333 0.028125 0.0333333
0 0.496094 0.744792 0.0421875 0.0520833
