0 0.00390625 0.0989583 0.0078125 0.04375
0 0.307813 0.342708 0.021875 0.0270833
0 0.6125 0.827083 0.034375 0.0416667
0 0.0445312 0.361458 0.0328125 0.04375
0 0.0132813 0.990625 0.0265625 0.01875
0 0.409375 0.217708 0.0375 0.0520833
0 0.635156 0.41875 0.0296875 0.0416667
0 0.99375 0.408333 0.0125 0.05
0 0.563281 0.160417 0.0265625 0.0333333
0 0.0078125 0.517708 0.015625 0.0354167
0 0.488281 0.864583 0.0296875 0.0375
0 0.0414063 0.983333 0.0296875 0.0291667
0 0.935156 0.209375 0.0421875 0.05625
0 0.00859375 0.482292 0.0171875 0.04375
0 0.629687 0.803125 0.034375 0.0395833
0 0.499219 0.389583 0.0296875 0.0375
0 0.96875 0.810417 0.03125 0.0375
0 0.541406 0.985417 0.0328125 0.0291667
0 0.0289063 0.729167 0.0296875 0.0416667
0 0.836719 0.964583 0.0296875 0.0375
0 0.578125 0.15 0.028125 0.0333333
0 0.300781 0.104167 0.0296875 0.0375
0 0.771875 0.70625 0.03125 0.0375
0 0.58125 0.883333 0.03125 0.0333333
0 0.764844 0.01875 0.0296875 0.0333333
0 0.511719 0.723958 0.0390625 0.04375
0 0.360156 0.261458 0.0296875 0.0395833
0 0.458594 0.559375 0.0328125 0.0354167
0 0.665625 0.134375 0.034375 0.0395833
0 0.679688 0.804167 0.03125 0.0375
0 0.16875 0.270833 0.03125 0.0375
0 0.0882813 0.963542 0.0296875 0.0395833
0 0.985937 0.78125 0.028125 0.0375
0 0.5875 0.488542 0.03125 0.0395833
0 0.744531 0.747917 0.0296875 0.0375
0 0.0828125 0.805208 0.028125 0.0354167
0 0.626562 0.435417 0.028125 0.0375
0 0.241406 0.855208 0.0296875 0.0395833
0 0.567187 0.102083 0.028125 0.0375
0 0.292188 0.5875 0.03125 0.0416667
0 0.3125 0.309375 0.028125 0.0395833
0 0.205469 0.15 0.0265625 0.0416667
0 0.584375 0.120833 0.03125 0.0416667
0 0.771875 0.0708333 0.028125 0.0375
0 0.634375 0.164583 0.03125 0.0375
0 0.272656 0.414583 0.0296875 0.0375
0 0.192188 0.84375 0.03125 0.0375
0 0.602344 0.2125 0.0296875 0.0416667
0 0.238281 0.577083 0.0296875 0.0458333
0 0.282813 0.216667 0.034375 0.0416667
0 0.707031 0.638542 0.0296875 0.0395833
0 0.828125 0.433333 0.03125 0.0416667
0 0.86875 0.408333 0.03125 0.0416667
0 0.853125 0.748958 0.03125 0.04375
0 0.853125 0.228125 0.04375 0.05625
0 0.015625 0.238542 0.03125 0.04375
0 0.132812 0.196875 0.034375 0.0479167
0 0.848437 0.838542 0.028125 0.0354167
0 0.646875 0.5625 0.028125 0.0375
