0 0.339844 0.00833333 0.0328125 0.0166667
0 0.310937 0.189583 0.028125 0.0375
0 0.979688 0.861458 0.028125 0.0354167
0 0.577344 0.152083 0.0296875 0.0333333
0 0.577344 0.10625 0.0390625 0.05
0 0.00703125 0.282292 0.0140625 0.04375
0 0.994531 0.407292 0.0109375 0.0479167
0 0.628906 0.804167 0.0359375 0.0416667
0 0.0132813 0.989583 0.0265625 0.0208333
0 0.489062 0.405208 0.028125 0.0395833
0 0.65625 0.926042 0.040625 0.0479167
0 0.078125 0.214583 0.03125 0.0333333
0 0.520312 0.0114583 0.028125 0.0229167
0 0.729688 0.766667 0.028125 0.0333333
0 0.484375 0.866667 0.0375 0.0458333
0 0.0382813 0.382292 0.0359375 0.0479167
0 0.834375 0.976042 0.028125 0.0354167
0 0.413281 0.429167 0.0296875 0.0416667
0 0.0882813 0.964583 0.0328125 0.0375
0 0.0398437 0.985417 0.0328125 0.0291667
0 0.171875 0.528125 0.034375 0.04375
0 0.373437 0.0114583 0.028125 0.0229167
0 0.224219 0.1875 0.0265625 0.0416667
0 0.775781 0.263542 0.0328125 0.04375
0 0.81875 0.973958 0.03125 0.0395833
0 0.2625 0.438542 0.03125 0.0395833
0 0.56875 0.103125 0.028125 0.0354167
0 0.234375 0.577083 0.03125 0.0458333
0 0.573438 0.521875 0.034375 0.0395833
0 0.540625 0.985417 0.0375 0.0291667
0 0.850781 0.752083 0.0359375 0.0458333
0 0.2625 0.127083 0.03125 0.0375
0 0.288281 0.328125 0.0265625 0.0395833
0 0.708594 0.633333 0.0328125 0.0416667
0 0.548437 0.944792 0.028125 0.03125
0 0.0835937 0.80625 0.0296875 0.0375
0 0.0195312 0.751042 0.0296875 0.04375
0 0.497656 0.0208333 0.0296875 0.0375
0 0.498437 0.738542 0.04375 0.0479167
0 0.853125 0.228125 0.04375 0.0520833
0 0.583594 0.119792 0.0328125 0.0395833
0 0.660937 0.178125 0.034375 0.0395833
0 0.317969 0.084375 0.0328125 0.0395833
0 0.282813 0.217708 0.034375 0.0395833
0 0.829687 0.434375 0.034375 0.0395833
0 0.6375 0.421875 0.0375 0.0479167
0 0.772656 0.078125 0.0328125 0.0395833
0 0.192188 0.844792 0.034375 0.04375
0 0.980469 0.833333 0.0296875 0.0375
0 0.865625 0.411458 0.03125 0.04375
0 0.132031 0.197917 0.0359375 0.0458333
0 0.240625 0.854167 0.03125 0.0416667
0 0.842969 0.853125 0.0265625 0.0354167
0 0.603125 0.215625 0.03125 0.0354167
0 0.632031 0.58125 0.0296875 0.0375
0 0.935938 0.211458 0.040625 0.05625
