0 0.629687 0.804167 0.034375 0.0416667
0 0.516406 0.0135417 0.0296875 0.0270833
0 0.0382813 0.383333 0.0359375 0.05
0 0.310156 0.190625 0.0296875 0.0354167
0 0.0148437 0.989583 0.0296875 0.0208333
0 0.00625 0.303125 0.0125 0.04375
0 0.726562 0.772917 0.028125 0.0333333
0 0.541406 0.958333 0.0296875 0.0333333
0 0.99375 0.407292 0.0125 0.0520833
0 0.486719 0.864583 0.0296875 0.0458333
0 0.975 0.846875 0.034375 0.04375
0 0.0390625 0.985417 0.034375 0.0291667
0 0.2375 0.186458 0.03125 0.0395833
0 0.0890625 0.964583 0.03125 0.0416667
0 0.0164062 0.759375 0.0265625 0.0395833
0 0.638281 0.421875 0.0390625 0.0479167
0 0.504687 0.0197917 0.03125 0.0354167
0 0.2625 0.130208 0.03125 0.0395833
0 0.480469 0.40625 0.0359375 0.0458333
0 0.56875 0.104167 0.03125 0.0375
0 0.709375 0.634375 0.03125 0.0395833
0 0.467187 0.479167 0.034375 0.0416667
0 0.372656 0.0166667 0.0265625 0.0291667
0 0.751562 0.1625 0.034375 0.0416667
0 0.260938 0.4375 0.034375 0.0416667
0 0.0835937 0.805208 0.0296875 0.0395833
0 0.828906 0.434375 0.0328125 0.0395833
0 0.235938 0.578125 0.03125 0.04375
0 0.155469 0.528125 0.0328125 0.04375
0 0.658594 0.185417 0.0359375 0.0416667
0 0.0609375 0.0958333 0.028125 0.0416667
0 0.583594 0.120833 0.0328125 0.0416667
0 0.851562 0.229167 0.04375 0.0541667
0 0.569531 0.528125 0.0328125 0.0395833
0 0.283594 0.336458 0.0265625 0.0395833
0 0.542188 0.985417 0.034375 0.0291667
0 0.842188 0.854167 0.028125 0.0375
0 0.865625 0.413542 0.03125 0.04375
0 0.192188 0.845833 0.034375 0.0416667
0 0.602344 0.214583 0.0328125 0.0416667
0 0.497656 0.740625 0.0453125 0.0520833
0 0.83125 0.978125 0.028125 0.0354167
0 0.28125 0.222917 0.0375 0.0416667
0 0.130469 0.198958 0.0359375 0.04375
0 0.848437 0.754167 0.034375 0.0458333
0 0.239844 0.858333 0.0328125 0.0416667
0 0.630469 0.585417 0.0328125 0.0416667
0 0.771875 0.08125 0.034375 0.0416667
0 0.936719 0.210417 0.0390625 0.0583333
0 0.657031 0.927083 0.0421875 0.05
