0 0.991406 0.679167 0.0140625 0.0458333
0 0.307813 0.344792 0.021875 0.0270833
0 0.978125 0.8625 0.03125 0.0375
0 0.0117188 0.989583 0.0234375 0.0208333
0 0.578125 0.151042 0.03125 0.0354167
0 0.628906 0.804167 0.0359375 0.0416667
0 0.99375 0.411458 0.0125 0.0479167
0 0.492188 0.404167 0.03125 0.0416667
0 0.735156 0.761458 0.0265625 0.0354167
0 0.009375 0.277083 0.01875 0.0458333
0 0.664062 0.167708 0.034375 0.0395833
0 0.0398437 0.985417 0.0328125 0.0291667
0 0.485938 0.865625 0.034375 0.0395833
0 0.566406 0.105208 0.0296875 0.0395833
0 0.0882813 0.964583 0.0296875 0.0375
0 0.735937 0.7875 0.028125 0.0333333
0 0.341406 0.441667 0.0328125 0.0416667
0 0.264844 0.473958 0.0296875 0.0395833
0 0.494531 0.0135417 0.0296875 0.0270833
0 0.541406 0.985417 0.0359375 0.0291667
0 0.298438 0.319792 0.028125 0.0395833
0 0.851562 0.747917 0.034375 0.0458333
0 0.558594 0.922917 0.0296875 0.0375
0 0.265625 0.4375 0.03125 0.0416667
0 0.0210938 0.741667 0.0296875 0.0416667
0 0.169531 0.334375 0.0328125 0.0395833
0 0.772656 0.075 0.0328125 0.0416667
0 0.765625 0.441667 0.03125 0.0375
0 0.0835937 0.80625 0.0296875 0.0375
0 0.272656 0.119792 0.0296875 0.0395833
0 0.935938 0.209375 0.040625 0.0604167
0 0.241406 0.854167 0.0296875 0.0416667
0 0.580469 0.508333 0.0328125 0.0375
0 0.985937 0.811458 0.028125 0.0395833
0 0.709375 0.632292 0.03125 0.0395833
0 0.233594 0.577083 0.0296875 0.0416667
0 0.583594 0.120833 0.0328125 0.0416667
0 0.192969 0.84375 0.0328125 0.0375
0 0.217187 0.18125 0.028125 0.0375
0 0.835938 0.972917 0.028125 0.0375
0 0.282813 0.217708 0.034375 0.04375
0 0.828125 0.433333 0.034375 0.0416667
0 0.0390625 0.375 0.034375 0.0458333
0 0.602344 0.210417 0.0328125 0.0416667
0 0.867188 0.408333 0.034375 0.0458333
0 0.6375 0.420833 0.0375 0.05
0 0.132031 0.194792 0.0328125 0.04375
0 0.853125 0.229167 0.046875 0.0541667
0 0.634375 0.572917 0.03125 0.0416667
0 0.845312 0.845833 0.028125 0.0333333
0 0.503906 0.734375 0.0421875 0.0520833
