2 0.697656 0.0135417 0.0328125 0.0270833
0 0.628906 0.804167 0.0359375 0.0416667
0 0.295312 0.361458 0.021875 0.0270833
0 0.335938 0.009375 0.034375 0.01875
0 0.990625 0.68125 0.015625 0.0458333
0 0.3125 0.190625 0.0375 0.0354167
0 0.0382813 0.379167 0.0359375 0.05
0 0.994531 0.408333 0.0109375 0.05
0 0.00703125 0.298958 0.0140625 0.0479167
0 0.0132813 0.990625 0.0265625 0.01875
0 0.1625 0.532292 0.03125 0.0395833
0 0.4875 0.405208 0.03125 0.0395833
2 0.0078125 0.301042 0.015625 0.04375
0 0.075 0.147917 0.03125 0.0375
0 0.65625 0.927083 0.040625 0.0458333
0 0.485156 0.865625 0.0359375 0.0479167
0 0.519531 0.0114583 0.0265625 0.0229167
0 0.978125 0.838542 0.03125 0.0395833
0 0.727344 0.770833 0.0296875 0.0375
0 0.0882813 0.964583 0.0328125 0.0375
0 0.0398437 0.985417 0.0328125 0.0291667
0 0.01875 0.755208 0.028125 0.0395833
0 0.75 0.220833 0.03125 0.0375
0 0.2625 0.439583 0.03125 0.0375
0 0.228125 0.183333 0.03125 0.0375
0 0.284375 0.332292 0.028125 0.0395833
0 0.235156 0.578125 0.0328125 0.0479167
0 0.569531 0.103125 0.0296875 0.0354167
0 0.660156 0.180208 0.0359375 0.04375
0 0.432813 0.403125 0.034375 0.0395833
0 0.29375 0.154167 0.034375 0.0416667
0 0.709375 0.633333 0.03125 0.0416667
0 0.570312 0.525 0.03125 0.0416667
0 0.497656 0.740625 0.0421875 0.0520833
0 0.0835937 0.80625 0.0296875 0.0375
0 0.258594 0.128125 0.0296875 0.0395833
0 0.375 0.0114583 0.028125 0.0229167
0 0.6375 0.421875 0.0375 0.0479167
0 0.865625 0.4125 0.03125 0.0416667
0 0.496875 0.0197917 0.028125 0.0354167
0 0.828125 0.434375 0.03125 0.0395833
0 0.54375 0.95 0.028125 0.0333333
0 0.584375 0.120833 0.034375 0.0416667
0 0.851562 0.752083 0.034375 0.0458333
0 0.282813 0.21875 0.034375 0.0375
0 0.13125 0.198958 0.034375 0.04375
0 0.541406 0.985417 0.0359375 0.0291667
0 0.192969 0.845833 0.0328125 0.0416667
0 0.603125 0.214583 0.03125 0.0375
0 0.240625 0.855208 0.03125 0.0395833
0 0.842969 0.854167 0.0265625 0.0375
0 0.832812 0.977083 0.028125 0.0375
0 0.853125 0.229167 0.04375 0.0541667
0 0.771875 0.0802083 0.03125 0.0395833
0 0.63125 0.582292 0.03125 0.0395833
0 0.936719 0.209375 0.0390625 0.05625
