0 0.642969 0.99375 0.0265625 0.0125
0 0.821875 0.634375 0.025 0.03125
0 0.313281 0.777083 0.0234375 0.0291667
0 0.566406 0.160417 0.0265625 0.0333333
0 0.00546875 0.0916667 0.0109375 0.0458333
0 0.0132813 0.990625 0.0265625 0.01875
0 0.99375 0.409375 0.0125 0.0520833
0 0.629687 0.804167 0.034375 0.0416667
0 0.934375 0.208333 0.0375 0.05
0 0.4875 0.865625 0.03125 0.0395833
0 0.689062 0.989583 0.034375 0.0208333
0 0.574219 0.301042 0.0296875 0.0395833
0 0.0398437 0.984375 0.0359375 0.03125
0 0.500781 0.384375 0.0296875 0.0354167
0 0.0757812 0.236458 0.0296875 0.0395833
0 0.194531 0.125 0.0265625 0.0375
0 0.745313 0.815625 0.03125 0.0395833
0 0.515625 0.79375 0.03125 0.0375
0 0.315625 0.305208 0.025 0.0395833
0 0.725 0.577083 0.03125 0.0375
0 0.763281 0.0135417 0.0265625 0.0270833
0 0.540625 0.985417 0.03125 0.0291667
0 0.584375 0.872917 0.03125 0.0375
0 0.409375 0.138542 0.03125 0.0354167
0 0.684375 0.164583 0.03125 0.0416667
0 0.308594 0.0979167 0.0265625 0.0375
0 0.0296875 0.727083 0.03125 0.0416667
0 0.0890625 0.963542 0.03125 0.0395833
0 0.585156 0.121875 0.0296875 0.0395833
0 0.745313 0.741667 0.028125 0.0333333
0 0.34375 0.730208 0.03125 0.04375
0 0.514063 0.719792 0.040625 0.0479167
0 0.657031 0.925 0.0421875 0.0583333
0 0.566406 0.1 0.0296875 0.0375
0 0.140625 0.540625 0.03125 0.04375
0 0.585938 0.485417 0.03125 0.0416667
0 0.238281 0.579167 0.0296875 0.0416667
0 0.0835937 0.805208 0.0296875 0.0354167
0 0.274219 0.4125 0.0296875 0.0375
0 0.578125 0.15 0.028125 0.0333333
0 0.0195312 0.221875 0.0328125 0.04375
0 0.8375 0.964583 0.03125 0.0375
0 0.853906 0.747917 0.0328125 0.0458333
0 0.907812 0.685417 0.03125 0.0375
0 0.86875 0.408333 0.03125 0.0416667
0 0.6375 0.420833 0.034375 0.0458333
0 0.191406 0.84375 0.0296875 0.0375
0 0.707812 0.639583 0.028125 0.0375
0 0.827344 0.43125 0.0328125 0.0416667
0 0.0460938 0.359375 0.0359375 0.04375
0 0.282813 0.217708 0.034375 0.0395833
0 0.133594 0.19375 0.0328125 0.0458333
0 0.671094 0.13125 0.0328125 0.0375
0 0.770312 0.0645833 0.028125 0.0375
0 0.846875 0.8375 0.028125 0.0375
0 0.242969 0.853125 0.0296875 0.0395833
0 0.986719 0.770833 0.0265625 0.0375
0 0.853125 0.227083 0.04375 0.0541667
0 0.602344 0.211458 0.0328125 0.04375
0 0.645312 0.5625 0.028125 0.0375
