0 0.935156 0.207292 0.0390625 0.0520833
0 0.992188 0.685417 0.015625 0.0416667
0 0.564844 0.161458 0.0296875 0.0354167
0 0.248437 0.441667 0.025 0.0333333
0 0.414844 0.991667 0.0328125 0.0166667
0 0.309375 0.189583 0.03125 0.0375
2 0.009375 0.73125 0.01875 0.0375
0 0.0414063 0.9875 0.0328125 0.025
0 0.00625 0.80625 0.0125 0.0375
0 0.9375 0.948958 0.03125 0.0354167
0 0.0140625 0.990625 0.028125 0.01875
0 0.460938 0.440625 0.0375 0.05625
0 0.990625 0.411458 0.01875 0.0520833
0 0.4875 0.863542 0.03125 0.0395833
0 0.505469 0.021875 0.0265625 0.0354167
0 0.71875 0.78125 0.028125 0.0333333
0 0.759375 0.102083 0.03125 0.0375
0 0.852344 0.234375 0.0421875 0.0520833
0 0.636719 0.41875 0.0328125 0.0458333
0 0.926562 0.517708 0.040625 0.04375
0 0.734375 0.090625 0.034375 0.04375
0 0.578125 0.15 0.03125 0.0375
0 0.541406 0.985417 0.0328125 0.0291667
0 0.2375 0.173958 0.03125 0.0354167
0 0.309375 0.221875 0.034375 0.0395833
0 0.261719 0.439583 0.0328125 0.0375
0 0.084375 0.805208 0.028125 0.0354167
0 0.528125 0.596875 0.03125 0.04375
0 0.235156 0.575 0.0296875 0.0416667
0 0.569531 0.103125 0.0296875 0.0395833
0 0.823438 0.988542 0.028125 0.0229167
0 0.482812 0.0458333 0.028125 0.0375
0 0.632812 0.2375 0.034375 0.0416667
0 0.490625 0.752083 0.040625 0.0458333
0 0.241406 0.376042 0.0296875 0.0395833
0 0.271094 0.238542 0.0328125 0.0395833
0 0.709375 0.632292 0.03125 0.0395833
0 0.129688 0.197917 0.034375 0.0458333
0 0.865625 0.396875 0.03125 0.0395833
0 0.191406 0.845833 0.0328125 0.0416667
0 0.828906 0.434375 0.0328125 0.0395833
0 0.0890625 0.9625 0.028125 0.0375
0 0.601562 0.210417 0.03125 0.0416667
0 0.358594 0.059375 0.0296875 0.0395833
0 0.582812 0.119792 0.034375 0.04375
0 0.834375 0.870833 0.025 0.0375
0 0.63125 0.610417 0.028125 0.0375
0 0.867188 0.416667 0.034375 0.0375
0 0.841406 0.754167 0.0328125 0.0458333
0 0.146094 0.978125 0.0296875 0.0354167
0 0.236719 0.858333 0.0296875 0.0416667
