0 0.0140625 0.989583 0.028125 0.0208333
0 0.578906 0.153125 0.0296875 0.0354167
0 0.654688 0.928125 0.040625 0.0520833
0 0.00625 0.313542 0.0125 0.0479167
0 0.515625 0.015625 0.028125 0.0270833
0 0.469531 0.472917 0.0359375 0.0458333
0 0.486719 0.865625 0.0328125 0.04375
0 0.0390625 0.985417 0.034375 0.0291667
0 0.0109375 0.0135417 0.021875 0.0270833
0 0.541406 0.9875 0.0328125 0.025
0 0.992969 0.408333 0.0140625 0.05
0 0.539844 0.48125 0.0328125 0.0458333
0 0.479688 0.410417 0.034375 0.0458333
0 0.0890625 0.964583 0.03125 0.0375
0 0.0148437 0.766667 0.0265625 0.0416667
0 0.727344 0.773958 0.0296875 0.0354167
0 0.779688 0.0104167 0.03125 0.0208333
0 0.246875 0.2 0.0375 0.0416667
0 0.178906 0.280208 0.0359375 0.0479167
0 0.565625 0.536458 0.03125 0.0395833
0 0.723437 0.102083 0.034375 0.0416667
0 0.283594 0.219792 0.0328125 0.0395833
0 0.535937 0.969792 0.034375 0.0354167
0 0.276563 0.344792 0.028125 0.0395833
0 0.569531 0.103125 0.0296875 0.0354167
0 0.971875 0.85625 0.0375 0.0458333
0 0.503906 0.0197917 0.0296875 0.0354167
0 0.260938 0.439583 0.034375 0.0416667
0 0.709375 0.634375 0.03125 0.0395833
0 0.0835937 0.80625 0.0296875 0.0375
0 0.11875 0.525 0.034375 0.0416667
0 0.235156 0.578125 0.0328125 0.04375
0 0.254687 0.139583 0.03125 0.0375
0 0.829687 0.435417 0.034375 0.0416667
0 0.865625 0.413542 0.034375 0.04375
0 0.584375 0.121875 0.03125 0.0395833
0 0.770312 0.0854167 0.028125 0.0375
0 0.971875 0.278125 0.03125 0.04375
0 0.192969 0.845833 0.0359375 0.0458333
0 0.852344 0.228125 0.0421875 0.0520833
0 0.13125 0.198958 0.0375 0.0479167
0 0.658594 0.189583 0.0359375 0.0416667
0 0.239844 0.858333 0.0328125 0.0416667
0 0.498437 0.741667 0.04375 0.05
0 0.603125 0.213542 0.03125 0.0395833
0 0.628906 0.5875 0.0328125 0.0416667
0 0.842188 0.85625 0.028125 0.0375
0 0.848437 0.754167 0.034375 0.0416667
0 0.36875 0.021875 0.03125 0.0354167
0 0.83125 0.98125 0.028125 0.0333333
0 0.935938 0.209375 0.0375 0.05625
