0 0.99375 0.675 0.0125 0.0416667
0 0.657812 0.926042 0.040625 0.05625
0 0.314844 0.180208 0.0265625 0.0354167
0 0.994531 0.408333 0.0109375 0.05
0 0.0125 0.990625 0.025 0.01875
0 0.5625 0.158333 0.025 0.0333333
0 0.00625 0.08125 0.0125 0.05
0 0.0398437 0.984375 0.0328125 0.03125
0 0.746094 0.740625 0.0296875 0.0354167
0 0.501562 0.384375 0.03125 0.0354167
0 0.578125 0.15 0.028125 0.0333333
0 0.488281 0.865625 0.0296875 0.0395833
0 0.0398437 0.210417 0.0296875 0.0375
0 0.5875 0.484375 0.03125 0.0395833
0 0.442969 0.75625 0.0265625 0.0375
0 0.935938 0.208333 0.040625 0.0541667
0 0.203125 0.619792 0.028125 0.0354167
0 0.317187 0.305208 0.025 0.0395833
0 0.541406 0.985417 0.0328125 0.0291667
0 0.382812 0.784375 0.03125 0.0395833
0 0.985937 0.765625 0.028125 0.0395833
0 0.188281 0.111458 0.0296875 0.0395833
0 0.585156 0.870833 0.0359375 0.0416667
0 0.564062 0.220833 0.028125 0.0375
0 0.810156 0.672917 0.0296875 0.0375
0 0.0304688 0.725 0.0296875 0.0416667
0 0.0195312 0.222917 0.0328125 0.0416667
0 0.311719 0.09375 0.0265625 0.0375
0 0.585156 0.122917 0.0296875 0.0375
0 0.0835937 0.805208 0.0265625 0.0354167
0 0.676562 0.195833 0.034375 0.0416667
0 0.45 0.110417 0.03125 0.0375
0 0.567969 0.101042 0.0328125 0.0395833
0 0.514844 0.716667 0.0421875 0.05
0 0.826563 0.432292 0.034375 0.04375
0 0.0898438 0.963542 0.0328125 0.0395833
0 0.8625 0.642708 0.028125 0.0395833
0 0.283594 0.217708 0.0328125 0.0395833
0 0.133594 0.192708 0.0328125 0.04375
0 0.239063 0.579167 0.028125 0.0416667
0 0.274219 0.411458 0.0296875 0.0354167
0 0.726562 0.84375 0.034375 0.0458333
0 0.192188 0.844792 0.028125 0.0354167
0 0.669531 0.96875 0.0328125 0.0375
0 0.86875 0.407292 0.03125 0.04375
0 0.708594 0.639583 0.0296875 0.0375
0 0.836719 0.963542 0.0296875 0.0395833
0 0.0460938 0.358333 0.0328125 0.0416667
0 0.854688 0.747917 0.034375 0.0458333
0 0.735156 0.125 0.0390625 0.0416667
0 0.635938 0.419792 0.034375 0.0479167
0 0.846875 0.838542 0.028125 0.0354167
0 0.771094 0.0635417 0.0296875 0.0395833
0 0.853125 0.228125 0.04375 0.05625
0 0.744531 0.983333 0.0265625 0.0333333
0 0.671875 0.13125 0.034375 0.0375
0 0.242969 0.848958 0.0296875 0.0395833
0 0.603125 0.210417 0.03125 0.0458333
0 0.646094 0.5625 0.0296875 0.0375
