0 0.994531 0.408333 0.0109375 0.05
0 0.979688 0.861458 0.028125 0.0354167
0 0.628906 0.804167 0.0359375 0.0416667
0 0.310937 0.189583 0.028125 0.0375
0 0.0132813 0.989583 0.0265625 0.0208333
0 0.489062 0.405208 0.028125 0.0395833
0 0.655469 0.926042 0.0390625 0.0479167
0 0.00703125 0.278125 0.0140625 0.04375
0 0.457812 0.00833333 0.028125 0.0166667
0 0.225781 0.185417 0.0265625 0.0375
0 0.0367187 0.38125 0.0328125 0.0458333
0 0.520312 0.0114583 0.028125 0.0229167
0 0.483594 0.865625 0.0390625 0.0479167
0 0.729688 0.767708 0.028125 0.0354167
0 0.0867188 0.204167 0.0328125 0.0375
0 0.416406 0.434375 0.0296875 0.0395833
0 0.813281 0.961458 0.0265625 0.0395833
0 0.834375 0.977083 0.025 0.0333333
0 0.0882813 0.964583 0.0328125 0.0375
0 0.0398437 0.985417 0.0328125 0.0291667
0 0.263281 0.4375 0.0296875 0.0375
0 0.321875 0.0791667 0.03125 0.0333333
0 0.850781 0.751042 0.0359375 0.04375
0 0.371875 0.0114583 0.025 0.0229167
0 0.178125 0.521875 0.034375 0.0395833
0 0.569531 0.103125 0.0296875 0.0354167
0 0.235156 0.578125 0.0296875 0.04375
0 0.541406 0.985417 0.0359375 0.0291667
0 0.572656 0.521875 0.0328125 0.0395833
0 0.289062 0.327083 0.028125 0.0375
0 0.498437 0.0208333 0.028125 0.0375
0 0.263281 0.127083 0.0296875 0.0375
0 0.548437 0.942708 0.028125 0.03125
0 0.0195312 0.751042 0.0296875 0.04375
0 0.709375 0.633333 0.03125 0.0416667
0 0.0835937 0.80625 0.0296875 0.0375
0 0.779688 0.26875 0.034375 0.0416667
0 0.98125 0.832292 0.03125 0.0395833
0 0.499219 0.738542 0.0421875 0.0479167
0 0.853125 0.228125 0.04375 0.0520833
0 0.660937 0.177083 0.034375 0.0416667
0 0.583594 0.119792 0.0328125 0.0395833
0 0.282031 0.217708 0.0328125 0.0395833
0 0.132031 0.197917 0.0328125 0.0458333
0 0.6375 0.421875 0.0375 0.0479167
0 0.772656 0.078125 0.0328125 0.0395833
0 0.865625 0.410417 0.03125 0.0416667
0 0.829687 0.433333 0.034375 0.0416667
0 0.192188 0.84375 0.034375 0.0416667
0 0.842969 0.853125 0.0265625 0.0354167
0 0.240625 0.853125 0.03125 0.04375
0 0.603906 0.215625 0.0296875 0.0354167
0 0.632812 0.58125 0.028125 0.0375
0 0.935938 0.209375 0.040625 0.05625
