0 0.747656 0.00833333 0.0328125 0.0166667
0 0.992969 0.679167 0.0109375 0.0458333
0 0.820312 0.6375 0.021875 0.0291667
0 0.0140625 0.990625 0.025 0.01875
0 0.307813 0.342708 0.021875 0.0270833
0 0.984375 0.867708 0.025 0.0354167
0 0.99375 0.408333 0.0125 0.05
0 0.563281 0.160417 0.0265625 0.0333333
0 0.486719 0.865625 0.0296875 0.0395833
0 0.573438 0.883333 0.03125 0.0333333
0 0.935156 0.208333 0.0390625 0.0541667
0 0.7 0.782292 0.03125 0.0395833
0 0.0421875 0.984375 0.028125 0.0270833
0 0.402344 0.53125 0.0328125 0.0416667
0 0.578125 0.151042 0.028125 0.03125
0 0.216406 0.154167 0.0265625 0.0416667
0 0.64375 0.441667 0.028125 0.0333333
0 0.499219 0.389583 0.0296875 0.0375
0 0.028125 0.729167 0.03125 0.0416667
0 0.541406 0.985417 0.0328125 0.0291667
0 0.975 0.8375 0.03125 0.0333333
0 0.178125 0.259375 0.03125 0.0395833
0 0.988281 0.784375 0.0234375 0.0354167
0 0.3 0.105208 0.03125 0.0395833
0 0.25625 0.588542 0.03125 0.0395833
0 0.371875 0.289583 0.028125 0.0375
0 0.634375 0.41875 0.034375 0.0458333
0 0.836719 0.964583 0.0296875 0.0375
0 0.0898438 0.963542 0.0296875 0.0395833
0 0.76875 0.685417 0.03125 0.0375
0 0.0109375 0.585417 0.021875 0.0416667
0 0.667188 0.136458 0.034375 0.0395833
0 0.0828125 0.805208 0.028125 0.0354167
0 0.771875 0.0697917 0.028125 0.0354167
0 0.2375 0.577083 0.028125 0.0416667
0 0.74375 0.75 0.025 0.0333333
0 0.3125 0.310417 0.025 0.0375
0 0.584375 0.121875 0.03125 0.0395833
0 0.511719 0.725 0.0390625 0.0458333
0 0.852344 0.228125 0.0453125 0.05625
0 0.567187 0.102083 0.03125 0.0375
0 0.588281 0.492708 0.0328125 0.0395833
0 0.282813 0.216667 0.034375 0.0416667
0 0.242969 0.855208 0.0296875 0.0395833
0 0.192188 0.84375 0.03125 0.0375
0 0.632031 0.1375 0.0265625 0.0333333
0 0.132812 0.195833 0.034375 0.0458333
0 0.828125 0.434375 0.03125 0.0395833
0 0.271875 0.414583 0.03125 0.0375
0 0.628125 0.804167 0.0375 0.0416667
0 0.86875 0.408333 0.03125 0.0416667
0 0.708594 0.635417 0.0296875 0.0375
0 0.601562 0.213542 0.03125 0.0395833
0 0.853906 0.75 0.0328125 0.0416667
0 0.015625 0.240625 0.03125 0.04375
0 0.848437 0.838542 0.028125 0.0354167
0 0.646875 0.5625 0.028125 0.0375
