0 0.976562 0.860417 0.028125 0.0333333
0 0.567969 0.00833333 0.0296875 0.0166667
0 0.0125 0.989583 0.025 0.0208333
0 0.990625 0.680208 0.015625 0.0479167
0 0.307813 0.34375 0.021875 0.0291667
0 0.99375 0.410417 0.0125 0.0458333
0 0.276563 0.408333 0.03125 0.0333333
0 0.4875 0.865625 0.03125 0.0354167
0 0.040625 0.985417 0.03125 0.0291667
0 0.00859375 0.271875 0.0171875 0.0395833
0 0.310937 0.413542 0.028125 0.0395833
0 0.300781 0.317708 0.0265625 0.0354167
0 0.733594 0.722917 0.0265625 0.0375
0 0.567187 0.104167 0.03125 0.0375
0 0.492969 0.4 0.0328125 0.0416667
0 0.182812 0.401042 0.03125 0.0354167
0 0.241406 0.85625 0.0296875 0.0375
0 0.967188 0.939583 0.028125 0.0375
0 0.0890625 0.964583 0.028125 0.0375
0 0.542188 0.985417 0.034375 0.0291667
0 0.561719 0.913542 0.0296875 0.0354167
0 0.773438 0.510417 0.034375 0.0458333
0 0.021875 0.738542 0.03125 0.04375
0 0.277344 0.117708 0.0296875 0.0354167
0 0.267969 0.43125 0.0328125 0.0375
0 0.664844 0.1625 0.0359375 0.0416667
0 0.0117188 0.238542 0.0234375 0.0395833
0 0.578125 0.152083 0.03125 0.0333333
0 0.709375 0.633333 0.03125 0.0375
0 0.497656 0.0145833 0.0328125 0.0291667
0 0.0835937 0.80625 0.0296875 0.0375
0 0.220313 0.178125 0.028125 0.0354167
0 0.584375 0.121875 0.03125 0.0395833
0 0.583594 0.505208 0.0328125 0.0395833
0 0.9875 0.807292 0.025 0.0354167
0 0.773438 0.0739583 0.03125 0.0395833
0 0.192188 0.844792 0.03125 0.0395833
0 0.935938 0.209375 0.040625 0.0604167
0 0.851562 0.75 0.034375 0.0458333
0 0.234375 0.578125 0.028125 0.0395833
0 0.835938 0.969792 0.028125 0.0354167
0 0.0382813 0.372917 0.0359375 0.0458333
0 0.828906 0.434375 0.0328125 0.0395833
0 0.635156 0.569792 0.0296875 0.0395833
0 0.132812 0.194792 0.034375 0.04375
0 0.86875 0.408333 0.03125 0.0416667
0 0.282813 0.21875 0.034375 0.0416667
0 0.601562 0.2125 0.034375 0.0416667
0 0.636719 0.420833 0.0359375 0.05
0 0.845312 0.844792 0.028125 0.0354167
0 0.853125 0.229167 0.04375 0.0541667
0 0.629687 0.804167 0.034375 0.0416667
0 0.507812 0.73125 0.040625 0.05
