0 0.992188 0.677083 0.015625 0.0458333
0 0.992188 0.438542 0.015625 0.0479167
0 0.0125 0.989583 0.025 0.0208333
0 0.994531 0.409375 0.0109375 0.0479167
0 0.564062 0.158333 0.028125 0.0333333
0 0.299219 0.383333 0.0328125 0.0416667
0 0.486719 0.865625 0.0296875 0.0354167
0 0.0078125 0.322917 0.015625 0.0416667
0 0.267969 0.408333 0.0296875 0.0416667
0 0.307031 0.344792 0.0234375 0.03125
0 0.713281 0.654167 0.0296875 0.0375
0 0.040625 0.985417 0.03125 0.0291667
0 0.0882813 0.964583 0.0296875 0.0375
0 0.0101562 0.2625 0.0203125 0.0416667
0 0.989844 0.797917 0.0203125 0.0375
0 0.225 0.428125 0.03125 0.0395833
0 0.49375 0.396875 0.03125 0.0395833
0 0.219531 0.173958 0.0296875 0.0354167
0 0.0835937 0.3375 0.0328125 0.0375
0 0.542188 0.985417 0.034375 0.0291667
0 0.0421875 0.370833 0.0375 0.05
0 0.5 0.0145833 0.034375 0.0291667
0 0.90625 0.9 0.03125 0.0416667
0 0.0210938 0.733333 0.0328125 0.0458333
0 0.6375 0.565625 0.03125 0.0395833
0 0.564062 0.90625 0.028125 0.0333333
0 0.192969 0.844792 0.0328125 0.0395833
0 0.851562 0.747917 0.034375 0.0458333
0 0.585156 0.120833 0.0328125 0.0416667
0 0.584375 0.502083 0.03125 0.0375
0 0.567187 0.103125 0.03125 0.0395833
0 0.26875 0.425 0.03125 0.0416667
0 0.0835937 0.80625 0.0296875 0.0375
0 0.770312 0.532292 0.034375 0.0479167
0 0.707812 0.633333 0.034375 0.0416667
0 0.284375 0.114583 0.028125 0.0375
0 0.773438 0.0739583 0.03125 0.0395833
0 0.132812 0.195833 0.034375 0.0458333
0 0.235938 0.577083 0.028125 0.0416667
0 0.241406 0.85625 0.0328125 0.0458333
0 0.836719 0.96875 0.0296875 0.0375
0 0.667188 0.157292 0.0375 0.04375
0 0.578125 0.151042 0.03125 0.0354167
0 0.596094 0.015625 0.0328125 0.03125
0 0.283594 0.21875 0.0328125 0.0416667
0 0.828125 0.434375 0.034375 0.04375
0 0.867969 0.409375 0.0328125 0.04375
0 0.30625 0.316667 0.028125 0.0375
0 0.635938 0.421875 0.034375 0.0479167
0 0.935938 0.209375 0.040625 0.0604167
0 0.6 0.2125 0.03125 0.0416667
0 0.853125 0.229167 0.04375 0.0541667
0 0.848437 0.842708 0.028125 0.0354167
0 0.628906 0.805208 0.0359375 0.04375
0 0.508594 0.73125 0.0421875 0.0541667
