0 0.26875 0.883333 0.025 0.0291667
0 0.978125 0.863542 0.028125 0.0354167
0 0.99375 0.683333 0.0125 0.0375
0 0.238281 0.459375 0.0234375 0.0270833
0 0.0132813 0.990625 0.0265625 0.01875
0 0.851562 0.2375 0.040625 0.05
0 0.632812 0.0104167 0.034375 0.0208333
0 0.936719 0.207292 0.0359375 0.0520833
0 0.0421875 0.986458 0.03125 0.0270833
0 0.716406 0.784375 0.0296875 0.0354167
0 0.260938 0.434375 0.028125 0.0354167
0 0.985937 0.0125 0.028125 0.025
0 0.992188 0.4125 0.015625 0.05
0 0.721094 0.114583 0.0328125 0.0375
0 0.4875 0.863542 0.03125 0.0395833
0 0.722656 0.0114583 0.0296875 0.0229167
0 0.990625 0.366667 0.01875 0.0375
0 0.542188 0.986458 0.03125 0.0270833
0 0.753125 0.111458 0.03125 0.0395833
0 0.301562 0.220833 0.034375 0.0416667
0 0.50625 0.0260417 0.025 0.0354167
0 0.923437 0.975 0.034375 0.0416667
0 0.460156 0.442708 0.0359375 0.04375
0 0.232031 0.171875 0.0296875 0.0354167
0 0.823438 0.988542 0.028125 0.0229167
0 0.195312 0.947917 0.034375 0.0458333
0 0.084375 0.804167 0.03125 0.0375
0 0.235938 0.572917 0.028125 0.0416667
0 0.636719 0.41875 0.0390625 0.0458333
0 0.627344 0.239583 0.0328125 0.0375
0 0.142969 0.929167 0.0296875 0.0416667
0 0.569531 0.101042 0.0296875 0.0354167
0 0.130469 0.197917 0.0328125 0.0416667
0 0.478906 0.05 0.0265625 0.0375
0 0.516406 0.605208 0.0328125 0.04375
0 0.826563 0.433333 0.034375 0.0375
0 0.232031 0.382292 0.0296875 0.0395833
0 0.602344 0.209375 0.0296875 0.0395833
0 0.882812 0.677083 0.028125 0.0375
0 0.578125 0.151042 0.03125 0.0354167
0 0.0890625 0.961458 0.03125 0.0395833
0 0.190625 0.845833 0.034375 0.0416667
0 0.859375 0.410417 0.03125 0.0375
0 0.709375 0.630208 0.03125 0.0395833
0 0.583594 0.120833 0.0328125 0.0375
0 0.832812 0.871875 0.028125 0.0354167
0 0.267969 0.24375 0.0328125 0.0375
0 0.839063 0.754167 0.034375 0.05
0 0.355469 0.065625 0.0296875 0.0354167
0 0.63125 0.614583 0.03125 0.0375
0 0.2375 0.857292 0.03125 0.04375
