0 0.978125 0.863542 0.028125 0.0354167
0 0.341406 0.009375 0.0359375 0.01875
2 0.696875 0.0125 0.034375 0.025
0 0.990625 0.68125 0.015625 0.0416667
0 0.410937 0.217708 0.040625 0.05625
0 0.654688 0.927083 0.040625 0.0541667
0 0.469531 0.465625 0.0328125 0.0479167
0 0.638281 0.422917 0.0359375 0.0458333
0 0.0140625 0.989583 0.028125 0.0208333
0 0.473437 0.416667 0.040625 0.0583333
0 0.00625 0.55625 0.0125 0.0458333
0 0.310937 0.191667 0.034375 0.0416667
0 0.4875 0.865625 0.028125 0.0395833
0 0.723437 0.775 0.03125 0.0375
0 0.992188 0.408333 0.015625 0.0541667
0 0.539844 0.986458 0.0328125 0.0270833
0 0.0398437 0.9875 0.0328125 0.025
0 0.964063 0.889583 0.034375 0.0375
0 0.575781 0.155208 0.0296875 0.0354167
0 0.0890625 0.964583 0.028125 0.0375
0 0.767187 0.0958333 0.028125 0.0375
0 0.554688 0.558333 0.034375 0.0416667
0 0.569531 0.103125 0.0296875 0.0354167
0 0.532812 0.0145833 0.028125 0.0291667
0 0.283594 0.221875 0.0359375 0.04375
0 0.24375 0.153125 0.034375 0.0395833
0 0.304688 0.252083 0.034375 0.0375
0 0.709375 0.633333 0.03125 0.0416667
0 0.0828125 0.807292 0.03125 0.0395833
0 0.2625 0.3625 0.03125 0.0416667
0 0.765625 0.034375 0.03125 0.0395833
0 0.830469 0.435417 0.0328125 0.0416667
0 0.234375 0.578125 0.03125 0.04375
0 0.864844 0.4125 0.0328125 0.0416667
0 0.65625 0.202083 0.034375 0.0416667
0 0.0117188 0.772917 0.0234375 0.0375
0 0.853906 0.229167 0.0421875 0.05
0 0.935938 0.210417 0.040625 0.0583333
0 0.660156 0.50625 0.0328125 0.0416667
0 0.857813 0.146875 0.028125 0.0354167
0 0.63125 0.604167 0.03125 0.0416667
0 0.260938 0.441667 0.034375 0.0416667
0 0.584375 0.121875 0.03125 0.0395833
0 0.839844 0.860417 0.0265625 0.0375
0 0.192969 0.846875 0.0359375 0.04375
0 0.129688 0.2 0.040625 0.0541667
0 0.498437 0.0239583 0.0375 0.04375
0 0.364844 0.0364583 0.0359375 0.04375
0 0.847656 0.755208 0.0328125 0.04375
0 0.602344 0.214583 0.0296875 0.0375
0 0.239063 0.858333 0.034375 0.0416667
0 0.83125 0.983333 0.025 0.0333333
0 0.49375 0.746875 0.04375 0.0520833
