0 0.990625 0.009375 0.01875 0.01875
0 0.992188 0.684375 0.015625 0.0395833
0 0.629687 0.803125 0.034375 0.0395833
0 0.9375 0.208333 0.0375 0.05
0 0.00625 0.809375 0.0125 0.0395833
0 0.0132813 0.990625 0.0265625 0.01875
0 0.525781 0.598958 0.0328125 0.04375
0 0.486719 0.863542 0.0296875 0.0395833
0 0.0414063 0.9875 0.0328125 0.025
0 0.757031 0.102083 0.0296875 0.0375
0 0.461719 0.441667 0.0359375 0.05
0 0.569531 0.102083 0.0296875 0.0375
0 0.901563 0.402083 0.034375 0.0375
0 0.732813 0.096875 0.034375 0.0395833
0 0.50625 0.0239583 0.025 0.0354167
0 0.851562 0.234375 0.040625 0.0479167
0 0.636719 0.41875 0.0359375 0.0458333
0 0.935938 0.95625 0.034375 0.0375
0 0.541406 0.985417 0.0328125 0.0291667
0 0.71875 0.782292 0.03125 0.0354167
0 0.260938 0.4375 0.03125 0.0375
0 0.2375 0.176042 0.03125 0.0354167
0 0.935938 0.553125 0.03125 0.0395833
0 0.313281 0.220833 0.0328125 0.0416667
0 0.990625 0.413542 0.01875 0.0520833
0 0.823438 0.988542 0.028125 0.0229167
0 0.141406 0.95625 0.0265625 0.0375
0 0.827344 0.433333 0.0359375 0.0416667
0 0.578906 0.15 0.0296875 0.0375
0 0.129688 0.197917 0.034375 0.0458333
0 0.0882813 0.963542 0.0296875 0.0395833
0 0.632031 0.238542 0.0328125 0.0395833
0 0.864844 0.414583 0.0328125 0.0416667
0 0.603125 0.210417 0.03125 0.0416667
0 0.235156 0.575 0.0296875 0.0416667
0 0.084375 0.804167 0.03125 0.0375
0 0.239063 0.378125 0.028125 0.0395833
0 0.271094 0.238542 0.0328125 0.0395833
0 0.490625 0.75625 0.040625 0.0458333
0 0.709375 0.630208 0.03125 0.0395833
0 0.191406 0.845833 0.0328125 0.0416667
0 0.482031 0.0489583 0.0265625 0.0354167
0 0.357812 0.0614583 0.028125 0.0354167
0 0.582812 0.119792 0.034375 0.04375
0 0.833594 0.872917 0.0265625 0.0375
0 0.2375 0.858333 0.03125 0.0416667
0 0.63125 0.611458 0.03125 0.0395833
0 0.840625 0.754167 0.034375 0.05
