0 0.339844 0.00833333 0.0296875 0.0166667
0 0.978125 0.8625 0.03125 0.0375
0 0.989844 0.679167 0.0171875 0.0458333
0 0.994531 0.408333 0.0109375 0.05
0 0.311719 0.189583 0.0296875 0.0375
0 0.0132813 0.989583 0.0265625 0.0208333
0 0.628906 0.804167 0.0359375 0.0416667
0 0.4875 0.404167 0.03125 0.0416667
2 0.0078125 0.291667 0.015625 0.0458333
0 0.224219 0.184375 0.0296875 0.0395833
0 0.65625 0.927083 0.040625 0.0458333
0 0.0382813 0.38125 0.0359375 0.05
0 0.729688 0.76875 0.028125 0.0375
0 0.482812 0.866667 0.040625 0.0458333
0 0.0882813 0.965625 0.0328125 0.0395833
0 0.2625 0.438542 0.03125 0.0395833
0 0.51875 0.0114583 0.028125 0.0229167
0 0.851562 0.751042 0.034375 0.04375
0 0.0398437 0.985417 0.0328125 0.0291667
0 0.2875 0.328125 0.028125 0.0395833
0 0.426562 0.425 0.034375 0.0416667
0 0.235156 0.579167 0.0328125 0.0458333
0 0.495313 0.021875 0.028125 0.0354167
0 0.833594 0.977083 0.0265625 0.0333333
0 0.167969 0.527083 0.0328125 0.0416667
0 0.571875 0.522917 0.034375 0.0416667
0 0.546875 0.944792 0.028125 0.03125
0 0.01875 0.753125 0.028125 0.04375
0 0.979688 0.834375 0.03125 0.0395833
0 0.0765625 0.190625 0.028125 0.0395833
0 0.541406 0.985417 0.0359375 0.0291667
0 0.569531 0.102083 0.0296875 0.0375
0 0.709375 0.633333 0.03125 0.0416667
0 0.0835937 0.805208 0.0296875 0.0395833
0 0.660937 0.179167 0.034375 0.0416667
0 0.373437 0.0114583 0.028125 0.0229167
0 0.498437 0.738542 0.04375 0.0479167
0 0.807813 0.980208 0.028125 0.0354167
0 0.757812 0.258333 0.034375 0.0416667
0 0.6375 0.420833 0.0375 0.05
0 0.282813 0.21875 0.034375 0.0416667
0 0.865625 0.410417 0.03125 0.0416667
0 0.260156 0.127083 0.0296875 0.0375
0 0.829687 0.435417 0.034375 0.0416667
0 0.584375 0.119792 0.03125 0.0395833
0 0.602344 0.214583 0.0296875 0.0375
0 0.192188 0.844792 0.034375 0.04375
0 0.13125 0.198958 0.034375 0.04375
0 0.853125 0.229167 0.04375 0.0541667
0 0.314844 0.111458 0.0328125 0.0395833
0 0.241406 0.854167 0.0296875 0.0416667
0 0.771875 0.078125 0.03125 0.0395833
0 0.842969 0.853125 0.0265625 0.0354167
0 0.63125 0.582292 0.03125 0.0395833
0 0.935938 0.210417 0.040625 0.0583333
