0 0.629687 0.803125 0.034375 0.0395833
0 0.992188 0.684375 0.015625 0.04375
0 0.564062 0.160417 0.028125 0.0333333
0 0.703125 0.453125 0.03125 0.0395833
0 0.309375 0.191667 0.025 0.0375
0 0.250781 0.4375 0.0265625 0.0333333
0 0.717969 0.782292 0.0296875 0.0354167
0 0.0132813 0.991667 0.0234375 0.0166667
0 0.00625 0.8 0.0125 0.0416667
0 0.459375 0.429167 0.0375 0.05
0 0.239063 0.167708 0.028125 0.03125
0 0.0414063 0.985417 0.0296875 0.025
2 0.009375 0.728125 0.01875 0.0395833
0 0.829687 0.435417 0.034375 0.0375
0 0.486719 0.864583 0.0296875 0.0416667
0 0.578125 0.15 0.03125 0.0375
0 0.851562 0.236458 0.040625 0.0520833
0 0.759375 0.101042 0.03125 0.0354167
0 0.942187 0.939583 0.034375 0.0375
0 0.503906 0.0197917 0.0265625 0.03125
0 0.635156 0.235417 0.0359375 0.0416667
0 0.989844 0.4125 0.0203125 0.0583333
0 0.541406 0.985417 0.0328125 0.0291667
0 0.274219 0.236458 0.0328125 0.0395833
0 0.0898438 0.963542 0.0296875 0.0395833
0 0.084375 0.805208 0.028125 0.0354167
0 0.484375 0.0416667 0.028125 0.0375
0 0.233594 0.576042 0.0296875 0.04375
0 0.244531 0.372917 0.0265625 0.0375
0 0.314063 0.223958 0.034375 0.0395833
0 0.6375 0.421875 0.034375 0.04375
0 0.569531 0.103125 0.0296875 0.0354167
0 0.823438 0.9875 0.028125 0.025
0 0.13125 0.198958 0.034375 0.0479167
0 0.260938 0.4375 0.034375 0.0375
0 0.532031 0.590625 0.0296875 0.0395833
0 0.601562 0.211458 0.03125 0.0395833
0 0.865625 0.413542 0.03125 0.0395833
0 0.954687 0.45 0.03125 0.0375
0 0.819531 0.414583 0.0328125 0.0416667
0 0.489844 0.752083 0.0421875 0.0458333
0 0.357812 0.0552083 0.028125 0.0354167
0 0.74375 0.078125 0.03125 0.0395833
0 0.191406 0.845833 0.0328125 0.0416667
0 0.708594 0.63125 0.0328125 0.0416667
0 0.582812 0.120833 0.034375 0.0416667
0 0.935938 0.209375 0.040625 0.05625
0 0.834375 0.86875 0.025 0.0375
0 0.842188 0.754167 0.034375 0.05
0 0.2375 0.857292 0.028125 0.0395833
0 0.630469 0.610417 0.0328125 0.0375
