0 0.992188 0.68125 0.015625 0.0458333
0 0.311719 0.191667 0.0296875 0.0375
0 0.286719 0.376042 0.0234375 0.0270833
0 0.578125 0.153125 0.028125 0.0354167
0 0.0140625 0.990625 0.028125 0.01875
0 0.515625 0.0135417 0.028125 0.0270833
0 0.46875 0.476042 0.0375 0.04375
0 0.00625 0.314583 0.0125 0.05
0 0.727344 0.773958 0.0296875 0.0354167
0 0.99375 0.409375 0.0125 0.0479167
0 0.486719 0.865625 0.0328125 0.04375
0 0.0390625 0.985417 0.034375 0.0291667
0 0.638281 0.421875 0.0390625 0.0479167
0 0.654688 0.928125 0.040625 0.0520833
0 0.189844 0.288542 0.0359375 0.04375
0 0.0273438 0.0104167 0.0296875 0.0208333
0 0.541406 0.9875 0.0328125 0.025
0 0.479688 0.411458 0.034375 0.0479167
0 0.780469 0.0104167 0.0328125 0.0208333
0 0.0890625 0.964583 0.03125 0.0375
0 0.565625 0.535417 0.03125 0.0375
0 0.0148437 0.766667 0.0265625 0.0416667
0 0.540625 0.470833 0.034375 0.0416667
0 0.283594 0.219792 0.0328125 0.0395833
0 0.277344 0.345833 0.0265625 0.0375
0 0.971875 0.291667 0.034375 0.0416667
0 0.973437 0.85625 0.034375 0.0458333
0 0.503906 0.0197917 0.0296875 0.0354167
0 0.0828125 0.805208 0.03125 0.0395833
0 0.709375 0.634375 0.03125 0.0395833
0 0.246875 0.201042 0.034375 0.0395833
0 0.535937 0.96875 0.03125 0.0333333
0 0.260938 0.439583 0.03125 0.0375
0 0.235156 0.578125 0.0328125 0.04375
0 0.569531 0.103125 0.0296875 0.0354167
0 0.128906 0.522917 0.0359375 0.0458333
0 0.254687 0.138542 0.03125 0.0354167
0 0.829687 0.435417 0.034375 0.0416667
0 0.730469 0.102083 0.0296875 0.0375
0 0.584375 0.121875 0.03125 0.0395833
0 0.239063 0.860417 0.034375 0.0458333
0 0.770312 0.084375 0.028125 0.0354167
0 0.864844 0.4125 0.0328125 0.0416667
0 0.852344 0.229167 0.0421875 0.05
0 0.192969 0.846875 0.0359375 0.04375
0 0.658594 0.1875 0.0359375 0.0416667
0 0.130469 0.198958 0.0390625 0.0479167
0 0.497656 0.741667 0.0421875 0.05
0 0.603125 0.2125 0.03125 0.0416667
0 0.629687 0.5875 0.03125 0.0416667
0 0.369531 0.0208333 0.0296875 0.0333333
0 0.841406 0.85625 0.0296875 0.0375
0 0.83125 0.98125 0.028125 0.0333333
0 0.848437 0.755208 0.034375 0.04375
0 0.935156 0.210417 0.0390625 0.0541667
