0 0.982813 0.0197917 0.028125 0.0354167
0 0.563281 0.161458 0.0265625 0.0354167
0 0.992188 0.682292 0.015625 0.0354167
0 0.0132813 0.989583 0.0265625 0.0208333
0 0.746875 0.120833 0.03125 0.0375
0 0.716406 0.7875 0.0265625 0.0333333
0 0.826563 0.816667 0.028125 0.0333333
0 0.714844 0.133333 0.0296875 0.0375
0 0.935938 0.207292 0.034375 0.0520833
0 0.851562 0.235417 0.040625 0.05
0 0.260156 0.433333 0.0296875 0.0375
0 0.23125 0.471875 0.021875 0.0270833
0 0.9125 0.988542 0.03125 0.0229167
0 0.0421875 0.985417 0.034375 0.0291667
0 0.542188 0.985417 0.03125 0.0291667
0 0.284375 0.205208 0.03125 0.0395833
0 0.190625 0.847917 0.034375 0.0416667
0 0.178125 0.847917 0.034375 0.0458333
0 0.4875 0.8625 0.03125 0.0416667
0 0.828125 0.754167 0.03125 0.0416667
0 0.235938 0.570833 0.03125 0.0458333
0 0.749219 0.14375 0.0328125 0.0416667
0 0.457812 0.453125 0.034375 0.04375
0 0.084375 0.803125 0.03125 0.0395833
0 0.227344 0.389583 0.0296875 0.0416667
0 0.477344 0.053125 0.0265625 0.0395833
0 0.629687 0.0125 0.028125 0.025
0 0.266406 0.25 0.0328125 0.0416667
0 0.823438 0.989583 0.028125 0.0208333
0 0.219531 0.173958 0.0296875 0.0354167
0 0.053125 0.840625 0.034375 0.04375
0 0.6375 0.41875 0.0375 0.0458333
0 0.571094 0.102083 0.0296875 0.0375
0 0.355469 0.0697917 0.0296875 0.0354167
0 0.0867188 0.960417 0.0328125 0.0416667
0 0.129688 0.196875 0.034375 0.0479167
0 0.510156 0.607292 0.0328125 0.0479167
0 0.626562 0.240625 0.034375 0.0395833
0 0.826563 0.432292 0.034375 0.0395833
0 0.709375 0.630208 0.03125 0.0395833
0 0.860937 0.410417 0.028125 0.0375
0 0.832812 0.870833 0.028125 0.0375
0 0.989062 0.411458 0.021875 0.0479167
0 0.602344 0.209375 0.0296875 0.04375
0 0.508594 0.03125 0.0265625 0.0375
0 0.582031 0.120833 0.0328125 0.0375
0 0.630469 0.616667 0.0296875 0.0416667
0 0.578125 0.148958 0.028125 0.0354167
0 0.2375 0.857292 0.03125 0.04375
