0 0.992188 0.677083 0.015625 0.0458333
0 0.978125 0.861458 0.028125 0.0354167
0 0.0125 0.989583 0.025 0.0208333
0 0.307813 0.344792 0.021875 0.0270833
0 0.628906 0.804167 0.0359375 0.0416667
0 0.00859375 0.276042 0.0171875 0.0479167
0 0.99375 0.410417 0.0125 0.0458333
0 0.491406 0.401042 0.0296875 0.0395833
0 0.935156 0.205208 0.0390625 0.05625
0 0.486719 0.864583 0.0328125 0.0375
0 0.664062 0.165625 0.034375 0.0395833
0 0.739844 0.758333 0.0265625 0.0333333
0 0.0398437 0.985417 0.0328125 0.0291667
0 0.160938 0.352083 0.034375 0.0375
0 0.566406 0.104167 0.0296875 0.0375
0 0.3 0.319792 0.03125 0.0395833
0 0.578906 0.151042 0.0296875 0.0354167
0 0.752344 0.769792 0.0265625 0.0354167
0 0.0882813 0.964583 0.0296875 0.0375
0 0.542188 0.985417 0.034375 0.0291667
0 0.329688 0.439583 0.034375 0.0416667
0 0.0210938 0.741667 0.0296875 0.0416667
0 0.221094 0.173958 0.0265625 0.0354167
0 0.773438 0.075 0.03125 0.0416667
0 0.263281 0.454167 0.0296875 0.0333333
0 0.559375 0.919792 0.03125 0.0354167
0 0.240625 0.854167 0.03125 0.0416667
0 0.274219 0.119792 0.0296875 0.0395833
0 0.851562 0.75 0.034375 0.0458333
0 0.0835937 0.80625 0.0296875 0.0375
0 0.584375 0.120833 0.03125 0.0416667
0 0.265625 0.434375 0.03125 0.0395833
0 0.986719 0.810417 0.0265625 0.0375
0 0.19375 0.84375 0.03125 0.0375
0 0.495313 0.0166667 0.03125 0.0333333
0 0.58125 0.507292 0.03125 0.0395833
0 0.638281 0.419792 0.0359375 0.0479167
0 0.233594 0.577083 0.0296875 0.0416667
0 0.835938 0.972917 0.028125 0.0375
0 0.853125 0.229167 0.046875 0.0541667
0 0.707812 0.633333 0.03125 0.0416667
0 0.282813 0.217708 0.034375 0.0395833
0 0.132031 0.195833 0.0328125 0.0416667
0 0.828125 0.434375 0.034375 0.04375
0 0.767187 0.459375 0.03125 0.0395833
0 0.0390625 0.377083 0.034375 0.0458333
0 0.867188 0.407292 0.034375 0.04375
0 0.603125 0.213542 0.03125 0.0395833
0 0.845312 0.845833 0.028125 0.0333333
0 0.633594 0.571875 0.0296875 0.0395833
0 0.507031 0.733333 0.0421875 0.0541667
