0 0.335938 0.00729167 0.028125 0.0145833
0 0.407813 0.217708 0.034375 0.0395833
0 0.307031 0.195833 0.0265625 0.0333333
0 0.96875 0.875 0.025 0.0333333
0 0.560938 0.160417 0.028125 0.0375
0 0.0132813 0.988542 0.0265625 0.0229167
0 0.628125 0.802083 0.034375 0.0416667
0 0.992188 0.68125 0.015625 0.0375
0 0.735156 0.15625 0.0296875 0.0375
0 0.4875 0.616667 0.03125 0.0416667
0 0.714844 0.7875 0.0328125 0.0375
0 0.704687 0.159375 0.034375 0.04375
0 0.540625 0.985417 0.034375 0.0291667
0 0.235156 0.564583 0.0328125 0.0458333
0 0.100781 0.9875 0.0296875 0.025
0 0.4875 0.861458 0.034375 0.04375
0 0.989844 0.414583 0.0203125 0.0458333
0 0.198437 0.254167 0.03125 0.0416667
0 0.96875 0.0427083 0.025 0.0354167
0 0.221094 0.486458 0.0234375 0.03125
0 0.570312 0.102083 0.028125 0.0333333
0 0.577344 0.148958 0.0296875 0.0354167
0 0.260938 0.43125 0.028125 0.0375
0 0.708594 0.629167 0.0328125 0.0416667
0 0.084375 0.802083 0.03125 0.0375
0 0.823438 0.9875 0.028125 0.025
0 0.835156 0.784375 0.0359375 0.04375
0 0.129688 0.195833 0.03125 0.0416667
0 0.350781 0.0739583 0.0265625 0.03125
0 0.584375 0.119792 0.03125 0.0395833
0 0.190625 0.855208 0.034375 0.04375
0 0.83125 0.869792 0.03125 0.0395833
0 0.0421875 0.983333 0.034375 0.0333333
0 0.196875 0.708333 0.03125 0.0416667
0 0.205469 0.195833 0.0296875 0.0375
0 0.624219 0.240625 0.0328125 0.0395833
0 0.851562 0.232292 0.04375 0.0520833
0 0.474219 0.0552083 0.0265625 0.0395833
0 0.796875 0.405208 0.028125 0.0395833
0 0.213281 0.408333 0.0265625 0.0416667
0 0.622656 0.0166667 0.0296875 0.0333333
0 0.675781 0.976042 0.0328125 0.0395833
0 0.257812 0.272917 0.034375 0.0416667
0 0.826563 0.432292 0.028125 0.0354167
0 0.453906 0.473958 0.0359375 0.0395833
0 0.602344 0.208333 0.0296875 0.0416667
0 0.935156 0.20625 0.0359375 0.05
0 0.632031 0.616667 0.0296875 0.0416667
0 0.860937 0.409375 0.028125 0.0395833
0 0.236719 0.85625 0.0328125 0.0458333
0 0.507031 0.0333333 0.0265625 0.0333333
