0 0.578125 0.15 0.03125 0.0375
0 0.0132813 0.989583 0.0265625 0.0208333
0 0.601562 0.211458 0.03125 0.0395833
0 0.990625 0.683333 0.01875 0.0416667
0 0.00703125 0.792708 0.0140625 0.0395833
0 0.274219 0.232292 0.0328125 0.0395833
0 0.760156 0.102083 0.0328125 0.0416667
0 0.70625 0.451042 0.028125 0.0395833
0 0.992188 0.4125 0.015625 0.05
0 0.465625 0.43125 0.0375 0.0541667
0 0.536719 0.584375 0.0328125 0.04375
0 0.851562 0.236458 0.040625 0.0479167
0 0.040625 0.9875 0.03125 0.025
0 0.719531 0.780208 0.0296875 0.0354167
0 0.485156 0.863542 0.0328125 0.04375
0 0.502344 0.01875 0.0328125 0.0333333
2 0.0125 0.727083 0.025 0.0375
0 0.639063 0.232292 0.034375 0.0395833
0 0.541406 0.985417 0.0328125 0.0291667
0 0.240625 0.158333 0.03125 0.0333333
0 0.945312 0.928125 0.034375 0.0395833
0 0.084375 0.805208 0.028125 0.0354167
0 0.716406 0.0177083 0.0328125 0.0354167
0 0.749219 0.0697917 0.0359375 0.04375
0 0.489062 0.752083 0.040625 0.0458333
0 0.0890625 0.9625 0.03125 0.0416667
0 0.969531 0.39375 0.0296875 0.0375
0 0.6375 0.421875 0.0375 0.04375
0 0.56875 0.103125 0.03125 0.0354167
0 0.835938 0.866667 0.028125 0.0416667
0 0.247656 0.371875 0.0296875 0.0395833
0 0.233594 0.577083 0.0296875 0.0416667
0 0.825 0.9875 0.025 0.025
0 0.760156 0.372917 0.0296875 0.0416667
0 0.486719 0.0395833 0.0296875 0.0375
0 0.260938 0.4375 0.03125 0.0375
0 0.864844 0.4125 0.0328125 0.0416667
0 0.308594 0.23125 0.0328125 0.0375
0 0.130469 0.198958 0.0359375 0.0479167
0 0.709375 0.63125 0.03125 0.0416667
0 0.192188 0.845833 0.034375 0.0416667
0 0.632031 0.610417 0.0328125 0.0416667
0 0.358594 0.0520833 0.0296875 0.0375
0 0.828906 0.433333 0.0328125 0.0416667
0 0.582812 0.120833 0.034375 0.0416667
0 0.2375 0.857292 0.03125 0.0395833
0 0.935938 0.209375 0.0375 0.05625
0 0.842188 0.754167 0.034375 0.05
