0 0.982813 0.01875 0.028125 0.0333333
0 0.563281 0.159375 0.0265625 0.0354167
0 0.483594 0.758333 0.0390625 0.0458333
0 0.9375 0.205208 0.0375 0.0520833
0 0.0125 0.989583 0.025 0.0208333
0 0.992188 0.683333 0.015625 0.0375
0 0.715625 0.785417 0.028125 0.0333333
0 0.261719 0.432292 0.0296875 0.0395833
0 0.751562 0.114583 0.03125 0.0375
0 0.0421875 0.985417 0.034375 0.0291667
0 0.851562 0.236458 0.040625 0.0479167
0 0.0765625 0.897917 0.03125 0.0375
0 0.915625 0.986458 0.03125 0.0270833
0 0.232812 0.466667 0.021875 0.0291667
0 0.636719 0.417708 0.0390625 0.0479167
0 0.458594 0.45 0.0359375 0.0458333
0 0.488281 0.863542 0.0296875 0.0395833
0 0.540625 0.985417 0.03125 0.0291667
0 0.717188 0.129167 0.03125 0.0375
0 0.771094 0.0947917 0.0296875 0.0354167
0 0.477344 0.0520833 0.0265625 0.0375
0 0.225 0.171875 0.03125 0.0354167
0 0.292188 0.215625 0.034375 0.0395833
0 0.236719 0.570833 0.0296875 0.0416667
0 0.632812 0.0114583 0.03125 0.0229167
0 0.823438 0.988542 0.028125 0.0229167
0 0.227344 0.3875 0.0296875 0.0416667
0 0.084375 0.804167 0.034375 0.0416667
0 0.0890625 0.963542 0.03125 0.0395833
0 0.129688 0.197917 0.034375 0.0458333
0 0.8375 0.754167 0.03125 0.0458333
0 0.508594 0.0291667 0.0265625 0.0375
0 0.190625 0.846875 0.034375 0.04375
0 0.145313 0.855208 0.03125 0.0395833
0 0.570312 0.102083 0.03125 0.0375
0 0.826563 0.433333 0.034375 0.0416667
0 0.989062 0.410417 0.021875 0.0458333
0 0.267188 0.247917 0.034375 0.0416667
0 0.85 0.790625 0.03125 0.0395833
0 0.709375 0.630208 0.03125 0.0395833
0 0.355469 0.0677083 0.0265625 0.0354167
0 0.626562 0.240625 0.034375 0.0395833
0 0.582812 0.121875 0.03125 0.0395833
0 0.511719 0.60625 0.0328125 0.0458333
0 0.860156 0.410417 0.0296875 0.0375
0 0.832812 0.871875 0.028125 0.0354167
0 0.578125 0.148958 0.028125 0.0354167
0 0.603125 0.209375 0.03125 0.04375
0 0.63125 0.615625 0.03125 0.0395833
0 0.2375 0.85625 0.03125 0.0458333
