0 0.338281 0.009375 0.0359375 0.01875
0 0.629687 0.803125 0.034375 0.0479167
0 0.992188 0.682292 0.015625 0.0395833
0 0.564062 0.1625 0.028125 0.0333333
0 0.578125 0.151042 0.03125 0.0354167
0 0.0132813 0.989583 0.0265625 0.0208333
0 0.70625 0.444792 0.028125 0.0354167
0 0.6375 0.421875 0.0375 0.04375
0 0.761719 0.1 0.0328125 0.0375
0 0.719531 0.78125 0.0296875 0.0333333
0 0.465625 0.430208 0.0375 0.0520833
0 0.0078125 0.790625 0.015625 0.0395833
0 0.0398437 0.986458 0.0328125 0.0270833
0 0.991406 0.409375 0.0171875 0.0520833
0 0.538281 0.580208 0.0328125 0.04375
0 0.500781 0.0177083 0.0328125 0.0354167
0 0.485938 0.863542 0.03125 0.04375
0 0.948438 0.922917 0.034375 0.0375
0 0.3125 0.232292 0.034375 0.0395833
0 0.275 0.230208 0.034375 0.0395833
0 0.770312 0.436458 0.03125 0.0395833
0 0.567969 0.104167 0.0296875 0.0333333
0 0.852344 0.234375 0.0421875 0.0520833
2 0.0125 0.726042 0.025 0.0354167
0 0.541406 0.985417 0.0328125 0.0291667
0 0.835938 0.866667 0.028125 0.0416667
0 0.24375 0.15625 0.03125 0.0333333
0 0.249219 0.371875 0.0296875 0.0395833
0 0.084375 0.805208 0.028125 0.0395833
0 0.967969 0.354167 0.0328125 0.0375
0 0.825 0.986458 0.025 0.0270833
0 0.0890625 0.9625 0.03125 0.0416667
0 0.232812 0.577083 0.028125 0.0416667
0 0.261719 0.438542 0.0296875 0.0354167
0 0.709375 0.632292 0.03125 0.0395833
0 0.864844 0.413542 0.0328125 0.04375
0 0.130469 0.2 0.0359375 0.05
0 0.192188 0.845833 0.034375 0.0416667
0 0.641406 0.230208 0.0328125 0.0395833
0 0.748438 0.0677083 0.034375 0.0395833
0 0.829687 0.434375 0.034375 0.0395833
0 0.359375 0.05 0.028125 0.0333333
0 0.63125 0.608333 0.03125 0.0416667
0 0.491406 0.75 0.0421875 0.0458333
0 0.239063 0.858333 0.03125 0.0416667
0 0.583594 0.121875 0.0328125 0.04375
0 0.753125 0.0177083 0.03125 0.0354167
0 0.486719 0.0395833 0.0296875 0.0375
0 0.935938 0.208333 0.040625 0.0583333
0 0.84375 0.755208 0.03125 0.0479167
