0 0.566406 0.159375 0.0265625 0.0354167
0 0.485938 0.758333 0.040625 0.0458333
0 0.935938 0.207292 0.040625 0.0520833
0 0.233594 0.4625 0.0203125 0.025
0 0.992188 0.685417 0.015625 0.0375
0 0.264062 0.89375 0.028125 0.0291667
0 0.0125 0.989583 0.025 0.0208333
0 0.715625 0.785417 0.028125 0.0333333
0 0.861719 0.736458 0.0296875 0.0395833
0 0.261719 0.432292 0.0296875 0.0395833
0 0.634375 0.0104167 0.03125 0.0208333
0 0.982813 0.015625 0.028125 0.03125
0 0.635938 0.41875 0.0375 0.0458333
0 0.458594 0.445833 0.0359375 0.05
0 0.851562 0.236458 0.040625 0.0479167
0 0.488281 0.863542 0.0296875 0.0395833
0 0.990625 0.4125 0.01875 0.05
0 0.752344 0.113542 0.0296875 0.0354167
0 0.0421875 0.986458 0.034375 0.0270833
0 0.542188 0.986458 0.03125 0.0270833
0 0.228125 0.385417 0.03125 0.0416667
0 0.478125 0.0510417 0.028125 0.0354167
0 0.227344 0.171875 0.0328125 0.0354167
0 0.717969 0.123958 0.0296875 0.0354167
0 0.742188 0.075 0.028125 0.0375
0 0.823438 0.988542 0.028125 0.0229167
0 0.507812 0.028125 0.028125 0.0354167
0 0.296094 0.214583 0.0359375 0.0416667
0 0.0890625 0.964583 0.034375 0.0416667
0 0.91875 0.984375 0.03125 0.03125
0 0.084375 0.804167 0.034375 0.0416667
0 0.235156 0.571875 0.0296875 0.04375
0 0.129688 0.196875 0.034375 0.04375
0 0.570312 0.102083 0.028125 0.0333333
0 0.513281 0.60625 0.0296875 0.0458333
0 0.627344 0.240625 0.0328125 0.0395833
0 0.709375 0.630208 0.03125 0.0395833
0 0.189844 0.847917 0.0359375 0.0458333
0 0.147656 0.904167 0.0328125 0.0416667
0 0.8375 0.754167 0.03125 0.0458333
0 0.584375 0.121875 0.03125 0.0354167
0 0.355469 0.06875 0.0296875 0.0375
0 0.267188 0.245833 0.034375 0.0416667
0 0.860156 0.410417 0.0296875 0.0375
0 0.826563 0.432292 0.034375 0.0395833
0 0.602344 0.210417 0.0296875 0.0416667
0 0.108594 0.928125 0.0328125 0.0395833
0 0.832812 0.871875 0.028125 0.0354167
0 0.578125 0.148958 0.028125 0.0354167
0 0.63125 0.614583 0.028125 0.0375
0 0.2375 0.85625 0.03125 0.0458333
