2 0.695312 0.0145833 0.028125 0.0291667
0 0.577344 0.152083 0.0265625 0.0333333
0 0.00625 0.280208 0.0125 0.0479167
0 0.657031 0.925 0.0421875 0.05
0 0.371875 0.00729167 0.021875 0.0145833
0 0.978125 0.8625 0.028125 0.0375
0 0.994531 0.408333 0.0109375 0.05
0 0.0132813 0.989583 0.0265625 0.0208333
0 0.521875 0.0114583 0.025 0.0229167
0 0.575 0.514583 0.03125 0.0375
0 0.489062 0.404167 0.028125 0.0375
0 0.628906 0.804167 0.0359375 0.0416667
0 0.0890625 0.964583 0.03125 0.0375
0 0.500781 0.0177083 0.0296875 0.0354167
0 0.0398437 0.985417 0.0328125 0.0291667
0 0.264062 0.4375 0.03125 0.0375
0 0.842188 0.85 0.028125 0.0333333
0 0.403906 0.0989583 0.0328125 0.0354167
0 0.550781 0.9375 0.0296875 0.0333333
0 0.289844 0.323958 0.0265625 0.0395833
0 0.729688 0.765625 0.028125 0.0354167
0 0.375781 0.0625 0.0296875 0.0375
0 0.771875 0.320833 0.03125 0.0375
0 0.982813 0.825 0.028125 0.0375
0 0.484375 0.864583 0.0375 0.0458333
0 0.39375 0.465625 0.034375 0.0395833
0 0.567969 0.102083 0.0296875 0.0375
0 0.235156 0.578125 0.0296875 0.04375
0 0.0195312 0.745833 0.0296875 0.0416667
0 0.541406 0.984375 0.0359375 0.03125
0 0.196875 0.513542 0.03125 0.0395833
0 0.502344 0.738542 0.0453125 0.0520833
0 0.084375 0.80625 0.028125 0.0375
0 0.660937 0.173958 0.034375 0.0395833
0 0.865625 0.410417 0.03125 0.0416667
0 0.266406 0.123958 0.0296875 0.0354167
0 0.219531 0.18125 0.0265625 0.0375
0 0.584375 0.119792 0.03125 0.0395833
0 0.828125 0.434375 0.03125 0.0395833
0 0.283594 0.21875 0.0328125 0.0416667
0 0.853125 0.228125 0.04375 0.0520833
0 0.135156 0.246875 0.0296875 0.04375
0 0.192969 0.84375 0.0328125 0.0416667
0 0.240625 0.854167 0.03125 0.0416667
0 0.708594 0.632292 0.0296875 0.0395833
0 0.851562 0.752083 0.034375 0.0458333
0 0.600781 0.2125 0.0328125 0.0375
0 0.636719 0.419792 0.0359375 0.0479167
0 0.0375 0.379167 0.034375 0.0458333
0 0.772656 0.0760417 0.0328125 0.0395833
0 0.795313 0.911458 0.028125 0.0395833
0 0.832812 0.975 0.028125 0.0375
0 0.13125 0.195833 0.034375 0.0458333
0 0.632812 0.578125 0.03125 0.0395833
0 0.935938 0.209375 0.040625 0.05625
