0 0.117969 0.99375 0.0296875 0.0125
0 0.992188 0.684375 0.015625 0.04375
0 0.309375 0.188542 0.025 0.0354167
0 0.578125 0.15 0.03125 0.0375
0 0.717969 0.78125 0.0296875 0.0333333
0 0.00546875 0.797917 0.0109375 0.0375
0 0.0140625 0.990625 0.025 0.01875
0 0.4625 0.43125 0.040625 0.0541667
2 0.009375 0.729167 0.01875 0.0416667
0 0.992188 0.416667 0.015625 0.05
0 0.759375 0.0989583 0.03125 0.0354167
0 0.239063 0.165625 0.03125 0.0354167
0 0.851562 0.235417 0.040625 0.05
0 0.0414063 0.9875 0.0296875 0.025
0 0.601562 0.210417 0.03125 0.0375
0 0.942969 0.936458 0.0328125 0.0395833
0 0.504687 0.0208333 0.028125 0.0333333
0 0.486719 0.863542 0.0296875 0.0395833
0 0.635156 0.235417 0.0359375 0.0416667
0 0.542188 0.985417 0.03125 0.0291667
0 0.570312 0.10625 0.03125 0.0375
0 0.273438 0.236458 0.034375 0.0395833
0 0.489844 0.752083 0.0421875 0.0458333
0 0.483594 0.0416667 0.0265625 0.0375
0 0.83125 0.435417 0.03125 0.0375
0 0.084375 0.804167 0.028125 0.0333333
0 0.946875 0.422917 0.03125 0.0375
0 0.314844 0.225 0.0328125 0.0416667
0 0.233594 0.576042 0.0296875 0.04375
0 0.0898438 0.9625 0.0296875 0.0375
0 0.245312 0.371875 0.028125 0.0354167
0 0.357031 0.0552083 0.0296875 0.0354167
0 0.823438 0.9875 0.028125 0.025
0 0.130469 0.198958 0.0359375 0.0479167
0 0.8125 0.407292 0.034375 0.0395833
0 0.260938 0.438542 0.034375 0.0395833
0 0.532031 0.589583 0.0328125 0.0416667
0 0.865625 0.413542 0.03125 0.0395833
0 0.744531 0.0739583 0.0359375 0.04375
0 0.638281 0.422917 0.0359375 0.0458333
0 0.192188 0.845833 0.034375 0.0416667
0 0.708594 0.632292 0.0328125 0.04375
0 0.582812 0.120833 0.034375 0.0416667
0 0.834375 0.86875 0.025 0.0375
0 0.935938 0.209375 0.040625 0.0520833
0 0.236719 0.857292 0.0296875 0.0395833
0 0.842188 0.754167 0.034375 0.05
0 0.629687 0.610417 0.034375 0.0375
