0 0.49375 0.0260417 0.03125 0.0354167
0 0.629687 0.803125 0.034375 0.0479167
0 0.310937 0.191667 0.03125 0.0375
0 0.705469 0.441667 0.0265625 0.0333333
0 0.992188 0.683333 0.015625 0.0416667
0 0.563281 0.161458 0.0296875 0.0354167
0 0.577344 0.15 0.0328125 0.0375
0 0.0132813 0.990625 0.0265625 0.01875
0 0.257031 0.428125 0.0265625 0.0354167
0 0.601562 0.211458 0.03125 0.0395833
0 0.720312 0.779167 0.028125 0.0333333
0 0.761719 0.101042 0.0328125 0.0354167
0 0.485938 0.864583 0.03125 0.0416667
0 0.0078125 0.790625 0.015625 0.0395833
0 0.040625 0.9875 0.03125 0.025
2 0.0132813 0.725 0.0234375 0.0375
0 0.851562 0.235417 0.040625 0.05
0 0.501562 0.0166667 0.034375 0.0333333
0 0.56875 0.10625 0.03125 0.0375
0 0.992188 0.411458 0.015625 0.0520833
0 0.835938 0.865625 0.028125 0.04375
0 0.948438 0.922917 0.034375 0.0375
0 0.638281 0.421875 0.0359375 0.04375
0 0.467187 0.429167 0.0375 0.0541667
0 0.3125 0.23125 0.0375 0.0416667
0 0.757812 0.446875 0.034375 0.0395833
0 0.275 0.23125 0.03125 0.0375
0 0.98125 0.359375 0.025 0.0354167
0 0.540625 0.985417 0.034375 0.0291667
0 0.539844 0.579167 0.0328125 0.0416667
0 0.935938 0.208333 0.040625 0.0583333
0 0.084375 0.80625 0.028125 0.0375
0 0.233594 0.577083 0.0296875 0.0458333
0 0.825 0.9875 0.028125 0.025
0 0.0890625 0.9625 0.03125 0.0416667
0 0.742969 0.0375 0.0328125 0.0375
0 0.249219 0.371875 0.0296875 0.0395833
0 0.24375 0.155208 0.03125 0.0354167
0 0.753125 0.06875 0.03125 0.0375
0 0.239063 0.857292 0.03125 0.0395833
0 0.192188 0.845833 0.034375 0.0416667
0 0.864062 0.413542 0.034375 0.04375
0 0.709375 0.632292 0.03125 0.0395833
0 0.642187 0.229167 0.034375 0.0416667
0 0.360156 0.05 0.0296875 0.0375
0 0.2625 0.439583 0.03125 0.0375
0 0.829687 0.434375 0.034375 0.0395833
0 0.63125 0.608333 0.03125 0.0416667
0 0.130469 0.198958 0.0359375 0.0520833
0 0.486719 0.0395833 0.0296875 0.0375
0 0.491406 0.75 0.0390625 0.05
0 0.582812 0.120833 0.034375 0.0416667
0 0.84375 0.755208 0.03125 0.0479167
