0 0.653906 0.925 0.0421875 0.0541667
0 0.0046875 0.458333 0.009375 0.0458333
0 0.979688 0.852083 0.021875 0.0291667
0 0.934375 0.209375 0.040625 0.0520833
0 0.307813 0.342708 0.021875 0.0270833
0 0.0132813 0.990625 0.0265625 0.01875
0 0.99375 0.408333 0.0125 0.05
0 0.408594 0.217708 0.0390625 0.0520833
0 0.00625 0.571875 0.0125 0.0395833
0 0.488281 0.864583 0.0296875 0.0375
0 0.5625 0.160417 0.028125 0.0333333
0 0.271875 0.569792 0.03125 0.0395833
0 0.0414063 0.984375 0.0296875 0.0270833
0 0.352344 0.284375 0.0328125 0.0395833
0 0.577344 0.151042 0.0296875 0.03125
0 0.574219 0.885417 0.0328125 0.0333333
0 0.499219 0.389583 0.0328125 0.0375
0 0.624219 0.127083 0.0296875 0.0375
0 0.540625 0.985417 0.03125 0.0291667
0 0.028125 0.729167 0.03125 0.0416667
0 0.39375 0.51875 0.03125 0.0458333
0 0.665625 0.136458 0.0375 0.0395833
0 0.0890625 0.964583 0.028125 0.0375
0 0.744531 0.75 0.0265625 0.0333333
0 0.299219 0.10625 0.0296875 0.0375
0 0.835938 0.964583 0.028125 0.0375
0 0.772656 0.0708333 0.0296875 0.0333333
0 0.788281 0.688542 0.0359375 0.0395833
0 0.211719 0.160417 0.0265625 0.0375
0 0.584375 0.121875 0.03125 0.0395833
0 0.311719 0.310417 0.0265625 0.0375
0 0.239063 0.577083 0.03125 0.0458333
0 0.0828125 0.805208 0.028125 0.0354167
0 0.9875 0.786458 0.025 0.0354167
0 0.180469 0.265625 0.0328125 0.0395833
0 0.5125 0.725 0.0375 0.0458333
0 0.588281 0.492708 0.0328125 0.0395833
0 0.708594 0.808333 0.0296875 0.0416667
0 0.602344 0.2125 0.0328125 0.0416667
0 0.567969 0.102083 0.0296875 0.0375
0 0.983594 0.866667 0.0265625 0.0333333
0 0.271875 0.414583 0.03125 0.0375
0 0.282813 0.216667 0.034375 0.0416667
0 0.192188 0.844792 0.03125 0.0395833
0 0.242188 0.855208 0.03125 0.0395833
0 0.628906 0.804167 0.0359375 0.0416667
0 0.132812 0.195833 0.034375 0.0458333
0 0.828125 0.433333 0.03125 0.0416667
0 0.853125 0.75 0.03125 0.0416667
0 0.86875 0.408333 0.03125 0.0416667
0 0.708594 0.635417 0.0296875 0.0375
0 0.853125 0.228125 0.04375 0.05625
0 0.015625 0.241667 0.03125 0.0458333
0 0.848437 0.8375 0.028125 0.0375
0 0.646094 0.467708 0.0296875 0.0395833
0 0.636719 0.419792 0.0328125 0.04375
0 0.646094 0.5625 0.0296875 0.0375
