0 0.564844 0.158333 0.0265625 0.0333333
0 0.0132813 0.990625 0.0265625 0.01875
0 0.994531 0.409375 0.0109375 0.0520833
0 0.00625 0.0822917 0.0125 0.0479167
0 0.745313 0.741667 0.028125 0.0375
0 0.817187 0.63125 0.028125 0.0333333
0 0.0414063 0.984375 0.0328125 0.03125
0 0.7875 0.647917 0.03125 0.0375
0 0.0648438 0.190625 0.0296875 0.0395833
0 0.4875 0.865625 0.03125 0.0395833
0 0.673437 0.132292 0.034375 0.0395833
0 0.189063 0.1125 0.03125 0.0375
0 0.172656 0.61875 0.0296875 0.0375
0 0.985937 0.765625 0.028125 0.0395833
0 0.5875 0.484375 0.03125 0.0395833
0 0.502344 0.385417 0.0296875 0.0375
0 0.585938 0.871875 0.034375 0.0395833
0 0.317187 0.305208 0.025 0.0395833
0 0.935938 0.208333 0.040625 0.0541667
0 0.540625 0.985417 0.03125 0.0291667
0 0.660156 0.919792 0.0359375 0.04375
0 0.461719 0.777083 0.0328125 0.0416667
0 0.310937 0.0947917 0.028125 0.0395833
0 0.549219 0.238542 0.0296875 0.0395833
0 0.0296875 0.726042 0.03125 0.04375
0 0.717188 0.9875 0.028125 0.025
0 0.0203125 0.221875 0.034375 0.04375
0 0.585938 0.121875 0.03125 0.0395833
0 0.0898438 0.963542 0.0328125 0.0395833
0 0.379687 0.75625 0.03125 0.0416667
0 0.567187 0.103125 0.03125 0.0395833
0 0.0835937 0.804167 0.0296875 0.0375
0 0.514844 0.717708 0.0421875 0.0479167
0 0.238281 0.579167 0.0296875 0.0416667
0 0.675781 0.191667 0.0296875 0.0416667
0 0.653125 0.955208 0.03125 0.0395833
0 0.0460938 0.358333 0.0328125 0.0416667
0 0.577344 0.15 0.0296875 0.0333333
0 0.191406 0.84375 0.0296875 0.0375
0 0.43125 0.1 0.03125 0.0375
0 0.274219 0.4125 0.0296875 0.0375
0 0.283594 0.217708 0.0328125 0.0395833
0 0.132812 0.19375 0.034375 0.0458333
0 0.882031 0.659375 0.0328125 0.0395833
0 0.730469 0.84375 0.0328125 0.0416667
0 0.86875 0.408333 0.03125 0.0416667
0 0.734375 0.071875 0.028125 0.0354167
0 0.8375 0.963542 0.03125 0.0395833
0 0.827344 0.432292 0.0328125 0.04375
0 0.707812 0.639583 0.028125 0.0375
0 0.854688 0.747917 0.034375 0.0458333
0 0.846875 0.8375 0.03125 0.0375
0 0.853125 0.227083 0.046875 0.0541667
0 0.636719 0.419792 0.0359375 0.0479167
0 0.770312 0.0635417 0.028125 0.0354167
0 0.602344 0.210417 0.0328125 0.0458333
0 0.242188 0.851042 0.03125 0.0395833
0 0.645312 0.5625 0.028125 0.0375
