0 0.407813 0.216667 0.0375 0.05
0 0.307813 0.342708 0.021875 0.0270833
0 0.0125 0.990625 0.025 0.01875
0 0.99375 0.409375 0.0125 0.0479167
0 0.504687 0.0104167 0.034375 0.0208333
0 0.486719 0.864583 0.0296875 0.0375
0 0.5625 0.159375 0.028125 0.0354167
0 0.261719 0.546875 0.0296875 0.0395833
0 0.664844 0.147917 0.0359375 0.0416667
0 0.214844 0.16875 0.0265625 0.0375
0 0.367188 0.341667 0.028125 0.0375
0 0.276563 0.461458 0.028125 0.0354167
0 0.541406 0.985417 0.0328125 0.0291667
0 0.7875 0.630208 0.03125 0.0395833
0 0.0140625 0.252083 0.028125 0.0458333
0 0.0101562 0.421875 0.0203125 0.0395833
0 0.0414063 0.985417 0.0296875 0.0291667
0 0.836719 0.964583 0.0296875 0.0375
0 0.5875 0.494792 0.03125 0.0395833
0 0.785937 0.844792 0.034375 0.04375
0 0.0898438 0.964583 0.0296875 0.0375
0 0.742188 0.757292 0.028125 0.0354167
0 0.497656 0.390625 0.0328125 0.0395833
0 0.201562 0.328125 0.025 0.0395833
0 0.238281 0.570833 0.0296875 0.0416667
0 0.0289063 0.734375 0.0296875 0.0395833
0 0.578125 0.151042 0.03125 0.0354167
0 0.295312 0.10625 0.028125 0.0375
0 0.571094 0.891667 0.0296875 0.0333333
0 0.585156 0.122917 0.0328125 0.0416667
0 0.0828125 0.805208 0.028125 0.0354167
0 0.271094 0.41875 0.0296875 0.0375
0 0.659375 0.53125 0.028125 0.0375
0 0.635938 0.419792 0.034375 0.0479167
0 0.567969 0.102083 0.0296875 0.0375
0 0.771875 0.0697917 0.03125 0.0354167
0 0.192188 0.844792 0.03125 0.0395833
0 0.283594 0.217708 0.0328125 0.0395833
0 0.984375 0.864583 0.025 0.0375
0 0.310937 0.310417 0.028125 0.0375
0 0.630469 0.804167 0.0359375 0.0416667
0 0.646094 0.5625 0.0296875 0.0375
0 0.989062 0.7875 0.021875 0.0375
0 0.132031 0.196875 0.0328125 0.0479167
0 0.869531 0.408333 0.0296875 0.0416667
0 0.601562 0.214583 0.03125 0.0416667
0 0.828125 0.434375 0.03125 0.0395833
0 0.510938 0.727083 0.040625 0.05
0 0.242188 0.85625 0.028125 0.0416667
0 0.853125 0.228125 0.04375 0.05625
0 0.854688 0.748958 0.034375 0.04375
0 0.848437 0.838542 0.028125 0.0354167
0 0.935938 0.209375 0.040625 0.05625
0 0.708594 0.635417 0.0296875 0.0375
0 0.619531 0.0739583 0.0328125 0.04375
