0 0.563281 0.160417 0.0265625 0.0333333
0 0.628125 0.802083 0.034375 0.0416667
0 0.307813 0.194792 0.028125 0.03125
0 0.992969 0.683333 0.0140625 0.0333333
0 0.975 0.0302083 0.025 0.0354167
0 0.0140625 0.989583 0.028125 0.0208333
0 0.716406 0.7875 0.0265625 0.0333333
0 0.6375 0.419792 0.0375 0.0479167
0 0.0429688 0.985417 0.0359375 0.0291667
0 0.541406 0.985417 0.0328125 0.0291667
0 0.260938 0.434375 0.028125 0.0354167
0 0.353906 0.0697917 0.0265625 0.03125
0 0.211719 0.183333 0.0296875 0.0333333
0 0.235938 0.56875 0.03125 0.0458333
0 0.191406 0.808333 0.0296875 0.0416667
0 0.4875 0.8625 0.03125 0.0416667
0 0.741406 0.138542 0.0265625 0.0354167
0 0.777344 0.260417 0.0265625 0.0375
0 0.191406 0.846875 0.0359375 0.04375
0 0.989062 0.414583 0.021875 0.0458333
0 0.709375 0.145833 0.03125 0.0416667
0 0.934375 0.20625 0.0375 0.05
0 0.851562 0.235417 0.040625 0.0458333
0 0.824219 0.9875 0.0265625 0.025
0 0.475781 0.0541667 0.0265625 0.0375
0 0.0835937 0.804167 0.0328125 0.0416667
0 0.570312 0.102083 0.028125 0.0333333
0 0.226562 0.479167 0.021875 0.0291667
0 0.253906 0.2 0.0328125 0.0375
0 0.457031 0.4625 0.0328125 0.0416667
0 0.583594 0.120833 0.0328125 0.0375
0 0.129688 0.195833 0.034375 0.0458333
0 0.407813 0.217708 0.034375 0.04375
0 0.753125 0.913542 0.03125 0.0395833
0 0.627344 0.015625 0.0296875 0.03125
0 0.708594 0.629167 0.0328125 0.0416667
0 0.842188 0.771875 0.034375 0.04375
0 0.625 0.240625 0.03125 0.0395833
0 0.602344 0.208333 0.0296875 0.0416667
0 0.264844 0.261458 0.0328125 0.04375
0 0.83125 0.869792 0.03125 0.0395833
0 0.222656 0.396875 0.0296875 0.04375
0 0.629687 0.615625 0.028125 0.0395833
0 0.503906 0.611458 0.0328125 0.0479167
0 0.0945313 0.964583 0.0359375 0.0458333
0 0.825 0.43125 0.03125 0.0375
0 0.861719 0.410417 0.0296875 0.0375
0 0.578906 0.148958 0.0296875 0.0354167
0 0.507812 0.03125 0.025 0.0333333
0 0.2375 0.857292 0.034375 0.04375
