0 0.335938 0.0104167 0.0375 0.0208333
0 0.991406 0.679167 0.0140625 0.05
0 0.0125 0.990625 0.025 0.01875
0 0.307813 0.34375 0.021875 0.0291667
0 0.973437 0.863542 0.028125 0.0354167
0 0.586719 0.498958 0.0328125 0.0395833
0 0.485938 0.864583 0.028125 0.0375
0 0.742188 0.757292 0.028125 0.0354167
0 0.5625 0.161458 0.028125 0.0354167
0 0.99375 0.409375 0.0125 0.0479167
0 0.501562 0.0125 0.034375 0.025
0 0.015625 0.367708 0.03125 0.0395833
0 0.496094 0.39375 0.0328125 0.0416667
0 0.021875 0.730208 0.03125 0.04375
0 0.0890625 0.964583 0.03125 0.0375
0 0.541406 0.985417 0.0328125 0.0291667
0 0.935938 0.210417 0.040625 0.0583333
0 0.578125 0.15 0.03125 0.0375
0 0.567187 0.9 0.028125 0.0333333
0 0.0414063 0.984375 0.0328125 0.03125
0 0.219531 0.178125 0.0265625 0.0354167
0 0.317187 0.38125 0.03125 0.0375
0 0.873438 0.851042 0.028125 0.0354167
0 0.990625 0.791667 0.01875 0.0333333
0 0.835938 0.964583 0.028125 0.0375
0 0.232812 0.577083 0.028125 0.0416667
0 0.254687 0.484375 0.028125 0.0395833
0 0.771875 0.577083 0.034375 0.0416667
0 0.667188 0.151042 0.034375 0.0395833
0 0.0125 0.257292 0.025 0.04375
0 0.709375 0.636458 0.03125 0.0395833
0 0.636719 0.420833 0.0359375 0.05
0 0.772656 0.071875 0.0328125 0.0395833
0 0.0835937 0.805208 0.0296875 0.0354167
0 0.68125 0.603125 0.03125 0.04375
0 0.164844 0.378125 0.0328125 0.0479167
0 0.191406 0.844792 0.0328125 0.0395833
0 0.851562 0.747917 0.034375 0.0458333
0 0.308594 0.313542 0.0296875 0.0395833
0 0.853125 0.227083 0.04375 0.0541667
0 0.132812 0.195833 0.03125 0.0416667
0 0.24375 0.383333 0.028125 0.0375
0 0.509375 0.730208 0.040625 0.0520833
0 0.26875 0.420833 0.03125 0.0375
0 0.289062 0.110417 0.028125 0.0375
0 0.567187 0.104167 0.028125 0.0375
0 0.828125 0.434375 0.034375 0.0395833
0 0.584375 0.120833 0.03125 0.0416667
0 0.646875 0.566667 0.03125 0.0416667
0 0.283594 0.216667 0.0328125 0.0416667
0 0.602344 0.213542 0.0328125 0.04375
0 0.630469 0.804167 0.0390625 0.0458333
0 0.86875 0.408333 0.03125 0.0416667
0 0.242188 0.857292 0.03125 0.04375
0 0.598437 0.0416667 0.03125 0.0416667
0 0.846094 0.839583 0.0328125 0.0375
