0 0.6375 0.414583 0.0375 0.05
0 0.628125 0.801042 0.034375 0.0395833
0 0.560938 0.160417 0.028125 0.0375
0 0.307031 0.195833 0.0265625 0.0333333
0 0.969531 0.870833 0.0234375 0.0333333
0 0.973437 0.0375 0.028125 0.0375
0 0.992188 0.682292 0.015625 0.0354167
0 0.734375 0.15 0.03125 0.0375
0 0.0148437 0.989583 0.0296875 0.0208333
0 0.715625 0.7875 0.028125 0.0333333
0 0.541406 0.985417 0.0328125 0.0291667
0 0.570312 0.102083 0.028125 0.0333333
0 0.223438 0.483333 0.025 0.0333333
0 0.235156 0.566667 0.0328125 0.05
0 0.578125 0.148958 0.028125 0.0354167
0 0.407813 0.217708 0.034375 0.04375
0 0.705469 0.154167 0.0328125 0.0416667
0 0.4875 0.8625 0.03125 0.0416667
0 0.989062 0.413542 0.021875 0.0479167
0 0.260156 0.432292 0.0265625 0.0354167
0 0.200781 0.7375 0.0296875 0.0416667
0 0.624219 0.015625 0.0296875 0.03125
0 0.207813 0.188542 0.028125 0.0354167
0 0.792969 0.351042 0.0296875 0.0395833
0 0.836719 0.779167 0.0359375 0.0458333
0 0.851562 0.23125 0.04375 0.05
0 0.0421875 0.984375 0.0375 0.03125
0 0.824219 0.988542 0.0265625 0.0229167
0 0.0835937 0.802083 0.0328125 0.0416667
0 0.708594 0.629167 0.0328125 0.0416667
0 0.352344 0.071875 0.0265625 0.03125
0 0.453906 0.467708 0.0359375 0.0395833
0 0.707031 0.953125 0.0296875 0.0395833
0 0.83125 0.869792 0.03125 0.0395833
0 0.475 0.0541667 0.025 0.0375
0 0.625 0.240625 0.03125 0.0395833
0 0.213281 0.222917 0.0296875 0.0375
0 0.584375 0.119792 0.03125 0.0395833
0 0.129688 0.195833 0.034375 0.0416667
0 0.259375 0.266667 0.034375 0.0416667
0 0.216406 0.402083 0.0296875 0.0416667
0 0.826563 0.43125 0.03125 0.0375
0 0.601562 0.209375 0.028125 0.04375
0 0.934375 0.20625 0.0375 0.05
0 0.192969 0.855208 0.0359375 0.0479167
0 0.49375 0.616667 0.03125 0.0416667
0 0.860937 0.409375 0.028125 0.0354167
0 0.63125 0.615625 0.028125 0.0395833
0 0.236719 0.85625 0.0296875 0.0458333
0 0.105469 0.984375 0.0296875 0.03125
0 0.507031 0.0333333 0.0265625 0.0333333
