0 0.253906 0.427083 0.0234375 0.0333333
0 0.601562 0.211458 0.03125 0.0395833
0 0.564062 0.161458 0.028125 0.0354167
0 0.991406 0.683333 0.0140625 0.0416667
0 0.705469 0.444792 0.0296875 0.0354167
0 0.578125 0.15 0.03125 0.0375
0 0.0132813 0.989583 0.0265625 0.0208333
0 0.761719 0.101042 0.0328125 0.0395833
0 0.719531 0.780208 0.0265625 0.03125
0 0.0078125 0.791667 0.015625 0.0416667
0 0.991406 0.409375 0.0171875 0.0520833
0 0.0398437 0.986458 0.0328125 0.0270833
0 0.485938 0.863542 0.03125 0.04375
0 0.501562 0.0166667 0.034375 0.0333333
0 0.948438 0.922917 0.034375 0.0375
0 0.851562 0.234375 0.040625 0.0479167
0 0.539844 0.579167 0.0328125 0.0416667
0 0.638281 0.421875 0.0359375 0.04375
0 0.751562 0.06875 0.03125 0.0375
0 0.465625 0.429167 0.0375 0.05
0 0.835938 0.866667 0.028125 0.0416667
2 0.0132813 0.727083 0.0265625 0.0375
0 0.275 0.23125 0.034375 0.0375
0 0.540625 0.985417 0.034375 0.0291667
0 0.76875 0.447917 0.03125 0.0333333
0 0.567969 0.104167 0.0296875 0.0333333
0 0.975 0.357292 0.03125 0.0354167
0 0.314063 0.23125 0.034375 0.0375
0 0.0835937 0.80625 0.0296875 0.0375
0 0.0890625 0.963542 0.03125 0.04375
0 0.24375 0.15625 0.03125 0.0333333
0 0.232812 0.577083 0.028125 0.0416667
0 0.825 0.986458 0.025 0.0270833
0 0.2625 0.439583 0.03125 0.0375
0 0.192188 0.845833 0.034375 0.0416667
0 0.864062 0.413542 0.034375 0.04375
0 0.238281 0.858333 0.0296875 0.0416667
0 0.709375 0.632292 0.03125 0.0395833
0 0.641406 0.230208 0.0328125 0.0395833
0 0.935938 0.208333 0.040625 0.0583333
0 0.25 0.371875 0.028125 0.0395833
0 0.129688 0.198958 0.0375 0.0520833
0 0.829687 0.434375 0.034375 0.0395833
0 0.360156 0.0489583 0.0296875 0.0354167
0 0.63125 0.608333 0.03125 0.0416667
0 0.490625 0.751042 0.040625 0.0479167
0 0.583594 0.121875 0.0328125 0.0395833
0 0.74375 0.0270833 0.03125 0.0416667
0 0.486719 0.0395833 0.0296875 0.0375
0 0.84375 0.755208 0.03125 0.0479167
