0 0.578125 0.153125 0.028125 0.0354167
0 0.0140625 0.989583 0.028125 0.0208333
0 0.654688 0.928125 0.040625 0.0520833
0 0.515625 0.0135417 0.028125 0.0270833
0 0.00625 0.313542 0.0125 0.0479167
0 0.4875 0.865625 0.03125 0.04375
0 0.285937 0.376042 0.028125 0.03125
0 0.540625 0.9875 0.034375 0.025
0 0.0390625 0.985417 0.034375 0.0291667
0 0.727344 0.773958 0.0296875 0.0354167
0 0.539062 0.485417 0.03125 0.0416667
0 0.0101562 0.015625 0.0203125 0.03125
0 0.0890625 0.964583 0.03125 0.0375
0 0.992969 0.407292 0.0140625 0.0479167
0 0.0148437 0.766667 0.0265625 0.0416667
0 0.479688 0.410417 0.034375 0.0458333
0 0.778906 0.0104167 0.0328125 0.0208333
0 0.246875 0.2 0.0375 0.0416667
0 0.565625 0.5375 0.03125 0.0375
0 0.283594 0.219792 0.0328125 0.0395833
0 0.535156 0.970833 0.0328125 0.0333333
0 0.11875 0.526042 0.034375 0.04375
0 0.971875 0.857292 0.0375 0.04375
0 0.276563 0.344792 0.028125 0.0395833
0 0.970312 0.273958 0.03125 0.04375
0 0.46875 0.472917 0.034375 0.0458333
0 0.569531 0.103125 0.0296875 0.0354167
0 0.253125 0.140625 0.03125 0.0395833
0 0.721875 0.104167 0.034375 0.0416667
0 0.503125 0.0208333 0.03125 0.0375
0 0.235156 0.578125 0.0328125 0.04375
0 0.260938 0.439583 0.034375 0.0416667
0 0.0835937 0.80625 0.0296875 0.0375
0 0.709375 0.634375 0.03125 0.0395833
0 0.178906 0.276042 0.0390625 0.0520833
0 0.829687 0.435417 0.034375 0.0416667
0 0.865625 0.413542 0.034375 0.04375
0 0.583594 0.120833 0.0328125 0.0416667
0 0.770312 0.0854167 0.028125 0.0375
0 0.852344 0.229167 0.0421875 0.05
0 0.192969 0.846875 0.0359375 0.04375
0 0.13125 0.198958 0.0375 0.0479167
0 0.239844 0.858333 0.0328125 0.0416667
0 0.657812 0.189583 0.034375 0.0416667
0 0.497656 0.741667 0.0421875 0.05
0 0.848437 0.754167 0.034375 0.0416667
0 0.628906 0.5875 0.0328125 0.0416667
0 0.603125 0.213542 0.03125 0.0395833
0 0.842188 0.855208 0.028125 0.0395833
0 0.36875 0.021875 0.03125 0.0354167
0 0.83125 0.98125 0.028125 0.0333333
0 0.935938 0.209375 0.040625 0.05625
