2 0.00859375 0.7375 0.0171875 0.0416667
0 0.992188 0.683333 0.015625 0.0416667
0 0.24375 0.45 0.025 0.0333333
0 0.629687 0.802083 0.034375 0.0375
0 0.9875 0.0114583 0.025 0.0229167
0 0.0046875 0.811458 0.009375 0.0354167
0 0.851562 0.2375 0.040625 0.0458333
0 0.0132813 0.990625 0.0265625 0.01875
0 0.0414063 0.9875 0.0328125 0.025
0 0.717188 0.783333 0.028125 0.0333333
0 0.4875 0.863542 0.03125 0.0395833
0 0.260156 0.436458 0.0296875 0.0354167
0 0.929688 0.965625 0.034375 0.0395833
0 0.990625 0.413542 0.01875 0.0520833
0 0.75625 0.107292 0.03125 0.0395833
0 0.636719 0.41875 0.0359375 0.0458333
0 0.542188 0.986458 0.03125 0.0270833
0 0.727344 0.10625 0.0328125 0.0375
0 0.50625 0.0239583 0.025 0.0354167
0 0.307813 0.221875 0.03125 0.0395833
0 0.578125 0.148958 0.028125 0.0354167
0 0.2375 0.177083 0.028125 0.0333333
0 0.235156 0.572917 0.0296875 0.0416667
0 0.460938 0.440625 0.0375 0.0479167
0 0.628125 0.239583 0.03125 0.0375
0 0.14375 0.941667 0.028125 0.0375
0 0.084375 0.804167 0.028125 0.0375
0 0.521094 0.603125 0.0328125 0.04375
0 0.823438 0.988542 0.028125 0.0229167
0 0.939062 0.366667 0.034375 0.0416667
0 0.903125 0.60625 0.034375 0.0416667
0 0.191406 0.845833 0.0328125 0.0416667
0 0.489844 0.759375 0.0390625 0.04375
0 0.709375 0.630208 0.03125 0.0395833
0 0.602344 0.210417 0.0296875 0.0416667
0 0.13125 0.197917 0.03125 0.0416667
0 0.56875 0.102083 0.03125 0.0375
0 0.826563 0.434375 0.034375 0.0395833
0 0.0890625 0.961458 0.028125 0.0354167
0 0.357031 0.0635417 0.0296875 0.0354167
0 0.267969 0.242708 0.0328125 0.0395833
0 0.235156 0.379167 0.0296875 0.0416667
0 0.857813 0.409375 0.03125 0.04375
0 0.48125 0.0489583 0.028125 0.0354167
0 0.583594 0.119792 0.0328125 0.0395833
0 0.832812 0.871875 0.028125 0.0395833
0 0.839063 0.754167 0.034375 0.05
0 0.63125 0.613542 0.03125 0.0395833
0 0.236719 0.858333 0.0296875 0.0416667
