0 0.410156 0.216667 0.0390625 0.0541667
2 0.695312 0.0135417 0.034375 0.0270833
0 0.654688 0.927083 0.040625 0.0541667
0 0.991406 0.680208 0.0140625 0.0479167
0 0.639063 0.421875 0.040625 0.0479167
0 0.576563 0.154167 0.028125 0.0333333
0 0.00546875 0.105208 0.0109375 0.0395833
0 0.0140625 0.989583 0.028125 0.0208333
0 0.46875 0.471875 0.03125 0.04375
0 0.00546875 0.327083 0.0109375 0.0458333
0 0.514063 0.015625 0.028125 0.0270833
0 0.280469 0.391667 0.0265625 0.0291667
0 0.773438 0.0208333 0.034375 0.0375
0 0.284375 0.217708 0.03125 0.0395833
0 0.486719 0.865625 0.0296875 0.04375
0 0.563281 0.533333 0.0328125 0.0375
0 0.478125 0.413542 0.0375 0.0479167
0 0.630469 0.596875 0.0328125 0.0395833
0 0.0390625 0.986458 0.034375 0.0270833
0 0.311719 0.190625 0.0328125 0.0395833
0 0.992188 0.409375 0.015625 0.0520833
0 0.0890625 0.964583 0.03125 0.0375
0 0.270312 0.235417 0.034375 0.0375
0 0.971875 0.866667 0.0375 0.0416667
0 0.649219 0.0479167 0.0328125 0.0416667
0 0.9 0.2375 0.03125 0.0333333
0 0.0140625 0.770833 0.025 0.0416667
0 0.500781 0.0229167 0.0328125 0.0375
0 0.725 0.772917 0.028125 0.0375
0 0.272656 0.355208 0.0296875 0.0395833
0 0.247656 0.147917 0.0328125 0.0375
0 0.569531 0.103125 0.0296875 0.0354167
0 0.632031 0.578125 0.0328125 0.0395833
0 0.0570313 0.572917 0.0328125 0.0375
0 0.239844 0.857292 0.0328125 0.0395833
0 0.0828125 0.80625 0.03125 0.0375
0 0.709375 0.634375 0.03125 0.0395833
0 0.829687 0.435417 0.034375 0.0416667
0 0.0539063 0.270833 0.0359375 0.0416667
0 0.852344 0.229167 0.0421875 0.05
0 0.235156 0.577083 0.0328125 0.0458333
0 0.53125 0.985417 0.0375 0.0291667
0 0.76875 0.0895833 0.03125 0.0375
0 0.864062 0.4125 0.034375 0.0416667
0 0.192188 0.846875 0.0375 0.0479167
0 0.260938 0.439583 0.034375 0.0416667
0 0.840625 0.859375 0.025 0.0354167
0 0.584375 0.120833 0.03125 0.0375
0 0.603125 0.213542 0.03125 0.0395833
0 0.366406 0.0302083 0.0328125 0.0395833
0 0.655469 0.195833 0.0359375 0.0416667
0 0.846875 0.755208 0.03125 0.04375
0 0.935938 0.209375 0.034375 0.0520833
0 0.496094 0.745833 0.0421875 0.05
0 0.83125 0.983333 0.028125 0.0333333
0 0.129688 0.198958 0.0375 0.0479167
