0 0.991406 0.680208 0.0140625 0.0479167
0 0.578906 0.153125 0.0296875 0.0354167
0 0.989062 0.341667 0.01875 0.0416667
0 0.778906 0.00833333 0.0328125 0.0166667
0 0.628906 0.804167 0.0359375 0.0416667
0 0.515625 0.0135417 0.03125 0.0270833
0 0.309375 0.19375 0.03125 0.0375
0 0.0375 0.3875 0.034375 0.0458333
0 0.0140625 0.989583 0.028125 0.0208333
0 0.725781 0.771875 0.0296875 0.0354167
0 0.99375 0.410417 0.0125 0.0458333
0 0.00625 0.30625 0.0125 0.0458333
0 0.486719 0.864583 0.0328125 0.0458333
0 0.975 0.846875 0.034375 0.04375
0 0.638281 0.421875 0.0390625 0.0479167
0 0.263281 0.132292 0.0296875 0.0395833
0 0.283594 0.219792 0.0359375 0.04375
0 0.254687 0.239583 0.03125 0.0416667
0 0.480469 0.408333 0.0359375 0.05
0 0.0390625 0.985417 0.034375 0.0291667
0 0.0890625 0.965625 0.034375 0.04375
0 0.0164062 0.759375 0.0265625 0.0395833
0 0.2375 0.188542 0.028125 0.0354167
0 0.539844 0.960417 0.0296875 0.0333333
0 0.261719 0.438542 0.0328125 0.0395833
0 0.541406 0.986458 0.0328125 0.0270833
0 0.14375 0.534375 0.03125 0.0395833
0 0.56875 0.530208 0.03125 0.0395833
0 0.503906 0.0197917 0.0296875 0.0354167
0 0.853125 0.230208 0.04375 0.0520833
0 0.569531 0.103125 0.0296875 0.0354167
0 0.373437 0.0166667 0.028125 0.0291667
0 0.709375 0.634375 0.03125 0.0395833
0 0.0320312 0.0864583 0.0328125 0.0395833
0 0.282813 0.3375 0.028125 0.0375
0 0.733594 0.155208 0.0296875 0.0395833
0 0.084375 0.805208 0.03125 0.0395833
0 0.465625 0.5 0.03125 0.0458333
0 0.828906 0.433333 0.0328125 0.0416667
0 0.235156 0.577083 0.0328125 0.0458333
0 0.583594 0.120833 0.0328125 0.0416667
0 0.658594 0.185417 0.0359375 0.0416667
0 0.865625 0.4125 0.03125 0.0416667
0 0.129688 0.197917 0.0375 0.0458333
0 0.602344 0.214583 0.0328125 0.0416667
0 0.192188 0.845833 0.034375 0.0416667
0 0.935938 0.210417 0.040625 0.0541667
0 0.630469 0.585417 0.0328125 0.0416667
0 0.842188 0.85625 0.028125 0.0375
0 0.83125 0.979167 0.028125 0.0333333
0 0.657031 0.927083 0.0421875 0.0541667
0 0.496875 0.739583 0.04375 0.0541667
0 0.848437 0.754167 0.034375 0.0458333
0 0.771875 0.0822917 0.03125 0.0395833
0 0.239844 0.857292 0.0328125 0.04375
