0 0.99375 0.422917 0.0125 0.0458333
0 0.00625 0.296875 0.0125 0.04375
0 0.341406 0.009375 0.0328125 0.01875
0 0.978125 0.8625 0.028125 0.0375
0 0.657031 0.925 0.0390625 0.0458333
0 0.00625 0.263542 0.0125 0.0395833
0 0.994531 0.409375 0.0109375 0.0479167
0 0.577344 0.15 0.0296875 0.0333333
0 0.0125 0.989583 0.025 0.0208333
0 0.489844 0.404167 0.0296875 0.0375
0 0.524219 0.0104167 0.0265625 0.0208333
0 0.200781 0.497917 0.0296875 0.0375
0 0.378906 0.0625 0.0296875 0.0375
0 0.551562 0.934375 0.028125 0.03125
0 0.0890625 0.965625 0.03125 0.0395833
0 0.5 0.0135417 0.03125 0.0270833
0 0.0398437 0.985417 0.0328125 0.0291667
0 0.577344 0.513542 0.0328125 0.0395833
0 0.290625 0.323958 0.028125 0.0395833
0 0.541406 0.985417 0.0359375 0.0291667
0 0.220313 0.176042 0.028125 0.0354167
0 0.0195312 0.746875 0.0296875 0.04375
0 0.982813 0.823958 0.03125 0.0395833
0 0.396094 0.028125 0.0328125 0.0354167
0 0.235938 0.578125 0.03125 0.04375
0 0.123438 0.276042 0.03125 0.0395833
0 0.265625 0.438542 0.03125 0.0395833
0 0.39375 0.46875 0.034375 0.0416667
0 0.777344 0.34375 0.0328125 0.0416667
0 0.0375 0.379167 0.03125 0.0458333
0 0.483594 0.863542 0.0359375 0.04375
0 0.660937 0.173958 0.034375 0.0395833
0 0.636719 0.420833 0.0359375 0.0458333
0 0.567969 0.102083 0.0296875 0.0375
0 0.0835937 0.80625 0.0296875 0.0375
0 0.851562 0.751042 0.034375 0.04375
0 0.732031 0.763542 0.0296875 0.0354167
0 0.502344 0.7375 0.0421875 0.0541667
0 0.865625 0.409375 0.03125 0.0395833
0 0.267188 0.125 0.03125 0.0375
0 0.789844 0.886458 0.0296875 0.0395833
0 0.772656 0.0770833 0.0328125 0.0416667
0 0.628906 0.804167 0.0359375 0.0416667
0 0.852344 0.228125 0.0453125 0.0520833
0 0.709375 0.633333 0.03125 0.0416667
0 0.192188 0.84375 0.03125 0.0416667
0 0.282813 0.21875 0.034375 0.0416667
0 0.584375 0.119792 0.03125 0.0395833
0 0.828906 0.434375 0.0328125 0.0395833
0 0.842969 0.85 0.0265625 0.0333333
0 0.132812 0.195833 0.034375 0.0458333
0 0.832812 0.973958 0.028125 0.0354167
0 0.603125 0.213542 0.03125 0.0395833
0 0.632812 0.577083 0.028125 0.0375
0 0.241406 0.854167 0.0328125 0.0416667
0 0.935938 0.210417 0.040625 0.0583333
