0 0.991406 0.677083 0.0140625 0.0458333
0 0.992188 0.438542 0.015625 0.0479167
0 0.266406 0.408333 0.0296875 0.0416667
0 0.994531 0.411458 0.0109375 0.0479167
0 0.0125 0.989583 0.025 0.0208333
0 0.564844 0.158333 0.0265625 0.0333333
0 0.0421875 0.370833 0.0375 0.05
0 0.486719 0.865625 0.0296875 0.0354167
0 0.0078125 0.320833 0.015625 0.0458333
0 0.297656 0.386458 0.0328125 0.04375
0 0.307813 0.344792 0.025 0.03125
0 0.0101562 0.261458 0.0203125 0.04375
0 0.040625 0.985417 0.03125 0.0291667
0 0.0726563 0.334375 0.0328125 0.0395833
0 0.907031 0.892708 0.0296875 0.0395833
0 0.0890625 0.964583 0.03125 0.0375
0 0.49375 0.396875 0.03125 0.0395833
0 0.989844 0.798958 0.0203125 0.0354167
0 0.542188 0.986458 0.034375 0.0270833
0 0.220313 0.172917 0.028125 0.0375
0 0.499219 0.0145833 0.0359375 0.0291667
0 0.711719 0.655208 0.0296875 0.0354167
0 0.564844 0.90625 0.0296875 0.0333333
0 0.6375 0.564583 0.03125 0.0416667
0 0.0210938 0.733333 0.0328125 0.0458333
0 0.584375 0.502083 0.03125 0.0375
0 0.585156 0.120833 0.0296875 0.0375
0 0.851562 0.747917 0.034375 0.0458333
0 0.192969 0.844792 0.0328125 0.0395833
0 0.21875 0.433333 0.03125 0.0333333
0 0.267969 0.425 0.0328125 0.0416667
0 0.590625 0.015625 0.03125 0.03125
0 0.240625 0.85625 0.03125 0.0416667
0 0.0835937 0.80625 0.0296875 0.0375
0 0.567969 0.103125 0.0296875 0.0395833
0 0.770312 0.53125 0.034375 0.0458333
0 0.772656 0.0739583 0.0296875 0.0395833
0 0.284375 0.114583 0.028125 0.0375
0 0.636719 0.421875 0.0359375 0.0479167
0 0.235156 0.577083 0.0296875 0.0416667
0 0.935938 0.208333 0.040625 0.0583333
0 0.667188 0.157292 0.0375 0.04375
0 0.282813 0.217708 0.034375 0.0395833
0 0.835938 0.96875 0.028125 0.0375
0 0.132031 0.195833 0.0328125 0.0458333
0 0.707812 0.633333 0.034375 0.0416667
0 0.828125 0.434375 0.034375 0.04375
0 0.86875 0.408333 0.03125 0.0416667
0 0.6 0.2125 0.03125 0.0416667
0 0.577344 0.151042 0.0296875 0.0354167
0 0.30625 0.315625 0.028125 0.0395833
0 0.853125 0.229167 0.04375 0.0541667
0 0.628906 0.805208 0.0359375 0.04375
0 0.848437 0.842708 0.028125 0.0354167
0 0.507812 0.730208 0.04375 0.0520833
