0 0.01875 0.984375 0.028125 0.0270833
0 0.628906 0.804167 0.0359375 0.0416667
0 0.990625 0.680208 0.015625 0.0479167
0 0.514063 0.0135417 0.028125 0.0270833
0 0.578906 0.153125 0.0265625 0.03125
0 0.0132813 0.989583 0.0265625 0.0208333
0 0.779688 0.009375 0.034375 0.01875
0 0.00625 0.310417 0.0125 0.05
0 0.536719 0.965625 0.0296875 0.0354167
0 0.99375 0.408333 0.0125 0.05
0 0.2875 0.217708 0.0375 0.0395833
0 0.486719 0.864583 0.0328125 0.0416667
0 0.542969 0.986458 0.0328125 0.0270833
0 0.479688 0.410417 0.034375 0.0458333
0 0.725781 0.772917 0.0296875 0.0375
0 0.0390625 0.985417 0.034375 0.0291667
0 0.0890625 0.965625 0.03125 0.0395833
0 0.501562 0.455208 0.034375 0.0479167
0 0.0125 0.040625 0.025 0.04375
0 0.1375 0.523958 0.0375 0.04375
0 0.567187 0.533333 0.03125 0.0375
0 0.015625 0.764583 0.028125 0.0416667
0 0.279687 0.340625 0.028125 0.0395833
0 0.244531 0.189583 0.0328125 0.0416667
0 0.217187 0.284375 0.034375 0.0395833
0 0.985937 0.294792 0.028125 0.0395833
0 0.255469 0.134375 0.0296875 0.0354167
0 0.655469 0.928125 0.0421875 0.0520833
0 0.973437 0.853125 0.0375 0.0479167
0 0.638281 0.420833 0.0390625 0.05
0 0.260938 0.438542 0.034375 0.0395833
0 0.828906 0.435417 0.0328125 0.0416667
0 0.569531 0.103125 0.0296875 0.0354167
0 0.235938 0.578125 0.03125 0.04375
0 0.709375 0.634375 0.03125 0.0395833
0 0.0835937 0.805208 0.0296875 0.0395833
0 0.503906 0.0197917 0.0296875 0.0354167
0 0.658594 0.186458 0.0359375 0.0395833
0 0.192188 0.845833 0.034375 0.0416667
0 0.864062 0.413542 0.034375 0.04375
0 0.584375 0.121875 0.03125 0.0395833
0 0.371094 0.0197917 0.0296875 0.03125
0 0.73125 0.123958 0.034375 0.04375
0 0.129688 0.198958 0.0375 0.0520833
0 0.602344 0.213542 0.0296875 0.0395833
0 0.496875 0.741667 0.04375 0.05
0 0.629687 0.586458 0.03125 0.0395833
0 0.853125 0.229167 0.04375 0.0541667
0 0.842188 0.85625 0.028125 0.0375
0 0.771094 0.0822917 0.0328125 0.0395833
0 0.83125 0.980208 0.028125 0.0354167
0 0.848437 0.754167 0.034375 0.0458333
0 0.239063 0.859375 0.034375 0.04375
0 0.935156 0.209375 0.0390625 0.05625
