0 0.307031 0.195833 0.0265625 0.0333333
0 0.96875 0.873958 0.025 0.0354167
0 0.0140625 0.989583 0.028125 0.0208333
0 0.628125 0.802083 0.034375 0.0416667
0 0.735156 0.155208 0.0265625 0.0354167
0 0.992969 0.680208 0.0140625 0.0354167
0 0.560938 0.160417 0.028125 0.0333333
0 0.96875 0.040625 0.025 0.0354167
0 0.714844 0.7875 0.0296875 0.0333333
0 0.407813 0.217708 0.034375 0.04375
0 0.540625 0.985417 0.03125 0.0291667
0 0.235156 0.566667 0.0328125 0.05
0 0.704687 0.157292 0.03125 0.0395833
0 0.486719 0.8625 0.0328125 0.0416667
0 0.6875 0.980208 0.03125 0.0354167
0 0.489062 0.615625 0.03125 0.04375
0 0.989062 0.415625 0.021875 0.0479167
0 0.197656 0.246875 0.0328125 0.0395833
0 0.351562 0.0729167 0.028125 0.0333333
0 0.260938 0.43125 0.028125 0.0375
0 0.851562 0.234375 0.040625 0.0479167
0 0.570312 0.102083 0.028125 0.0333333
0 0.102344 0.985417 0.0328125 0.0291667
0 0.835156 0.784375 0.0359375 0.04375
0 0.221875 0.486458 0.025 0.03125
0 0.0421875 0.984375 0.034375 0.03125
0 0.823438 0.9875 0.028125 0.025
0 0.708594 0.629167 0.0328125 0.0416667
0 0.578125 0.147917 0.028125 0.0333333
0 0.129688 0.196875 0.034375 0.04375
0 0.084375 0.802083 0.03125 0.0375
0 0.83125 0.86875 0.03125 0.0416667
0 0.584375 0.119792 0.03125 0.0395833
0 0.78125 0.394792 0.028125 0.0395833
0 0.625 0.239583 0.03125 0.0375
0 0.258594 0.269792 0.0359375 0.04375
0 0.474219 0.0541667 0.0265625 0.0375
0 0.20625 0.194792 0.03125 0.0354167
0 0.623438 0.0166667 0.028125 0.0333333
0 0.192969 0.855208 0.0359375 0.0479167
0 0.19375 0.713542 0.03125 0.04375
0 0.213281 0.40625 0.0265625 0.0416667
0 0.827344 0.432292 0.0296875 0.0354167
0 0.453125 0.471875 0.0375 0.0395833
0 0.601562 0.209375 0.028125 0.04375
0 0.63125 0.616667 0.03125 0.0416667
0 0.861719 0.410417 0.0296875 0.0375
0 0.935938 0.207292 0.034375 0.0479167
0 0.235938 0.857292 0.03125 0.04375
0 0.50625 0.0322917 0.025 0.03125
