0 0.976562 0.860417 0.028125 0.0333333
0 0.990625 0.680208 0.015625 0.0479167
0 0.0125 0.990625 0.025 0.01875
0 0.564844 0.009375 0.0296875 0.01875
0 0.99375 0.410417 0.0125 0.0458333
0 0.4875 0.865625 0.03125 0.0354167
0 0.307813 0.34375 0.021875 0.0291667
0 0.0257812 0.248958 0.0296875 0.0354167
0 0.0101562 0.272917 0.0203125 0.0416667
0 0.267188 0.43125 0.03125 0.0375
0 0.578125 0.151042 0.03125 0.0354167
0 0.283594 0.413542 0.0296875 0.0354167
0 0.314844 0.401042 0.0296875 0.0354167
0 0.040625 0.985417 0.03125 0.0291667
0 0.492969 0.398958 0.0328125 0.0395833
0 0.5625 0.913542 0.03125 0.0354167
0 0.192969 0.402083 0.0296875 0.0333333
0 0.542188 0.985417 0.034375 0.0291667
0 0.0882813 0.964583 0.0296875 0.0375
0 0.241406 0.85625 0.0296875 0.0375
0 0.300781 0.316667 0.0296875 0.0375
0 0.0210938 0.7375 0.0296875 0.0416667
0 0.7375 0.713542 0.03125 0.0395833
0 0.56875 0.103125 0.03125 0.0395833
0 0.957812 0.955208 0.03125 0.0395833
0 0.278906 0.117708 0.0296875 0.0354167
0 0.665625 0.161458 0.034375 0.0395833
0 0.585156 0.121875 0.0328125 0.0395833
0 0.497656 0.0145833 0.0328125 0.0291667
0 0.773438 0.0739583 0.03125 0.0395833
0 0.0835937 0.80625 0.0296875 0.0375
0 0.709375 0.633333 0.03125 0.0375
0 0.851562 0.75 0.034375 0.0458333
0 0.192969 0.844792 0.0328125 0.0395833
0 0.988281 0.805208 0.0234375 0.0354167
0 0.583594 0.505208 0.0328125 0.0395833
0 0.769531 0.502083 0.0328125 0.0458333
0 0.0390625 0.373958 0.0375 0.04375
0 0.282813 0.21875 0.034375 0.0416667
0 0.935938 0.210417 0.040625 0.0583333
0 0.234375 0.578125 0.028125 0.04375
0 0.635156 0.570833 0.0296875 0.0416667
0 0.835938 0.96875 0.028125 0.0375
0 0.86875 0.409375 0.03125 0.04375
0 0.828906 0.433333 0.0328125 0.0416667
0 0.133594 0.194792 0.0328125 0.04375
0 0.853125 0.229167 0.04375 0.0541667
0 0.636719 0.420833 0.0359375 0.05
0 0.845312 0.844792 0.028125 0.0354167
0 0.602344 0.2125 0.0328125 0.0416667
0 0.219531 0.18125 0.0265625 0.0375
0 0.629687 0.804167 0.034375 0.0416667
0 0.507812 0.730208 0.040625 0.0520833
