0 0.235156 0.339583 0.0296875 0.0375
0 0.308594 0.344792 0.0203125 0.0270833
0 0.0125 0.990625 0.025 0.01875
0 0.485938 0.864583 0.028125 0.0375
0 0.564062 0.161458 0.028125 0.0354167
0 0.99375 0.409375 0.0125 0.0479167
0 0.501562 0.0125 0.034375 0.025
0 0.684375 0.566667 0.03125 0.0375
0 0.0234375 0.730208 0.03125 0.04375
0 0.742969 0.75625 0.0296875 0.0375
0 0.56875 0.896875 0.03125 0.0354167
0 0.252344 0.360417 0.0296875 0.0375
0 0.586719 0.495833 0.0328125 0.0416667
0 0.541406 0.985417 0.0328125 0.0291667
0 0.496094 0.39375 0.0328125 0.0416667
0 0.0101562 0.378125 0.0203125 0.0395833
0 0.0890625 0.964583 0.03125 0.0375
0 0.040625 0.984375 0.03125 0.03125
0 0.323438 0.380208 0.03125 0.0395833
0 0.771094 0.584375 0.0328125 0.0395833
0 0.990625 0.789583 0.01875 0.0375
0 0.220313 0.171875 0.028125 0.0354167
0 0.585938 0.071875 0.03125 0.0354167
0 0.578125 0.151042 0.03125 0.0354167
0 0.182031 0.404167 0.0296875 0.0416667
0 0.979688 0.864583 0.028125 0.0375
0 0.666406 0.151042 0.0359375 0.0395833
0 0.567187 0.103125 0.028125 0.0354167
0 0.232812 0.575 0.028125 0.0416667
0 0.291406 0.109375 0.0265625 0.0354167
0 0.853125 0.228125 0.046875 0.05625
0 0.845312 0.841667 0.028125 0.0333333
0 0.246094 0.5 0.0328125 0.0416667
0 0.772656 0.071875 0.0328125 0.0395833
0 0.0828125 0.805208 0.028125 0.0354167
0 0.584375 0.121875 0.03125 0.0395833
0 0.510156 0.729167 0.0421875 0.05
0 0.0125 0.255208 0.025 0.0395833
0 0.629687 0.804167 0.0375 0.0416667
0 0.191406 0.844792 0.0328125 0.0395833
0 0.26875 0.417708 0.03125 0.0354167
0 0.835938 0.966667 0.028125 0.0375
0 0.132812 0.195833 0.03125 0.0416667
0 0.242969 0.857292 0.0296875 0.0395833
0 0.309375 0.311458 0.028125 0.0354167
0 0.827344 0.85625 0.0296875 0.0375
0 0.708594 0.635417 0.0328125 0.0375
0 0.828125 0.434375 0.034375 0.0395833
0 0.638281 0.420833 0.0359375 0.05
0 0.86875 0.408333 0.03125 0.0416667
0 0.282813 0.217708 0.03125 0.0395833
0 0.853125 0.746875 0.03125 0.04375
0 0.601562 0.213542 0.034375 0.04375
0 0.935938 0.209375 0.040625 0.05625
0 0.646875 0.565625 0.03125 0.0395833
