0 0.990625 0.682292 0.015625 0.0479167
0 0.578125 0.153125 0.028125 0.0354167
0 0.310156 0.192708 0.0296875 0.0354167
0 0.778906 0.00833333 0.0328125 0.0166667
0 0.628906 0.804167 0.0359375 0.0416667
0 0.516406 0.0125 0.0296875 0.025
0 0.0367187 0.383333 0.0359375 0.05
0 0.726562 0.772917 0.028125 0.0375
0 0.00625 0.30625 0.0125 0.0458333
0 0.0140625 0.989583 0.028125 0.0208333
0 0.99375 0.409375 0.0125 0.0479167
0 0.4875 0.865625 0.03125 0.04375
0 0.638281 0.421875 0.0390625 0.0479167
0 0.2625 0.132292 0.03125 0.0395833
0 0.973437 0.845833 0.034375 0.0416667
0 0.252344 0.223958 0.0296875 0.0354167
0 0.282813 0.220833 0.034375 0.0416667
0 0.0390625 0.985417 0.034375 0.0291667
0 0.0882813 0.964583 0.0328125 0.0416667
0 0.146094 0.535417 0.0328125 0.0375
0 0.480469 0.40625 0.0359375 0.0458333
0 0.0164062 0.759375 0.0265625 0.0395833
0 0.0375 0.090625 0.028125 0.03125
0 0.261719 0.438542 0.0328125 0.0395833
0 0.459375 0.486458 0.03125 0.04375
0 0.56875 0.530208 0.03125 0.0395833
0 0.709375 0.634375 0.03125 0.0395833
0 0.372656 0.0166667 0.0265625 0.0291667
0 0.539844 0.958333 0.0296875 0.0333333
0 0.503906 0.0197917 0.0296875 0.0354167
0 0.56875 0.103125 0.028125 0.0354167
0 0.542188 0.986458 0.034375 0.0270833
0 0.235156 0.578125 0.0296875 0.04375
0 0.0835937 0.805208 0.0296875 0.0395833
0 0.739844 0.15625 0.0328125 0.0375
0 0.282813 0.336458 0.028125 0.0395833
0 0.828906 0.435417 0.0328125 0.0416667
0 0.584375 0.120833 0.03125 0.0416667
0 0.235938 0.192708 0.028125 0.0395833
0 0.658594 0.185417 0.0359375 0.0416667
0 0.192188 0.845833 0.034375 0.0416667
0 0.853125 0.229167 0.04375 0.0541667
0 0.865625 0.4125 0.03125 0.0416667
0 0.602344 0.214583 0.0328125 0.0416667
0 0.129688 0.198958 0.034375 0.04375
0 0.771875 0.0822917 0.03125 0.0395833
0 0.842188 0.854167 0.028125 0.0375
0 0.848437 0.754167 0.034375 0.0458333
0 0.496875 0.738542 0.04375 0.0520833
0 0.83125 0.979167 0.028125 0.0375
0 0.630469 0.584375 0.0328125 0.0395833
0 0.239063 0.858333 0.034375 0.0416667
0 0.657031 0.926042 0.0421875 0.0520833
0 0.936719 0.209375 0.0390625 0.05625
