0 0.578906 0.153125 0.0265625 0.03125
0 0.630469 0.804167 0.0359375 0.0416667
0 0.0140625 0.989583 0.028125 0.0208333
0 0.311719 0.190625 0.0296875 0.0354167
0 0.515625 0.0145833 0.028125 0.025
0 0.471094 0.46875 0.0328125 0.05
0 0.00625 0.3125 0.0125 0.0458333
0 0.99375 0.407292 0.0125 0.0520833
0 0.485938 0.865625 0.034375 0.04375
0 0.0390625 0.985417 0.034375 0.0291667
0 0.532031 0.470833 0.0328125 0.0416667
0 0.540625 0.9875 0.03125 0.025
0 0.726562 0.773958 0.03125 0.0354167
0 0.780469 0.0104167 0.0328125 0.0208333
0 0.0890625 0.965625 0.03125 0.0395833
0 0.479688 0.411458 0.034375 0.0479167
0 0.015625 0.766667 0.028125 0.0416667
0 0.565625 0.535417 0.03125 0.0375
0 0.284375 0.21875 0.03125 0.0375
0 0.194531 0.277083 0.0328125 0.0416667
0 0.966406 0.303125 0.0328125 0.04375
0 0.246094 0.207292 0.0296875 0.0395833
0 0.279687 0.345833 0.025 0.0375
0 0.535937 0.966667 0.03125 0.0333333
0 0.0335938 0.0208333 0.0296875 0.0375
0 0.130469 0.523958 0.0328125 0.04375
0 0.569531 0.103125 0.0296875 0.0354167
0 0.973437 0.85625 0.0375 0.0458333
0 0.654688 0.928125 0.040625 0.0520833
0 0.503906 0.0197917 0.0296875 0.0354167
0 0.0835937 0.805208 0.0296875 0.0395833
0 0.261719 0.439583 0.0328125 0.0375
0 0.639063 0.421875 0.040625 0.0520833
0 0.584375 0.121875 0.03125 0.0395833
0 0.235156 0.578125 0.0328125 0.04375
0 0.254687 0.1375 0.03125 0.0375
0 0.709375 0.633333 0.03125 0.0416667
0 0.829687 0.435417 0.034375 0.0416667
0 0.730469 0.110417 0.0328125 0.0375
0 0.864844 0.4125 0.0328125 0.0416667
0 0.192188 0.846875 0.034375 0.04375
0 0.852344 0.228125 0.0421875 0.0520833
0 0.658594 0.1875 0.0359375 0.0416667
0 0.603125 0.213542 0.03125 0.0395833
0 0.130469 0.198958 0.0359375 0.0479167
0 0.239063 0.860417 0.034375 0.0458333
0 0.771094 0.0833333 0.0296875 0.0375
0 0.369531 0.0208333 0.0296875 0.0333333
0 0.629687 0.5875 0.03125 0.0416667
0 0.497656 0.741667 0.0421875 0.05
0 0.848437 0.755208 0.034375 0.04375
0 0.841406 0.85625 0.0296875 0.0375
0 0.83125 0.980208 0.028125 0.0354167
0 0.935938 0.209375 0.040625 0.05625
