0 0.410937 0.216667 0.040625 0.0541667
0 0.629687 0.804167 0.034375 0.0416667
2 0.696875 0.0145833 0.03125 0.0291667
0 0.576563 0.153125 0.028125 0.0354167
0 0.654688 0.928125 0.040625 0.0520833
0 0.28125 0.3875 0.025 0.0291667
0 0.0132813 0.990625 0.0265625 0.01875
0 0.00546875 0.326042 0.0109375 0.04375
0 0.774219 0.0166667 0.0359375 0.0333333
0 0.513281 0.0145833 0.0265625 0.025
0 0.469531 0.46875 0.0328125 0.05
0 0.638281 0.421875 0.0390625 0.0479167
0 0.285156 0.219792 0.0328125 0.0395833
0 0.310937 0.189583 0.03125 0.0375
0 0.486719 0.865625 0.0296875 0.04375
0 0.264062 0.228125 0.034375 0.0395833
0 0.478125 0.4125 0.0375 0.05
0 0.565625 0.53125 0.03125 0.0375
0 0.0390625 0.986458 0.034375 0.0270833
0 0.992188 0.410417 0.015625 0.0541667
0 0.0398437 0.09375 0.0296875 0.0375
0 0.724219 0.772917 0.0296875 0.0375
0 0.973437 0.8625 0.034375 0.0416667
0 0.0898438 0.964583 0.0296875 0.0375
0 0.0148437 0.770833 0.0265625 0.0416667
0 0.0703125 0.539583 0.034375 0.0375
0 0.0828125 0.285417 0.034375 0.0458333
0 0.657031 0.08125 0.0328125 0.0375
0 0.709375 0.633333 0.03125 0.0416667
0 0.084375 0.805208 0.03125 0.0395833
0 0.249219 0.144792 0.0296875 0.0354167
0 0.500781 0.0229167 0.0328125 0.0375
0 0.569531 0.103125 0.0296875 0.0354167
0 0.273438 0.353125 0.028125 0.0395833
0 0.235156 0.578125 0.0296875 0.04375
0 0.864844 0.4125 0.0328125 0.0416667
0 0.76875 0.0895833 0.03125 0.0416667
0 0.830469 0.435417 0.0328125 0.0416667
0 0.607813 0.564583 0.03125 0.0458333
0 0.260156 0.438542 0.0328125 0.0395833
0 0.239844 0.858333 0.0328125 0.0416667
0 0.628125 0.594792 0.03125 0.0395833
0 0.603125 0.213542 0.03125 0.0395833
0 0.852344 0.230208 0.0421875 0.0520833
0 0.65625 0.19375 0.034375 0.0416667
0 0.192969 0.845833 0.0359375 0.0458333
0 0.584375 0.120833 0.03125 0.0375
0 0.529688 0.983333 0.034375 0.0333333
0 0.496875 0.745833 0.04375 0.05
0 0.842188 0.857292 0.028125 0.0395833
0 0.846875 0.755208 0.03125 0.04375
0 0.366406 0.0270833 0.0328125 0.0375
0 0.83125 0.983333 0.028125 0.0333333
0 0.129688 0.2 0.0375 0.05
0 0.934375 0.211458 0.0375 0.05625
