0 0.577344 0.152083 0.0296875 0.0375
2 0.698438 0.015625 0.034375 0.03125
0 0.292969 0.364583 0.0234375 0.025
0 0.989844 0.680208 0.0171875 0.0479167
0 0.336719 0.0104167 0.0359375 0.0208333
0 0.516406 0.0135417 0.0296875 0.0270833
0 0.0132813 0.989583 0.0265625 0.0208333
0 0.00703125 0.303125 0.0140625 0.04375
0 0.99375 0.408333 0.0125 0.05
0 0.482812 0.40625 0.034375 0.0458333
0 0.975781 0.845833 0.0328125 0.0416667
0 0.726562 0.771875 0.028125 0.0354167
0 0.4875 0.864583 0.03125 0.0416667
0 0.542188 0.95625 0.028125 0.0333333
0 0.0390625 0.985417 0.034375 0.0291667
0 0.308594 0.192708 0.0296875 0.0395833
0 0.0882813 0.964583 0.0328125 0.0416667
0 0.0179687 0.757292 0.0265625 0.0395833
0 0.261719 0.438542 0.0328125 0.0395833
0 0.155469 0.533333 0.0328125 0.0416667
0 0.0382813 0.3875 0.0328125 0.0458333
0 0.0523437 0.107292 0.0296875 0.0395833
0 0.505469 0.0197917 0.0328125 0.0354167
0 0.263281 0.129167 0.0296875 0.0375
0 0.658594 0.183333 0.0359375 0.0416667
0 0.569531 0.103125 0.0296875 0.0354167
0 0.708594 0.632292 0.0328125 0.04375
0 0.56875 0.526042 0.03125 0.0395833
0 0.735937 0.171875 0.028125 0.0354167
0 0.0835937 0.80625 0.0296875 0.0375
0 0.234375 0.579167 0.03125 0.0458333
0 0.657031 0.925 0.0421875 0.05
0 0.4625 0.475 0.0375 0.05
0 0.192969 0.844792 0.0328125 0.04375
0 0.865625 0.4125 0.03125 0.0416667
0 0.373437 0.0135417 0.028125 0.0270833
0 0.497656 0.739583 0.0421875 0.05
0 0.638281 0.421875 0.0390625 0.0479167
0 0.232812 0.186458 0.03125 0.0395833
0 0.828906 0.434375 0.0328125 0.0395833
0 0.541406 0.986458 0.0359375 0.0270833
0 0.583594 0.120833 0.0359375 0.0416667
0 0.603125 0.214583 0.03125 0.0375
0 0.283594 0.336458 0.0265625 0.0354167
0 0.13125 0.198958 0.034375 0.04375
0 0.848437 0.752083 0.034375 0.0458333
0 0.842188 0.855208 0.028125 0.0354167
0 0.239844 0.85625 0.0328125 0.0416667
0 0.63125 0.583333 0.03125 0.0416667
0 0.771875 0.0802083 0.03125 0.0395833
0 0.853125 0.229167 0.04375 0.0541667
0 0.83125 0.978125 0.03125 0.0354167
0 0.936719 0.210417 0.0390625 0.0541667
0 0.282031 0.216667 0.0328125 0.0416667
