0 0.96875 0.877083 0.025 0.0333333
0 0.483594 0.7625 0.0453125 0.0458333
0 0.6375 0.414583 0.0375 0.05
0 0.628125 0.802083 0.034375 0.0375
0 0.0125 0.989583 0.025 0.0208333
0 0.560938 0.160417 0.028125 0.0375
0 0.992188 0.68125 0.015625 0.0375
0 0.221094 0.4875 0.0234375 0.0291667
0 0.307031 0.196875 0.0265625 0.0354167
0 0.486719 0.61875 0.0328125 0.0458333
0 0.540625 0.985417 0.03125 0.0291667
0 0.407813 0.217708 0.034375 0.0395833
0 0.734375 0.157292 0.03125 0.0395833
0 0.577344 0.148958 0.0296875 0.0354167
0 0.714063 0.7875 0.03125 0.0375
0 0.96875 0.04375 0.025 0.0375
0 0.235156 0.564583 0.0328125 0.0458333
0 0.989062 0.415625 0.021875 0.0479167
0 0.188281 0.71875 0.0328125 0.0416667
0 0.1 0.988542 0.03125 0.0229167
0 0.703906 0.159375 0.0328125 0.04375
0 0.570312 0.102083 0.028125 0.0333333
0 0.486719 0.861458 0.0359375 0.04375
0 0.261719 0.43125 0.0265625 0.0375
0 0.188281 0.854167 0.0359375 0.0458333
0 0.935156 0.20625 0.0359375 0.05
0 0.708594 0.629167 0.0328125 0.0416667
0 0.835156 0.785417 0.0359375 0.0458333
0 0.823438 0.9875 0.028125 0.025
0 0.83125 0.869792 0.03125 0.0395833
0 0.0835937 0.802083 0.0296875 0.0375
0 0.8 0.411458 0.03125 0.0354167
0 0.189844 0.254167 0.0328125 0.0416667
0 0.129688 0.195833 0.03125 0.0416667
0 0.624219 0.240625 0.0328125 0.0395833
0 0.350781 0.075 0.0265625 0.0333333
0 0.0429688 0.984375 0.0359375 0.03125
0 0.583594 0.119792 0.0328125 0.0395833
0 0.205469 0.195833 0.0296875 0.0375
0 0.826563 0.432292 0.028125 0.0354167
0 0.623438 0.0177083 0.03125 0.0354167
0 0.473437 0.0552083 0.028125 0.0395833
0 0.66875 0.983333 0.03125 0.0333333
0 0.851562 0.232292 0.046875 0.0520833
0 0.602344 0.208333 0.0296875 0.0416667
0 0.453906 0.476042 0.0359375 0.0395833
0 0.257812 0.272917 0.034375 0.0416667
0 0.211719 0.408333 0.0265625 0.0416667
0 0.860937 0.409375 0.028125 0.0395833
0 0.63125 0.615625 0.03125 0.0395833
0 0.236719 0.85625 0.0328125 0.0458333
0 0.507031 0.0322917 0.0265625 0.0354167
