0 0.628125 0.802083 0.034375 0.0375
0 0.969531 0.872917 0.0265625 0.0375
0 0.307031 0.196875 0.0265625 0.0354167
0 0.973437 0.040625 0.028125 0.0395833
0 0.0140625 0.988542 0.028125 0.0229167
0 0.560938 0.161458 0.028125 0.0354167
0 0.735156 0.151042 0.0296875 0.0354167
0 0.540625 0.985417 0.03125 0.0291667
0 0.714844 0.7875 0.0296875 0.0333333
0 0.992188 0.679167 0.015625 0.0375
0 0.235156 0.566667 0.0328125 0.05
0 0.624219 0.0166667 0.0296875 0.0333333
0 0.4875 0.8625 0.03125 0.0416667
0 0.989062 0.414583 0.021875 0.0458333
0 0.703906 0.157292 0.0328125 0.0395833
0 0.835938 0.780208 0.034375 0.04375
0 0.260938 0.43125 0.028125 0.0375
0 0.0835937 0.802083 0.0328125 0.0416667
0 0.851562 0.232292 0.04375 0.0479167
0 0.823438 0.9875 0.028125 0.025
0 0.570312 0.102083 0.028125 0.0333333
0 0.578125 0.148958 0.028125 0.0354167
0 0.697656 0.970833 0.0359375 0.0416667
0 0.221875 0.484375 0.025 0.03125
0 0.19375 0.720833 0.03125 0.0458333
0 0.352344 0.0729167 0.0265625 0.0333333
0 0.708594 0.629167 0.0328125 0.0416667
0 0.0429688 0.984375 0.0359375 0.03125
0 0.204688 0.233333 0.03125 0.0416667
0 0.83125 0.869792 0.03125 0.0395833
0 0.785156 0.372917 0.0296875 0.0375
0 0.207031 0.192708 0.0296875 0.0354167
0 0.103906 0.985417 0.0328125 0.0291667
0 0.407813 0.216667 0.034375 0.0458333
0 0.259375 0.26875 0.0375 0.0416667
0 0.584375 0.119792 0.03125 0.0354167
0 0.625 0.240625 0.03125 0.0395833
0 0.475 0.0541667 0.025 0.0375
0 0.129688 0.195833 0.034375 0.0458333
0 0.491406 0.616667 0.0328125 0.0416667
0 0.192969 0.853125 0.0359375 0.0479167
0 0.214844 0.405208 0.0296875 0.04375
0 0.454688 0.470833 0.0375 0.0416667
0 0.63125 0.615625 0.028125 0.0395833
0 0.601562 0.209375 0.028125 0.04375
0 0.827344 0.43125 0.0296875 0.0375
0 0.934375 0.20625 0.0375 0.05
0 0.860937 0.410417 0.028125 0.0375
0 0.235938 0.857292 0.03125 0.04375
0 0.507031 0.03125 0.0265625 0.0333333
