0 0.703125 0.453125 0.03125 0.0395833
0 0.992188 0.684375 0.015625 0.04375
0 0.565625 0.160417 0.028125 0.0333333
0 0.308594 0.188542 0.0265625 0.0354167
0 0.25 0.4375 0.025 0.0333333
0 0.0140625 0.990625 0.025 0.01875
0 0.00625 0.8 0.0125 0.0416667
0 0.458594 0.430208 0.0390625 0.0520833
0 0.717969 0.782292 0.0296875 0.0354167
0 0.0414063 0.9875 0.0296875 0.025
0 0.238281 0.166667 0.0296875 0.0333333
2 0.0101562 0.729167 0.0203125 0.0416667
0 0.829687 0.435417 0.034375 0.0375
0 0.4875 0.864583 0.03125 0.0416667
0 0.578125 0.15 0.03125 0.0375
0 0.759375 0.101042 0.03125 0.0354167
0 0.851562 0.236458 0.040625 0.0520833
0 0.504687 0.0208333 0.028125 0.0333333
0 0.942187 0.939583 0.034375 0.0375
0 0.951563 0.447917 0.03125 0.0375
0 0.635156 0.235417 0.0359375 0.0416667
0 0.989844 0.4125 0.0203125 0.0583333
0 0.273438 0.236458 0.034375 0.0395833
0 0.541406 0.985417 0.0328125 0.0291667
0 0.0898438 0.9625 0.0296875 0.0416667
0 0.6375 0.421875 0.0375 0.0479167
0 0.0835937 0.805208 0.0296875 0.0354167
0 0.483594 0.0427083 0.0296875 0.0395833
0 0.817187 0.414583 0.034375 0.0416667
0 0.244531 0.371875 0.0265625 0.0395833
0 0.569531 0.103125 0.0296875 0.0354167
0 0.823438 0.9875 0.028125 0.025
0 0.233594 0.576042 0.0296875 0.04375
0 0.261719 0.438542 0.0328125 0.0395833
0 0.314063 0.225 0.034375 0.0416667
0 0.130469 0.198958 0.0359375 0.0479167
0 0.532031 0.590625 0.0296875 0.0395833
0 0.865625 0.413542 0.03125 0.0395833
0 0.601562 0.211458 0.03125 0.0395833
0 0.491406 0.752083 0.0421875 0.0458333
0 0.192188 0.845833 0.034375 0.0416667
0 0.709375 0.63125 0.03125 0.0416667
0 0.357031 0.05625 0.0296875 0.0375
0 0.744531 0.078125 0.0328125 0.0395833
0 0.582812 0.120833 0.034375 0.0416667
0 0.935938 0.209375 0.040625 0.05625
0 0.834375 0.86875 0.025 0.0375
0 0.842188 0.754167 0.034375 0.05
0 0.236719 0.857292 0.0296875 0.0395833
0 0.630469 0.610417 0.0328125 0.0375
