0 0.309375 0.191667 0.03125 0.0375
0 0.714844 0.440625 0.0328125 0.0395833
2 0.009375 0.722917 0.01875 0.0375
0 0.199219 0.936458 0.0265625 0.0354167
0 0.564062 0.161458 0.028125 0.0354167
0 0.992188 0.683333 0.015625 0.0416667
0 0.0125 0.990625 0.025 0.01875
0 0.638281 0.422917 0.0390625 0.0458333
0 0.578125 0.15 0.03125 0.0375
0 0.602344 0.2125 0.0296875 0.0375
0 0.501562 0.0177083 0.034375 0.0354167
0 0.951563 0.91875 0.034375 0.0375
0 0.00859375 0.788542 0.0171875 0.0395833
0 0.976562 0.320833 0.03125 0.0375
0 0.761719 0.0989583 0.0296875 0.0395833
0 0.485938 0.864583 0.03125 0.0416667
0 0.040625 0.9875 0.03125 0.025
0 0.276563 0.230208 0.034375 0.0395833
0 0.992188 0.410417 0.015625 0.0541667
0 0.73125 0.433333 0.03125 0.0375
0 0.851562 0.235417 0.040625 0.05
0 0.540625 0.985417 0.03125 0.0291667
0 0.836719 0.865625 0.0265625 0.04375
0 0.720312 0.779167 0.028125 0.0333333
0 0.251563 0.370833 0.028125 0.0375
0 0.360156 0.0479167 0.0296875 0.0375
0 0.46875 0.428125 0.0375 0.05625
0 0.0835937 0.80625 0.0296875 0.0375
0 0.826563 0.986458 0.028125 0.0270833
0 0.0890625 0.9625 0.03125 0.0416667
0 0.708594 0.633333 0.0328125 0.0416667
0 0.541406 0.579167 0.0328125 0.0416667
0 0.239063 0.858333 0.03125 0.0416667
0 0.567969 0.103125 0.0296875 0.0354167
0 0.864062 0.413542 0.034375 0.04375
0 0.232812 0.577083 0.028125 0.0416667
0 0.24375 0.155208 0.03125 0.0354167
0 0.310937 0.2375 0.0375 0.0416667
0 0.2625 0.440625 0.03125 0.0354167
0 0.192188 0.845833 0.034375 0.0416667
0 0.935938 0.209375 0.040625 0.0604167
0 0.829687 0.434375 0.034375 0.0395833
0 0.642969 0.227083 0.0359375 0.0416667
0 0.4875 0.0364583 0.03125 0.0395833
0 0.776563 0.028125 0.03125 0.04375
0 0.130469 0.198958 0.0390625 0.0520833
0 0.582812 0.121875 0.034375 0.04375
0 0.492969 0.751042 0.0390625 0.0479167
0 0.755469 0.0572917 0.0328125 0.0395833
0 0.63125 0.608333 0.03125 0.0375
0 0.84375 0.75625 0.03125 0.0458333
