2 0.0171875 0.719792 0.028125 0.0354167
0 0.629687 0.804167 0.034375 0.0416667
0 0.575 0.113542 0.034375 0.0395833
0 0.182812 0.940625 0.028125 0.0354167
0 0.978125 0.864583 0.025 0.0333333
0 0.0132813 0.989583 0.0265625 0.0208333
0 0.989844 0.682292 0.0171875 0.04375
0 0.639063 0.420833 0.0375 0.05
0 0.566406 0.159375 0.0296875 0.0354167
0 0.310156 0.191667 0.0359375 0.0416667
2 0.182812 0.940625 0.028125 0.0354167
0 0.992188 0.283333 0.015625 0.0416667
0 0.601562 0.211458 0.028125 0.0354167
0 0.501562 0.01875 0.0375 0.0375
0 0.471094 0.425 0.0421875 0.0583333
0 0.765625 0.0979167 0.03125 0.0375
0 0.6875 0.46875 0.034375 0.0458333
0 0.577344 0.153125 0.0296875 0.0354167
0 0.040625 0.986458 0.034375 0.0270833
0 0.486719 0.864583 0.0296875 0.0416667
0 0.540625 0.985417 0.03125 0.0291667
0 0.791406 0.0885417 0.0328125 0.0354167
0 0.567187 0.104167 0.028125 0.0333333
0 0.648438 0.21875 0.034375 0.0416667
0 0.277344 0.226042 0.0328125 0.0395833
0 0.009375 0.78125 0.01875 0.0375
0 0.546094 0.570833 0.0359375 0.0458333
0 0.990625 0.409375 0.01875 0.05625
0 0.0898438 0.9625 0.0296875 0.0416667
0 0.084375 0.805208 0.03125 0.0395833
0 0.852344 0.234375 0.0421875 0.0520833
0 0.492969 0.0302083 0.0359375 0.04375
0 0.864062 0.413542 0.034375 0.04375
0 0.95625 0.90625 0.03125 0.0375
0 0.707812 0.632292 0.034375 0.04375
0 0.722656 0.776042 0.0296875 0.0354167
0 0.260938 0.439583 0.03125 0.0375
0 0.129688 0.198958 0.040625 0.05625
0 0.242969 0.153125 0.0328125 0.0395833
0 0.829687 0.435417 0.034375 0.0416667
0 0.829687 0.985417 0.028125 0.0291667
0 0.233594 0.578125 0.0296875 0.04375
0 0.192188 0.845833 0.034375 0.0416667
0 0.628125 0.60625 0.03125 0.0416667
0 0.935938 0.209375 0.040625 0.05625
0 0.257031 0.36875 0.0296875 0.0375
0 0.361719 0.04375 0.0328125 0.0416667
0 0.582812 0.122917 0.034375 0.0416667
0 0.30625 0.239583 0.040625 0.0458333
0 0.838281 0.861458 0.0265625 0.0395833
0 0.757812 0.0510417 0.034375 0.04375
0 0.495313 0.748958 0.040625 0.0479167
0 0.846094 0.753125 0.0328125 0.0479167
0 0.238281 0.858333 0.0328125 0.0416667
