0 0.314063 0.180208 0.028125 0.0354167
0 0.99375 0.672917 0.0125 0.0375
0 0.994531 0.408333 0.0109375 0.05
0 0.564844 0.158333 0.0265625 0.0333333
0 0.0125 0.990625 0.025 0.01875
0 0.0351562 0.984375 0.0390625 0.0270833
0 0.00625 0.0822917 0.0125 0.0479167
0 0.660156 0.921875 0.0359375 0.0479167
0 0.488281 0.865625 0.0296875 0.0395833
0 0.745313 0.740625 0.028125 0.0354167
0 0.501562 0.384375 0.03125 0.0354167
0 0.5875 0.484375 0.03125 0.0395833
0 0.0460938 0.192708 0.0328125 0.04375
0 0.372656 0.770833 0.0328125 0.0416667
0 0.585938 0.871875 0.034375 0.0395833
0 0.935938 0.209375 0.040625 0.05625
0 0.815625 0.646875 0.03125 0.0395833
0 0.86875 0.657292 0.025 0.0395833
0 0.439063 0.1 0.03125 0.0375
0 0.540625 0.985417 0.03125 0.0291667
0 0.557031 0.23125 0.0296875 0.0416667
0 0.985937 0.765625 0.028125 0.0395833
0 0.735156 0.988542 0.0265625 0.0229167
0 0.317187 0.305208 0.025 0.0395833
0 0.438281 0.789583 0.0328125 0.0416667
0 0.185937 0.623958 0.03125 0.0395833
0 0.0304688 0.726042 0.0296875 0.04375
0 0.0203125 0.221875 0.03125 0.04375
0 0.310937 0.0947917 0.028125 0.0395833
0 0.585156 0.121875 0.0296875 0.0395833
0 0.567187 0.103125 0.03125 0.0395833
0 0.514844 0.71875 0.0421875 0.05
0 0.673437 0.13125 0.034375 0.0416667
0 0.0835937 0.805208 0.0296875 0.0354167
0 0.6625 0.958333 0.03125 0.0416667
0 0.090625 0.963542 0.03125 0.0395833
0 0.735156 0.1 0.0328125 0.0416667
0 0.183594 0.113542 0.0296875 0.0395833
0 0.728906 0.844792 0.0328125 0.04375
0 0.191406 0.84375 0.0296875 0.0375
0 0.133594 0.19375 0.0328125 0.0458333
0 0.239063 0.579167 0.028125 0.0416667
0 0.677344 0.194792 0.0328125 0.04375
0 0.274219 0.4125 0.0296875 0.0375
0 0.283594 0.217708 0.0328125 0.0395833
0 0.826563 0.43125 0.034375 0.0458333
0 0.86875 0.407292 0.03125 0.04375
0 0.8375 0.963542 0.03125 0.0395833
0 0.707812 0.639583 0.028125 0.0375
0 0.0460938 0.357292 0.0328125 0.0395833
0 0.578125 0.15 0.028125 0.0333333
0 0.853125 0.228125 0.046875 0.05625
0 0.846875 0.8375 0.03125 0.0375
0 0.635938 0.419792 0.034375 0.0479167
0 0.854688 0.747917 0.034375 0.0458333
0 0.602344 0.209375 0.0328125 0.0479167
0 0.242969 0.85 0.0296875 0.0416667
0 0.771094 0.0635417 0.0296875 0.0395833
0 0.646094 0.5625 0.0296875 0.0375
