2 0.00703125 0.730208 0.0140625 0.0354167
0 0.563281 0.161458 0.0265625 0.0354167
0 0.978125 0.863542 0.028125 0.0354167
0 0.992188 0.682292 0.015625 0.0395833
0 0.0046875 0.811458 0.009375 0.0395833
0 0.240625 0.45625 0.025 0.0291667
0 0.716406 0.783333 0.0296875 0.0333333
0 0.990625 0.414583 0.01875 0.0541667
0 0.486719 0.758333 0.0390625 0.0416667
0 0.0132813 0.990625 0.0265625 0.01875
0 0.985937 0.0114583 0.028125 0.0229167
0 0.260156 0.435417 0.0296875 0.0375
0 0.0414063 0.9875 0.0328125 0.025
0 0.850781 0.234375 0.0421875 0.0479167
0 0.9375 0.207292 0.0375 0.0520833
0 0.4875 0.863542 0.03125 0.0395833
0 0.542188 0.986458 0.03125 0.0270833
0 0.569531 0.102083 0.0296875 0.0375
0 0.925 0.971875 0.03125 0.0395833
0 0.50625 0.025 0.025 0.0375
0 0.578906 0.15 0.0296875 0.0375
0 0.460156 0.442708 0.0359375 0.0479167
0 0.976562 0.389583 0.034375 0.0416667
0 0.235156 0.173958 0.0296875 0.03125
0 0.75625 0.110417 0.03125 0.0375
0 0.303906 0.221875 0.0328125 0.0395833
0 0.724219 0.110417 0.0328125 0.0375
0 0.235156 0.572917 0.0296875 0.0416667
0 0.084375 0.804167 0.03125 0.0375
0 0.635938 0.41875 0.0375 0.0458333
0 0.142969 0.930208 0.0296875 0.0395833
0 0.892187 0.639583 0.034375 0.0416667
0 0.479688 0.0489583 0.028125 0.0354167
0 0.628125 0.239583 0.03125 0.0375
0 0.823438 0.988542 0.028125 0.0229167
0 0.207031 0.989583 0.0296875 0.0208333
0 0.35625 0.0635417 0.028125 0.0354167
0 0.825781 0.433333 0.0328125 0.0416667
0 0.190625 0.846875 0.034375 0.04375
0 0.130469 0.196875 0.0328125 0.04375
0 0.0890625 0.963542 0.03125 0.0395833
0 0.709375 0.630208 0.03125 0.0395833
0 0.601562 0.209375 0.028125 0.0395833
0 0.517969 0.604167 0.0328125 0.0458333
0 0.233594 0.380208 0.0296875 0.0395833
0 0.858594 0.410417 0.0296875 0.0375
0 0.839063 0.754167 0.034375 0.05
0 0.267969 0.24375 0.0328125 0.0375
0 0.582812 0.119792 0.034375 0.0395833
0 0.832812 0.870833 0.028125 0.0375
0 0.63125 0.613542 0.028125 0.0395833
0 0.2375 0.85625 0.03125 0.0458333
