0 0.484375 0.0114583 0.034375 0.0229167
0 0.30625 0.344792 0.025 0.03125
0 0.0125 0.989583 0.025 0.0208333
0 0.99375 0.407292 0.0125 0.0479167
0 0.009375 0.280208 0.01875 0.0479167
0 0.492188 0.404167 0.03125 0.0416667
0 0.577344 0.15 0.0296875 0.0375
0 0.628906 0.804167 0.0359375 0.0416667
0 0.485938 0.865625 0.034375 0.04375
0 0.245312 0.460417 0.03125 0.0375
0 0.0398437 0.985417 0.0328125 0.0291667
0 0.663281 0.16875 0.0328125 0.0375
0 0.267188 0.435417 0.03125 0.0416667
0 0.75 0.807292 0.03125 0.0354167
0 0.0890625 0.964583 0.03125 0.0375
0 0.566406 0.104167 0.0296875 0.0375
0 0.985156 0.813542 0.0296875 0.0395833
0 0.0210938 0.742708 0.0296875 0.04375
0 0.978906 0.861458 0.0296875 0.0354167
0 0.495313 0.0145833 0.03125 0.0291667
0 0.541406 0.985417 0.0359375 0.0291667
0 0.348437 0.423958 0.034375 0.04375
0 0.935938 0.209375 0.040625 0.05625
0 0.220313 0.175 0.028125 0.0375
0 0.58125 0.509375 0.03125 0.0395833
0 0.296094 0.320833 0.0296875 0.0416667
0 0.0390625 0.376042 0.034375 0.04375
0 0.557813 0.923958 0.03125 0.0354167
0 0.0835937 0.80625 0.0296875 0.0375
0 0.234375 0.576042 0.03125 0.04375
0 0.192188 0.844792 0.03125 0.0395833
0 0.272656 0.120833 0.0296875 0.0375
0 0.733594 0.763542 0.0265625 0.0354167
0 0.773438 0.0739583 0.03125 0.0395833
0 0.852344 0.75 0.0359375 0.0458333
0 0.709375 0.632292 0.03125 0.0395833
0 0.182812 0.329167 0.03125 0.0416667
0 0.240625 0.854167 0.03125 0.0416667
0 0.835156 0.971875 0.0296875 0.0395833
0 0.583594 0.120833 0.0328125 0.0416667
0 0.6375 0.419792 0.034375 0.0479167
0 0.282813 0.217708 0.034375 0.04375
0 0.775 0.428125 0.03125 0.0395833
0 0.853125 0.229167 0.04375 0.0541667
0 0.503906 0.735417 0.0421875 0.0541667
0 0.132812 0.194792 0.034375 0.04375
0 0.867188 0.408333 0.034375 0.0416667
0 0.828125 0.434375 0.03125 0.0395833
0 0.603125 0.213542 0.03125 0.0395833
0 0.633594 0.573958 0.0296875 0.0395833
0 0.845312 0.846875 0.028125 0.0354167
