0 0.85 0.232292 0.04375 0.0520833
0 0.416406 0.991667 0.0296875 0.0166667
0 0.992188 0.684375 0.015625 0.0395833
0 0.249219 0.439583 0.0234375 0.0291667
0 0.146875 0.992708 0.03125 0.0145833
2 0.00859375 0.73125 0.0171875 0.0375
0 0.0414063 0.986458 0.0296875 0.0229167
0 0.00625 0.803125 0.0125 0.0395833
0 0.578906 0.151042 0.0296875 0.0395833
0 0.308594 0.188542 0.0265625 0.0354167
0 0.0148437 0.990625 0.0265625 0.01875
0 0.461719 0.433333 0.0390625 0.0541667
0 0.990625 0.4125 0.01875 0.0541667
0 0.486719 0.8625 0.0296875 0.0416667
0 0.238281 0.171875 0.0296875 0.0354167
0 0.504687 0.0208333 0.025 0.0333333
0 0.940625 0.944792 0.03125 0.0354167
0 0.85 0.380208 0.03125 0.0354167
0 0.758594 0.0989583 0.0328125 0.0395833
0 0.542188 0.985417 0.03125 0.0291667
0 0.735937 0.084375 0.034375 0.0395833
0 0.719531 0.78125 0.0296875 0.0375
0 0.636719 0.420833 0.0359375 0.0458333
0 0.634375 0.2375 0.034375 0.0416667
0 0.2625 0.4375 0.03125 0.0375
0 0.864844 0.414583 0.0328125 0.0416667
0 0.24375 0.373958 0.028125 0.0395833
0 0.084375 0.804167 0.028125 0.0333333
0 0.235156 0.575 0.0296875 0.0416667
0 0.482812 0.0447917 0.028125 0.0395833
0 0.823438 0.988542 0.028125 0.0229167
0 0.272656 0.2375 0.0328125 0.0416667
0 0.529688 0.59375 0.03125 0.0416667
0 0.9375 0.494792 0.03125 0.04375
0 0.490625 0.752083 0.04375 0.0458333
0 0.600781 0.210417 0.0296875 0.0416667
0 0.56875 0.103125 0.03125 0.0395833
0 0.13125 0.197917 0.034375 0.0458333
0 0.314063 0.222917 0.03125 0.0416667
0 0.0890625 0.9625 0.028125 0.0375
0 0.708594 0.63125 0.0328125 0.0416667
0 0.828125 0.434375 0.03125 0.0395833
0 0.357031 0.0583333 0.0296875 0.0375
0 0.191406 0.845833 0.0328125 0.0416667
0 0.935938 0.208333 0.040625 0.0541667
0 0.835156 0.870833 0.0265625 0.0375
0 0.582812 0.119792 0.034375 0.04375
0 0.236719 0.858333 0.0296875 0.0416667
0 0.630469 0.609375 0.0296875 0.0395833
0 0.842188 0.754167 0.034375 0.0458333
