0 0.339844 0.0104167 0.0359375 0.0208333
0 0.990625 0.683333 0.01875 0.0416667
0 0.639844 0.420833 0.0390625 0.05
2 0.183594 0.941667 0.0296875 0.0333333
0 0.505469 0.0166667 0.0328125 0.0333333
0 0.0132813 0.989583 0.0265625 0.0208333
0 0.309375 0.192708 0.03125 0.0395833
0 0.576563 0.152083 0.028125 0.0333333
0 0.548437 0.567708 0.0375 0.04375
0 0.486719 0.863542 0.0296875 0.04375
0 0.471875 0.422917 0.040625 0.0583333
0 0.765625 0.0979167 0.028125 0.0375
0 0.569531 0.10625 0.0296875 0.0375
0 0.0398437 0.9875 0.0328125 0.025
0 0.541406 0.984375 0.0328125 0.03125
0 0.601562 0.213542 0.028125 0.0354167
0 0.0101562 0.780208 0.0203125 0.0395833
0 0.688281 0.507292 0.0328125 0.0395833
0 0.992188 0.407292 0.015625 0.0520833
0 0.853125 0.23125 0.04375 0.0541667
0 0.760938 0.0458333 0.034375 0.0416667
0 0.310937 0.246875 0.034375 0.0354167
0 0.651563 0.213542 0.034375 0.0395833
0 0.708594 0.633333 0.0328125 0.0416667
0 0.24375 0.153125 0.03125 0.0354167
0 0.0890625 0.963542 0.03125 0.0395833
0 0.864062 0.413542 0.034375 0.04375
0 0.722656 0.775 0.0296875 0.0333333
0 0.234375 0.577083 0.03125 0.0458333
0 0.834375 0.0875 0.03125 0.0416667
0 0.959375 0.902083 0.034375 0.0375
0 0.261719 0.441667 0.0296875 0.0375
0 0.280469 0.223958 0.0328125 0.0395833
0 0.830469 0.435417 0.0359375 0.0416667
0 0.0835937 0.80625 0.0296875 0.0375
0 0.192969 0.847917 0.0359375 0.0458333
0 0.130469 0.198958 0.0390625 0.0520833
0 0.582812 0.120833 0.034375 0.0416667
0 0.839063 0.860417 0.028125 0.0375
0 0.3625 0.040625 0.034375 0.04375
0 0.49375 0.748958 0.040625 0.0479167
0 0.258594 0.367708 0.0296875 0.0395833
0 0.497656 0.0260417 0.0359375 0.04375
0 0.629687 0.604167 0.028125 0.0375
0 0.239063 0.857292 0.034375 0.04375
0 0.935938 0.209375 0.040625 0.05625
0 0.845312 0.753125 0.034375 0.0479167
0 0.830469 0.983333 0.0296875 0.0333333
