0 0.632812 0.009375 0.0375 0.01875
0 0.992188 0.686458 0.015625 0.0395833
2 0.00859375 0.729167 0.0171875 0.0375
0 0.935156 0.207292 0.0390625 0.0520833
0 0.578125 0.15 0.03125 0.0375
0 0.0421875 0.9875 0.03125 0.025
0 0.0132813 0.990625 0.0265625 0.01875
0 0.00625 0.807292 0.0125 0.0395833
0 0.9375 0.952083 0.03125 0.0375
0 0.989062 0.413542 0.01875 0.05625
0 0.461719 0.441667 0.0390625 0.0583333
0 0.4875 0.8625 0.03125 0.0416667
0 0.505469 0.0229167 0.0265625 0.0333333
0 0.635938 0.41875 0.034375 0.0458333
0 0.923437 0.528125 0.0375 0.04375
0 0.2375 0.176042 0.03125 0.0354167
0 0.852344 0.234375 0.0421875 0.0520833
0 0.758594 0.103125 0.0328125 0.0395833
0 0.261719 0.4375 0.0296875 0.0375
0 0.527344 0.596875 0.0328125 0.04375
0 0.541406 0.985417 0.0328125 0.0291667
0 0.569531 0.104167 0.0296875 0.0375
0 0.732813 0.0927083 0.034375 0.04375
0 0.71875 0.78125 0.03125 0.0375
0 0.084375 0.804167 0.028125 0.0333333
0 0.310937 0.223958 0.034375 0.0395833
0 0.142969 0.967708 0.0296875 0.0395833
0 0.271875 0.238542 0.034375 0.0395833
0 0.0890625 0.9625 0.028125 0.0375
0 0.482812 0.0458333 0.028125 0.0375
0 0.240625 0.376042 0.028125 0.0395833
0 0.823438 0.988542 0.028125 0.0229167
0 0.235156 0.575 0.0296875 0.0416667
0 0.828125 0.435417 0.03125 0.0375
0 0.129688 0.197917 0.034375 0.0458333
0 0.191406 0.844792 0.0328125 0.0395833
0 0.632812 0.2375 0.034375 0.0416667
0 0.709375 0.63125 0.03125 0.0416667
0 0.867188 0.352083 0.03125 0.0375
0 0.357812 0.059375 0.028125 0.0354167
0 0.491406 0.753125 0.0421875 0.0479167
0 0.865625 0.413542 0.03125 0.0395833
0 0.601562 0.211458 0.03125 0.0395833
0 0.582812 0.120833 0.034375 0.0416667
0 0.833594 0.870833 0.0265625 0.0375
0 0.63125 0.610417 0.03125 0.0375
0 0.236719 0.858333 0.0296875 0.0416667
0 0.842188 0.753125 0.034375 0.0479167
