0 0.416406 0.991667 0.0296875 0.0166667
0 0.564062 0.161458 0.028125 0.0354167
0 0.992188 0.685417 0.015625 0.0416667
0 0.249219 0.439583 0.0234375 0.0333333
0 0.851562 0.233333 0.04375 0.05
0 0.00625 0.803125 0.0125 0.0395833
2 0.009375 0.730208 0.01875 0.0395833
0 0.0148437 0.990625 0.0265625 0.01875
0 0.460938 0.432292 0.040625 0.0520833
0 0.0414063 0.9875 0.0296875 0.025
0 0.578125 0.15 0.03125 0.0375
0 0.308594 0.189583 0.0265625 0.0375
0 0.486719 0.8625 0.0328125 0.0416667
0 0.758594 0.1 0.0328125 0.0416667
0 0.990625 0.411458 0.01875 0.0520833
0 0.505469 0.0229167 0.0265625 0.0333333
0 0.2375 0.171875 0.03125 0.0354167
0 0.735937 0.084375 0.034375 0.0395833
0 0.635938 0.420833 0.034375 0.0458333
0 0.542188 0.986458 0.03125 0.0270833
0 0.940625 0.94375 0.03125 0.0375
0 0.71875 0.78125 0.03125 0.0375
0 0.634375 0.236458 0.034375 0.0395833
0 0.24375 0.373958 0.028125 0.0395833
0 0.084375 0.805208 0.028125 0.0354167
0 0.261719 0.4375 0.0328125 0.0375
0 0.272656 0.2375 0.0328125 0.0416667
0 0.482812 0.0447917 0.028125 0.0395833
0 0.865625 0.414583 0.03125 0.0416667
0 0.235156 0.576042 0.0296875 0.04375
0 0.0890625 0.9625 0.03125 0.0416667
0 0.8375 0.377083 0.03125 0.0416667
0 0.490625 0.752083 0.04375 0.0458333
0 0.529688 0.59375 0.03125 0.0416667
0 0.56875 0.103125 0.03125 0.0395833
0 0.313281 0.223958 0.0328125 0.0395833
0 0.822656 0.988542 0.0265625 0.0229167
0 0.935938 0.208333 0.040625 0.0541667
0 0.828125 0.434375 0.03125 0.0395833
0 0.13125 0.197917 0.034375 0.0458333
0 0.600781 0.209375 0.0296875 0.0395833
0 0.709375 0.632292 0.03125 0.0395833
0 0.191406 0.845833 0.0328125 0.0416667
0 0.357031 0.0583333 0.0296875 0.0375
0 0.933594 0.478125 0.0359375 0.04375
0 0.835156 0.870833 0.0265625 0.0375
0 0.582812 0.120833 0.034375 0.0416667
0 0.2375 0.858333 0.03125 0.0416667
0 0.842188 0.754167 0.034375 0.0458333
0 0.63125 0.610417 0.03125 0.0375
