0 0.992188 0.679167 0.015625 0.0458333
0 0.46875 0.467708 0.03125 0.0479167
0 0.576563 0.153125 0.028125 0.0354167
0 0.0132813 0.989583 0.0265625 0.0208333
0 0.278906 0.395833 0.0265625 0.0333333
0 0.513281 0.015625 0.0265625 0.0270833
0 0.311719 0.189583 0.0328125 0.0375
0 0.525 0.9875 0.03125 0.025
0 0.477344 0.413542 0.0359375 0.0479167
0 0.486719 0.865625 0.0296875 0.0395833
0 0.539062 0.988542 0.03125 0.0229167
0 0.0398437 0.9875 0.0328125 0.025
0 0.970312 0.869792 0.034375 0.04375
0 0.992188 0.409375 0.015625 0.0520833
0 0.0898438 0.964583 0.0296875 0.0375
0 0.282813 0.217708 0.034375 0.0395833
0 0.046875 0.546875 0.034375 0.0395833
0 0.560156 0.539583 0.0328125 0.0375
0 0.278906 0.242708 0.0359375 0.0395833
0 0.725 0.773958 0.03125 0.0354167
0 0.909375 0.211458 0.03125 0.0395833
0 0.0140625 0.771875 0.025 0.0395833
0 0.246094 0.15 0.0296875 0.0333333
0 0.5 0.0229167 0.03125 0.0375
0 0.829687 0.435417 0.03125 0.0375
0 0.084375 0.80625 0.03125 0.0375
0 0.569531 0.103125 0.0296875 0.0354167
0 0.0335938 0.28125 0.0359375 0.0458333
0 0.63125 0.595833 0.03125 0.0375
0 0.234375 0.578125 0.03125 0.04375
0 0.625781 0.05625 0.0328125 0.0375
0 0.864844 0.413542 0.0328125 0.04375
0 0.192969 0.846875 0.0359375 0.04375
0 0.9375 0.208333 0.0375 0.05
0 0.76875 0.090625 0.03125 0.0395833
0 0.271094 0.358333 0.0296875 0.0375
0 0.260938 0.439583 0.034375 0.0416667
0 0.709375 0.634375 0.03125 0.0395833
0 0.853125 0.229167 0.04375 0.05
0 0.583594 0.121875 0.0328125 0.0395833
0 0.239844 0.857292 0.0328125 0.0395833
0 0.365625 0.0302083 0.034375 0.0395833
0 0.840625 0.859375 0.028125 0.0395833
0 0.657031 0.195833 0.0359375 0.0416667
0 0.603125 0.213542 0.03125 0.0395833
0 0.642969 0.567708 0.0296875 0.0354167
0 0.846875 0.755208 0.03125 0.04375
0 0.495313 0.744792 0.040625 0.0479167
0 0.129688 0.2 0.040625 0.05
0 0.83125 0.983333 0.028125 0.0333333
