0 0.628906 0.804167 0.0359375 0.0416667
0 0.3375 0.009375 0.03125 0.01875
0 0.0375 0.378125 0.034375 0.0479167
0 0.989844 0.680208 0.0171875 0.0479167
0 0.994531 0.408333 0.0109375 0.05
0 0.294531 0.361458 0.0234375 0.0270833
0 0.657031 0.927083 0.0421875 0.05
0 0.0132813 0.989583 0.0265625 0.0208333
0 0.517969 0.0135417 0.0296875 0.0270833
0 0.4875 0.405208 0.03125 0.0395833
0 0.485938 0.864583 0.034375 0.0458333
0 0.728125 0.769792 0.03125 0.0354167
0 0.976562 0.841667 0.034375 0.0416667
0 0.0078125 0.296875 0.015625 0.0479167
0 0.161719 0.528125 0.0296875 0.0395833
0 0.441406 0.426042 0.0328125 0.04375
0 0.01875 0.75625 0.025 0.0375
0 0.0398437 0.985417 0.0328125 0.0291667
0 0.503125 0.0197917 0.03125 0.0354167
0 0.264062 0.135417 0.03125 0.0375
0 0.0890625 0.964583 0.03125 0.0375
0 0.660156 0.18125 0.0359375 0.0416667
0 0.261719 0.4375 0.0328125 0.0375
0 0.235156 0.578125 0.0328125 0.04375
0 0.542969 0.952083 0.0296875 0.0333333
0 0.708594 0.633333 0.0328125 0.0416667
0 0.569531 0.103125 0.0296875 0.0354167
0 0.569531 0.525 0.0328125 0.0416667
0 0.0835937 0.80625 0.0296875 0.0375
0 0.373437 0.0135417 0.028125 0.0270833
0 0.303125 0.179167 0.034375 0.0416667
0 0.7375 0.210417 0.028125 0.0375
0 0.865625 0.4125 0.03125 0.0416667
0 0.283594 0.333333 0.0265625 0.0375
0 0.541406 0.986458 0.0359375 0.0270833
0 0.497656 0.738542 0.0421875 0.0520833
0 0.6375 0.421875 0.0375 0.0479167
0 0.828906 0.434375 0.0328125 0.0395833
0 0.192188 0.845833 0.034375 0.0416667
0 0.282031 0.219792 0.0328125 0.0395833
0 0.583594 0.120833 0.0328125 0.0416667
0 0.0804688 0.128125 0.0296875 0.04375
0 0.832812 0.978125 0.028125 0.0354167
0 0.842969 0.854167 0.0265625 0.0333333
0 0.23125 0.185417 0.03125 0.0416667
0 0.853125 0.229167 0.04375 0.0541667
0 0.240625 0.855208 0.03125 0.0395833
0 0.603125 0.214583 0.03125 0.0375
0 0.850781 0.753125 0.0359375 0.0479167
0 0.13125 0.197917 0.034375 0.0458333
0 0.63125 0.583333 0.03125 0.0416667
0 0.771875 0.0791667 0.03125 0.0375
0 0.936719 0.209375 0.0390625 0.05625
