0 0.575 0.111458 0.034375 0.0395833
0 0.602344 0.2125 0.0296875 0.0375
0 0.992188 0.684375 0.015625 0.04375
0 0.260156 0.425 0.0265625 0.0333333
0 0.0125 0.990625 0.025 0.01875
0 0.196094 0.9375 0.0328125 0.0416667
0 0.563281 0.163542 0.0296875 0.0354167
0 0.578125 0.151042 0.03125 0.0354167
0 0.709375 0.442708 0.03125 0.0479167
0 0.951563 0.917708 0.034375 0.0354167
0 0.501562 0.0177083 0.034375 0.0354167
0 0.711719 0.423958 0.0296875 0.0395833
0 0.7625 0.0989583 0.03125 0.0354167
0 0.720312 0.779167 0.028125 0.0333333
0 0.277344 0.23125 0.0328125 0.0375
0 0.0398437 0.9875 0.0296875 0.025
0 0.485938 0.863542 0.03125 0.04375
0 0.469531 0.427083 0.0390625 0.0541667
0 0.00859375 0.788542 0.0171875 0.0395833
0 0.836719 0.866667 0.0265625 0.0416667
0 0.778906 0.046875 0.0296875 0.0395833
0 0.985937 0.31875 0.025 0.0416667
0 0.361719 0.0479167 0.0328125 0.0416667
0 0.541406 0.985417 0.0328125 0.0291667
0 0.990625 0.410417 0.01875 0.0541667
0 0.252344 0.36875 0.0296875 0.0375
0 0.6375 0.422917 0.0375 0.0458333
0 0.826563 0.985417 0.028125 0.0291667
0 0.567969 0.103125 0.0296875 0.0354167
0 0.084375 0.80625 0.028125 0.0375
0 0.244531 0.155208 0.0296875 0.0354167
0 0.0890625 0.9625 0.03125 0.0416667
0 0.852344 0.235417 0.0421875 0.05
0 0.864062 0.4125 0.034375 0.0416667
0 0.708594 0.633333 0.0328125 0.0416667
0 0.753125 0.0541667 0.0375 0.0416667
0 0.233594 0.578125 0.0296875 0.04375
0 0.935938 0.208333 0.040625 0.0583333
0 0.829687 0.434375 0.034375 0.0395833
0 0.54375 0.578125 0.034375 0.04375
0 0.488281 0.0375 0.0296875 0.0416667
0 0.2375 0.859375 0.03125 0.0395833
0 0.191406 0.845833 0.0359375 0.0416667
0 0.644531 0.225 0.0359375 0.0416667
0 0.303906 0.2375 0.0359375 0.0416667
0 0.582812 0.121875 0.034375 0.04375
0 0.2625 0.441667 0.03125 0.0375
0 0.130469 0.198958 0.0390625 0.0520833
0 0.844531 0.754167 0.0328125 0.0458333
0 0.492969 0.748958 0.0390625 0.0479167
0 0.63125 0.608333 0.03125 0.0375
