0 0.310156 0.188542 0.0265625 0.0354167
0 0.992188 0.684375 0.015625 0.04375
0 0.564062 0.160417 0.028125 0.0333333
0 0.00625 0.8 0.0125 0.0375
0 0.0140625 0.990625 0.025 0.01875
0 0.0414063 0.9875 0.0296875 0.025
2 0.0101562 0.730208 0.0203125 0.0395833
0 0.460156 0.43125 0.0390625 0.0541667
0 0.758594 0.1 0.0328125 0.0375
0 0.717969 0.782292 0.0296875 0.0354167
0 0.578125 0.15 0.03125 0.0375
0 0.740625 0.0875 0.0375 0.0416667
0 0.990625 0.409375 0.01875 0.0520833
0 0.486719 0.8625 0.0296875 0.0416667
0 0.238281 0.169792 0.0328125 0.0354167
0 0.851562 0.235417 0.040625 0.05
0 0.542188 0.986458 0.03125 0.0270833
0 0.504687 0.0208333 0.028125 0.0333333
0 0.274219 0.236458 0.0328125 0.0395833
0 0.569531 0.104167 0.0296875 0.0375
0 0.635156 0.236458 0.0359375 0.04375
0 0.6375 0.421875 0.034375 0.04375
0 0.940625 0.941667 0.03125 0.0375
0 0.084375 0.805208 0.028125 0.0354167
0 0.811719 0.370833 0.0328125 0.0416667
0 0.259375 0.4375 0.034375 0.0375
0 0.482812 0.0427083 0.028125 0.0395833
0 0.245312 0.371875 0.028125 0.0395833
0 0.0898438 0.963542 0.0296875 0.0395833
0 0.233594 0.576042 0.0296875 0.04375
0 0.864062 0.413542 0.034375 0.04375
0 0.53125 0.591667 0.03125 0.0416667
0 0.823438 0.9875 0.028125 0.025
0 0.314063 0.223958 0.034375 0.0395833
0 0.357812 0.05625 0.028125 0.0375
0 0.491406 0.753125 0.0421875 0.0479167
0 0.130469 0.198958 0.0359375 0.0479167
0 0.192188 0.845833 0.034375 0.0416667
0 0.708594 0.63125 0.0328125 0.0416667
0 0.828125 0.434375 0.03125 0.0395833
0 0.960938 0.472917 0.028125 0.0375
0 0.601562 0.211458 0.03125 0.0395833
0 0.935938 0.208333 0.040625 0.0541667
0 0.582812 0.120833 0.034375 0.0416667
0 0.834375 0.86875 0.025 0.0375
0 0.2375 0.857292 0.03125 0.0395833
0 0.842188 0.754167 0.034375 0.05
0 0.630469 0.611458 0.0328125 0.0395833
