0 0.654688 0.927083 0.040625 0.0541667
0 0.584375 0.526042 0.0375 0.04375
0 0.990625 0.679167 0.015625 0.05
0 0.0132813 0.989583 0.0265625 0.0208333
0 0.540625 0.9875 0.03125 0.025
0 0.514063 0.015625 0.028125 0.0270833
0 0.00546875 0.322917 0.0109375 0.0458333
0 0.0875 0.0166667 0.03125 0.0333333
0 0.486719 0.864583 0.0328125 0.0458333
0 0.570312 0.535417 0.040625 0.05
0 0.284375 0.21875 0.034375 0.0416667
0 0.3125 0.190625 0.034375 0.0395833
0 0.275781 0.348958 0.0296875 0.0395833
0 0.0382813 0.985417 0.0359375 0.0291667
0 0.257031 0.226042 0.0328125 0.04375
0 0.725781 0.773958 0.0296875 0.0354167
0 0.476562 0.411458 0.040625 0.0520833
0 0.776563 0.0135417 0.03125 0.0270833
0 0.239844 0.85625 0.0328125 0.0416667
0 0.0140625 0.770833 0.025 0.0416667
0 0.0890625 0.963542 0.03125 0.0395833
0 0.973437 0.860417 0.0375 0.0458333
0 0.501562 0.0229167 0.03125 0.0375
0 0.109375 0.567708 0.03125 0.0395833
0 0.25 0.142708 0.034375 0.0395833
0 0.992188 0.407292 0.015625 0.0520833
0 0.770312 0.0875 0.03125 0.0375
0 0.709375 0.633333 0.03125 0.0416667
0 0.234375 0.578125 0.03125 0.04375
0 0.695312 0.0802083 0.03125 0.0395833
0 0.260938 0.439583 0.034375 0.0416667
0 0.532812 0.978125 0.034375 0.0354167
0 0.084375 0.805208 0.03125 0.0395833
0 0.127344 0.307292 0.0359375 0.04375
0 0.853125 0.229167 0.04375 0.0541667
0 0.864062 0.4125 0.034375 0.0416667
0 0.829687 0.435417 0.034375 0.0458333
0 0.569531 0.102083 0.0296875 0.0375
0 0.19375 0.846875 0.0375 0.0479167
0 0.584375 0.120833 0.03125 0.0375
0 0.842188 0.857292 0.028125 0.0395833
0 0.65625 0.191667 0.0375 0.0458333
0 0.603125 0.213542 0.03125 0.0395833
0 0.496875 0.74375 0.04375 0.05
0 0.628125 0.590625 0.034375 0.04375
0 0.130469 0.198958 0.0390625 0.0520833
0 0.942187 0.252083 0.034375 0.0416667
0 0.367188 0.025 0.034375 0.0375
0 0.848437 0.755208 0.034375 0.04375
0 0.83125 0.983333 0.028125 0.0333333
0 0.935938 0.207292 0.040625 0.0520833
