0 0.00703125 0.3 0.0140625 0.0333333
2 0.040625 0.708333 0.028125 0.0333333
0 0.65625 0.926042 0.040625 0.0520833
0 0.628906 0.804167 0.0359375 0.0416667
0 0.578125 0.15 0.028125 0.0333333
0 0.0117188 0.990625 0.0234375 0.01875
0 0.994531 0.407292 0.0109375 0.0479167
0 0.521875 0.0104167 0.025 0.0208333
0 0.490625 0.404167 0.03125 0.0416667
0 0.735937 0.765625 0.028125 0.0354167
0 0.754687 0.847917 0.028125 0.0375
0 0.435937 0.015625 0.034375 0.03125
0 0.139062 0.298958 0.028125 0.0395833
0 0.203125 0.459375 0.03125 0.0395833
0 0.0117188 0.267708 0.0234375 0.04375
0 0.0398437 0.985417 0.0328125 0.0291667
0 0.264844 0.435417 0.0328125 0.0375
0 0.29375 0.322917 0.028125 0.0416667
0 0.0890625 0.964583 0.03125 0.0375
0 0.376563 0.430208 0.0375 0.04375
0 0.567969 0.103125 0.0296875 0.0395833
0 0.851562 0.748958 0.0375 0.0479167
0 0.542188 0.985417 0.034375 0.0291667
0 0.979688 0.861458 0.028125 0.0395833
0 0.0210938 0.744792 0.0296875 0.04375
0 0.554688 0.930208 0.028125 0.03125
0 0.6625 0.171875 0.034375 0.0395833
0 0.49375 0.0177083 0.03125 0.0354167
0 0.234375 0.576042 0.03125 0.04375
0 0.484375 0.8625 0.0375 0.0458333
0 0.0835937 0.80625 0.0296875 0.0375
0 0.578125 0.511458 0.03125 0.0395833
0 0.709375 0.634375 0.03125 0.0395833
0 0.221094 0.173958 0.0265625 0.0354167
0 0.842969 0.848958 0.0265625 0.0354167
0 0.351562 0.078125 0.03125 0.0354167
0 0.584375 0.119792 0.03125 0.0395833
0 0.192188 0.84375 0.03125 0.0375
0 0.282813 0.21875 0.034375 0.0416667
0 0.772656 0.0760417 0.0328125 0.0395833
0 0.26875 0.122917 0.03125 0.0375
0 0.776563 0.375 0.034375 0.0416667
0 0.503125 0.7375 0.04375 0.0541667
0 0.984375 0.819792 0.03125 0.0395833
0 0.865625 0.409375 0.03125 0.0395833
0 0.241406 0.854167 0.0296875 0.0416667
0 0.0367187 0.377083 0.0328125 0.0458333
0 0.602344 0.2125 0.0328125 0.0416667
0 0.828125 0.434375 0.03125 0.0395833
0 0.832812 0.973958 0.028125 0.0395833
0 0.6375 0.419792 0.034375 0.0479167
0 0.132812 0.195833 0.034375 0.0416667
0 0.853125 0.229167 0.04375 0.0541667
0 0.633594 0.576042 0.0296875 0.0395833
0 0.935938 0.209375 0.040625 0.05625
