0 0.936719 0.207292 0.0390625 0.0520833
0 0.629687 0.802083 0.034375 0.0375
0 0.982813 0.0177083 0.028125 0.03125
0 0.0132813 0.990625 0.0265625 0.01875
0 0.746094 0.090625 0.0328125 0.0354167
0 0.716406 0.784375 0.0296875 0.0354167
0 0.260938 0.433333 0.028125 0.0375
0 0.992188 0.683333 0.015625 0.0375
0 0.0429688 0.986458 0.0328125 0.0270833
0 0.541406 0.986458 0.0328125 0.0270833
0 0.488281 0.863542 0.0296875 0.0395833
0 0.458594 0.446875 0.0359375 0.0479167
0 0.232812 0.466667 0.021875 0.0291667
0 0.634375 0.0104167 0.03125 0.0208333
0 0.751562 0.114583 0.034375 0.0416667
0 0.477344 0.0520833 0.0265625 0.0375
0 0.226562 0.171875 0.03125 0.0354167
0 0.126563 0.875 0.034375 0.0416667
0 0.823438 0.988542 0.028125 0.0229167
0 0.228906 0.386458 0.0296875 0.0395833
0 0.851562 0.236458 0.040625 0.0479167
0 0.91875 0.985417 0.03125 0.0291667
0 0.138281 0.872917 0.0296875 0.0375
0 0.716406 0.128125 0.0296875 0.0395833
0 0.508594 0.028125 0.0265625 0.0354167
0 0.235938 0.570833 0.03125 0.0416667
0 0.084375 0.803125 0.03125 0.0395833
0 0.129688 0.197917 0.034375 0.0458333
0 0.0898438 0.9625 0.0328125 0.0416667
0 0.5125 0.60625 0.03125 0.0458333
0 0.190625 0.846875 0.034375 0.04375
0 0.29375 0.216667 0.034375 0.0416667
0 0.990625 0.411458 0.01875 0.0479167
0 0.569531 0.102083 0.0296875 0.0333333
0 0.709375 0.630208 0.03125 0.0395833
0 0.626562 0.240625 0.034375 0.0395833
0 0.635156 0.417708 0.0390625 0.0479167
0 0.266406 0.247917 0.0359375 0.0416667
0 0.832812 0.871875 0.025 0.0354167
0 0.827344 0.434375 0.0328125 0.0395833
0 0.583594 0.122917 0.0328125 0.0375
0 0.35625 0.06875 0.028125 0.0375
0 0.860156 0.410417 0.0296875 0.0375
0 0.602344 0.210417 0.0296875 0.0416667
0 0.630469 0.615625 0.0296875 0.0395833
0 0.838281 0.757292 0.0328125 0.0479167
0 0.578125 0.148958 0.028125 0.0354167
0 0.2375 0.85625 0.03125 0.0458333
