0 0.469531 0.466667 0.0328125 0.05
0 0.629687 0.804167 0.034375 0.0416667
0 0.309375 0.807292 0.028125 0.0354167
0 0.0132813 0.989583 0.0265625 0.0208333
0 0.990625 0.68125 0.015625 0.0458333
0 0.526563 0.988542 0.034375 0.0229167
0 0.5125 0.015625 0.028125 0.0270833
0 0.311719 0.190625 0.0328125 0.0395833
0 0.4875 0.865625 0.03125 0.04375
0 0.279687 0.39375 0.025 0.0291667
0 0.576563 0.154167 0.03125 0.0375
0 0.476562 0.413542 0.034375 0.04375
0 0.886719 0.20625 0.0328125 0.0375
0 0.025 0.578125 0.034375 0.0395833
0 0.992188 0.408333 0.015625 0.0541667
0 0.0390625 0.986458 0.034375 0.0270833
0 0.539062 0.9875 0.034375 0.025
0 0.769531 0.0229167 0.0328125 0.0375
0 0.853125 0.229167 0.04375 0.05
0 0.0125 0.277083 0.025 0.0416667
0 0.0890625 0.964583 0.03125 0.0375
0 0.967188 0.872917 0.034375 0.0416667
0 0.614062 0.0489583 0.034375 0.04375
0 0.245312 0.152083 0.03125 0.0375
0 0.282813 0.216667 0.0375 0.0375
0 0.724219 0.773958 0.0296875 0.0354167
0 0.499219 0.0239583 0.0328125 0.0395833
0 0.0140625 0.771875 0.025 0.0395833
0 0.76875 0.0916667 0.03125 0.0416667
0 0.0828125 0.805208 0.03125 0.0395833
0 0.709375 0.633333 0.03125 0.0416667
0 0.569531 0.103125 0.0296875 0.0354167
0 0.558594 0.544792 0.0328125 0.04375
0 0.280469 0.240625 0.0359375 0.0354167
0 0.657812 0.551042 0.028125 0.0395833
0 0.235156 0.577083 0.0328125 0.0458333
0 0.829687 0.435417 0.034375 0.0416667
0 0.864062 0.4125 0.034375 0.0416667
0 0.260938 0.439583 0.034375 0.0416667
0 0.192188 0.846875 0.0375 0.0479167
0 0.270312 0.360417 0.028125 0.0375
0 0.630469 0.597917 0.0328125 0.0416667
0 0.603125 0.214583 0.03125 0.0416667
0 0.840625 0.859375 0.025 0.0395833
0 0.365625 0.03125 0.034375 0.0375
0 0.934375 0.208333 0.0375 0.05
0 0.583594 0.121875 0.0328125 0.0395833
0 0.129688 0.2 0.0375 0.05
0 0.65625 0.196875 0.0375 0.04375
0 0.239844 0.857292 0.0328125 0.0395833
0 0.846875 0.754167 0.034375 0.0458333
0 0.496094 0.745833 0.0421875 0.05
0 0.83125 0.983333 0.028125 0.0333333
