0 0.635156 0.009375 0.0390625 0.01875
0 0.992188 0.685417 0.015625 0.0375
0 0.415625 0.991667 0.03125 0.0166667
2 0.0078125 0.729167 0.015625 0.0375
0 0.309375 0.188542 0.025 0.03125
0 0.564844 0.159375 0.0296875 0.0354167
0 0.0421875 0.9875 0.03125 0.025
0 0.0132813 0.990625 0.0265625 0.01875
0 0.9375 0.951042 0.03125 0.0354167
0 0.00625 0.80625 0.0125 0.0375
0 0.460156 0.436458 0.0390625 0.05625
0 0.990625 0.414583 0.01875 0.0541667
0 0.486719 0.8625 0.0328125 0.0416667
0 0.635938 0.419792 0.034375 0.04375
0 0.505469 0.0229167 0.0265625 0.0333333
0 0.852344 0.233333 0.0421875 0.05
0 0.758594 0.103125 0.0328125 0.0395833
0 0.578125 0.15 0.03125 0.0375
0 0.2375 0.175 0.03125 0.0333333
0 0.733594 0.090625 0.0359375 0.04375
0 0.569531 0.103125 0.0296875 0.0395833
0 0.926562 0.530208 0.034375 0.0395833
0 0.541406 0.985417 0.0328125 0.0291667
0 0.310937 0.220833 0.034375 0.0416667
0 0.528125 0.596875 0.03125 0.04375
0 0.71875 0.782292 0.03125 0.0354167
0 0.482812 0.0447917 0.028125 0.0395833
0 0.261719 0.4375 0.0328125 0.0375
0 0.084375 0.804167 0.028125 0.0333333
0 0.130469 0.197917 0.0328125 0.0458333
0 0.235156 0.575 0.0296875 0.0416667
0 0.823438 0.988542 0.028125 0.0229167
0 0.271875 0.238542 0.034375 0.0395833
0 0.632812 0.2375 0.034375 0.0416667
0 0.241406 0.376042 0.0296875 0.0395833
0 0.191406 0.844792 0.0328125 0.0395833
0 0.601562 0.210417 0.03125 0.0416667
0 0.0890625 0.9625 0.028125 0.0375
0 0.709375 0.63125 0.03125 0.0416667
0 0.138281 0.977083 0.0296875 0.0375
0 0.491406 0.753125 0.0421875 0.0479167
0 0.358594 0.0583333 0.0296875 0.0375
0 0.828125 0.434375 0.03125 0.0395833
0 0.860937 0.378125 0.028125 0.0395833
0 0.582812 0.119792 0.034375 0.04375
0 0.63125 0.610417 0.028125 0.0375
0 0.834375 0.870833 0.025 0.0375
0 0.841406 0.754167 0.0328125 0.0458333
0 0.2375 0.858333 0.028125 0.0416667
0 0.86875 0.415625 0.03125 0.0354167
