2 0.00703125 0.270833 0.0140625 0.05
0 0.340625 0.009375 0.034375 0.01875
0 0.65625 0.925 0.040625 0.05
0 0.00546875 0.264583 0.0109375 0.0458333
0 0.578125 0.15 0.028125 0.0333333
0 0.978125 0.8625 0.028125 0.0375
0 0.489062 0.404167 0.028125 0.0375
0 0.0125 0.990625 0.025 0.01875
0 0.99375 0.409375 0.0125 0.0479167
0 0.522656 0.0104167 0.0265625 0.0208333
0 0.0398437 0.985417 0.0328125 0.0291667
0 0.0890625 0.964583 0.03125 0.0375
0 0.292188 0.322917 0.028125 0.0416667
0 0.220313 0.177083 0.028125 0.0375
0 0.551562 0.934375 0.028125 0.03125
0 0.264844 0.4375 0.0296875 0.0375
0 0.764844 0.352083 0.0296875 0.0375
0 0.392969 0.469792 0.0328125 0.0395833
0 0.235938 0.577083 0.03125 0.0458333
0 0.577344 0.513542 0.0328125 0.0395833
0 0.6625 0.172917 0.034375 0.0416667
0 0.982813 0.822917 0.028125 0.0375
0 0.542188 0.985417 0.034375 0.0291667
0 0.499219 0.0145833 0.0296875 0.0291667
0 0.136719 0.276042 0.0296875 0.0354167
0 0.0195312 0.746875 0.0296875 0.04375
0 0.851562 0.75 0.034375 0.0458333
0 0.0375 0.378125 0.03125 0.0479167
0 0.567969 0.102083 0.0296875 0.0375
0 0.410156 0.0385417 0.0328125 0.0395833
0 0.483594 0.863542 0.0359375 0.04375
0 0.0835937 0.80625 0.0296875 0.0375
0 0.629687 0.804167 0.034375 0.0416667
0 0.192188 0.84375 0.03125 0.0375
0 0.282813 0.21875 0.034375 0.0416667
0 0.584375 0.119792 0.03125 0.0395833
0 0.709375 0.633333 0.03125 0.0416667
0 0.865625 0.410417 0.03125 0.0416667
0 0.267188 0.123958 0.03125 0.0395833
0 0.502344 0.738542 0.0421875 0.0520833
0 0.204688 0.495833 0.034375 0.0416667
0 0.772656 0.0770833 0.0328125 0.0416667
0 0.733594 0.766667 0.0296875 0.0333333
0 0.132812 0.196875 0.034375 0.04375
0 0.828906 0.434375 0.0328125 0.0395833
0 0.636719 0.420833 0.0359375 0.0458333
0 0.853125 0.229167 0.04375 0.0541667
0 0.7875 0.872917 0.03125 0.0416667
0 0.833594 0.973958 0.0265625 0.0354167
0 0.357031 0.0635417 0.0296875 0.0354167
0 0.603125 0.213542 0.03125 0.0395833
0 0.842188 0.85 0.028125 0.0333333
0 0.241406 0.854167 0.0328125 0.0416667
0 0.632812 0.577083 0.03125 0.0375
0 0.935938 0.209375 0.040625 0.05625
