0 0.639063 0.419792 0.0375 0.0520833
0 0.991406 0.679167 0.0140625 0.05
0 0.0140625 0.989583 0.028125 0.0208333
0 0.578125 0.152083 0.028125 0.0333333
0 0.514063 0.015625 0.028125 0.0270833
0 0.541406 0.986458 0.0328125 0.0270833
0 0.00625 0.321875 0.0125 0.04375
0 0.486719 0.865625 0.0328125 0.04375
0 0.101562 0.0135417 0.034375 0.0270833
0 0.725781 0.773958 0.0296875 0.0354167
0 0.276563 0.348958 0.03125 0.0395833
0 0.239844 0.85625 0.0328125 0.0416667
0 0.0390625 0.985417 0.034375 0.0291667
0 0.311719 0.189583 0.0328125 0.0375
0 0.284375 0.219792 0.034375 0.0395833
0 0.698438 0.0822917 0.034375 0.04375
0 0.0140625 0.770833 0.025 0.0416667
0 0.776563 0.0125 0.034375 0.025
0 0.0890625 0.963542 0.03125 0.0395833
0 0.126563 0.294792 0.034375 0.04375
0 0.503906 0.021875 0.0296875 0.0354167
0 0.973437 0.860417 0.0375 0.0458333
0 0.107031 0.554167 0.0328125 0.0416667
0 0.477344 0.410417 0.0390625 0.05
0 0.257031 0.225 0.0328125 0.0416667
0 0.992188 0.408333 0.015625 0.0541667
0 0.710156 0.633333 0.0328125 0.0416667
0 0.235156 0.578125 0.0328125 0.04375
0 0.260938 0.438542 0.034375 0.04375
0 0.770312 0.0875 0.03125 0.0375
0 0.084375 0.80625 0.03125 0.0375
0 0.532812 0.976042 0.034375 0.0354167
0 0.250781 0.14375 0.0359375 0.0375
0 0.853125 0.229167 0.04375 0.05
0 0.864062 0.4125 0.034375 0.0416667
0 0.829687 0.435417 0.034375 0.0458333
0 0.569531 0.103125 0.0296875 0.0354167
0 0.56875 0.532292 0.0375 0.04375
0 0.498437 0.745833 0.046875 0.05
0 0.192969 0.845833 0.0359375 0.0458333
0 0.584375 0.120833 0.03125 0.0375
0 0.841406 0.85625 0.0265625 0.0375
0 0.946094 0.25 0.0328125 0.0416667
0 0.657031 0.192708 0.0359375 0.04375
0 0.129688 0.198958 0.0375 0.0479167
0 0.603125 0.213542 0.03125 0.0395833
0 0.628125 0.590625 0.034375 0.04375
0 0.367188 0.0239583 0.03125 0.0354167
0 0.83125 0.98125 0.028125 0.0333333
0 0.848437 0.754167 0.034375 0.0458333
0 0.935938 0.207292 0.040625 0.0520833
