0 0.657031 0.926042 0.0390625 0.0479167
0 0.577344 0.151042 0.0296875 0.0354167
0 0.525 0.0104167 0.028125 0.0208333
0 0.0117188 0.989583 0.0234375 0.0208333
0 0.978906 0.863542 0.0296875 0.0395833
0 0.628906 0.804167 0.0359375 0.0416667
0 0.994531 0.408333 0.0109375 0.05
0 0.491406 0.403125 0.0296875 0.0395833
0 0.769531 0.810417 0.0328125 0.0416667
0 0.364062 0.436458 0.03125 0.04375
0 0.734375 0.765625 0.025 0.0354167
0 0.227344 0.465625 0.0328125 0.0395833
0 0.449219 0.0104167 0.0296875 0.0208333
0 0.0398437 0.985417 0.0328125 0.0291667
0 0.785156 0.4 0.0296875 0.0416667
0 0.264844 0.436458 0.0328125 0.0395833
0 0.0101562 0.283333 0.0203125 0.0416667
0 0.0890625 0.964583 0.03125 0.0375
0 0.485938 0.863542 0.034375 0.04375
0 0.49375 0.01875 0.03125 0.0333333
0 0.292969 0.321875 0.0296875 0.0395833
0 0.664062 0.169792 0.034375 0.0395833
0 0.567187 0.103125 0.03125 0.0395833
0 0.220313 0.177083 0.028125 0.0375
0 0.541406 0.985417 0.0328125 0.0291667
0 0.0367187 0.377083 0.0359375 0.0458333
0 0.157813 0.316667 0.03125 0.0375
0 0.0210938 0.745833 0.0296875 0.0416667
0 0.851562 0.75 0.0375 0.0458333
0 0.282813 0.217708 0.03125 0.0395833
0 0.55625 0.928125 0.028125 0.03125
0 0.192188 0.84375 0.03125 0.0375
0 0.0835937 0.80625 0.0296875 0.0375
0 0.234375 0.577083 0.03125 0.0458333
0 0.578906 0.510417 0.0328125 0.0375
0 0.270312 0.121875 0.028125 0.0354167
0 0.985156 0.817708 0.0296875 0.0395833
0 0.772656 0.075 0.0328125 0.0416667
0 0.709375 0.633333 0.03125 0.0416667
0 0.132031 0.195833 0.0359375 0.0458333
0 0.584375 0.119792 0.03125 0.0395833
0 0.6375 0.419792 0.0375 0.0479167
0 0.336719 0.04375 0.0265625 0.0375
0 0.832812 0.972917 0.028125 0.0375
0 0.828125 0.433333 0.03125 0.0416667
0 0.853125 0.228125 0.04375 0.05625
0 0.503125 0.736458 0.04375 0.05625
0 0.865625 0.408333 0.03125 0.0416667
0 0.240625 0.854167 0.03125 0.0416667
0 0.603906 0.2125 0.0328125 0.0416667
0 0.632812 0.576042 0.03125 0.0395833
0 0.842969 0.848958 0.0265625 0.0354167
0 0.935938 0.208333 0.040625 0.0583333
