0 0.995313 0.365625 0.009375 0.03125
0 0.978125 0.863542 0.028125 0.0354167
0 0.0132813 0.990625 0.0265625 0.01875
0 0.992188 0.683333 0.015625 0.0375
0 0.0429688 0.9875 0.0296875 0.025
0 0.717188 0.784375 0.028125 0.0354167
0 0.260938 0.434375 0.028125 0.0354167
0 0.634375 0.0104167 0.03125 0.0208333
0 0.75 0.0145833 0.03125 0.0291667
0 0.159375 0.938542 0.028125 0.0354167
0 0.720312 0.119792 0.028125 0.0354167
0 0.990625 0.410417 0.015625 0.0541667
0 0.542188 0.986458 0.03125 0.0270833
0 0.636719 0.41875 0.0359375 0.0458333
0 0.985156 0.0135417 0.0265625 0.0270833
0 0.3 0.219792 0.034375 0.0395833
0 0.753906 0.111458 0.0296875 0.0354167
0 0.4875 0.863542 0.03125 0.0395833
0 0.235938 0.461458 0.021875 0.0270833
0 0.507031 0.0270833 0.0265625 0.0375
0 0.459375 0.44375 0.0375 0.05
0 0.229687 0.171875 0.03125 0.0354167
0 0.478906 0.0510417 0.0265625 0.0354167
0 0.936719 0.207292 0.0359375 0.0520833
0 0.084375 0.804167 0.03125 0.0375
0 0.921875 0.978125 0.034375 0.0395833
0 0.823438 0.988542 0.028125 0.0229167
0 0.147656 0.926042 0.0296875 0.0354167
0 0.851562 0.236458 0.040625 0.0520833
0 0.235938 0.571875 0.028125 0.04375
0 0.627344 0.240625 0.0328125 0.0395833
0 0.130469 0.197917 0.0328125 0.0416667
0 0.569531 0.102083 0.0296875 0.0375
0 0.515625 0.60625 0.03125 0.0458333
0 0.355469 0.0666667 0.0296875 0.0375
0 0.709375 0.630208 0.03125 0.0395833
0 0.191406 0.846875 0.0328125 0.0395833
0 0.838281 0.753125 0.0328125 0.0479167
0 0.0890625 0.9625 0.03125 0.0375
0 0.859375 0.410417 0.03125 0.0375
0 0.826563 0.433333 0.034375 0.0416667
0 0.602344 0.210417 0.0296875 0.0416667
0 0.860937 0.69375 0.028125 0.0375
0 0.23125 0.384375 0.03125 0.0395833
0 0.267969 0.24375 0.0328125 0.0375
0 0.583594 0.120833 0.0328125 0.0375
0 0.578125 0.148958 0.028125 0.0354167
0 0.630469 0.615625 0.0296875 0.0395833
0 0.832812 0.871875 0.028125 0.0354167
0 0.2375 0.85625 0.03125 0.0458333
