0 0.310156 0.191667 0.0328125 0.0375
0 0.628906 0.804167 0.0359375 0.0416667
0 0.779688 0.00833333 0.034375 0.0166667
0 0.0140625 0.989583 0.028125 0.0208333
0 0.514063 0.0135417 0.028125 0.0270833
0 0.992188 0.295833 0.015625 0.0416667
0 0.99375 0.408333 0.0125 0.05
0 0.00625 0.310417 0.0125 0.0458333
0 0.479688 0.409375 0.034375 0.0479167
0 0.235938 0.264583 0.040625 0.0458333
0 0.486719 0.864583 0.0328125 0.0458333
0 0.5375 0.9625 0.028125 0.0333333
0 0.726562 0.772917 0.03125 0.0375
0 0.505469 0.470833 0.0328125 0.0416667
0 0.0390625 0.985417 0.034375 0.0291667
0 0.0195312 0.0572917 0.0296875 0.0354167
0 0.136719 0.528125 0.0328125 0.04375
0 0.0890625 0.964583 0.03125 0.0416667
0 0.542188 0.986458 0.034375 0.0270833
0 0.015625 0.7625 0.028125 0.0416667
0 0.239844 0.194792 0.0296875 0.0395833
0 0.285937 0.21875 0.034375 0.0375
0 0.735937 0.130208 0.03125 0.0395833
0 0.567187 0.532292 0.03125 0.0354167
0 0.973437 0.853125 0.040625 0.0520833
0 0.280469 0.340625 0.0296875 0.0395833
0 0.503906 0.0197917 0.0296875 0.0354167
0 0.261719 0.439583 0.0328125 0.0416667
0 0.569531 0.103125 0.0296875 0.0354167
0 0.235938 0.579167 0.03125 0.0458333
0 0.638281 0.421875 0.0390625 0.0479167
0 0.0835937 0.80625 0.0296875 0.0375
0 0.709375 0.633333 0.03125 0.0375
0 0.657812 0.186458 0.034375 0.0395833
0 0.130469 0.198958 0.0359375 0.0479167
0 0.829687 0.434375 0.034375 0.04375
0 0.192188 0.846875 0.034375 0.04375
0 0.865625 0.4125 0.03125 0.0416667
0 0.371094 0.0197917 0.0296875 0.03125
0 0.584375 0.120833 0.03125 0.0375
0 0.257812 0.133333 0.03125 0.0375
0 0.65625 0.928125 0.04375 0.0520833
0 0.497656 0.741667 0.0421875 0.05
0 0.603125 0.213542 0.03125 0.0395833
0 0.842188 0.85625 0.028125 0.0375
0 0.771875 0.0833333 0.03125 0.0375
0 0.629687 0.585417 0.03125 0.0416667
0 0.852344 0.229167 0.0421875 0.05
0 0.830469 0.980208 0.0296875 0.0354167
0 0.848437 0.754167 0.034375 0.0458333
0 0.239063 0.859375 0.034375 0.04375
0 0.935938 0.210417 0.040625 0.0541667
