0 0.576563 0.111458 0.034375 0.0395833
0 0.200781 0.935417 0.0265625 0.0375
0 0.564844 0.161458 0.0296875 0.0354167
0 0.629687 0.804167 0.034375 0.0416667
0 0.309375 0.19375 0.03125 0.0375
0 0.992188 0.683333 0.015625 0.0416667
0 0.0125 0.990625 0.025 0.01875
2 0.18125 0.940625 0.028125 0.0354167
0 0.578125 0.151042 0.03125 0.0354167
0 0.6375 0.421875 0.0375 0.04375
0 0.602344 0.211458 0.0328125 0.0395833
0 0.501562 0.0166667 0.03125 0.0333333
0 0.040625 0.9875 0.03125 0.025
0 0.469531 0.426042 0.0390625 0.0520833
0 0.7625 0.103125 0.03125 0.0354167
0 0.485938 0.863542 0.03125 0.04375
0 0.990625 0.409375 0.01875 0.05625
0 0.00859375 0.7875 0.0171875 0.0375
0 0.540625 0.984375 0.034375 0.03125
0 0.989062 0.319792 0.021875 0.04375
0 0.951563 0.914583 0.034375 0.0375
0 0.852344 0.234375 0.0421875 0.0520833
0 0.254687 0.369792 0.028125 0.0354167
0 0.361719 0.0479167 0.0328125 0.0416667
0 0.276563 0.229167 0.034375 0.0375
0 0.24375 0.155208 0.03125 0.0354167
0 0.826563 0.985417 0.028125 0.0291667
0 0.567969 0.103125 0.0296875 0.0354167
0 0.0851562 0.80625 0.0296875 0.0375
0 0.864062 0.413542 0.034375 0.04375
0 0.753125 0.0520833 0.034375 0.0416667
0 0.490625 0.034375 0.03125 0.0395833
0 0.764844 0.0708333 0.0328125 0.0333333
0 0.721094 0.779167 0.0296875 0.0333333
0 0.8375 0.864583 0.028125 0.0416667
0 0.0898438 0.9625 0.0328125 0.0416667
0 0.709375 0.632292 0.03125 0.0395833
0 0.723437 0.453125 0.040625 0.05625
0 0.935938 0.209375 0.040625 0.05625
0 0.233594 0.578125 0.0296875 0.04375
0 0.544531 0.576042 0.0328125 0.04375
0 0.260938 0.440625 0.03125 0.0354167
0 0.238281 0.857292 0.0296875 0.0395833
0 0.309375 0.2375 0.0375 0.0416667
0 0.192188 0.845833 0.034375 0.0416667
0 0.829687 0.435417 0.034375 0.0416667
0 0.130469 0.198958 0.0390625 0.0520833
0 0.646094 0.222917 0.0359375 0.0416667
0 0.582812 0.121875 0.034375 0.04375
0 0.630469 0.60625 0.0296875 0.0375
0 0.845312 0.754167 0.034375 0.05
0 0.49375 0.748958 0.040625 0.0479167
