0 0.302344 0.344792 0.0234375 0.0270833
0 0.578125 0.151042 0.03125 0.0354167
0 0.0125 0.989583 0.025 0.0208333
0 0.99375 0.408333 0.0125 0.05
0 0.363281 0.432292 0.0296875 0.0354167
0 0.490625 0.403125 0.03125 0.0395833
0 0.469531 0.01875 0.0359375 0.0333333
0 0.228125 0.467708 0.03125 0.0395833
0 0.00859375 0.273958 0.0171875 0.0479167
0 0.628906 0.804167 0.0359375 0.0416667
0 0.979688 0.860417 0.028125 0.0375
0 0.495313 0.01875 0.034375 0.0333333
0 0.0398437 0.985417 0.0328125 0.0291667
0 0.75625 0.823958 0.03125 0.0395833
0 0.0882813 0.964583 0.0296875 0.0375
0 0.664062 0.169792 0.034375 0.0395833
0 0.265625 0.4375 0.034375 0.0416667
0 0.985156 0.815625 0.0296875 0.0395833
0 0.0203125 0.74375 0.028125 0.0416667
0 0.566406 0.104167 0.0328125 0.0416667
0 0.485938 0.8625 0.034375 0.0416667
0 0.542188 0.985417 0.034375 0.0291667
0 0.163281 0.310417 0.0296875 0.0333333
0 0.557031 0.925 0.0296875 0.0333333
0 0.235156 0.576042 0.0296875 0.04375
0 0.735937 0.763542 0.028125 0.0354167
0 0.084375 0.805208 0.028125 0.0354167
0 0.327344 0.0208333 0.0265625 0.0333333
0 0.192188 0.84375 0.03125 0.0375
0 0.851562 0.748958 0.0375 0.0479167
0 0.579687 0.509375 0.034375 0.0395833
0 0.294531 0.320833 0.0296875 0.0416667
0 0.584375 0.120833 0.03125 0.0416667
0 0.835938 0.972917 0.028125 0.0375
0 0.772656 0.075 0.0328125 0.0416667
0 0.271094 0.120833 0.0296875 0.0375
0 0.709375 0.633333 0.03125 0.0416667
0 0.220313 0.179167 0.028125 0.0375
0 0.282813 0.21875 0.034375 0.0416667
0 0.767187 0.408333 0.03125 0.0416667
0 0.6375 0.419792 0.034375 0.0479167
0 0.0382813 0.377083 0.0328125 0.0458333
0 0.240625 0.854167 0.03125 0.0416667
0 0.132812 0.196875 0.034375 0.04375
0 0.505469 0.7375 0.0421875 0.0541667
0 0.828125 0.433333 0.03125 0.0416667
0 0.867188 0.408333 0.03125 0.0416667
0 0.633594 0.573958 0.0296875 0.0395833
0 0.604688 0.213542 0.03125 0.0395833
0 0.853125 0.229167 0.04375 0.0541667
0 0.935938 0.209375 0.040625 0.05625
0 0.84375 0.847917 0.025 0.0375
