0 0.990625 0.683333 0.015625 0.0416667
2 0.696875 0.0135417 0.03125 0.0270833
0 0.182812 0.940625 0.028125 0.0354167
0 0.336719 0.009375 0.0390625 0.01875
0 0.0125 0.989583 0.025 0.0208333
0 0.629687 0.804167 0.034375 0.0416667
2 0.182812 0.941667 0.028125 0.0375
0 0.601562 0.2125 0.03125 0.0375
0 0.992188 0.309375 0.015625 0.0395833
0 0.501562 0.0166667 0.03125 0.0333333
0 0.469531 0.425 0.0390625 0.0541667
0 0.763281 0.102083 0.0328125 0.0375
0 0.782031 0.0729167 0.0265625 0.0375
0 0.702344 0.457292 0.0359375 0.0395833
0 0.040625 0.9875 0.03125 0.025
0 0.485938 0.863542 0.03125 0.04375
0 0.578906 0.151042 0.0296875 0.0354167
0 0.990625 0.409375 0.01875 0.05625
0 0.00859375 0.785417 0.0171875 0.0375
0 0.539844 0.984375 0.0328125 0.03125
0 0.254687 0.369792 0.028125 0.0395833
0 0.277344 0.227083 0.0328125 0.0375
0 0.567969 0.104167 0.0296875 0.0375
0 0.935938 0.210417 0.040625 0.0583333
0 0.953125 0.910417 0.034375 0.0375
0 0.24375 0.154167 0.03125 0.0333333
0 0.084375 0.80625 0.028125 0.0375
0 0.0898438 0.963542 0.0296875 0.0395833
0 0.721094 0.778125 0.0296875 0.0354167
0 0.864062 0.413542 0.034375 0.04375
0 0.828125 0.985417 0.025 0.0291667
0 0.361719 0.046875 0.0328125 0.0395833
0 0.753906 0.05625 0.0328125 0.0416667
0 0.260156 0.440625 0.0296875 0.0354167
0 0.545313 0.575 0.034375 0.0416667
0 0.709375 0.632292 0.03125 0.0395833
0 0.232812 0.579167 0.028125 0.0416667
0 0.829687 0.435417 0.034375 0.0416667
0 0.492188 0.0322917 0.03125 0.0395833
0 0.8375 0.863542 0.025 0.04375
0 0.629687 0.604167 0.028125 0.0416667
0 0.192188 0.845833 0.034375 0.0416667
0 0.852344 0.234375 0.0421875 0.0520833
0 0.646094 0.222917 0.0359375 0.0416667
0 0.300781 0.238542 0.0359375 0.0395833
0 0.128906 0.198958 0.0390625 0.0520833
0 0.583594 0.121875 0.0328125 0.0395833
0 0.2375 0.858333 0.03125 0.0416667
0 0.845312 0.754167 0.034375 0.0458333
0 0.494531 0.748958 0.0390625 0.0479167
