0 0.978125 0.863542 0.025 0.0354167
0 0.25 0.432292 0.025 0.03125
0 0.630469 0.803125 0.0328125 0.0395833
0 0.71875 0.780208 0.03125 0.0354167
0 0.578125 0.15 0.03125 0.0375
0 0.992188 0.684375 0.015625 0.04375
0 0.992188 0.4125 0.015625 0.05
0 0.0140625 0.991667 0.025 0.0166667
0 0.601562 0.209375 0.03125 0.0395833
0 0.0984375 0.991667 0.028125 0.0166667
0 0.00625 0.795833 0.0125 0.0416667
0 0.463281 0.43125 0.0390625 0.0541667
0 0.0429688 0.9875 0.0296875 0.025
0 0.695312 0.0114583 0.034375 0.0229167
0 0.757812 0.0979167 0.03125 0.0375
0 0.635938 0.235417 0.0375 0.0416667
0 0.85 0.238542 0.040625 0.04375
0 0.486719 0.8625 0.0296875 0.0416667
0 0.94375 0.934375 0.03125 0.0354167
0 0.504687 0.0197917 0.03125 0.0354167
0 0.542188 0.985417 0.03125 0.0291667
2 0.0117188 0.729167 0.0234375 0.0416667
0 0.310156 0.225 0.0328125 0.0416667
0 0.569531 0.103125 0.0296875 0.0354167
0 0.483594 0.040625 0.0296875 0.0395833
0 0.829687 0.435417 0.03125 0.0375
0 0.240625 0.161458 0.03125 0.0354167
0 0.273438 0.234375 0.034375 0.0395833
0 0.0898438 0.964583 0.0296875 0.0375
0 0.804688 0.413542 0.034375 0.0354167
0 0.084375 0.805208 0.028125 0.0354167
0 0.489062 0.752083 0.040625 0.0458333
0 0.261719 0.438542 0.0328125 0.0354167
0 0.357812 0.0541667 0.03125 0.0375
0 0.233594 0.576042 0.0296875 0.04375
0 0.245312 0.371875 0.028125 0.0395833
0 0.975 0.421875 0.03125 0.0395833
0 0.638281 0.421875 0.0359375 0.04375
0 0.533594 0.5875 0.0328125 0.0416667
0 0.823438 0.9875 0.028125 0.025
0 0.129688 0.198958 0.034375 0.0479167
0 0.745313 0.071875 0.034375 0.04375
0 0.864844 0.4125 0.0328125 0.0416667
0 0.708594 0.63125 0.0328125 0.0416667
0 0.191406 0.845833 0.0359375 0.0416667
0 0.835156 0.86875 0.0265625 0.0375
0 0.582812 0.120833 0.034375 0.0416667
0 0.236719 0.85625 0.0296875 0.0375
0 0.630469 0.610417 0.0328125 0.0416667
0 0.936719 0.209375 0.0390625 0.05625
0 0.842188 0.754167 0.034375 0.05
