0 0.992188 0.684375 0.015625 0.04375
0 0.309375 0.188542 0.028125 0.0354167
0 0.00625 0.803125 0.0125 0.0395833
0 0.851562 0.233333 0.04375 0.05
0 0.0140625 0.990625 0.025 0.01875
0 0.0414063 0.9875 0.0296875 0.025
0 0.460156 0.43125 0.0390625 0.0541667
2 0.0101562 0.73125 0.0203125 0.0416667
0 0.578125 0.15 0.03125 0.0375
0 0.717969 0.782292 0.0296875 0.0354167
0 0.990625 0.410417 0.01875 0.0541667
0 0.736719 0.084375 0.0359375 0.04375
0 0.238281 0.171875 0.0328125 0.0354167
0 0.486719 0.8625 0.0296875 0.0416667
0 0.504687 0.021875 0.028125 0.0354167
0 0.636719 0.421875 0.0359375 0.0479167
0 0.757812 0.1 0.034375 0.0416667
0 0.542188 0.986458 0.03125 0.0270833
0 0.272656 0.236458 0.0328125 0.0395833
0 0.635156 0.236458 0.0359375 0.04375
0 0.940625 0.942708 0.03125 0.0354167
0 0.24375 0.373958 0.028125 0.0395833
0 0.483594 0.04375 0.0296875 0.0416667
0 0.084375 0.805208 0.028125 0.0354167
0 0.234375 0.576042 0.028125 0.04375
0 0.311719 0.225 0.0328125 0.0416667
0 0.0898438 0.9625 0.0296875 0.0375
0 0.530469 0.592708 0.0328125 0.04375
0 0.56875 0.103125 0.03125 0.0395833
0 0.822656 0.988542 0.0265625 0.0229167
0 0.130469 0.198958 0.0359375 0.0479167
0 0.259375 0.436458 0.034375 0.0395833
0 0.357812 0.0572917 0.03125 0.0395833
0 0.825 0.359375 0.03125 0.0395833
0 0.490625 0.751042 0.04375 0.0479167
0 0.828906 0.433333 0.0328125 0.0416667
0 0.190625 0.845833 0.034375 0.0416667
0 0.864062 0.413542 0.034375 0.04375
0 0.709375 0.63125 0.03125 0.0416667
0 0.601562 0.209375 0.03125 0.0395833
0 0.942187 0.469792 0.034375 0.0395833
0 0.834375 0.86875 0.025 0.0375
0 0.582812 0.120833 0.034375 0.0416667
0 0.935938 0.208333 0.040625 0.0541667
0 0.2375 0.858333 0.03125 0.0416667
0 0.630469 0.610417 0.0328125 0.0416667
0 0.842188 0.754167 0.034375 0.05
