0 0.990625 0.683333 0.01875 0.0416667
0 0.0132813 0.989583 0.0265625 0.0208333
0 0.638281 0.422917 0.0390625 0.05
0 0.578125 0.151042 0.028125 0.0354167
0 0.310156 0.192708 0.0328125 0.04375
0 0.601562 0.213542 0.028125 0.0354167
0 0.470313 0.422917 0.040625 0.0583333
0 0.547656 0.56875 0.0359375 0.0458333
0 0.486719 0.864583 0.0296875 0.0416667
0 0.0398437 0.9875 0.0328125 0.025
0 0.310937 0.247917 0.0375 0.0416667
0 0.692187 0.514583 0.034375 0.0416667
0 0.56875 0.10625 0.03125 0.0375
0 0.764844 0.0979167 0.0296875 0.0375
0 0.541406 0.985417 0.0328125 0.0291667
0 0.009375 0.779167 0.01875 0.0375
0 0.650781 0.214583 0.0359375 0.0416667
0 0.851562 0.23125 0.04375 0.0541667
0 0.0898438 0.963542 0.0296875 0.0395833
0 0.991406 0.408333 0.0171875 0.0541667
0 0.709375 0.633333 0.03125 0.0416667
0 0.244531 0.154167 0.0328125 0.0375
0 0.760938 0.046875 0.034375 0.04375
0 0.864062 0.413542 0.034375 0.04375
0 0.260938 0.440625 0.03125 0.0395833
0 0.83125 0.0802083 0.028125 0.0395833
0 0.234375 0.577083 0.03125 0.0458333
0 0.0835937 0.80625 0.0296875 0.0375
0 0.722656 0.775 0.0296875 0.0333333
0 0.192188 0.847917 0.0375 0.0458333
0 0.957812 0.902083 0.034375 0.0375
0 0.830469 0.435417 0.0359375 0.0458333
0 0.28125 0.226042 0.0375 0.04375
0 0.363281 0.0416667 0.0328125 0.0416667
0 0.628906 0.605208 0.0296875 0.0395833
0 0.582812 0.120833 0.034375 0.0416667
0 0.838281 0.860417 0.0265625 0.0375
0 0.257812 0.367708 0.03125 0.0395833
0 0.129688 0.198958 0.040625 0.05625
0 0.238281 0.858333 0.0328125 0.0416667
0 0.845312 0.753125 0.034375 0.0479167
0 0.830469 0.983333 0.0296875 0.0333333
0 0.49375 0.748958 0.040625 0.0479167
0 0.496875 0.0260417 0.0375 0.04375
0 0.935938 0.209375 0.040625 0.0604167
