0 0.0382813 0.379167 0.0359375 0.05
0 0.336719 0.009375 0.0328125 0.01875
0 0.990625 0.68125 0.015625 0.0458333
0 0.994531 0.408333 0.0109375 0.05
0 0.0132813 0.990625 0.0265625 0.01875
0 0.517969 0.0125 0.0296875 0.025
0 0.4875 0.864583 0.03125 0.0416667
0 0.485938 0.404167 0.034375 0.0416667
0 0.0078125 0.297917 0.015625 0.05
0 0.728125 0.771875 0.03125 0.0354167
0 0.975781 0.840625 0.0328125 0.0395833
0 0.0398437 0.985417 0.0328125 0.0291667
0 0.0179687 0.75625 0.0265625 0.0375
0 0.161719 0.527083 0.0296875 0.0375
0 0.0890625 0.964583 0.03125 0.0375
0 0.542188 0.953125 0.028125 0.0354167
0 0.503906 0.0197917 0.0328125 0.0354167
0 0.659375 0.18125 0.0375 0.0416667
0 0.454688 0.451042 0.0375 0.0479167
0 0.261719 0.438542 0.0328125 0.0395833
0 0.229687 0.189583 0.028125 0.0458333
0 0.657812 0.927083 0.040625 0.05
0 0.265625 0.132292 0.03125 0.0395833
0 0.235156 0.577083 0.0328125 0.0458333
0 0.569531 0.103125 0.0296875 0.0354167
0 0.708594 0.633333 0.0328125 0.0416667
0 0.0609375 0.127083 0.03125 0.0375
0 0.28125 0.220833 0.03125 0.0375
0 0.570312 0.526042 0.034375 0.0395833
0 0.0835937 0.80625 0.0296875 0.0375
0 0.497656 0.741667 0.0421875 0.05
0 0.865625 0.4125 0.03125 0.0416667
0 0.6375 0.421875 0.0375 0.0479167
0 0.294531 0.192708 0.0296875 0.0395833
0 0.374219 0.0135417 0.0296875 0.0270833
0 0.828906 0.434375 0.0328125 0.0395833
0 0.540625 0.985417 0.0375 0.0291667
0 0.755469 0.204167 0.0328125 0.0375
0 0.192188 0.845833 0.034375 0.0416667
0 0.582812 0.120833 0.034375 0.0416667
0 0.283594 0.336458 0.0265625 0.0354167
0 0.850781 0.753125 0.0359375 0.0479167
0 0.240625 0.85625 0.03125 0.0416667
0 0.842969 0.853125 0.0265625 0.0354167
0 0.603125 0.214583 0.03125 0.0375
0 0.63125 0.583333 0.03125 0.0416667
0 0.13125 0.198958 0.034375 0.04375
0 0.853125 0.229167 0.04375 0.0541667
0 0.832031 0.977083 0.0296875 0.0375
0 0.771875 0.0802083 0.03125 0.0395833
0 0.935938 0.210417 0.040625 0.0583333
