0 0.784375 0.009375 0.0375 0.01875
0 0.990625 0.68125 0.015625 0.0458333
0 0.628906 0.804167 0.0359375 0.0416667
2 0.0078125 0.304167 0.015625 0.0458333
0 0.994531 0.413542 0.0109375 0.04375
2 0.696875 0.0145833 0.03125 0.0291667
0 0.29375 0.363542 0.021875 0.0270833
0 0.0132813 0.990625 0.0265625 0.01875
0 0.335938 0.0104167 0.034375 0.0208333
0 0.517187 0.0135417 0.028125 0.0270833
0 0.311719 0.192708 0.0328125 0.0395833
0 0.00703125 0.301042 0.0140625 0.0479167
0 0.277344 0.180208 0.0328125 0.0354167
0 0.484375 0.405208 0.0375 0.04375
0 0.4875 0.864583 0.03125 0.0416667
0 0.728125 0.771875 0.03125 0.0354167
0 0.0398437 0.985417 0.0328125 0.0291667
0 0.04375 0.136458 0.03125 0.0354167
0 0.975 0.841667 0.034375 0.0416667
0 0.154687 0.534375 0.03125 0.0395833
0 0.542188 0.954167 0.028125 0.0333333
0 0.0890625 0.965625 0.03125 0.0395833
0 0.503125 0.0197917 0.03125 0.0354167
0 0.0179687 0.757292 0.0265625 0.0395833
0 0.261719 0.438542 0.0328125 0.0395833
0 0.283594 0.219792 0.0359375 0.04375
0 0.228906 0.190625 0.0296875 0.0395833
0 0.235156 0.578125 0.0328125 0.0479167
0 0.569531 0.526042 0.0328125 0.0395833
0 0.460156 0.460417 0.0359375 0.05
0 0.660156 0.182292 0.0359375 0.0395833
0 0.708594 0.633333 0.0328125 0.0416667
0 0.266406 0.130208 0.0296875 0.0395833
0 0.745313 0.188542 0.03125 0.0354167
0 0.56875 0.103125 0.03125 0.0354167
0 0.0835937 0.80625 0.0296875 0.0375
0 0.865625 0.4125 0.03125 0.0416667
0 0.374219 0.0135417 0.0296875 0.0270833
0 0.638281 0.421875 0.0390625 0.0479167
0 0.283594 0.335417 0.0265625 0.0375
0 0.583594 0.120833 0.0359375 0.0416667
0 0.192188 0.844792 0.034375 0.04375
0 0.828906 0.434375 0.0328125 0.0395833
0 0.496875 0.739583 0.04375 0.05
0 0.540625 0.985417 0.0375 0.0291667
0 0.13125 0.198958 0.034375 0.04375
0 0.603125 0.214583 0.03125 0.0375
0 0.85 0.754167 0.034375 0.0458333
0 0.630469 0.584375 0.0328125 0.0395833
0 0.842969 0.854167 0.0265625 0.0333333
0 0.239844 0.85625 0.0328125 0.0416667
0 0.853125 0.229167 0.04375 0.0541667
0 0.832031 0.977083 0.0296875 0.0375
0 0.771875 0.0802083 0.03125 0.0395833
0 0.657031 0.927083 0.0421875 0.05
0 0.936719 0.209375 0.0390625 0.05625
