0 0.339844 0.0104167 0.0359375 0.0208333
2 0.183594 0.941667 0.0296875 0.0333333
0 0.310937 0.192708 0.034375 0.04375
0 0.0125 0.989583 0.025 0.0208333
0 0.577344 0.151042 0.0296875 0.0354167
0 0.550781 0.564583 0.0328125 0.0416667
0 0.485938 0.864583 0.03125 0.0416667
0 0.471875 0.423958 0.040625 0.05625
0 0.826563 0.101042 0.034375 0.0395833
0 0.765625 0.0979167 0.028125 0.0375
0 0.567969 0.105208 0.0296875 0.0354167
0 0.992188 0.407292 0.015625 0.0520833
0 0.0398437 0.9875 0.0328125 0.025
0 0.0101562 0.778125 0.0203125 0.0395833
0 0.541406 0.985417 0.0328125 0.0291667
0 0.959375 0.902083 0.034375 0.0375
0 0.853125 0.23125 0.04375 0.0541667
0 0.721875 0.775 0.03125 0.0333333
0 0.0890625 0.963542 0.03125 0.0395833
0 0.864062 0.413542 0.034375 0.04375
0 0.260938 0.440625 0.03125 0.0395833
0 0.684375 0.495833 0.0375 0.0458333
0 0.601562 0.213542 0.028125 0.0354167
0 0.708594 0.633333 0.0328125 0.0416667
0 0.652344 0.211458 0.0359375 0.0395833
0 0.234375 0.577083 0.03125 0.0458333
0 0.279687 0.223958 0.034375 0.0395833
0 0.244531 0.154167 0.0328125 0.0375
0 0.829687 0.436458 0.034375 0.04375
0 0.761719 0.0447917 0.0359375 0.04375
0 0.192188 0.846875 0.034375 0.04375
0 0.0835937 0.80625 0.0296875 0.0375
0 0.305469 0.245833 0.0390625 0.0416667
0 0.629687 0.60625 0.028125 0.0375
0 0.128906 0.198958 0.0390625 0.0520833
0 0.839063 0.860417 0.028125 0.0375
0 0.582812 0.120833 0.034375 0.0416667
0 0.259375 0.366667 0.03125 0.0416667
0 0.494531 0.751042 0.0421875 0.0479167
0 0.498437 0.025 0.0375 0.0416667
0 0.363281 0.040625 0.0328125 0.04375
0 0.238281 0.858333 0.0328125 0.0416667
0 0.846094 0.753125 0.0328125 0.0479167
0 0.935938 0.209375 0.040625 0.05625
0 0.83125 0.984375 0.028125 0.03125
