0 0.990625 0.878125 0.015625 0.0354167
0 0.99375 0.677083 0.0125 0.0458333
0 0.820312 0.636458 0.021875 0.0270833
0 0.504687 0.0104167 0.034375 0.0208333
0 0.0125 0.990625 0.025 0.01875
0 0.994531 0.409375 0.0109375 0.0479167
0 0.563281 0.160417 0.0265625 0.0333333
0 0.251563 0.547917 0.028125 0.0375
0 0.486719 0.864583 0.0296875 0.0375
0 0.742969 0.754167 0.0265625 0.0333333
0 0.040625 0.985417 0.03125 0.0291667
0 0.214062 0.1625 0.028125 0.0375
0 0.354688 0.339583 0.028125 0.0333333
0 0.541406 0.985417 0.0328125 0.0291667
0 0.578125 0.15 0.028125 0.0333333
0 0.300781 0.455208 0.0265625 0.0354167
0 0.498437 0.391667 0.034375 0.0375
0 0.235938 0.571875 0.028125 0.0395833
0 0.572656 0.888542 0.0296875 0.03125
0 0.207813 0.310417 0.034375 0.0416667
0 0.835938 0.964583 0.028125 0.0375
0 0.775 0.808333 0.03125 0.0333333
0 0.935938 0.208333 0.040625 0.0541667
0 0.0148437 0.247917 0.0296875 0.0458333
0 0.0898438 0.964583 0.0296875 0.0375
0 0.0296875 0.733333 0.028125 0.0416667
0 0.603125 0.0958333 0.03125 0.0375
0 0.295312 0.10625 0.028125 0.0375
0 0.984375 0.866667 0.025 0.0333333
0 0.0828125 0.805208 0.028125 0.0354167
0 0.659375 0.498958 0.03125 0.0354167
0 0.567187 0.103125 0.028125 0.0354167
0 0.989062 0.785417 0.021875 0.0375
0 0.771094 0.0677083 0.0296875 0.0354167
0 0.584375 0.121875 0.03125 0.0395833
0 0.5875 0.492708 0.03125 0.0395833
0 0.666406 0.141667 0.0328125 0.0375
0 0.0101562 0.653125 0.0203125 0.0354167
0 0.310937 0.310417 0.028125 0.0375
0 0.271094 0.417708 0.0296875 0.0354167
0 0.192188 0.844792 0.03125 0.0395833
0 0.869531 0.408333 0.0296875 0.0416667
0 0.283594 0.216667 0.0328125 0.0416667
0 0.601562 0.2125 0.03125 0.0375
0 0.708594 0.6375 0.0296875 0.0375
0 0.132031 0.196875 0.0328125 0.04375
0 0.510938 0.726042 0.040625 0.0479167
0 0.828125 0.433333 0.03125 0.0416667
0 0.636719 0.419792 0.0328125 0.04375
0 0.783594 0.63125 0.0328125 0.0416667
0 0.242188 0.85625 0.028125 0.0416667
0 0.853125 0.228125 0.046875 0.05625
0 0.63125 0.804167 0.0375 0.0416667
0 0.853906 0.75 0.0328125 0.0416667
0 0.848437 0.838542 0.028125 0.0354167
0 0.646875 0.561458 0.03125 0.0395833
