0 0.242188 0.453125 0.021875 0.0270833
0 0.629687 0.802083 0.034375 0.0375
0 0.978125 0.863542 0.025 0.0354167
0 0.992188 0.682292 0.015625 0.0395833
0 0.0046875 0.8125 0.009375 0.0375
0 0.564062 0.161458 0.028125 0.0354167
0 0.040625 0.9875 0.03125 0.025
0 0.9875 0.0104167 0.025 0.0208333
0 0.0132813 0.990625 0.0265625 0.01875
0 0.717188 0.783333 0.028125 0.0333333
0 0.851562 0.233333 0.040625 0.05
0 0.260156 0.435417 0.0296875 0.0375
0 0.4875 0.8625 0.03125 0.0375
0 0.75625 0.107292 0.03125 0.0395833
0 0.542188 0.986458 0.03125 0.0270833
0 0.889844 0.613542 0.0296875 0.0395833
0 0.928125 0.96875 0.03125 0.0375
0 0.505469 0.025 0.0265625 0.0375
0 0.725781 0.109375 0.0328125 0.0395833
0 0.991406 0.4125 0.0171875 0.05
0 0.460156 0.441667 0.0359375 0.05
0 0.235938 0.176042 0.03125 0.0354167
0 0.953125 0.395833 0.03125 0.0416667
0 0.084375 0.804167 0.028125 0.0333333
0 0.56875 0.102083 0.03125 0.0375
0 0.142969 0.941667 0.0265625 0.0333333
0 0.304688 0.217708 0.03125 0.0395833
0 0.628125 0.238542 0.03125 0.0395833
0 0.479688 0.0489583 0.028125 0.0354167
0 0.235156 0.572917 0.0296875 0.0416667
0 0.636719 0.419792 0.0390625 0.0479167
0 0.823438 0.988542 0.028125 0.0229167
0 0.936719 0.208333 0.0390625 0.0541667
0 0.519531 0.605208 0.0328125 0.04375
0 0.35625 0.0635417 0.028125 0.0354167
0 0.191406 0.845833 0.0328125 0.0416667
0 0.130469 0.197917 0.0328125 0.0458333
0 0.709375 0.63125 0.03125 0.0375
0 0.602344 0.210417 0.0296875 0.0416667
0 0.826563 0.434375 0.034375 0.0395833
0 0.858594 0.4125 0.0296875 0.0375
0 0.26875 0.242708 0.03125 0.0395833
0 0.233594 0.379167 0.0296875 0.0416667
0 0.0890625 0.9625 0.028125 0.0333333
0 0.486719 0.758333 0.0390625 0.0458333
0 0.582812 0.119792 0.034375 0.0395833
0 0.578125 0.15 0.03125 0.0375
0 0.832812 0.872917 0.028125 0.0375
0 0.839063 0.753125 0.034375 0.0479167
0 0.632031 0.6125 0.0296875 0.0416667
0 0.2375 0.857292 0.03125 0.04375
