0 0.308594 0.342708 0.0203125 0.0270833
0 0.04375 0.365625 0.0375 0.0479167
0 0.992188 0.678125 0.015625 0.0479167
0 0.408594 0.216667 0.0390625 0.05
0 0.982813 0.863542 0.028125 0.0395833
0 0.0125 0.990625 0.025 0.01875
0 0.994531 0.409375 0.0109375 0.0479167
0 0.486719 0.866667 0.0296875 0.0375
0 0.563281 0.161458 0.0265625 0.0354167
0 0.0234375 0.73125 0.03125 0.0416667
0 0.202344 0.417708 0.0265625 0.0354167
0 0.239063 0.335417 0.028125 0.0375
0 0.5875 0.496875 0.03125 0.0395833
0 0.503125 0.0114583 0.03125 0.0229167
0 0.990625 0.785417 0.01875 0.0375
0 0.541406 0.986458 0.0328125 0.0270833
0 0.569531 0.894792 0.0296875 0.0354167
0 0.496094 0.392708 0.0328125 0.0395833
0 0.216406 0.178125 0.0265625 0.0395833
0 0.671875 0.586458 0.03125 0.0395833
0 0.665625 0.151042 0.034375 0.0395833
0 0.332031 0.375 0.0296875 0.0375
0 0.040625 0.984375 0.03125 0.03125
0 0.0882813 0.964583 0.0296875 0.0375
0 0.835938 0.964583 0.028125 0.0375
0 0.742188 0.755208 0.028125 0.0354167
0 0.269531 0.41875 0.0296875 0.0375
0 0.292188 0.108333 0.028125 0.0333333
0 0.754687 0.598958 0.03125 0.04375
0 0.584375 0.121875 0.03125 0.0395833
0 0.235156 0.575 0.0296875 0.0416667
0 0.0835937 0.805208 0.0265625 0.0354167
0 0.132812 0.196875 0.034375 0.04375
0 0.771875 0.0708333 0.03125 0.0375
0 0.310937 0.311458 0.028125 0.0395833
0 0.636719 0.419792 0.0359375 0.0479167
0 0.820312 0.817708 0.034375 0.0395833
0 0.56875 0.102083 0.03125 0.0375
0 0.708594 0.635417 0.0296875 0.0375
0 0.578125 0.151042 0.03125 0.0354167
0 0.629687 0.804167 0.0375 0.0458333
0 0.234375 0.503125 0.03125 0.04375
0 0.596875 0.053125 0.03125 0.0395833
0 0.0125 0.254167 0.025 0.0416667
0 0.191406 0.844792 0.0328125 0.0395833
0 0.509375 0.729167 0.040625 0.05
0 0.853125 0.228125 0.046875 0.05625
0 0.283594 0.217708 0.0328125 0.0395833
0 0.828125 0.434375 0.03125 0.0395833
0 0.86875 0.408333 0.03125 0.0416667
0 0.602344 0.211458 0.0328125 0.0479167
0 0.848437 0.841667 0.028125 0.0333333
0 0.242188 0.85625 0.03125 0.0416667
0 0.646094 0.5625 0.0296875 0.0375
0 0.853125 0.745833 0.034375 0.0458333
0 0.935938 0.209375 0.040625 0.05625
