0 0.779688 0.00833333 0.0375 0.0166667
0 0.578125 0.153125 0.028125 0.0354167
0 0.990625 0.679167 0.015625 0.0458333
0 0.628906 0.804167 0.0359375 0.0416667
0 0.308594 0.19375 0.0328125 0.0416667
0 0.514844 0.0135417 0.0296875 0.0270833
0 0.0140625 0.989583 0.028125 0.0208333
0 0.99375 0.408333 0.0125 0.0458333
0 0.638281 0.421875 0.0390625 0.0479167
0 0.00625 0.309375 0.0125 0.0479167
0 0.485938 0.864583 0.034375 0.0458333
0 0.975 0.852083 0.0375 0.0541667
0 0.0390625 0.985417 0.034375 0.0291667
0 0.726562 0.772917 0.03125 0.0375
0 0.0890625 0.964583 0.03125 0.0416667
0 0.479688 0.409375 0.0375 0.0520833
0 0.242188 0.1875 0.03125 0.0416667
0 0.0164062 0.761458 0.0265625 0.0395833
0 0.538281 0.961458 0.0296875 0.0354167
0 0.542188 0.985417 0.034375 0.0291667
0 0.567969 0.53125 0.0328125 0.0375
0 0.0429688 0.0645833 0.0328125 0.0416667
0 0.477344 0.48125 0.0390625 0.0541667
0 0.144531 0.527083 0.0359375 0.0458333
0 0.0367187 0.389583 0.0359375 0.05
0 0.261719 0.13125 0.0328125 0.0416667
0 0.503906 0.0197917 0.0296875 0.0354167
0 0.709375 0.633333 0.03125 0.0416667
0 0.264844 0.279167 0.0296875 0.0416667
0 0.260938 0.438542 0.034375 0.0395833
0 0.372656 0.0177083 0.0296875 0.03125
0 0.725781 0.154167 0.0328125 0.0375
0 0.569531 0.103125 0.0296875 0.0354167
0 0.0835937 0.805208 0.0296875 0.0395833
0 0.282813 0.219792 0.034375 0.0395833
0 0.235156 0.579167 0.0296875 0.0416667
0 0.282813 0.338542 0.028125 0.0395833
0 0.985156 0.336458 0.0296875 0.04375
0 0.828906 0.435417 0.0328125 0.0416667
0 0.129688 0.197917 0.0375 0.0458333
0 0.658594 0.185417 0.0359375 0.0416667
0 0.192188 0.845833 0.034375 0.0416667
0 0.864844 0.4125 0.0328125 0.0416667
0 0.584375 0.120833 0.03125 0.0416667
0 0.853125 0.229167 0.04375 0.05
0 0.603125 0.214583 0.03125 0.0416667
0 0.496875 0.739583 0.04375 0.0541667
0 0.771875 0.0822917 0.03125 0.0395833
0 0.630469 0.585417 0.0328125 0.0416667
0 0.842188 0.855208 0.028125 0.0395833
0 0.83125 0.980208 0.03125 0.0354167
0 0.239063 0.859375 0.034375 0.04375
0 0.935938 0.210417 0.0375 0.0541667
0 0.849219 0.754167 0.0328125 0.0416667
0 0.657031 0.928125 0.0421875 0.0520833
