0 0.250781 0.43125 0.0234375 0.0291667
0 0.578125 0.148958 0.03125 0.0395833
0 0.992188 0.684375 0.015625 0.04375
0 0.0132813 0.989583 0.0265625 0.0208333
0 0.00625 0.79375 0.0125 0.0375
0 0.464063 0.432292 0.040625 0.05625
0 0.638281 0.233333 0.0359375 0.0416667
0 0.274219 0.234375 0.0328125 0.0395833
0 0.602344 0.211458 0.0328125 0.0395833
0 0.485938 0.863542 0.03125 0.04375
0 0.760156 0.102083 0.0328125 0.0375
0 0.241406 0.157292 0.0296875 0.03125
0 0.785937 0.402083 0.034375 0.0375
0 0.990625 0.411458 0.01875 0.0520833
0 0.040625 0.9875 0.03125 0.025
0 0.945312 0.930208 0.034375 0.0395833
0 0.541406 0.985417 0.0328125 0.0291667
0 0.6375 0.421875 0.0375 0.04375
0 0.503125 0.01875 0.03125 0.0333333
0 0.851562 0.234375 0.040625 0.0520833
0 0.535156 0.5875 0.0328125 0.0416667
0 0.129688 0.197917 0.034375 0.0458333
0 0.084375 0.805208 0.028125 0.0354167
0 0.569531 0.104167 0.0296875 0.0375
0 0.2625 0.438542 0.03125 0.0354167
2 0.0125 0.727083 0.025 0.0416667
0 0.233594 0.577083 0.0296875 0.0458333
0 0.311719 0.227083 0.0328125 0.0375
0 0.358594 0.0520833 0.0296875 0.0375
0 0.485938 0.040625 0.03125 0.0395833
0 0.0890625 0.9625 0.03125 0.0416667
0 0.709375 0.63125 0.03125 0.0416667
0 0.823438 0.9875 0.028125 0.025
0 0.489844 0.752083 0.0421875 0.0458333
0 0.246094 0.371875 0.0296875 0.0395833
0 0.71875 0.78125 0.03125 0.0375
0 0.192188 0.845833 0.034375 0.0416667
0 0.960938 0.395833 0.034375 0.0416667
0 0.864844 0.413542 0.0328125 0.04375
0 0.829687 0.433333 0.034375 0.0416667
0 0.745313 0.0770833 0.034375 0.0416667
0 0.632031 0.610417 0.0328125 0.0416667
0 0.582812 0.120833 0.034375 0.0416667
0 0.835156 0.867708 0.0265625 0.0395833
0 0.2375 0.857292 0.03125 0.0395833
0 0.936719 0.209375 0.0390625 0.05625
0 0.842969 0.754167 0.0359375 0.05
