0 0.563281 0.160417 0.0265625 0.0333333
0 0.979688 0.021875 0.028125 0.0354167
0 0.611719 0.828125 0.0328125 0.04375
0 0.992188 0.682292 0.015625 0.0354167
0 0.192188 0.846875 0.034375 0.04375
0 0.0140625 0.989583 0.028125 0.0208333
0 0.935938 0.207292 0.0375 0.0520833
0 0.307813 0.19375 0.025 0.0333333
0 0.716406 0.7875 0.0265625 0.0333333
0 0.628906 0.802083 0.0328125 0.0375
0 0.910937 0.990625 0.028125 0.01875
0 0.7125 0.1375 0.03125 0.0416667
0 0.260938 0.432292 0.028125 0.0395833
0 0.4875 0.863542 0.03125 0.0395833
0 0.0421875 0.985417 0.034375 0.0291667
0 0.74375 0.13125 0.03125 0.0375
0 0.541406 0.985417 0.0328125 0.0291667
0 0.832812 0.871875 0.028125 0.0354167
0 0.782031 0.173958 0.0296875 0.0395833
0 0.235938 0.569792 0.03125 0.04375
0 0.477344 0.053125 0.0265625 0.0395833
0 0.457812 0.45625 0.034375 0.0458333
0 0.178906 0.844792 0.0328125 0.04375
0 0.28125 0.201042 0.03125 0.0395833
0 0.851562 0.235417 0.040625 0.05
0 0.810156 0.853125 0.0296875 0.0395833
0 0.230469 0.475 0.0234375 0.0333333
0 0.824219 0.988542 0.0265625 0.0229167
0 0.6375 0.419792 0.0375 0.0479167
0 0.084375 0.803125 0.034375 0.04375
0 0.628906 0.0135417 0.0296875 0.0270833
0 0.225 0.389583 0.03125 0.0416667
0 0.35625 0.06875 0.028125 0.0333333
0 0.0867188 0.961458 0.0359375 0.04375
0 0.571094 0.101042 0.0296875 0.0354167
0 0.828125 0.758333 0.03125 0.0416667
0 0.709375 0.630208 0.03125 0.0395833
0 0.129688 0.197917 0.034375 0.0458333
0 0.217969 0.175 0.0296875 0.0333333
0 0.0203125 0.85 0.034375 0.0416667
0 0.626562 0.240625 0.034375 0.0395833
0 0.989062 0.4125 0.021875 0.0458333
0 0.602344 0.210417 0.0296875 0.0416667
0 0.826563 0.43125 0.034375 0.0375
0 0.266406 0.253125 0.0328125 0.04375
0 0.860937 0.409375 0.028125 0.0354167
0 0.582812 0.120833 0.03125 0.0375
0 0.507812 0.609375 0.034375 0.0479167
0 0.630469 0.616667 0.0296875 0.0416667
0 0.507812 0.03125 0.028125 0.0375
0 0.578125 0.15 0.028125 0.0375
0 0.2375 0.85625 0.03125 0.0458333
