0 0.990625 0.680208 0.015625 0.04375
0 0.340625 0.00833333 0.034375 0.0166667
0 0.655469 0.927083 0.0390625 0.05
0 0.994531 0.407292 0.0109375 0.0479167
0 0.628906 0.804167 0.0359375 0.0416667
0 0.979688 0.861458 0.028125 0.0354167
0 0.310937 0.188542 0.028125 0.0354167
0 0.0132813 0.989583 0.0265625 0.0208333
2 0.0078125 0.284375 0.015625 0.0479167
0 0.488281 0.405208 0.0296875 0.0395833
0 0.729688 0.766667 0.028125 0.0333333
0 0.519531 0.0114583 0.0265625 0.0229167
0 0.0375 0.38125 0.034375 0.0458333
0 0.483594 0.865625 0.0390625 0.0479167
0 0.834375 0.975 0.025 0.0333333
0 0.0398437 0.985417 0.0328125 0.0291667
0 0.0882813 0.964583 0.0328125 0.0416667
0 0.167969 0.530208 0.0328125 0.0395833
0 0.2625 0.438542 0.03125 0.0395833
0 0.235938 0.579167 0.03125 0.0458333
0 0.56875 0.103125 0.03125 0.0354167
0 0.419531 0.423958 0.0359375 0.04375
0 0.548437 0.944792 0.028125 0.03125
0 0.767187 0.261458 0.03125 0.0395833
0 0.2875 0.328125 0.028125 0.0395833
0 0.541406 0.985417 0.0359375 0.0291667
0 0.573438 0.521875 0.034375 0.0395833
0 0.851562 0.751042 0.034375 0.04375
0 0.221875 0.188542 0.028125 0.0395833
0 0.06875 0.207292 0.03125 0.0395833
0 0.01875 0.752083 0.028125 0.0458333
0 0.496094 0.0208333 0.0296875 0.0375
0 0.373437 0.0114583 0.028125 0.0229167
0 0.709375 0.633333 0.03125 0.0416667
0 0.261719 0.126042 0.0296875 0.0395833
0 0.980469 0.833333 0.0296875 0.0333333
0 0.0835937 0.805208 0.0296875 0.0395833
0 0.498437 0.738542 0.04375 0.0520833
0 0.660937 0.179167 0.034375 0.0416667
0 0.865625 0.411458 0.03125 0.04375
0 0.828906 0.434375 0.0328125 0.0395833
0 0.852344 0.229167 0.0453125 0.0541667
0 0.820312 0.980208 0.028125 0.0354167
0 0.583594 0.119792 0.0328125 0.04375
0 0.282031 0.21875 0.0328125 0.0375
0 0.13125 0.198958 0.034375 0.04375
0 0.319531 0.103125 0.0296875 0.0395833
0 0.636719 0.421875 0.0359375 0.0479167
0 0.192188 0.844792 0.034375 0.04375
0 0.772656 0.078125 0.0328125 0.0395833
0 0.603125 0.214583 0.03125 0.0375
0 0.842188 0.853125 0.028125 0.0354167
0 0.240625 0.854167 0.03125 0.0416667
0 0.632812 0.582292 0.03125 0.0395833
0 0.935938 0.210417 0.040625 0.0583333
