0 0.0046875 0.0947917 0.009375 0.0479167
0 0.0125 0.990625 0.025 0.01875
0 0.99375 0.409375 0.0125 0.0520833
0 0.563281 0.160417 0.0265625 0.0333333
0 0.325781 0.715625 0.0328125 0.0354167
0 0.628906 0.805208 0.0328125 0.0395833
0 0.488281 0.864583 0.0296875 0.0375
0 0.0398437 0.984375 0.0328125 0.03125
0 0.745313 0.744792 0.025 0.03125
0 0.854688 0.0114583 0.03125 0.0229167
0 0.5 0.386458 0.03125 0.0354167
0 0.195312 0.136458 0.028125 0.0395833
0 0.934375 0.208333 0.0375 0.05
0 0.540625 0.985417 0.03125 0.0291667
0 0.0914062 0.526042 0.0296875 0.04375
0 0.389844 0.157292 0.0296875 0.0354167
0 0.684375 0.147917 0.03125 0.0375
0 0.314844 0.30625 0.0265625 0.0375
0 0.583594 0.876042 0.0296875 0.0354167
0 0.736719 0.795833 0.0296875 0.0416667
0 0.511719 0.720833 0.0359375 0.0458333
0 0.672656 0.13125 0.0328125 0.0375
0 0.578125 0.151042 0.028125 0.03125
0 0.0289063 0.728125 0.0328125 0.04375
0 0.0882813 0.963542 0.0296875 0.0395833
0 0.585156 0.121875 0.0296875 0.0395833
0 0.590625 0.342708 0.028125 0.0395833
0 0.914062 0.74375 0.028125 0.0375
0 0.567187 0.1 0.028125 0.0375
0 0.836719 0.964583 0.0296875 0.0375
0 0.307031 0.101042 0.0296875 0.0354167
0 0.585938 0.486458 0.034375 0.0395833
0 0.0835937 0.80625 0.0296875 0.0375
0 0.105469 0.265625 0.0359375 0.04375
0 0.239063 0.578125 0.028125 0.0395833
0 0.272656 0.413542 0.0296875 0.0395833
0 0.191406 0.84375 0.0296875 0.0375
0 0.86875 0.408333 0.03125 0.0416667
0 0.558594 0.778125 0.0328125 0.0395833
0 0.828125 0.432292 0.03125 0.04375
0 0.0460938 0.361458 0.0328125 0.0395833
0 0.134375 0.195833 0.03125 0.0416667
0 0.242969 0.854167 0.0296875 0.0416667
0 0.853906 0.747917 0.0328125 0.0458333
0 0.707031 0.6375 0.0296875 0.0375
0 0.646875 0.590625 0.028125 0.0354167
0 0.0179687 0.226042 0.0328125 0.04375
0 0.602344 0.211458 0.0328125 0.04375
0 0.846875 0.8375 0.028125 0.0375
0 0.771094 0.0625 0.0296875 0.0375
0 0.282813 0.216667 0.034375 0.0416667
0 0.9875 0.773958 0.025 0.0395833
0 0.636719 0.420833 0.0359375 0.0458333
0 0.852344 0.227083 0.0453125 0.0541667
0 0.646875 0.561458 0.03125 0.0395833
