0 0.311719 0.190625 0.0328125 0.0395833
0 0.46875 0.467708 0.03125 0.0479167
0 0.991406 0.679167 0.0140625 0.0458333
0 0.285156 0.377083 0.0265625 0.0291667
0 0.0140625 0.989583 0.028125 0.0208333
0 0.577344 0.154167 0.0296875 0.0333333
0 0.00703125 0.317708 0.0140625 0.0479167
0 0.639063 0.419792 0.040625 0.0520833
0 0.514063 0.0145833 0.028125 0.025
0 0.499219 0.745833 0.0453125 0.05
0 0.539062 0.9875 0.034375 0.025
0 0.654688 0.928125 0.040625 0.0520833
0 0.486719 0.864583 0.0328125 0.0458333
0 0.992969 0.40625 0.0140625 0.05
0 0.0390625 0.985417 0.034375 0.0291667
0 0.725781 0.773958 0.0296875 0.0354167
0 0.240625 0.857292 0.03125 0.0395833
0 0.0148437 0.767708 0.0265625 0.0395833
0 0.564062 0.540625 0.03125 0.0395833
0 0.557813 0.507292 0.034375 0.04375
0 0.161719 0.272917 0.0390625 0.0458333
0 0.0890625 0.964583 0.03125 0.0375
0 0.278125 0.346875 0.028125 0.0395833
0 0.971875 0.858333 0.0375 0.0458333
0 0.121875 0.525 0.0375 0.05
0 0.478906 0.411458 0.0390625 0.0520833
0 0.777344 0.0114583 0.0328125 0.0229167
0 0.251563 0.207292 0.034375 0.04375
0 0.284375 0.21875 0.034375 0.0416667
0 0.501562 0.0229167 0.03125 0.0375
0 0.951563 0.2875 0.034375 0.0416667
0 0.709375 0.634375 0.03125 0.0395833
0 0.235156 0.579167 0.0328125 0.0458333
0 0.260938 0.439583 0.034375 0.0416667
0 0.707812 0.096875 0.03125 0.0395833
0 0.829687 0.435417 0.034375 0.0416667
0 0.852344 0.229167 0.0421875 0.05
0 0.535156 0.972917 0.0328125 0.0375
0 0.864062 0.413542 0.034375 0.04375
0 0.0835937 0.80625 0.0296875 0.0375
0 0.56875 0.103125 0.03125 0.0354167
0 0.770312 0.0864583 0.03125 0.0354167
0 0.192969 0.845833 0.0359375 0.0416667
0 0.252344 0.140625 0.0359375 0.0395833
0 0.583594 0.120833 0.0328125 0.0416667
0 0.36875 0.021875 0.03125 0.0354167
0 0.130469 0.2 0.0390625 0.05
0 0.603125 0.2125 0.03125 0.0416667
0 0.657031 0.189583 0.0359375 0.0416667
0 0.842188 0.855208 0.028125 0.0395833
0 0.628906 0.5875 0.0328125 0.0416667
0 0.848437 0.754167 0.034375 0.0416667
0 0.83125 0.98125 0.028125 0.0333333
0 0.935938 0.210417 0.0375 0.0541667
