0 0.989844 0.680208 0.0171875 0.0479167
0 0.628906 0.804167 0.0359375 0.0416667
0 0.467969 0.473958 0.0359375 0.04375
0 0.514063 0.0135417 0.028125 0.0270833
0 0.310937 0.192708 0.03125 0.0354167
0 0.0140625 0.989583 0.028125 0.0208333
0 0.778906 0.009375 0.0328125 0.01875
0 0.99375 0.408333 0.0125 0.05
0 0.991406 0.294792 0.0171875 0.04375
0 0.00625 0.310417 0.0125 0.0458333
0 0.486719 0.864583 0.0328125 0.0458333
0 0.480469 0.410417 0.0328125 0.0458333
0 0.727344 0.773958 0.0296875 0.0354167
0 0.0390625 0.985417 0.034375 0.0291667
0 0.1375 0.528125 0.034375 0.04375
0 0.5375 0.9625 0.028125 0.0333333
0 0.0179687 0.0572917 0.0296875 0.0354167
0 0.015625 0.763542 0.028125 0.04375
0 0.0890625 0.964583 0.03125 0.0416667
0 0.280469 0.339583 0.0265625 0.0416667
0 0.232812 0.26875 0.0375 0.0458333
0 0.567187 0.533333 0.03125 0.0375
0 0.504687 0.466667 0.03125 0.0416667
0 0.286719 0.21875 0.0359375 0.0375
0 0.240625 0.192708 0.03125 0.0395833
0 0.972656 0.853125 0.0390625 0.0520833
0 0.569531 0.103125 0.0296875 0.0354167
0 0.261719 0.438542 0.0328125 0.0395833
0 0.234375 0.579167 0.03125 0.0458333
0 0.084375 0.805208 0.03125 0.0395833
0 0.542188 0.986458 0.034375 0.0270833
0 0.503906 0.0197917 0.0296875 0.0354167
0 0.638281 0.421875 0.0390625 0.0479167
0 0.709375 0.634375 0.03125 0.0395833
0 0.65625 0.928125 0.04375 0.0520833
0 0.828906 0.435417 0.0328125 0.0416667
0 0.192188 0.846875 0.034375 0.04375
0 0.657812 0.186458 0.034375 0.0395833
0 0.865625 0.4125 0.03125 0.0416667
0 0.130469 0.198958 0.0359375 0.0479167
0 0.583594 0.120833 0.0328125 0.0375
0 0.497656 0.741667 0.0421875 0.05
0 0.371875 0.0197917 0.028125 0.03125
0 0.257031 0.133333 0.0296875 0.0375
0 0.734375 0.128125 0.03125 0.0395833
0 0.602344 0.213542 0.0296875 0.0395833
0 0.842188 0.85625 0.028125 0.0375
0 0.629687 0.585417 0.03125 0.0416667
0 0.771875 0.0833333 0.03125 0.0375
0 0.853125 0.229167 0.04375 0.05
0 0.830469 0.980208 0.0296875 0.0354167
0 0.848437 0.754167 0.034375 0.0458333
0 0.239063 0.859375 0.034375 0.04375
0 0.935938 0.210417 0.040625 0.0541667
