0 0.938281 0.225 0.0359375 0.0416667
0 0.629687 0.804167 0.034375 0.0416667
0 0.309375 0.807292 0.028125 0.0354167
1 0.532812 0.985417 0.059375 0.025
0 0.578125 0.153125 0.028125 0.0354167
0 0.979688 0.863542 0.025 0.0354167
0 0.0148437 0.989583 0.0296875 0.0208333
0 0.990625 0.68125 0.015625 0.0458333
0 0.5125 0.015625 0.028125 0.0270833
0 0.310937 0.191667 0.034375 0.0416667
0 0.539062 0.9875 0.034375 0.025
0 0.278125 0.396875 0.025 0.03125
0 0.524219 0.990625 0.0328125 0.01875
0 0.4875 0.865625 0.03125 0.04375
0 0.475781 0.414583 0.0359375 0.0458333
0 0.0078125 0.239583 0.015625 0.0416667
0 0.0390625 0.986458 0.034375 0.0270833
0 0.0898438 0.965625 0.0296875 0.0395833
0 0.967188 0.877083 0.034375 0.0375
0 0.0226563 0.554167 0.0359375 0.0458333
0 0.992188 0.407292 0.015625 0.0520833
0 0.291406 0.248958 0.0328125 0.0395833
0 0.244531 0.154167 0.0328125 0.0375
0 0.724219 0.775 0.0328125 0.0375
0 0.583594 0.0541667 0.0296875 0.0333333
0 0.0132813 0.771875 0.0234375 0.0395833
0 0.282813 0.217708 0.034375 0.0395833
0 0.934375 0.209375 0.0375 0.0520833
0 0.898438 0.178125 0.034375 0.04375
0 0.56875 0.104167 0.03125 0.0375
0 0.660156 0.536458 0.0328125 0.04375
0 0.76875 0.0927083 0.03125 0.0395833
0 0.0828125 0.80625 0.03125 0.0375
0 0.235156 0.577083 0.0328125 0.0458333
0 0.655469 0.198958 0.0359375 0.04375
0 0.853125 0.229167 0.04375 0.05
0 0.558594 0.547917 0.0328125 0.0416667
0 0.709375 0.633333 0.03125 0.0416667
0 0.269531 0.359375 0.0296875 0.0395833
0 0.829687 0.435417 0.034375 0.0416667
0 0.498437 0.0239583 0.034375 0.0395833
0 0.192969 0.846875 0.0359375 0.04375
0 0.260938 0.440625 0.034375 0.04375
0 0.864062 0.4125 0.034375 0.0416667
0 0.76875 0.0260417 0.034375 0.04375
0 0.129688 0.2 0.0375 0.05
0 0.584375 0.120833 0.034375 0.0416667
0 0.840625 0.860417 0.025 0.0375
0 0.366406 0.0322917 0.0328125 0.0395833
0 0.602344 0.214583 0.0296875 0.0375
0 0.629687 0.6 0.03125 0.0416667
0 0.239844 0.858333 0.0328125 0.0416667
0 0.847656 0.755208 0.0328125 0.04375
0 0.496094 0.744792 0.0421875 0.0520833
0 0.83125 0.983333 0.028125 0.0333333
