0 0.314063 0.777083 0.025 0.0333333
0 0.994531 0.408333 0.0109375 0.05
0 0.00546875 0.0916667 0.0109375 0.0458333
0 0.629687 0.804167 0.034375 0.0416667
0 0.0125 0.990625 0.025 0.01875
0 0.690625 0.990625 0.0375 0.01875
0 0.934375 0.208333 0.0375 0.05
0 0.644531 0.990625 0.0328125 0.01875
0 0.4875 0.865625 0.03125 0.0395833
0 0.0390625 0.984375 0.034375 0.03125
0 0.5 0.385417 0.03125 0.0375
0 0.5625 0.160417 0.025 0.0333333
0 0.898438 0.698958 0.03125 0.0354167
0 0.577344 0.15 0.0265625 0.0333333
0 0.195312 0.121875 0.028125 0.0395833
0 0.0726563 0.223958 0.0296875 0.04375
0 0.146094 0.555208 0.0328125 0.0395833
0 0.315625 0.305208 0.025 0.0395833
0 0.585156 0.872917 0.0328125 0.0375
0 0.567187 0.283333 0.028125 0.0416667
0 0.657812 0.925 0.040625 0.0541667
0 0.757812 0.0260417 0.025 0.0354167
0 0.541406 0.985417 0.0328125 0.0291667
0 0.586719 0.486458 0.0328125 0.0395833
0 0.416406 0.1375 0.0296875 0.0375
0 0.309375 0.096875 0.028125 0.0395833
0 0.333594 0.735417 0.0328125 0.0416667
0 0.0296875 0.727083 0.03125 0.0416667
0 0.746094 0.820833 0.0328125 0.0416667
0 0.046875 0.359375 0.034375 0.04375
0 0.7375 0.592708 0.034375 0.04375
0 0.0882813 0.963542 0.0296875 0.0395833
0 0.745313 0.741667 0.028125 0.0333333
0 0.566406 0.101042 0.0296875 0.0354167
0 0.585156 0.120833 0.0296875 0.0375
0 0.684375 0.173958 0.034375 0.04375
0 0.0835937 0.805208 0.0296875 0.0354167
0 0.771094 0.0635417 0.0265625 0.0354167
0 0.273438 0.413542 0.03125 0.0395833
0 0.238281 0.579167 0.0296875 0.0416667
0 0.514063 0.719792 0.040625 0.0520833
0 0.853125 0.746875 0.03125 0.04375
0 0.671875 0.132292 0.034375 0.0395833
0 0.191406 0.84375 0.0296875 0.0375
0 0.86875 0.408333 0.03125 0.0416667
0 0.283594 0.217708 0.0328125 0.0395833
0 0.01875 0.221875 0.03125 0.04375
0 0.6375 0.419792 0.034375 0.0479167
0 0.510156 0.777083 0.0328125 0.0375
0 0.707812 0.639583 0.028125 0.0375
0 0.132812 0.19375 0.034375 0.0458333
0 0.835938 0.963542 0.028125 0.0354167
0 0.986719 0.770833 0.0265625 0.0375
0 0.846875 0.836458 0.028125 0.0354167
0 0.242969 0.853125 0.0296875 0.0395833
0 0.827344 0.430208 0.0328125 0.04375
0 0.853125 0.227083 0.046875 0.0541667
0 0.602344 0.210417 0.0328125 0.0458333
0 0.645312 0.5625 0.028125 0.0375
