0 0.611719 0.827083 0.0359375 0.0458333
0 0.485938 0.758333 0.040625 0.0416667
0 0.628906 0.802083 0.0328125 0.0375
0 0.936719 0.208333 0.0390625 0.0541667
0 0.992188 0.683333 0.015625 0.0375
0 0.233594 0.461458 0.0234375 0.0270833
0 0.716406 0.784375 0.0296875 0.0354167
0 0.0125 0.989583 0.025 0.0208333
0 0.265625 0.892708 0.028125 0.03125
0 0.261719 0.432292 0.0296875 0.0395833
0 0.634375 0.0104167 0.03125 0.0208333
0 0.636719 0.41875 0.0390625 0.0458333
0 0.459375 0.445833 0.0375 0.05
0 0.990625 0.413542 0.01875 0.0520833
0 0.4875 0.863542 0.03125 0.0395833
0 0.982813 0.0166667 0.028125 0.0291667
0 0.541406 0.986458 0.0328125 0.0270833
0 0.0421875 0.986458 0.034375 0.0270833
0 0.857031 0.73125 0.0328125 0.0416667
0 0.227344 0.172917 0.0328125 0.0375
0 0.478906 0.0510417 0.0265625 0.0354167
0 0.752344 0.113542 0.0296875 0.0354167
0 0.296094 0.216667 0.0359375 0.0416667
0 0.851562 0.236458 0.040625 0.0479167
0 0.228906 0.385417 0.0296875 0.0416667
0 0.507812 0.028125 0.028125 0.0354167
0 0.717969 0.125 0.0296875 0.0375
0 0.823438 0.989583 0.028125 0.0208333
0 0.084375 0.804167 0.034375 0.0416667
0 0.746094 0.0760417 0.0265625 0.0395833
0 0.235938 0.572917 0.03125 0.0458333
0 0.157031 0.908333 0.0296875 0.0375
0 0.91875 0.983333 0.03125 0.0333333
0 0.0890625 0.963542 0.034375 0.04375
0 0.129688 0.197917 0.034375 0.0458333
0 0.5125 0.60625 0.03125 0.0458333
0 0.627344 0.240625 0.0328125 0.0395833
0 0.569531 0.102083 0.0296875 0.0333333
0 0.355469 0.06875 0.0296875 0.0375
0 0.189844 0.847917 0.0359375 0.0458333
0 0.709375 0.630208 0.03125 0.0395833
0 0.584375 0.120833 0.03125 0.0375
0 0.860156 0.409375 0.0296875 0.0395833
0 0.8375 0.753125 0.03125 0.04375
0 0.116406 0.930208 0.0359375 0.04375
0 0.267188 0.245833 0.034375 0.0416667
0 0.826563 0.433333 0.034375 0.0416667
0 0.602344 0.210417 0.0296875 0.0416667
0 0.832812 0.871875 0.028125 0.0354167
0 0.63125 0.614583 0.028125 0.0375
0 0.578125 0.148958 0.028125 0.0354167
0 0.2375 0.85625 0.03125 0.0458333
