0 0.336719 0.009375 0.0390625 0.01875
0 0.566406 0.161458 0.0296875 0.0354167
0 0.185156 0.939583 0.0296875 0.0375
0 0.992188 0.683333 0.015625 0.0416667
2 0.183594 0.941667 0.0265625 0.0333333
0 0.309375 0.192708 0.03125 0.0395833
0 0.0125 0.989583 0.025 0.0208333
0 0.603125 0.2125 0.03125 0.0375
0 0.578906 0.151042 0.0296875 0.0354167
0 0.501562 0.0177083 0.03125 0.0354167
0 0.763281 0.101042 0.0328125 0.0354167
0 0.771875 0.0791667 0.03125 0.0333333
0 0.469531 0.427083 0.0390625 0.0541667
0 0.56875 0.10625 0.03125 0.0375
0 0.0398437 0.9875 0.0328125 0.025
0 0.990625 0.410417 0.01875 0.0541667
0 0.485938 0.863542 0.03125 0.04375
0 0.539844 0.984375 0.0328125 0.03125
0 0.00859375 0.7875 0.0171875 0.0416667
0 0.254687 0.369792 0.028125 0.0354167
0 0.276563 0.228125 0.034375 0.0395833
0 0.721094 0.779167 0.0296875 0.0333333
0 0.954687 0.914583 0.034375 0.0375
0 0.361719 0.046875 0.0328125 0.0395833
0 0.24375 0.154167 0.03125 0.0333333
0 0.0835937 0.805208 0.0296875 0.0395833
0 0.864062 0.413542 0.034375 0.04375
0 0.826563 0.985417 0.025 0.0291667
0 0.9875 0.310417 0.025 0.0416667
0 0.0890625 0.963542 0.03125 0.0395833
0 0.491406 0.034375 0.0328125 0.0395833
0 0.709375 0.632292 0.03125 0.0395833
0 0.545313 0.576042 0.034375 0.04375
0 0.8375 0.863542 0.028125 0.04375
0 0.852344 0.233333 0.0421875 0.05
0 0.233594 0.579167 0.0296875 0.0416667
0 0.753906 0.0541667 0.0328125 0.0416667
0 0.261719 0.441667 0.0296875 0.0375
0 0.717969 0.458333 0.0359375 0.0458333
0 0.646094 0.222917 0.0359375 0.0416667
0 0.192188 0.845833 0.034375 0.0416667
0 0.829687 0.434375 0.034375 0.04375
0 0.935938 0.208333 0.040625 0.0583333
0 0.129688 0.198958 0.0375 0.0520833
0 0.582812 0.121875 0.034375 0.04375
0 0.305469 0.239583 0.0390625 0.0416667
0 0.2375 0.858333 0.03125 0.0416667
0 0.63125 0.60625 0.028125 0.0375
0 0.494531 0.748958 0.0421875 0.0479167
0 0.844531 0.753125 0.0328125 0.0479167
