0 0.409375 0.215625 0.0375 0.0520833
0 0.489844 0.758333 0.0390625 0.0458333
0 0.717188 0.783333 0.028125 0.0333333
0 0.266406 0.888542 0.0265625 0.03125
0 0.235938 0.460417 0.021875 0.0291667
0 0.992188 0.682292 0.015625 0.0395833
0 0.0132813 0.989583 0.0265625 0.0208333
0 0.261719 0.433333 0.0296875 0.0375
0 0.175781 0.91875 0.0265625 0.0375
0 0.935938 0.207292 0.034375 0.0520833
0 0.0429688 0.986458 0.0296875 0.0270833
0 0.634375 0.0104167 0.03125 0.0208333
0 0.542188 0.986458 0.03125 0.0270833
0 0.6375 0.417708 0.0375 0.0479167
0 0.851562 0.235417 0.040625 0.05
0 0.719531 0.121875 0.0296875 0.0354167
0 0.488281 0.863542 0.0296875 0.0395833
0 0.984375 0.0135417 0.025 0.0270833
0 0.990625 0.410417 0.01875 0.0541667
0 0.296875 0.220833 0.034375 0.0416667
0 0.752344 0.1125 0.0296875 0.0375
0 0.459375 0.444792 0.0375 0.0479167
0 0.229687 0.171875 0.03125 0.0354167
0 0.478906 0.0520833 0.0265625 0.0375
0 0.507031 0.0270833 0.0265625 0.0375
0 0.920313 0.978125 0.034375 0.0395833
0 0.084375 0.804167 0.03125 0.0375
0 0.160156 0.930208 0.0265625 0.0354167
0 0.875781 0.70625 0.0296875 0.0375
0 0.823438 0.988542 0.028125 0.0229167
0 0.235156 0.571875 0.0296875 0.04375
0 0.130469 0.196875 0.0328125 0.04375
0 0.757812 0.0354167 0.028125 0.0375
0 0.514844 0.60625 0.0328125 0.0458333
0 0.626562 0.241667 0.034375 0.0416667
0 0.190625 0.845833 0.03125 0.0416667
0 0.569531 0.102083 0.0296875 0.0375
0 0.709375 0.630208 0.03125 0.0395833
0 0.355469 0.0666667 0.0296875 0.0375
0 0.583594 0.120833 0.0328125 0.0375
0 0.230469 0.384375 0.0296875 0.0395833
0 0.838281 0.754167 0.0328125 0.0458333
0 0.0890625 0.9625 0.03125 0.0416667
0 0.267188 0.244792 0.034375 0.0395833
0 0.860156 0.410417 0.0296875 0.0375
0 0.826563 0.433333 0.034375 0.0416667
0 0.602344 0.209375 0.0296875 0.0395833
0 0.832812 0.871875 0.028125 0.0354167
0 0.630469 0.614583 0.0296875 0.0375
0 0.578125 0.151042 0.03125 0.0354167
0 0.2375 0.85625 0.03125 0.0458333
