0 0.628125 0.801042 0.034375 0.0395833
0 0.6375 0.414583 0.0375 0.05
0 0.973437 0.0385417 0.028125 0.0395833
0 0.307813 0.197917 0.028125 0.0333333
0 0.969531 0.870833 0.0234375 0.0333333
0 0.560938 0.160417 0.028125 0.0375
0 0.0148437 0.989583 0.0296875 0.0208333
0 0.992188 0.682292 0.015625 0.0354167
0 0.734375 0.15 0.03125 0.0375
0 0.715625 0.7875 0.028125 0.0333333
0 0.541406 0.985417 0.0328125 0.0291667
0 0.197656 0.733333 0.0328125 0.0416667
0 0.235156 0.566667 0.0328125 0.05
0 0.223438 0.483333 0.025 0.0333333
0 0.836719 0.780208 0.0359375 0.04375
0 0.486719 0.861458 0.0328125 0.0395833
0 0.704687 0.155208 0.034375 0.0395833
0 0.789062 0.361458 0.028125 0.0395833
0 0.260938 0.43125 0.028125 0.0375
0 0.578125 0.147917 0.028125 0.0333333
0 0.213281 0.229167 0.0328125 0.0375
0 0.989844 0.414583 0.0203125 0.0458333
0 0.570312 0.102083 0.028125 0.0333333
0 0.084375 0.802083 0.03125 0.0375
0 0.623438 0.015625 0.028125 0.03125
0 0.823438 0.988542 0.028125 0.0229167
0 0.207813 0.190625 0.028125 0.0354167
0 0.832031 0.870833 0.0296875 0.0375
0 0.708594 0.629167 0.0328125 0.0416667
0 0.851562 0.233333 0.040625 0.05
0 0.0429688 0.984375 0.0359375 0.03125
0 0.407813 0.217708 0.034375 0.04375
0 0.129688 0.196875 0.034375 0.04375
0 0.352344 0.071875 0.0265625 0.03125
0 0.625 0.240625 0.03125 0.0395833
0 0.475 0.0541667 0.025 0.0375
0 0.216406 0.404167 0.0265625 0.0416667
0 0.259375 0.266667 0.034375 0.0416667
0 0.584375 0.120833 0.03125 0.0375
0 0.710156 0.960417 0.0296875 0.0416667
0 0.828125 0.43125 0.03125 0.0375
0 0.602344 0.209375 0.0296875 0.04375
0 0.453906 0.469792 0.0359375 0.0395833
0 0.49375 0.615625 0.03125 0.04375
0 0.192969 0.854167 0.0359375 0.0458333
0 0.104687 0.984375 0.028125 0.03125
0 0.860937 0.410417 0.028125 0.0375
0 0.236719 0.85625 0.0296875 0.0458333
0 0.934375 0.20625 0.0375 0.05
0 0.63125 0.615625 0.03125 0.0395833
0 0.50625 0.0333333 0.025 0.0333333
