0 0.494531 0.0208333 0.0453125 0.0291667
0 0.483594 0.0114583 0.0296875 0.0229167
0 0.0125 0.989583 0.025 0.0208333
0 0.99375 0.408333 0.0125 0.05
0 0.491406 0.403125 0.0296875 0.0395833
0 0.979688 0.861458 0.028125 0.0354167
0 0.009375 0.279167 0.01875 0.0458333
0 0.578125 0.15 0.03125 0.0375
0 0.24375 0.459375 0.03125 0.0395833
0 0.628906 0.804167 0.0359375 0.0416667
0 0.485938 0.864583 0.03125 0.0416667
0 0.751562 0.807292 0.03125 0.0354167
0 0.496094 0.0135417 0.0296875 0.0270833
0 0.663281 0.169792 0.0328125 0.0395833
0 0.0398437 0.985417 0.0328125 0.0291667
0 0.265625 0.434375 0.03125 0.0395833
0 0.0890625 0.964583 0.03125 0.0375
0 0.566406 0.103125 0.0296875 0.0395833
0 0.0210938 0.742708 0.0296875 0.04375
0 0.984375 0.813542 0.03125 0.0395833
0 0.35 0.423958 0.034375 0.04375
0 0.541406 0.985417 0.0359375 0.0291667
0 0.733594 0.763542 0.0265625 0.0354167
0 0.0835937 0.80625 0.0296875 0.0375
0 0.557031 0.925 0.0296875 0.0333333
0 0.579687 0.509375 0.03125 0.0395833
0 0.234375 0.576042 0.03125 0.04375
0 0.852344 0.748958 0.0359375 0.04375
0 0.220313 0.175 0.028125 0.0375
0 0.191406 0.844792 0.0328125 0.0395833
0 0.240625 0.854167 0.03125 0.0416667
0 0.182812 0.321875 0.03125 0.0395833
0 0.773438 0.0739583 0.03125 0.0395833
0 0.709375 0.632292 0.03125 0.0395833
0 0.272656 0.120833 0.0296875 0.0375
0 0.0390625 0.376042 0.034375 0.0479167
0 0.295312 0.320833 0.028125 0.0416667
0 0.638281 0.419792 0.0359375 0.0479167
0 0.76875 0.426042 0.03125 0.0395833
0 0.835156 0.972917 0.0296875 0.0375
0 0.583594 0.119792 0.0328125 0.0395833
0 0.282813 0.21875 0.034375 0.0416667
0 0.867188 0.408333 0.034375 0.0416667
0 0.853125 0.229167 0.04375 0.0541667
0 0.603125 0.2125 0.03125 0.0416667
0 0.828125 0.434375 0.03125 0.0395833
0 0.132812 0.194792 0.034375 0.04375
0 0.503906 0.735417 0.0421875 0.0541667
0 0.633594 0.573958 0.0296875 0.0395833
0 0.84375 0.846875 0.028125 0.0354167
0 0.935938 0.208333 0.040625 0.0583333
