0 0.339063 0.00833333 0.034375 0.0166667
0 0.976562 0.860417 0.028125 0.0333333
0 0.0125 0.989583 0.025 0.0208333
0 0.994531 0.408333 0.0109375 0.0458333
0 0.00625 0.190625 0.0125 0.04375
0 0.486719 0.866667 0.0296875 0.0375
0 0.0398437 0.985417 0.0328125 0.0291667
0 0.742969 0.758333 0.0265625 0.0333333
0 0.0109375 0.273958 0.021875 0.0479167
0 0.240625 0.855208 0.03125 0.0395833
0 0.492969 0.4 0.0328125 0.0416667
0 0.266406 0.433333 0.0296875 0.0333333
0 0.0882813 0.964583 0.0296875 0.0375
0 0.276563 0.11875 0.03125 0.0375
0 0.664844 0.163542 0.0359375 0.0395833
0 0.567187 0.104167 0.028125 0.0375
0 0.541406 0.985417 0.0328125 0.0291667
0 0.307031 0.344792 0.0234375 0.0270833
0 0.725781 0.75625 0.0296875 0.0375
0 0.021875 0.739583 0.03125 0.0458333
0 0.3 0.319792 0.03125 0.0395833
0 0.851562 0.75 0.034375 0.0458333
0 0.235156 0.577083 0.0296875 0.0416667
0 0.192969 0.844792 0.0328125 0.0395833
0 0.0835937 0.80625 0.0296875 0.0375
0 0.560156 0.916667 0.0296875 0.0333333
0 0.2625 0.410417 0.03125 0.0375
0 0.577344 0.15 0.0296875 0.0375
0 0.628906 0.804167 0.0359375 0.0416667
0 0.3125 0.44375 0.03125 0.0416667
0 0.9875 0.977083 0.025 0.0375
0 0.772656 0.075 0.0328125 0.0416667
0 0.584375 0.121875 0.03125 0.04375
0 0.582031 0.50625 0.0328125 0.0375
0 0.986719 0.808333 0.0265625 0.0333333
0 0.754687 0.483333 0.034375 0.0416667
0 0.835938 0.970833 0.028125 0.0375
0 0.496094 0.0145833 0.0328125 0.0291667
0 0.708594 0.633333 0.0296875 0.0375
0 0.828125 0.434375 0.03125 0.0395833
0 0.853125 0.230208 0.04375 0.0520833
0 0.195312 0.364583 0.034375 0.0458333
0 0.221094 0.177083 0.0265625 0.0375
0 0.867188 0.407292 0.034375 0.04375
0 0.601562 0.213542 0.034375 0.04375
0 0.132812 0.195833 0.034375 0.0458333
0 0.634375 0.570833 0.03125 0.0416667
0 0.6375 0.420833 0.0375 0.05
0 0.282813 0.217708 0.034375 0.04375
0 0.844531 0.844792 0.0296875 0.0354167
0 0.0398437 0.373958 0.0390625 0.0520833
0 0.935938 0.209375 0.0375 0.05625
0 0.507031 0.732292 0.0421875 0.0520833
