0 0.00390625 0.096875 0.0078125 0.04375
0 0.626562 0.835417 0.034375 0.0458333
0 0.819531 0.6375 0.0234375 0.0291667
0 0.0132813 0.990625 0.0265625 0.01875
0 0.994531 0.407292 0.0109375 0.0479167
0 0.486719 0.865625 0.0296875 0.0395833
0 0.0421875 0.983333 0.03125 0.0291667
0 0.563281 0.160417 0.0265625 0.0333333
0 0.0367187 0.48125 0.0328125 0.0458333
0 0.628906 0.803125 0.0359375 0.04375
0 0.745313 0.745833 0.028125 0.0333333
0 0.615625 0.829167 0.0375 0.05
0 0.365625 0.198958 0.03125 0.0354167
0 0.670313 0.135417 0.03125 0.0375
0 0.500781 0.388542 0.0296875 0.0354167
0 0.203906 0.138542 0.0265625 0.0395833
0 0.935938 0.209375 0.040625 0.0520833
0 0.946875 0.76875 0.03125 0.0375
0 0.540625 0.986458 0.03125 0.0270833
0 0.296094 0.651042 0.0359375 0.0479167
0 0.778906 0.761458 0.0296875 0.0395833
0 0.54375 0.603125 0.03125 0.0354167
0 0.627344 0.377083 0.0296875 0.0375
0 0.135156 0.289583 0.0296875 0.0375
0 0.303906 0.102083 0.0296875 0.0375
0 0.0890625 0.963542 0.03125 0.0395833
0 0.582031 0.878125 0.0296875 0.0354167
0 0.0289063 0.728125 0.0328125 0.04375
0 0.771875 0.06875 0.03125 0.0375
0 0.836719 0.964583 0.0296875 0.0375
0 0.314063 0.307292 0.028125 0.0395833
0 0.655469 0.147917 0.0359375 0.0375
0 0.638281 0.421875 0.0328125 0.04375
0 0.584375 0.121875 0.03125 0.0395833
0 0.0835937 0.804167 0.0296875 0.0375
0 0.015625 0.234375 0.03125 0.04375
0 0.283594 0.217708 0.0328125 0.0395833
0 0.578125 0.15 0.028125 0.0333333
0 0.272656 0.414583 0.0296875 0.0375
0 0.567969 0.101042 0.0296875 0.0395833
0 0.191406 0.84375 0.0296875 0.0375
0 0.9875 0.777083 0.025 0.0375
0 0.5125 0.722917 0.040625 0.05
0 0.585938 0.4875 0.034375 0.0416667
0 0.86875 0.408333 0.03125 0.0416667
0 0.242969 0.853125 0.0296875 0.0395833
0 0.239844 0.579167 0.0296875 0.0416667
0 0.132812 0.195833 0.03125 0.0416667
0 0.707031 0.638542 0.0296875 0.0395833
0 0.408594 0.220833 0.0359375 0.05
0 0.601562 0.211458 0.03125 0.04375
0 0.853125 0.228125 0.04375 0.05625
0 0.828125 0.434375 0.03125 0.04375
0 0.846875 0.838542 0.028125 0.0354167
0 0.853906 0.748958 0.0328125 0.04375
0 0.0453125 0.361458 0.034375 0.04375
0 0.645312 0.561458 0.028125 0.0354167
