0 0.0125 0.989583 0.025 0.0208333
0 0.99375 0.407292 0.0125 0.0479167
0 0.742188 0.758333 0.028125 0.0333333
0 0.307813 0.34375 0.021875 0.0291667
0 0.486719 0.865625 0.0296875 0.0354167
0 0.715625 0.622917 0.03125 0.0375
0 0.501562 0.0135417 0.034375 0.0270833
0 0.542188 0.986458 0.03125 0.0270833
0 0.710156 0.635417 0.0296875 0.0375
0 0.239063 0.452083 0.034375 0.0416667
0 0.0882813 0.963542 0.0296875 0.0395833
0 0.308594 0.394792 0.0296875 0.0395833
0 0.566406 0.904167 0.0296875 0.0291667
0 0.277344 0.380208 0.0296875 0.0395833
0 0.040625 0.984375 0.03125 0.03125
0 0.89375 0.872917 0.028125 0.0375
0 0.578125 0.15 0.03125 0.0375
0 0.021875 0.73125 0.034375 0.0458333
0 0.989062 0.794792 0.021875 0.0354167
0 0.49375 0.396875 0.03125 0.0395833
0 0.266406 0.422917 0.0328125 0.0416667
0 0.760938 0.554167 0.034375 0.0416667
0 0.567187 0.103125 0.03125 0.0395833
0 0.192969 0.844792 0.0328125 0.0395833
0 0.0109375 0.260417 0.021875 0.0416667
0 0.585156 0.502083 0.0328125 0.0375
0 0.850781 0.747917 0.0359375 0.0458333
0 0.108594 0.334375 0.0296875 0.0395833
0 0.0835937 0.805208 0.0296875 0.0395833
0 0.282813 0.217708 0.034375 0.0395833
0 0.772656 0.0739583 0.0296875 0.0395833
0 0.285937 0.113542 0.028125 0.0354167
0 0.219531 0.18125 0.0265625 0.0375
0 0.610937 0.0177083 0.028125 0.0354167
0 0.0109375 0.342708 0.021875 0.04375
0 0.2375 0.573958 0.028125 0.0395833
0 0.667188 0.15625 0.034375 0.0416667
0 0.635938 0.421875 0.034375 0.0479167
0 0.584375 0.121875 0.03125 0.04375
0 0.835938 0.967708 0.028125 0.0395833
0 0.828125 0.434375 0.034375 0.04375
0 0.242188 0.857292 0.03125 0.04375
0 0.132812 0.195833 0.03125 0.0416667
0 0.867969 0.409375 0.0328125 0.04375
0 0.639844 0.565625 0.0296875 0.0395833
0 0.600781 0.211458 0.0328125 0.04375
0 0.30625 0.314583 0.028125 0.0375
0 0.935938 0.208333 0.040625 0.0583333
0 0.629687 0.804167 0.034375 0.0416667
0 0.848437 0.842708 0.028125 0.0354167
0 0.853125 0.229167 0.04375 0.0541667
0 0.507812 0.730208 0.040625 0.0520833
