0 0.978125 0.864583 0.025 0.0333333
0 0.578125 0.15 0.03125 0.0375
0 0.992188 0.683333 0.015625 0.0416667
0 0.0140625 0.990625 0.025 0.01875
0 0.991406 0.413542 0.0171875 0.0479167
0 0.71875 0.78125 0.03125 0.0375
0 0.460938 0.428125 0.034375 0.0479167
0 0.00703125 0.795833 0.0140625 0.0416667
0 0.601562 0.210417 0.03125 0.0375
0 0.703125 0.0125 0.0375 0.025
0 0.6375 0.421875 0.0375 0.04375
0 0.0421875 0.9875 0.03125 0.025
0 0.638281 0.234375 0.0359375 0.0395833
0 0.486719 0.8625 0.0296875 0.0416667
0 0.273438 0.234375 0.034375 0.0395833
0 0.759375 0.0989583 0.03125 0.0354167
0 0.503125 0.0197917 0.03125 0.0354167
0 0.94375 0.934375 0.03125 0.0354167
0 0.310156 0.227083 0.0328125 0.0416667
0 0.489062 0.752083 0.040625 0.0458333
0 0.542188 0.985417 0.03125 0.0291667
2 0.0109375 0.728125 0.021875 0.04375
0 0.484375 0.040625 0.028125 0.0395833
0 0.240625 0.161458 0.03125 0.0354167
0 0.084375 0.805208 0.028125 0.0354167
0 0.851562 0.235417 0.040625 0.05
0 0.0898438 0.963542 0.0296875 0.0395833
0 0.745313 0.071875 0.034375 0.04375
0 0.569531 0.103125 0.0296875 0.0354167
0 0.533594 0.588542 0.0328125 0.04375
0 0.261719 0.438542 0.0328125 0.0395833
0 0.233594 0.576042 0.0296875 0.04375
0 0.975 0.413542 0.03125 0.0395833
0 0.245312 0.372917 0.028125 0.0375
0 0.129688 0.198958 0.034375 0.0479167
0 0.865625 0.413542 0.03125 0.0395833
0 0.357812 0.0541667 0.03125 0.0375
0 0.824219 0.9875 0.0265625 0.025
0 0.709375 0.632292 0.03125 0.0395833
0 0.796875 0.409375 0.03125 0.0395833
0 0.192188 0.845833 0.034375 0.0416667
0 0.828906 0.434375 0.0328125 0.0395833
0 0.834375 0.86875 0.025 0.0375
0 0.63125 0.610417 0.03125 0.0416667
0 0.582812 0.120833 0.034375 0.0416667
0 0.2375 0.85625 0.03125 0.0375
0 0.935938 0.208333 0.040625 0.0541667
0 0.842188 0.754167 0.034375 0.05
