0 0.26875 0.882292 0.025 0.03125
0 0.629687 0.802083 0.03125 0.0375
0 0.488281 0.759375 0.0390625 0.04375
0 0.00390625 0.814583 0.0078125 0.0375
0 0.632812 0.0104167 0.034375 0.0208333
0 0.992188 0.68125 0.015625 0.0375
0 0.978906 0.8625 0.0265625 0.0333333
0 0.238281 0.459375 0.0234375 0.0270833
0 0.0132813 0.990625 0.0265625 0.01875
0 0.985937 0.0114583 0.028125 0.0229167
0 0.0414063 0.986458 0.0328125 0.0270833
0 0.716406 0.784375 0.0296875 0.0354167
0 0.260938 0.435417 0.03125 0.0375
0 0.990625 0.415625 0.01875 0.0479167
0 0.851562 0.235417 0.040625 0.05
0 0.175781 0.963542 0.0328125 0.04375
0 0.578906 0.15 0.0296875 0.0375
0 0.4875 0.864583 0.03125 0.0375
0 0.542188 0.986458 0.03125 0.0270833
0 0.303125 0.216667 0.03125 0.0375
0 0.50625 0.0260417 0.025 0.0354167
0 0.721094 0.113542 0.0328125 0.0395833
0 0.985937 0.369792 0.028125 0.04375
0 0.754687 0.110417 0.028125 0.0375
0 0.459375 0.442708 0.0375 0.0479167
0 0.569531 0.103125 0.0296875 0.0354167
0 0.923437 0.973958 0.034375 0.0395833
0 0.141406 0.929167 0.0296875 0.0416667
0 0.084375 0.803125 0.03125 0.0354167
0 0.232812 0.172917 0.028125 0.0333333
0 0.876562 0.65625 0.034375 0.0375
0 0.635938 0.41875 0.0375 0.0458333
0 0.478906 0.05 0.0265625 0.0333333
0 0.823438 0.988542 0.028125 0.0229167
0 0.235938 0.572917 0.028125 0.0416667
0 0.130469 0.197917 0.0328125 0.0416667
0 0.627344 0.239583 0.0328125 0.0375
0 0.191406 0.846875 0.0328125 0.0395833
0 0.826563 0.433333 0.034375 0.0416667
0 0.516406 0.605208 0.0328125 0.04375
0 0.602344 0.209375 0.0296875 0.0395833
0 0.35625 0.065625 0.028125 0.0354167
0 0.0890625 0.9625 0.03125 0.0375
0 0.232812 0.380208 0.03125 0.0395833
0 0.859375 0.410417 0.03125 0.0375
0 0.9375 0.208333 0.0375 0.0541667
0 0.582812 0.120833 0.034375 0.0375
0 0.709375 0.630208 0.03125 0.0395833
0 0.832812 0.871875 0.028125 0.0354167
0 0.838281 0.754167 0.0328125 0.05
0 0.267969 0.24375 0.0328125 0.0375
0 0.63125 0.613542 0.03125 0.0395833
0 0.2375 0.857292 0.03125 0.04375
