0 0.994531 0.408333 0.0109375 0.05
0 0.0125 0.990625 0.025 0.01875
0 0.563281 0.160417 0.0265625 0.0333333
0 0.00546875 0.0916667 0.0109375 0.0458333
0 0.696875 0.990625 0.03125 0.01875
0 0.165625 0.569792 0.028125 0.0354167
0 0.5 0.384375 0.03125 0.0354167
0 0.0390625 0.984375 0.034375 0.03125
0 0.488281 0.866667 0.0296875 0.0375
0 0.353125 0.751042 0.03125 0.0395833
0 0.934375 0.208333 0.0375 0.05
0 0.673437 0.13125 0.034375 0.0375
0 0.744531 0.741667 0.0296875 0.0375
0 0.585938 0.872917 0.034375 0.0375
0 0.316406 0.30625 0.0265625 0.0416667
0 0.541406 0.985417 0.0328125 0.0291667
0 0.577344 0.15 0.0265625 0.0333333
0 0.189063 0.122917 0.028125 0.0375
0 0.0734375 0.210417 0.03125 0.0416667
0 0.5875 0.485417 0.03125 0.0416667
0 0.757031 0.842708 0.0328125 0.0395833
0 0.648438 0.988542 0.03125 0.0229167
0 0.309375 0.0958333 0.028125 0.0375
0 0.486719 0.807292 0.0328125 0.0354167
0 0.667969 0.171875 0.0328125 0.0395833
0 0.583594 0.263542 0.0296875 0.0395833
0 0.890625 0.66875 0.028125 0.0375
0 0.0296875 0.726042 0.03125 0.04375
0 0.584375 0.121875 0.03125 0.0395833
0 0.514063 0.719792 0.040625 0.0520833
0 0.0890625 0.963542 0.03125 0.0395833
0 0.0195312 0.221875 0.0328125 0.04375
0 0.754687 0.590625 0.034375 0.04375
0 0.239063 0.579167 0.028125 0.0416667
0 0.4375 0.142708 0.025 0.0354167
0 0.0835937 0.80625 0.0296875 0.0375
0 0.0460938 0.359375 0.0328125 0.0395833
0 0.567187 0.1 0.03125 0.0375
0 0.191406 0.84375 0.0296875 0.0375
0 0.986719 0.76875 0.0265625 0.0375
0 0.86875 0.408333 0.03125 0.0416667
0 0.854688 0.747917 0.034375 0.0458333
0 0.273438 0.413542 0.03125 0.0395833
0 0.827344 0.432292 0.0328125 0.04375
0 0.853125 0.227083 0.04375 0.0541667
0 0.707812 0.639583 0.028125 0.0375
0 0.836719 0.963542 0.0296875 0.0354167
0 0.282813 0.216667 0.034375 0.0416667
0 0.133594 0.19375 0.0328125 0.0458333
0 0.603125 0.211458 0.03125 0.04375
0 0.636719 0.419792 0.0359375 0.0479167
0 0.846875 0.838542 0.028125 0.0354167
0 0.769531 0.059375 0.0359375 0.0479167
0 0.242188 0.852083 0.03125 0.0416667
0 0.646094 0.5625 0.0296875 0.0375
