0 0.408594 0.215625 0.0359375 0.0520833
0 0.978906 0.8625 0.0265625 0.0333333
0 0.611719 0.827083 0.0359375 0.0416667
0 0.982813 0.01875 0.028125 0.0333333
0 0.628906 0.802083 0.0328125 0.0375
0 0.935938 0.207292 0.0375 0.0520833
0 0.0132813 0.989583 0.0265625 0.0208333
0 0.715625 0.785417 0.028125 0.0333333
0 0.992188 0.683333 0.015625 0.0375
0 0.260938 0.433333 0.028125 0.0375
0 0.232812 0.465625 0.021875 0.03125
0 0.114844 0.880208 0.0328125 0.0395833
0 0.0429688 0.985417 0.0328125 0.0291667
0 0.852344 0.236458 0.0390625 0.0479167
0 0.488281 0.863542 0.0296875 0.0395833
0 0.458594 0.446875 0.0359375 0.0479167
0 0.540625 0.986458 0.03125 0.0270833
0 0.633594 0.0104167 0.0328125 0.0208333
0 0.1375 0.872917 0.028125 0.0375
0 0.478125 0.0520833 0.028125 0.0375
0 0.225781 0.171875 0.0328125 0.0354167
0 0.917188 0.985417 0.03125 0.0291667
0 0.228906 0.3875 0.0296875 0.0416667
0 0.235938 0.570833 0.03125 0.0458333
0 0.823438 0.988542 0.028125 0.0229167
0 0.508594 0.028125 0.0265625 0.0354167
0 0.717188 0.128125 0.03125 0.0395833
0 0.635938 0.417708 0.040625 0.0479167
0 0.0890625 0.9625 0.034375 0.0416667
0 0.084375 0.804167 0.034375 0.0416667
0 0.294531 0.211458 0.0328125 0.04375
0 0.752344 0.114583 0.0328125 0.0375
0 0.129688 0.197917 0.034375 0.0458333
0 0.191406 0.846875 0.0359375 0.04375
0 0.5125 0.60625 0.03125 0.0458333
0 0.569531 0.102083 0.0296875 0.0333333
0 0.989844 0.4125 0.0203125 0.0458333
0 0.626562 0.240625 0.034375 0.0395833
0 0.709375 0.630208 0.03125 0.0395833
0 0.827344 0.434375 0.0328125 0.0395833
0 0.860156 0.410417 0.0296875 0.0375
0 0.583594 0.121875 0.0328125 0.0395833
0 0.75625 0.0822917 0.03125 0.0354167
0 0.35625 0.06875 0.028125 0.0375
0 0.832031 0.871875 0.0265625 0.0354167
0 0.267188 0.246875 0.034375 0.0395833
0 0.603125 0.210417 0.03125 0.0416667
0 0.835938 0.758333 0.034375 0.05
0 0.63125 0.615625 0.028125 0.0395833
0 0.578125 0.148958 0.028125 0.0354167
0 0.2375 0.85625 0.03125 0.0458333
