0 0.978906 0.864583 0.0265625 0.0333333
0 0.564844 0.161458 0.0296875 0.0354167
0 0.990625 0.684375 0.015625 0.04375
0 0.0125 0.989583 0.025 0.0208333
0 0.602344 0.211458 0.0328125 0.0395833
0 0.628906 0.804167 0.0359375 0.0416667
0 0.310156 0.192708 0.0328125 0.0395833
2 0.18125 0.940625 0.028125 0.0354167
0 0.578906 0.151042 0.0296875 0.0354167
0 0.501562 0.0177083 0.034375 0.0354167
0 0.7625 0.101042 0.03125 0.0354167
0 0.766406 0.0729167 0.0328125 0.0333333
0 0.990625 0.410417 0.01875 0.0541667
0 0.485938 0.863542 0.03125 0.04375
0 0.0398437 0.9875 0.0328125 0.025
0 0.469531 0.427083 0.0390625 0.0541667
0 0.00859375 0.7875 0.0171875 0.0416667
0 0.539844 0.984375 0.0328125 0.03125
0 0.721094 0.779167 0.0296875 0.0333333
0 0.567969 0.105208 0.0296875 0.0354167
0 0.851562 0.234375 0.040625 0.0520833
0 0.276563 0.229167 0.034375 0.0416667
0 0.254687 0.36875 0.028125 0.0375
0 0.638281 0.422917 0.0390625 0.0458333
0 0.935938 0.209375 0.040625 0.0604167
0 0.754687 0.0541667 0.034375 0.0416667
0 0.953125 0.913542 0.03125 0.0354167
0 0.9875 0.3125 0.025 0.0458333
0 0.826563 0.985417 0.025 0.0291667
0 0.0851562 0.80625 0.0296875 0.0375
0 0.490625 0.034375 0.03125 0.0395833
0 0.24375 0.155208 0.03125 0.0354167
0 0.361719 0.0479167 0.0328125 0.0416667
0 0.864062 0.413542 0.034375 0.04375
0 0.54375 0.577083 0.034375 0.0458333
0 0.0898438 0.9625 0.0328125 0.0416667
0 0.232812 0.578125 0.03125 0.04375
0 0.8375 0.863542 0.028125 0.04375
0 0.708594 0.632292 0.0328125 0.0395833
0 0.192188 0.845833 0.034375 0.0416667
0 0.646094 0.222917 0.0359375 0.0416667
0 0.829687 0.435417 0.034375 0.0416667
0 0.260938 0.441667 0.03125 0.0375
0 0.307813 0.239583 0.040625 0.0458333
0 0.129688 0.2 0.040625 0.0541667
0 0.582812 0.121875 0.034375 0.04375
0 0.2375 0.858333 0.03125 0.0416667
0 0.720312 0.460417 0.040625 0.0458333
0 0.63125 0.60625 0.028125 0.0375
0 0.49375 0.748958 0.040625 0.0479167
0 0.844531 0.754167 0.0328125 0.05
