0 0.340625 0.0104167 0.034375 0.0208333
0 0.0132813 0.989583 0.0265625 0.0208333
0 0.575781 0.152083 0.0296875 0.0375
0 0.310937 0.191667 0.034375 0.0416667
0 0.471875 0.421875 0.040625 0.05625
0 0.7625 0.040625 0.034375 0.0479167
0 0.0398437 0.9875 0.0328125 0.025
0 0.486719 0.864583 0.0296875 0.0416667
0 0.551562 0.5625 0.03125 0.0416667
0 0.56875 0.10625 0.03125 0.0375
0 0.540625 0.985417 0.03125 0.0291667
0 0.766406 0.096875 0.0296875 0.0395833
0 0.990625 0.410417 0.01875 0.0541667
0 0.722656 0.775 0.0296875 0.0333333
0 0.282031 0.223958 0.0328125 0.0395833
0 0.0109375 0.777083 0.021875 0.0375
0 0.0898438 0.963542 0.0296875 0.0395833
0 0.960156 0.897917 0.0328125 0.0375
0 0.24375 0.154167 0.03125 0.0333333
0 0.234375 0.577083 0.03125 0.0458333
0 0.709375 0.633333 0.03125 0.0416667
0 0.261719 0.440625 0.0328125 0.0395833
0 0.30625 0.246875 0.0375 0.04375
0 0.0835937 0.80625 0.0296875 0.0375
0 0.864062 0.413542 0.034375 0.04375
0 0.829687 0.435417 0.034375 0.0416667
0 0.646094 0.49375 0.0328125 0.0458333
0 0.260938 0.364583 0.03125 0.0416667
0 0.654688 0.209375 0.034375 0.0395833
0 0.192188 0.846875 0.034375 0.04375
0 0.630469 0.605208 0.0328125 0.04375
0 0.841406 0.107292 0.0328125 0.0354167
0 0.853125 0.23125 0.04375 0.0541667
0 0.129688 0.198958 0.0375 0.0520833
0 0.838281 0.860417 0.0265625 0.0375
0 0.582812 0.121875 0.034375 0.0395833
0 0.601562 0.213542 0.028125 0.0354167
0 0.935938 0.209375 0.040625 0.05625
0 0.846094 0.754167 0.0328125 0.0458333
0 0.364062 0.0385417 0.034375 0.04375
0 0.5 0.0239583 0.0375 0.04375
0 0.83125 0.983333 0.025 0.0333333
0 0.49375 0.745833 0.040625 0.05
0 0.239844 0.857292 0.0328125 0.04375
