0 0.978125 0.863542 0.028125 0.0354167
0 0.00390625 0.813542 0.0078125 0.0395833
0 0.270312 0.882292 0.025 0.03125
0 0.992188 0.68125 0.015625 0.0375
0 0.716406 0.784375 0.0296875 0.0354167
0 0.0132813 0.990625 0.0265625 0.01875
0 0.238281 0.458333 0.0234375 0.0291667
0 0.260938 0.434375 0.03125 0.0354167
0 0.0414063 0.986458 0.0328125 0.0270833
0 0.991406 0.414583 0.0171875 0.05
0 0.985937 0.0125 0.028125 0.025
0 0.578125 0.15 0.028125 0.0375
0 0.459375 0.441667 0.0375 0.0458333
0 0.4875 0.863542 0.03125 0.0395833
0 0.571094 0.102083 0.0328125 0.0375
0 0.722656 0.113542 0.0328125 0.0395833
0 0.542188 0.986458 0.03125 0.0270833
0 0.754687 0.111458 0.03125 0.0395833
0 0.505469 0.0260417 0.0265625 0.0354167
0 0.303906 0.213542 0.0296875 0.0395833
0 0.923437 0.972917 0.034375 0.0375
0 0.232812 0.172917 0.028125 0.0333333
0 0.852344 0.234375 0.0421875 0.0479167
0 0.871875 0.640625 0.034375 0.04375
0 0.084375 0.804167 0.03125 0.0375
0 0.235156 0.571875 0.0296875 0.04375
0 0.823438 0.988542 0.028125 0.0229167
0 0.478906 0.05 0.0265625 0.0333333
0 0.826563 0.433333 0.034375 0.0416667
0 0.175781 0.980208 0.0359375 0.0395833
0 0.141406 0.929167 0.0296875 0.0416667
0 0.628125 0.239583 0.03125 0.0375
0 0.98125 0.375 0.03125 0.0416667
0 0.191406 0.845833 0.0328125 0.0416667
0 0.35625 0.0645833 0.028125 0.0375
0 0.130469 0.197917 0.0328125 0.0416667
0 0.635938 0.419792 0.0375 0.0479167
0 0.936719 0.208333 0.0390625 0.0541667
0 0.602344 0.209375 0.0296875 0.0395833
0 0.232812 0.38125 0.03125 0.0416667
0 0.0890625 0.9625 0.03125 0.0416667
0 0.517187 0.60625 0.034375 0.0458333
0 0.709375 0.630208 0.03125 0.0395833
0 0.859375 0.410417 0.03125 0.0375
0 0.582812 0.119792 0.034375 0.0395833
0 0.838281 0.754167 0.0359375 0.05
0 0.832812 0.872917 0.028125 0.0375
0 0.267969 0.242708 0.0328125 0.0354167
0 0.63125 0.613542 0.03125 0.0395833
0 0.2375 0.857292 0.03125 0.04375
