0 0.992188 0.685417 0.015625 0.0416667
0 0.989844 0.009375 0.0203125 0.01875
0 0.639063 0.009375 0.034375 0.01875
0 0.309375 0.189583 0.028125 0.0375
0 0.564062 0.160417 0.028125 0.0333333
0 0.247656 0.441667 0.0234375 0.0291667
0 0.417188 0.990625 0.03125 0.01875
2 0.009375 0.73125 0.01875 0.0375
0 0.851562 0.234375 0.046875 0.0520833
0 0.0414063 0.9875 0.0296875 0.025
0 0.0140625 0.990625 0.025 0.01875
0 0.00625 0.805208 0.0125 0.0395833
0 0.460938 0.435417 0.040625 0.0583333
0 0.578125 0.15 0.03125 0.0375
0 0.485938 0.8625 0.03125 0.0416667
0 0.865625 0.415625 0.03125 0.0395833
0 0.990625 0.411458 0.01875 0.05625
0 0.939062 0.947917 0.03125 0.0375
0 0.505469 0.021875 0.0265625 0.0354167
0 0.735156 0.0895833 0.0359375 0.0416667
0 0.636719 0.419792 0.0328125 0.04375
0 0.85625 0.4 0.03125 0.0416667
0 0.541406 0.985417 0.0328125 0.0291667
0 0.2375 0.173958 0.03125 0.0354167
0 0.758594 0.102083 0.0328125 0.0375
0 0.310156 0.225 0.0328125 0.0416667
0 0.946094 0.521875 0.0359375 0.04375
0 0.271875 0.238542 0.03125 0.0395833
0 0.260938 0.4375 0.03125 0.0375
0 0.71875 0.782292 0.03125 0.0354167
0 0.242188 0.373958 0.028125 0.0395833
0 0.235156 0.575 0.0296875 0.0416667
0 0.528125 0.595833 0.03125 0.0416667
0 0.084375 0.804167 0.028125 0.0333333
0 0.569531 0.102083 0.0296875 0.0375
0 0.130469 0.197917 0.0328125 0.0458333
0 0.490625 0.752083 0.04375 0.05
0 0.633594 0.2375 0.0359375 0.0416667
0 0.482812 0.0447917 0.028125 0.0395833
0 0.935938 0.209375 0.040625 0.05625
0 0.601562 0.209375 0.03125 0.0395833
0 0.822656 0.988542 0.0265625 0.0229167
0 0.0890625 0.9625 0.028125 0.0375
0 0.828906 0.434375 0.0328125 0.0395833
0 0.709375 0.63125 0.03125 0.0416667
0 0.191406 0.844792 0.0328125 0.0395833
0 0.357812 0.059375 0.03125 0.0395833
0 0.14375 0.985417 0.028125 0.0291667
0 0.582812 0.119792 0.034375 0.04375
0 0.834375 0.870833 0.025 0.0375
0 0.63125 0.610417 0.028125 0.0375
0 0.236719 0.858333 0.0296875 0.0416667
0 0.842188 0.754167 0.034375 0.05
